3.057956078391424380e+05
8.563982764790543588e+05
5.627231258039318491e+05
7.182749518812984461e+05
5.125944148685834953e+05
2.505566876459456049e+06
6.150395420157545595e+04
1.706188150010460522e+05
1.168516824327659560e+05
7.769652434298214503e+05
1.605971408418758365e+05
9.101676149152721046e+05
1.941956062479198736e+05
1.680361022142621514e+05
7.003084775356767932e+05
5.233433599149237270e+05
9.889096314594084397e+05
4.675139040602229652e+05
6.731836607001547236e+04
4.807596509515190846e+05
7.427762664438534994e+05
2.067823250117661431e+06
2.709345328919005580e+06
1.136405512474532879e+05
4.333741376013420522e+05
1.638764919365074602e+05
2.592630255162431858e+05
6.552047643086744938e+05
5.622636121019528946e+04
2.751537441586363129e+05
6.463987693501935573e+05
8.345580335900711361e+05
1.717762473740094574e+06
4.191410857351755840e+05
2.366258364411878865e+05
8.206312004607972922e+05
2.570592288294680184e+05
1.103931902526329039e+06
8.942842455203906866e+04
2.360592285678107582e+05
6.351537038673917996e+05
1.171070157337312412e+05
4.446904043930164189e+05
8.396875982437348284e+04
1.388012022090333921e+05
1.950895138611104107e+06
1.418683443343893392e+06
2.232727221816377132e+05
2.628243689542024513e+05
2.559952980363806710e+05
3.579701277457746211e+06
3.410702047092476860e+05
5.206044990728326957e+05
1.789679700142861402e+05
6.418817004090148257e+05
3.695871110654258518e+05
5.955118396609656338e+04
1.315131328268511861e+05
1.852504050979755819e+06
1.297980457568410020e+04
4.933570192590217630e+04
1.612266982047035126e+05
2.295659740036221338e+05
3.465310959371986100e+05
2.805429751739111962e+05
9.382473685694133164e+05
4.742990205603695940e+05
4.599906531724223896e+04
3.793443380414312123e+05
6.181594232511198061e+04
1.894219006443704420e+05
3.017759430705189006e+05
4.404673412881022086e+05
4.516135370481567807e+05
5.525439884068919127e+03
3.485043900217381888e+05
4.315125011063666316e+05
4.308411472453337628e+05
5.352816226829630323e+05
4.519974995649185730e+05
9.550598834212021902e+05
1.197571421582453768e+05
3.719313936038051033e+05
6.135159154580499744e+05
2.317975753668565303e+05
4.861733553835489438e+05
1.608942279810482578e+05
8.373967449076219054e+04
1.604344377706507512e+05
1.331410101343188726e+05
8.881564635508775245e+05
3.938330131950127543e+05
1.741135197204746510e+04
1.104520843979121419e+06
3.883174889573699911e+05
8.985260524297793745e+04
1.183968786426079459e+06
2.345867429076085318e+04
8.586073575924884062e+04
8.547811231494107051e+04
5.367300245433425880e+04
8.637388926512390026e+04
2.383853550371217716e+05
4.489902603773495648e+05
6.517884603639113629e+04
2.087591353780307807e+06
2.500155452826967303e+04
1.332821799766034354e+06
1.245119062855348602e+04
1.722698476346165698e+05
3.996222228590029408e+04
4.313156986247968598e+04
2.601334259951600397e+05
1.552395491774853435e+05
7.779073655572973657e+05
8.121904532534163445e+05
3.297920905305529013e+06
4.316357658282792545e+05
5.318215205554603599e+05
7.203075135570141720e+05
1.070624169053247897e+05
9.216311311425329768e+04
7.029058402722731698e+05
2.358765702407917415e+05
3.882752907550624805e+05
1.229492734773369739e+05
9.680843172690743813e+05
1.353147871509065153e+05
9.757029919198487187e+05
1.813164794318731874e+05
1.845485265353783034e+05
1.432384189439698588e+06
5.026138899666197249e+05
3.952017560794016463e+05
6.169766254551073507e+04
1.476751011157315406e+04
1.059511123524856986e+06
2.485749139766937587e+05
4.963748719355206122e+05
1.479335041282009624e+05
1.428959463994323509e+06
1.208765500024286157e+05
1.221557994253488287e+05
4.998025674743102281e+05
1.123967255714215804e+06
3.746544441009477014e+05
6.624214095612804522e+04
1.433748991189136170e+06
6.496721846261621686e+05
2.088952523443856917e+05
2.264745048595123226e+05
2.194585594384455471e+05
1.532839112149660010e+06
5.674019822591573466e+05
2.732943736525755958e+05
1.840448306320226111e+05
2.733533029864449636e+05
7.390368211619833019e+05
1.714623800967744610e+05
2.350243497071968450e+05
9.850396599697243655e+05
2.412107831669749066e+04
1.734565478874917317e+05
1.087943124912277854e+05
1.114641436882619309e+05
9.197302886395313180e+03
5.178763852500182111e+05
4.901531778880069614e+05
1.692262732777791971e+05
3.391256706569253583e+05
5.773385789110226324e+05
2.905559636290905764e+05
5.785416502629532479e+05
1.577790440735578071e+06
6.411118328088401177e+04
1.626339034520307032e+05
5.162761391559829353e+05
8.412142243673655321e+04
5.418177090415421408e+05
1.236566008904968039e+05
2.879531668767616502e+05
7.033887121329427464e+05
1.005090285154805606e+05
6.192271751592771616e+05
3.753544748527519987e+05
4.059553945093164220e+05
2.174450971454072860e+05
7.111276204549394606e+04
2.264877065976442245e+05
2.682444019958137651e+05
5.391303718583249720e+05
5.655102055977407144e+05
4.044974575980643276e+05
1.068743556244867650e+05
1.077207320476797031e+05
4.789240020248246146e+05
4.449125488802601467e+04
3.764556235449750675e+05
1.061050547178025357e+06
1.110190124429369112e+06
5.490407238521468826e+05
1.608194030413885193e+05
4.494259143571202294e+05
7.240097851175891992e+04
4.780253128675913322e+05
2.776610702944044024e+05
2.230716928789185768e+05
3.083399264921208378e+05
2.036301641902638585e+04
3.298635051731635467e+05
2.045347024815089535e+06
2.174192722086585127e+06
1.006017001805890177e+05
7.937562577095356537e+05
1.326827177333573112e+06
8.000527403233331279e+04
4.076563469338871073e+05
1.905652561295976338e+05
5.331040123637452489e+05
2.493573258244771045e+06
2.102221580355835322e+05
6.104376702606804902e+05
1.771127555971419439e+06
1.705075488415295491e+06
4.632904941546108457e+05
1.222413064119684277e+05
5.558134908158173785e+05
6.497154188653428719e+04
1.655626980752933305e+05
3.004707677671674173e+05
4.647564699437154923e+05
7.537720826383805834e+05
1.491838577311214467e+05
3.928356838460318977e+05
2.072746466684137704e+04
3.048183318990075495e+05
1.080833777847212477e+05
5.938559707028034609e+05
1.518029115298253600e+05
2.613636492924797931e+05
3.981093135524695972e+05
1.336205103554261732e+05
1.559265583606393193e+05
2.013730914687936602e+05
1.867554300814252056e+05
7.011641933278155047e+05
2.647866742617927026e+06
4.106878032847100985e+05
9.005493677713409998e+05
1.605216068654591218e+05
8.720995861368191981e+03
5.907465438797487877e+05
7.665406272813329473e+06
1.849259192883358104e+06
6.972807955669985386e+05
5.170874257754872669e+05
1.813443621611625131e+05
1.713131649755302351e+05
7.154915881579432171e+05
2.905645407668442349e+05
8.938025875150485081e+04
1.468832763039621059e+05
5.104068796099460451e+04
1.043554519476086170e+03
7.781646164484634064e+05
4.928497587756831199e+05
1.092437226929128665e+05
2.955764480274897069e+05
1.763673038386365864e+06
2.561766733051417104e+05
1.516487012677424354e+05
4.331575644387478242e+05
1.377919100232417462e+06
3.873752025917966967e+05
1.488811698384377174e+06
9.332079776501010929e+04
4.656432565543133765e+06
1.599525140346538741e+06
6.705826204748195596e+05
2.888391748722414486e+05
6.473985891027256002e+04
1.766355739566035481e+04
2.013797095226011588e+05
2.239206427147003997e+05
1.860892307341535343e+04
3.521018619430728722e+05
1.078274333026456181e+06
1.185490613967504120e+06
2.513699933920069889e+05
7.361600472390743671e+05
3.802453643026539357e+05
6.670513920007216511e+05
6.849787064617128344e+05
5.429464606324661290e+05
2.158875938682738342e+05
1.308069934007241158e+06
1.333546410498584737e+05
2.979270041412898718e+04
1.253905343613154255e+05
3.912371894499600166e+05
6.561377005198916886e+05
5.939115905161387054e+05
2.279774552040751092e+06
2.547092637729972485e+05
2.187790102228260948e+05
4.377668688994019758e+05
2.104699920655413589e+05
5.293721105316837784e+05
1.465400622325189761e+05
5.258441578824126918e+04
3.958987606384211686e+05
2.680091974783627084e+05
1.070847723728041165e+06
5.862374482449811330e+04
5.911974877564568305e+04
8.843058646111740964e+05
7.923928186570937396e+04
3.376469893297828094e+04
2.238893004260818998e+05
6.045340726448190399e+05
3.912493696486635017e+05
5.886696549288091483e+05
9.621417641080006433e+04
1.874598780464451527e+06
7.571854248412308516e+05
2.133804176139846444e+06
6.319472262969295261e+05
1.459161466562714893e+06
1.676673956154676387e+06
6.624565716929258779e+05
2.870138267929232097e+05
1.820311771049187519e+05
1.973924769700231554e+05
4.527972595475678681e+05
2.571028378347747785e+05
7.477100684694920201e+05
5.020495415597110405e+05
2.567092085887665162e+05
1.542205973993956111e+06
3.031294554642807998e+04
6.876664052666792413e+05
2.135433236502224172e+05
2.754206535233465023e+06
1.701515439645003935e+05
4.170058350876047916e+04
4.804551582391904667e+05
5.876649521190444939e+05
9.725864100205344585e+03
2.461549402103627101e+06
3.396306497760587954e+05
1.590753300314957742e+05
1.106134501067383098e+05
8.405003838147109491e+04
1.500831266349780140e+06
2.383143458691665146e+05
1.032996928870923293e+05
3.761690670834077173e+05
3.137754599469503155e+05
7.595801805811580271e+05
1.845188111883376550e+05
5.509216331425153185e+05
4.538583174389683700e+04
1.103698264101888926e+05
1.837732895955592976e+05
3.081071857406354393e+05
1.205305675062535156e+05
9.831083567586576100e+04
1.011232359361842391e+06
1.220129604819992790e+06
3.707616991068304051e+05
5.524872096346849139e+04
8.420580226013480569e+04
8.242965482968741562e+05
2.414021699338569771e+06
1.585607397833693831e+05
6.680024630726073519e+04
6.189985505462453875e+04
2.016674162351267878e+05
4.593672384030522517e+04
6.389683580674888799e+05
6.157494971639540745e+05
6.042936811675440986e+05
1.647379698182469700e+06
4.293665257504316978e+05
4.354511877872207697e+04
9.388931144349015085e+05
6.824792786629222974e+04
1.294646463083126582e+06
5.171625476129040908e+04
7.688964323854836402e+05
3.610616490847858950e+05
3.077169101271411055e+05
6.246179087846792536e+05
2.511568561791650427e+05
5.189741029629455297e+05
5.845568448196484242e+05
2.733342370238947333e+05
8.833800956776209932e+04
1.762939255279789795e+05
2.398079984708541597e+05
2.867042164148787851e+05
7.252117069769081427e+05
3.745382355181892635e+05
4.418953334298061673e+05
6.624977188249438768e+04
1.315705235690325499e+06
6.940099012019404909e+05
6.416290930067029549e+05
4.382266633329168544e+05
8.391222505600596778e+05
9.003834033110798337e+05
1.747807606290938566e+06
1.056773110657221405e+06
4.114445520293089212e+05
3.393205223313688766e+05
5.075015573594910093e+05
4.505041308713725302e+05
3.104719706440460286e+05
1.278220708540195628e+05
3.418931344966489123e+05
1.669975891671343241e+06
7.229594653069373453e+04
2.512254265455305867e+05
3.133053566872665760e+04
1.620140513464366668e+05
1.291223436080563115e+06
6.826584338581323391e+05
1.511817379240934679e+05
2.344759566041872604e+05
8.616627735635070130e+05
4.421617600248998497e+05
4.891115070361758117e+05
2.685886538807605393e+05
7.837049318404352525e+05
8.324791997370519675e+05
7.217555850201668218e+05
3.875750118675391423e+05
1.780936461320697563e+05
6.955365114249275066e+05
8.650608388045614120e+05
5.405137241170037305e+05
2.937535688026529388e+05
3.094209483902925160e+06
1.806424481243291229e+05
4.110847148329376359e+05
3.243529068384181010e+05
1.562266274259380007e+05
2.973902906793821021e+05
9.111687502183229662e+04
2.833797304547841777e+05
1.120239011765098840e+05
2.660044382378368755e+04
6.464157855430295604e+04
1.780539657035920070e+06
1.729790084600589762e+05
1.284926702424453979e+05
9.194480464266875060e+05
3.372462111607450061e+04
2.501083763137539208e+05
1.824591445475055079e+05
3.968940234546015272e+05
7.768904298033936648e+05
1.342008067856278736e+06
1.743299357111535573e+04
1.298618371214077575e+06
3.935104578492934816e+05
6.533656569533383008e+05
3.966039913711756235e+05
3.167207269674408599e+05
2.179032491379626154e+05
8.981133336562162731e+04
4.019668514670864097e+05
1.305762161713389360e+05
2.891065957742671017e+05
9.808933661525319621e+04
5.707183650586908916e+05
2.719386197578056250e+06
3.360436966367044952e+05
7.031481213064772310e+05
3.787836764005341684e+05
3.651590091184543562e+05
3.136290764449603390e+06
1.748200927394074970e+05
2.719374842014461174e+05
7.636711552768480033e+04
7.889601424651310663e+04
1.642664663369245129e+06
1.115951457242545002e+05
3.747850309048489435e+05
1.493845771502371645e+05
9.258708822538016830e+05
5.915324083197578148e+04
4.599460122457986290e+04
2.072796213047586789e+05
3.001297592662176467e+05
6.497082959131591488e+05
3.680846664267709712e+05
1.099564686635836959e+06
4.343669819451155490e+05
3.905624856514819112e+04
6.560742120024730684e+05
7.579436689322084421e+05
3.460468051602430642e+06
3.100344732351446291e+05
1.927128407374334347e+05
2.054903823882036842e+06
3.798089143450263655e+05
2.451128522652546599e+04
3.814286692585669225e+05
2.377737341863092752e+03
4.718182748023501481e+05
1.505557378978772613e+05
1.005780571879641357e+05
2.257716299258908475e+04
7.134845401925106125e+04
9.455386352471560240e+05
1.021802529526619619e+05
1.034464838626137789e+05
7.587953056445431430e+05
9.381586426302623004e+05
1.805821900939539773e+05
4.294057564698637580e+05
2.617160727095873444e+05
3.408839834873954533e+05
2.523307711682915979e+05
1.820905632529434050e+06
2.548992851181254373e+05
9.457882960303444415e+05
5.456529326061054599e+05
2.401794477562868851e+05
1.563991797302395338e+06
8.579356104073839961e+05
1.816655477666667502e+04
2.041073215951091333e+04
1.308102408072328428e+06
5.411057563250861131e+05
1.835232009846675443e+06
3.476190061707054847e+05
5.658490837183389813e+05
9.950352602762758033e+05
6.042606316205881303e+05
2.423606625694973045e+05
2.148585112302567577e+05
4.311153470669520088e+06
5.911491318020834588e+05
6.102776423857335467e+05
1.438880148517938331e+06
3.597048187027166714e+05
1.439641224671864184e+05
2.872870719660789473e+05
9.906743821753339143e+05
2.018001497781677172e+05
6.242566287284082500e+05
1.046594533766379813e+06
2.415151101693546516e+05
4.696697484699927270e+06
2.485301090859115648e+05
8.710206910116360523e+05
6.076985751048984821e+04
1.680921601023297990e+05
3.343978389482285129e+05
1.240457004111274844e+06
1.925575107641106006e+05
2.571225007662220742e+05
2.015255068279722400e+04
1.121701285890874860e+05
1.809941619756979635e+05
2.593844568032590614e+05
9.562163386057934258e+04
2.479911322000579967e+05
1.155908758602221060e+05
6.164221214339311700e+05
4.747102969310631743e+05
3.965787271275905659e+05
6.637405381497845519e+05
1.616176349561780808e+05
2.990677092979311128e+05
1.227730603227612737e+05
2.717220750741247903e+05
5.988712406207440654e+05
2.231818239409767848e+05
1.426599544466236141e+06
3.734418774687309633e+05
3.096969379072731826e+05
2.438724321895173634e+05
4.185599713219217665e+04
1.661194715879572905e+05
9.505223406304033415e+04
4.454000501520205289e+06
1.033234952487662784e+06
1.202054999306967715e+06
1.536816046119965846e+06
1.245086252443281264e+05
5.713921533110897290e+05
3.285287681537708850e+05
1.289093829189487442e+05
3.692385549035124859e+04
1.124908294187444029e+06
1.143758605376816413e+05
2.150552619641924102e+05
8.614294323008075589e+05
8.340644399171933765e+04
1.002462411973745329e+06
4.051505531449199189e+05
3.364321113734274404e+05
4.045887634905118612e+05
2.417849741600547277e+05
4.256475184601747897e+05
7.350194706028273795e+05
4.328710917562017567e+05
7.825197280599515652e+05
3.101263936782162637e+06
1.266871166173229693e+06
2.015711601049551100e+05
2.693040909109377535e+05
5.174484965853254544e+05
3.554821188135769335e+05
1.904391409835768573e+05
6.584365352986149956e+05
3.055264833133639768e+05
1.398958008384866116e+05
7.422325830377850798e+04
5.470383450581294019e+05
2.741925927239144221e+05
6.611644757892715279e+04
8.480655413824494462e+05
7.000319616726296954e+05
1.721493717832515948e+06
2.219657558199499617e+05
4.740948273018368491e+04
2.107701861356281734e+05
8.568428669872811588e+04
3.285579537087535718e+05
5.921429520418401808e+05
7.201018462871880911e+04
1.233630246357532596e+05
5.907319474469526904e+04
8.804342506258351204e+04
1.128245463609690079e+06
2.008153940165721287e+05
7.442564816035862896e+04
2.761137788172286237e+05
1.542014683887305437e+06
9.348075172986902180e+04
3.772936492955993745e+05
3.605660466398124117e+05
3.499795160452058772e+05
5.146562552615185850e+05
1.113335547908841691e+05
4.679169502826709300e+06
1.420677806249286223e+05
3.344008094286860432e+05
2.184194173597719986e+06
6.704413323392195161e+04
1.895275665721794358e+05
6.398816429903934477e+05
1.554482447636210592e+06
5.097058616375241545e+05
1.464647737645215529e+05
4.861067204108160222e+05
1.467272826974993572e+06
3.344048930767881102e+05
8.639784315901580267e+05
7.976185805164434714e+04
5.518560260267086560e+05
6.149631503603289602e+05
1.314851735576983774e+05
4.445825086455581913e+04
3.128591190388743998e+05
2.248470125230532722e+05
1.429224582482946571e+06
1.792908309042537876e+05
9.147956320643398212e+05
7.625240486962331925e+05
9.747638619144439872e+04
1.004782001036804868e+05
2.239003316265149624e+05
9.714852995661435416e+05
1.892934118803435005e+06
4.716645124773279531e+05
4.088330041669704369e+05
7.353053013734535780e+05
1.082907572490703082e+06
9.423937186515051872e+04
1.589479927835498820e+05
1.402852625404152786e+06
1.100959388094626775e+05
1.942876055475697212e+05
1.363998636877234792e+06
5.747117949869366130e+05
1.718925478817942203e+05
2.169047921112801123e+05
8.341708009040065808e+05
2.983734534447711194e+05
9.256990213160504936e+04
2.895093738670269886e+04
1.610259685455699400e+04
3.906276819010089152e+06
1.938795778458701097e+05
1.360313890787115786e+06
1.002463018373143859e+05
2.425144464074818825e+05
3.401800969296045951e+05
3.806113212935162010e+05
2.869876049397860188e+06
3.750557643148818170e+05
6.007396880546642205e+04
4.672425592240417376e+06
6.134628867512812139e+05
2.888192432992024696e+05
4.915854433691945451e+04
7.451777574033284327e+05
2.314566045642281533e+05
8.853006767698588083e+05
2.726085855635552434e+05
8.773930072954838397e+05
2.989359582212822279e+05
3.490866425813629030e+04
1.571992784912924399e+05
4.854512340840389952e+05
1.712208034466070356e+06
1.172380751922744676e+05
2.819595119835417718e+06
1.276547532858830818e+05
8.910251425140902866e+05
5.753023680988705019e+05
2.001389739712850132e+05
3.661316932510720100e+06
2.925393631031942787e+05
3.690157891893275664e+05
5.293478885790857748e+04
8.696594802004965022e+05
2.948965432576808380e+05
9.675684682691788475e+04
9.315847478949559154e+05
3.429935128287161933e+05
6.853085462516023836e+04
2.096128598647539038e+05
1.732264036419132492e+06
4.606014685179640073e+05
4.427240867957000737e+05
8.426725110180318588e+05
3.728233198315310874e+05
5.152909343193589710e+06
1.939154827880979574e+05
3.746918189730851736e+04
2.905155984487006790e+05
1.585036048996874015e+05
5.560834455476014409e+05
1.356549444394172868e+06
2.929856179614844732e+05
4.588852456509440090e+05
1.682216566770713252e+05
7.654625148521959782e+05
1.467862963332653162e+05
2.002371886608498637e+06
2.232828218092928000e+05
5.897176583480881527e+04
5.921483283764532534e+05
4.188860112516891677e+05
7.381434476755610376e+04
1.007096333940887598e+04
2.874864296917030588e+05
3.378846455769338063e+05
9.302320978406394715e+04
2.603886962475157052e+05
7.550117137852427550e+04
5.335381715705918614e+05
1.186349104959601536e+05
5.489308836386211624e+04
1.125555863556991826e+05
1.783879965057841328e+05
1.247754712690702174e+06
5.505824271232463652e+05
2.101923424300450366e+06
3.810702422227135394e+05
2.461468627387496235e+05
3.027476598858955549e+05
4.374522485986587591e+06
1.702805851523866295e+04
5.292792019367034081e+05
5.592524441592467017e+06
3.758910523043080466e+05
1.576255613198715029e+06
5.564650826917289523e+05
6.811828096877562348e+04
3.634091051137054455e+05
2.361925338309601066e+05
3.317510960190007609e+04
1.943950278090198699e+05
6.840168313131546602e+05
8.363162921728519723e+04
1.444412402650372824e+05
6.315664204617063515e+05
2.318344759798924788e+05
1.044132228851763502e+05
3.897545672395009024e+04
2.760343657216327265e+05
6.714103489061913569e+04
2.566751434275694774e+05
2.603849865342044504e+05
1.427602410240523459e+05
6.467391227024431573e+05
3.044177251760789659e+05
2.606691218934039120e+06
6.105648173356439220e+05
5.384140642721878830e+05
2.686650865554463817e+05
3.934628584930729703e+05
1.912756509629273496e+05
1.113837506271800085e+05
2.363075683999104949e+05
7.042777415649053873e+05
6.058879821168968192e+03
7.285458698895998532e+04
5.843766976532689296e+05
5.985617125407401909e+04
1.823636513136776630e+06
3.553053107392793172e+05
3.715518972308571101e+05
3.028138514058493893e+05
8.992751693488839082e+05
1.775105910015625414e+06
3.527014850443963660e+05
2.582656973516348517e+05
2.904241042067439412e+05
4.788845845993100374e+04
2.656841682012003730e+05
9.452331342431352241e+05
2.944639747459843638e+05
1.185393466528699268e+06
7.359683112641714979e+05
1.199628570219020476e+05
3.199905084966668437e+04
2.967613213116971310e+05
1.849761235601852532e+05
6.175165811674991855e+05
6.504594088867864048e+04
2.942528535811961163e+06
3.543235067008516053e+05
9.000585583883932850e+04
6.320358163595221704e+05
4.323089764879731811e+05
3.661899486824899213e+04
7.052704364737992000e+04
3.038095577809556271e+05
3.657071447555702180e+05
4.493564730009664199e+05
5.028172993447542540e+05
6.662140583877502941e+05
1.313018290150149260e+06
2.298407725114435598e+05
3.135316501987144002e+05
1.651735931965219788e+06
3.512422082065272843e+05
3.059728164940523129e+04
6.197738858303431189e+05
2.137141484398361645e+05
8.914831808737164829e+05
2.540179223671993532e+04
7.185589599973659497e+05
2.014282835104681144e+05
8.916781612734332157e+03
2.713320473009948037e+05
5.356708077191567281e+05
2.674382824498027330e+05
3.100697205520710559e+05
2.725931452845179592e+05
2.541507621204470051e+05
3.116664223682723823e+05
2.958171818874622113e+05
8.440362133998906938e+05
6.145972388010395225e+05
1.766989872131505690e+05
9.128123502307555173e+05
6.701543402224448801e+04
1.640251216958391888e+05
3.270720227879137965e+05
3.085675339506236836e+06
4.211310121367838583e+05
3.733639180400705081e+05
4.146289765306043555e+05
1.151688434543304611e+06
2.217165323864303355e+05
1.042187168789055431e+06
4.661943680954427691e+04
1.553840108481598436e+05
1.825883975640081335e+05
7.268142652418338230e+02
5.031910747250519307e+03
1.921179568704703706e+05
9.244388237782965880e+05
5.680417193958143471e+05
1.268626746801303700e+06
3.725560749352037965e+04
1.333194168505079811e+06
4.653328432101435610e+05
5.875566328907891875e+05
9.519550148996937423e+03
1.120980951737150026e+05
1.774351951459399657e+06
1.205732273024355061e+06
1.915488434570804005e+06
2.880020935645658174e+05
1.809566073100732756e+05
5.938043628165982664e+05
2.198056650743191130e+06
9.809405013811252138e+04
5.300566123774469597e+05
1.792008567365714349e+06
1.375097145303614670e+05
7.791374044209559215e+05
1.435449358659186109e+05
7.625392835548244184e+05
2.680719066522877663e+06
1.862536600835139106e+05
1.305309290618526284e+06
8.327286602519536391e+05
1.261514649271786911e+06
1.190443318894004915e+06
1.238631119363407925e+05
1.423130967826352862e+05
8.396707982327666832e+05
1.551865272847019660e+05
4.566291079906293307e+05
9.316060742186788411e+04
1.285582871196054839e+04
1.334421703564029187e+06
5.170442549173690495e+05
2.258965912519662525e+05
1.893737056305416336e+05
4.459131657307226851e+04
3.064254417559384019e+05
3.847462772250816924e+05
5.300330447645911772e+04
3.101573088296122383e+06
1.172800031474054558e+06
2.058046439215444261e+05
2.265625878278917517e+05
4.305186119896113523e+05
2.537503993201384437e+05
3.894992211415563361e+05
1.907619860324430338e+05
1.411763483905438101e+06
2.448876241559332702e+05
6.750389328715414740e+04
1.315329221343792742e+06
1.125972140187972109e+05
7.542421340974500636e+05
6.445360905781554757e+05
2.255598769220746181e+05
5.814991700557129225e+05
1.107705847265264485e+06
5.361931448918507667e+05
1.491243006964798260e+05
1.865598530601874460e+06
8.284025773265183670e+05
6.086761681288799737e+05
1.561536372683480382e+06
3.872199089909039903e+05
3.122700505826726439e+05
5.606483168522566557e+05
2.050639652655344107e+05
4.005798928191622254e+05
1.757194645976235333e+05
1.005474193321383791e+06
1.812087839971289795e+05
1.510349599451877293e+05
9.917195466652426403e+05
2.810183300645676209e+05
1.930733238617510535e+06
4.263398716051103547e+05
1.197284528378771152e+06
1.764698587321460363e+05
6.014089162976189982e+05
1.677950936787265236e+05
2.528639900103825203e+05
2.265742220173849200e+05
5.255775660376949236e+05
2.927481920848673210e+06
6.648816160369343124e+05
3.349152461189930909e+05
3.245730157600648818e+05
6.341837554803352104e+05
8.750549328591664380e+04
7.442238117098313523e+04
2.941560246544724796e+05
8.468994594784256769e+05
1.662462636190707562e+05
2.567269488758990701e+04
1.371397899880248006e+05
1.033671929341108189e+05
3.254564240245370893e+05
1.872094294949523755e+05
1.057161167703158571e+05
1.804834135144792090e+05
7.055519647027220344e+05
3.222374700500641484e+05
1.962201704168696597e+05
1.106489765599706443e+06
3.147886545190199395e+05
1.966994861522190040e+05
1.598153909615964221e+05
3.843331213978635060e+04
2.953209556926123914e+05
1.540805558672955725e+06
8.765192774848148692e+05
3.058406498504868359e+05
3.364850913372719660e+05
2.086988302535118069e+06
2.239024607599858427e+05
8.901309286758798407e+05
5.471660313145572582e+04
7.875837896389923990e+05
3.058042893541106023e+05
9.764739534283410758e+05
1.417786035214211734e+05
1.164582354134388734e+05
1.934918162567201303e+06
1.590505995750548784e+06
8.253726465085613017e+04
1.800080937190444674e+05
2.474707886778853426e+05
9.844256524517392972e+05
3.576831451156637049e+05
3.592100118395225727e+05
8.082164539211315569e+05
1.104237906939947978e+06
5.963085561352624791e+05
5.907472786041599466e+04
5.179952581162805436e+05
1.308595986146545038e+06
8.986827985226982273e+05
4.851385578506332240e+05
2.474809906490932044e+05
1.478162268792713003e+05
5.003425788819384761e+05
3.762772019778497634e+05
2.117184692657891719e+04
2.009208109334253706e+06
1.053339575194902951e+06
7.306355906280953204e+05
3.257238458590752562e+05
6.225448108040186344e+05
4.166197943670836976e+05
2.452466269092910457e+06
1.272713700379224494e+06
1.048711533192562638e+06
1.512082619025233435e+06
2.695551933432715014e+05
7.310427106928438297e+04
2.596712114477362484e+06
3.683302097959186649e+05
9.987866814502277703e+04
1.513028431773194461e+05
1.584901514142364031e+05
1.803748514182507060e+05
1.753539437785156406e+04
2.235569553244540875e+05
3.912590158723662025e+05
5.451392740212448552e+04
7.447087404135008110e+05
2.490484944832577894e+05
2.045801295548744965e+05
1.142727236231473507e+06
7.282727496546666953e+04
1.307897727569722920e+05
1.907451534289742704e+05
2.232647967902408447e+06
2.642932829920373042e+05
3.676377853103528614e+05
2.328206728101531975e+06
1.739412910853094654e+05
4.584153207109660842e+06
4.592205275201104087e+04
7.311630071083782241e+05
4.379606428621819941e+05
3.572709100456035812e+05
3.427793692071054829e+05
7.892574646799295442e+05
4.537348690086439019e+05
5.706065621968749911e+05
7.168976453146619024e+05
7.293950069254911505e+05
1.660916324518085166e+05
8.336551990956366353e+04
8.237840124458639184e+04
1.029043573463310953e+06
3.051647519762225566e+05
2.801587818401733530e+05
3.430746522309979773e+05
2.115169278743015311e+05
8.702750576942168409e+05
3.477844970029994729e+05
8.575093908083643764e+05
7.390777496121176227e+04
3.299816016339253983e+05
1.792718122295876674e+05
5.585723179077666719e+05
2.554154623931581446e+05
8.761343205693037016e+05
2.251923390723196790e+06
3.683063175608173478e+05
5.883359275946157868e+04
3.211130097004135605e+05
4.622166629066747264e+05
1.054061309602142079e+06
2.060069442826920422e+06
3.937938768632855499e+05
1.599709327289774374e+05
1.884296122658256907e+06
2.511268179401784437e+05
1.085869805313281904e+04
1.284161693268484087e+05
1.402327747998858395e+05
2.587198090735018719e+06
9.267628615278196521e+05
7.839394414208614035e+05
2.734094041788128088e+05
6.443697067788608838e+05
5.837994864204524783e+05
2.379214613379222865e+05
6.422430226962183369e+05
3.462704690974670812e+05
5.941287316428159829e+05
1.798731802115809987e+05
1.085342895491993841e+05
9.529839207493915455e+04
4.434794957393057848e+04
6.399517477630706271e+05
3.160651094644446857e+05
2.571422327945625409e+06
7.946254179648145509e+04
7.790809434152742324e+04
2.469959510267383303e+05
4.560689881459308090e+05
2.548010079865780717e+05
2.097344160314502195e+06
1.392809959492404247e+06
2.631706126359351911e+05
2.281139055339596816e+05
2.992535954315628042e+05
1.497766302390123383e+04
2.980390306927614347e+03
7.383913164035827504e+04
4.690324776677284535e+04
2.000197340097138658e+05
2.463765993124851666e+05
3.098828827299493924e+07
7.847076286572322715e+04
6.170112908244690334e+04
6.734773091465636389e+05
1.373440774299079552e+06
1.473017729224225273e+06
1.098366257131875725e+06
1.427850106960049598e+05
4.906116701420630561e+05
9.639118202781003201e+05
6.407129431459134212e+05
3.992416578099554754e+05
2.506738094784232671e+05
2.027834463166326750e+05
9.173028006458394520e+04
5.984750311510722386e+05
1.996369283192227595e+06
2.992202612546024029e+05
5.836501473994558910e+05
9.409003234716001316e+03
2.648918331945686950e+05
2.010315796037952183e+06
7.435932928929539630e+05
2.066051697459659772e+06
1.472709839362635976e+05
1.097779529708419577e+05
6.674214654100375483e+05
1.126627377632213524e+06
4.568008174217927735e+05
2.273636658850065432e+05
7.755132402776194795e+04
1.058884306904834928e+06
2.200680603382036861e+04
2.171715561299409892e+05
1.071395848496216495e+05
1.938665029471212765e+05
8.706462285646302917e+04
1.120558328256016597e+06
3.447598398064947105e+05
2.811351387058291584e+05
1.189103901962152595e+05
1.680677301614735043e+06
1.256894332280979434e+05
1.330334584899737965e+06
3.387944572781441384e+05
7.042921717094527557e+05
3.143581768904489581e+05
5.739169568800091511e+05
1.238756650011365564e+05
4.463476636884293403e+05
5.210563570072000148e+05
2.300820732298944204e+05
2.445318986776767415e+05
2.131381798765595304e+05
5.667125015849998454e+05
1.810135640269756550e+06
3.369696134564388194e+05
2.274007748230455909e+06
1.641484920735811116e+06
3.222886399610680528e+05
2.703555189916819218e+05
5.189192029143682448e+05
9.122738281383459253e+03
2.813616455894715618e+05
4.470607053604284301e+05
1.461508057878214750e+05
1.496664966816691915e+06
1.416541254157898074e+05
1.009163110092285497e+05
6.977201232891274849e+05
6.963290521786800819e+05
8.755404627511317085e+04
9.932169312448606070e+04
2.426459821609063947e+05
2.134590453240953866e+04
7.282006580058338586e+05
4.044644542850795551e+05
1.066831912307340186e+06
1.315436171202016762e+06
2.353826780829359777e+05
2.230777810378448048e+05
4.599039539102273411e+05
1.876800169676884252e+05
4.285510319527058891e+04
1.979064402717182529e+05
1.656053731601306703e+06
3.050665252434421927e+04
1.109750571466635447e+05
2.363054413086898276e+05
1.204794453310810059e+05
2.100507245689731557e+06
9.884714040992987575e+05
1.788462044721659186e+04
1.934821905740048969e+06
3.628342470098995254e+05
1.258022253171286866e+04
1.973607348224094603e+05
3.391499951298131782e+04
1.676968618940669694e+05
1.765091863976213790e+05
4.236443520383027135e+03
4.047838332073953643e+04
6.763779798664480040e+04
4.439418905755427550e+05
2.315282401592739858e+06
4.646260362153571914e+05
3.773694325249918038e+05
1.595985704797192593e+05
7.295715721068904968e+05
7.636429069866806269e+06
6.263655405003849883e+05
5.717963124762380030e+05
1.162198027780990815e+05
3.334486715077112312e+05
2.551609993120949366e+04
1.974229223502713139e+05
1.324043003377596615e+06
1.332923930935443495e+05
9.961127486482489621e+04
6.727416375738967326e+04
1.082233855457157551e+04
3.544623915839942056e+05
5.260182005933208857e+05
2.678080146872465499e+06
1.224862723338403011e+05
3.675497998889049049e+05
3.381416507824290544e+06
5.180629549527312629e+05
5.164238603703451809e+05
3.208789234818564728e+05
2.590282282024759799e+06
2.344977610363263637e+06
3.568620419038477121e+05
3.246977457041543094e+05
2.737798911796391010e+06
2.658170436145943240e+05
1.690089308461134497e+05
5.148473928773187217e+05
2.950732078693950898e+05
9.847846377457610797e+05
1.414236295238799357e+05
1.518243998433652741e+05
5.671297347932916455e+04
1.463779348422883078e+06
1.033774208995183115e+06
4.078100354061041726e+05
1.030827235018159408e+05
2.250233043376116548e+05
4.089283891150131822e+05
9.902772634494603844e+05
2.460474234402690199e+05
1.834270828836219618e+06
4.459094015745698707e+05
7.612721048795540119e+05
1.538091941337892495e+05
1.325354421674798708e+06
1.750948398747397296e+05
2.366286881293968763e+05
2.798058296872690553e+05
2.349305356880593754e+05
7.326650004938719794e+05
1.512845672267383488e+05
3.416390529850674211e+05
1.225134578929302515e+06
7.965937386234112782e+05
4.078356942795044160e+05
2.194245227754457737e+05
5.967808686288651079e+05
1.464524517759967712e+05
2.330944452877247531e+05
7.314886053305170208e+04
2.243642910788284789e+05
4.869638668231989723e+05
2.251667321540474077e+05
1.216302098635183880e+06
4.456721991598673048e+04
3.225281828285566298e+05
9.701929726190185465e+04
7.093415260057121050e+05
6.816701554683630820e+05
2.409895077676508663e+04
3.949517743153758929e+05
2.682306538939740858e+05
8.092292620468707173e+04
3.518712573269596760e+04
5.773512445854586549e+05
8.266053784912449191e+04
4.260649381886656047e+05
2.134499373624884756e+05
7.833844782174025022e+04
7.785397610984215280e+05
5.250316065472816263e+04
4.419132366074033198e+05
1.020685730315553701e+04
5.565316792702154489e+05
2.927516498328484013e+05
2.834309531119749881e+05
6.444632805527643068e+05
2.619341465688531753e+05
1.099065244525677408e+05
1.319671870125946589e+06
5.434696225216533057e+05
5.970594165239862195e+04
7.346056379573899903e+04
3.421393256627774099e+05
2.128055685068778985e+05
2.099351867712998937e+05
7.449467685133732157e+05
4.405667167225783487e+04
1.669796714870837051e+06
2.206933024799194245e+05
6.842262416936485097e+05
1.819510257562930638e+05
9.960776346086079720e+05
1.032214944720509346e+06
5.980995979992132634e+05
1.070522199469392654e+05
7.090782595558348476e+03
4.471901197675824165e+06
2.006811437260298990e+05
2.145570860327608534e+05
1.329854424196234031e+05
3.323030025193055044e+05
1.898549671344041781e+04
4.605029323396669934e+05
9.195713011041282152e+04
5.885788719896182010e+04
2.481064331945648883e+05
7.011736431799707934e+05
5.314135735088050133e+05
5.213675636548607872e+04
5.027717061694167787e+05
5.533618101288725156e+05
2.518944778312290553e+06
6.008022147966406192e+04
2.037206243057337269e+04
6.606040150968312810e+04
3.082657382408985723e+04
3.948029813199216151e+05
1.261500059389901435e+05
5.592588430288453819e+05
9.226664127696517389e+05
1.932617813372333476e+05
9.699363386433139385e+04
2.479014639439081308e+06
1.066090489437124197e+05
2.233609550067146774e+05
1.960779946347123710e+06
2.234805782822792826e+05
2.869769507508415263e+05
5.644305665541436611e+04
2.370329879104645224e+05
2.565356839604841080e+05
7.597299077113633975e+05
7.756498774648879189e+05
1.435641873031707073e+05
3.206086382370143663e+06
4.764972671908236109e+06
9.038430579856644908e+04
5.178610412342411582e+05
5.337125881817607442e+05
7.851203181529117282e+05
1.805083682289505377e+05
2.637297748231885489e+05
3.446957696088734665e+05
1.628536485913494544e+05
3.666444601045816089e+05
9.453493044107084279e+04
5.117541145179683808e+05
3.258252239632919081e+05
6.259636957300046925e+05
3.266753375630886294e+05
3.738757321962663555e+05
2.876894378124090726e+05
5.013200401786396396e+05
6.387558564255852252e+05
9.665083563649539428e+04
1.796546836984933470e+05
1.525947081358330790e+06
9.925887643193244003e+04
1.696433016944881761e+06
8.360466318984009558e+04
3.232813033340733382e+05
9.957734054375996348e+05
2.616687571515950840e+06
1.003191094712439808e+06
1.315476432509177539e+05
1.124538594070055988e+05
1.779025097736975877e+05
3.537907795736825210e+05
2.445351831179672736e+05
1.255110711913311970e+05
2.910553308384006959e+05
1.402516723516539205e+06
3.950627480837146868e+04
5.972362892062908504e+05
1.669607077790414682e+06
5.627374568505993811e+05
1.360893332328243181e+06
2.729144853963564383e+05
5.085362721973689622e+04
3.368852997328994097e+05
1.302661500781838316e+06
7.230916949544531526e+05
1.570301004147118365e+05
2.512767656700450607e+04
3.431272676561397966e+05
3.906922768668540521e+05
1.068191499175068020e+05
8.587426134526951937e+05
1.235897130865150975e+05
1.392948415490723448e+06
6.501600171808624873e+05
1.817593441983985249e+05
2.796689879677725257e+05
5.057414662446079310e+05
7.434022254204647616e+05
1.993528652588292025e+05
3.181091996350905392e+05
4.951063930491478532e+05
3.117771870745071792e+05
4.995166227937315707e+05
9.257503342542590690e+04
1.610150013749153877e+05
5.099080116253440501e+05
2.347923860652761068e+05
6.871230592701582937e+05
1.783565823025424907e+05
9.365603128368440084e+05
1.727855277286874480e+05
8.954551965805338114e+04
4.913867031938416767e+05
1.480108284133106063e+05
3.288308797893195879e+05
1.105750493977040052e+06
2.152976780351827852e+06
3.143179656051475904e+05
3.997132858627278474e+05
2.311121469817099569e+04
1.873672754138874589e+05
7.144932925136943231e+04
2.154460215637683403e+06
3.731230570835089311e+05
2.646973712109668995e+05
7.146706035644134972e+05
2.569135513028747519e+05
3.115383994610143709e+05
2.320030760454177391e+06
8.266602710170365172e+05
1.696672047443051415e+05
1.644773312197859341e+05
4.257972549530589604e+05
1.412255097508750041e+05
1.275600083206482232e+06
1.619055794523374061e+05
7.269912326272145845e+06
8.524384030146583682e+05
1.855577383371535398e+05
9.887000398435214302e+05
4.487631160397902568e+04
2.067155860125483887e+05
1.309651789757021237e+06
7.281179252951167291e+04
3.752935489506425802e+05
1.777559399993894331e+05
4.662306918733875500e+05
4.485349847836428089e+05
2.450218416633136105e+06
8.652333910688896140e+04
1.409784538655321812e+05
3.477946338997332496e+05
1.454469463636676373e+05
2.633353589213924715e+05
3.944031067682447610e+04
4.609792667552928324e+05
9.247147560203773901e+04
1.512172434936635545e+05
5.759998297172089951e+04
2.908705328950588591e+05
3.416918238500519510e+04
9.365488013379788026e+04
1.653805072382972285e+05
3.060793136012213305e+06
1.979450568841360800e+05
4.667876270999817178e+06
1.815861510728869180e+05
9.072936848062573699e+05
1.300568288390839472e+06
2.433766121052426461e+05
3.713133668103568489e+05
4.455293337299727718e+05
5.918212874582061777e+05
5.827516348850063514e+05
2.524868845761658740e+05
4.894348094756978680e+05
1.864336607068210433e+05
3.775834083754553576e+05
5.609757218835287495e+05
1.459610001074548112e+06
4.574581607639390859e+04
1.397844728177476791e+05
3.663413156020367751e+04
3.723405461786644300e+05
4.341584282473698840e+05
1.633408382972774561e+05
1.360355213670233497e+06
4.577985442703397712e+05
3.062234708522897563e+05
5.505886939052592497e+05
2.727890419473700458e+05
5.464605276051321998e+05
9.601429942068160744e+04
6.280765294263794785e+05
7.110377252344889566e+05
4.164483782886641166e+03
3.150785303994530113e+04
3.107349573344842065e+05
1.311083214383889921e+06
2.746134770513792755e+05
7.555038439535022480e+05
5.555058425157064630e+04
1.171267486558203382e+04
2.075072409194047505e+05
3.276541122441678890e+05
7.706954618986861897e+04
3.444642599329637014e+05
1.317551042376995028e+05
2.072459527305822994e+05
6.831447765870161820e+05
1.418472562928308034e+05
9.374140035926895216e+05
3.157303688521710574e+05
2.207134165350260213e+06
2.034313287341925898e+05
2.490810968593493104e+06
9.792668642689283006e+05
5.497453120097663486e+05
6.277234954283596016e+05
3.676184735722438199e+05
5.158152108390597859e+05
1.006726644221384078e+06
3.650315916874599643e+05
8.929426465240756515e+05
4.216191081718218629e+04
2.330023306033227527e+03
4.105769696810248424e+05
1.699135006903954127e+04
1.796742213464079541e+05
1.151567250389860128e+05
6.109982402867251949e+04
5.259198031764288899e+05
1.156153700874430506e+05
1.095238350587437308e+05
7.408733473167241318e+05
6.883840149452511687e+05
1.554501586528190237e+05
6.784750730668598553e+05
2.711292264443956665e+05
3.815566310553819640e+05
8.025247432714629686e+05
1.210321865590175614e+06
7.736201659940344689e+04
1.168496344421345042e+06
5.234846215855400806e+04
7.171648055375786498e+04
1.766627296238780953e+06
2.640662832752502873e+05
1.527870995694953599e+05
9.178996113291839720e+04
1.186575983820647234e+05
3.042775791016461444e+05
1.412619122001900570e+06
3.281124738144059666e+06
2.485132293064568075e+05
4.842530779323641327e+05
2.087561023301585519e+05
6.855809613959407434e+05
1.653157755401779141e+05
1.935721015300350555e+05
1.265757204362158664e+05
5.616255875330702402e+05
1.642698606444337638e+05
2.149140331441763556e+05
2.077945825456066523e+05
3.335992393578036572e+05
4.303713164392214385e+05
9.597077705784771824e+05
4.990052769923790474e+05
6.475102336131449556e+05
4.472617012672037818e+05
1.832853809457415628e+04
1.092372264748159330e+06
5.435787972001505550e+05
6.311998858566799900e+05
2.445174710068468121e+05
1.229559839128302177e+06
2.153667265543304384e+05
1.436261456327987835e+05
2.653495357664382900e+05
3.898081556158313993e+06
1.190820016278524185e+06
1.948874626826367457e+05
5.900373356873167213e+05
6.171613825012702728e+05
3.096867516763659078e+05
2.262462319551489782e+05
1.355471188170246023e+05
4.431321796481229248e+05
5.246696931375735439e+05
4.762844846728270059e+05
2.712083594411127735e+06
4.114898586412906297e+05
6.388387939947174164e+05
8.121088646405424515e+04
7.324207803487719502e+05
1.511152463375260821e+06
1.250405181727627292e+06
2.898699401585690794e+05
1.419728247519179014e+06
1.115095311191955807e+04
3.479696598507510964e+06
5.519471678735174937e+05
7.435848983495713037e+04
2.595149155884650245e+05
4.477975740988857578e+05
4.452125621567931375e+05
1.790437034426071914e+06
3.777078438066093368e+05
1.668988110867456999e+05
3.968028565246000653e+05
1.239474249671783473e+05
1.021969822178783506e+05
3.322016428759511327e+05
6.079862582691531134e+04
6.083932609205212793e+04
7.649398268623520853e+05
1.204373773223559139e+06
3.097537375224775169e+05
3.071252071220476064e+05
3.933827114576707827e+05
1.403210156166843837e+06
5.247321997654063161e+05
5.414662637574282417e+04
1.541108206278611906e+05
9.302549447243432514e+05
8.279006312475861341e+04
6.637729074053060031e+05
7.607786688285328273e+04
1.103293865518021630e+06
2.271402013124555233e+05
5.258987050711171469e+04
9.040401333959658223e+04
5.950925946700581117e+05
2.065612686509986816e+05
2.674295586706264294e+05
2.091884269361084444e+05
7.406055044592084596e+05
2.894231532069962705e+05
1.151585081613608170e+06
2.117582934266762168e+05
1.302772564860689919e+06
2.304632852842855209e+05
7.801781585371980327e+04
1.389113751696057152e+05
4.952409992797149462e+05
7.203764140157354996e+05
7.209678591207142745e+04
8.251692476185641717e+05
2.016869088632400089e+05
3.978449376643918222e+05
6.657859089632182149e+05
6.191444646210689098e+04
1.890225254614791775e+05
3.725605200991629972e+05
5.367742511532383505e+05
5.631039805643175350e+04
2.223619801421298180e+06
7.756488088692383608e+05
1.378380086030550592e+05
8.374159416622748540e+04
3.590813512255177484e+05
1.788356120953472564e+05
1.481596567022395320e+05
2.454911758598365996e+05
1.473107546595439198e+05
8.186931202653815271e+05
2.672362813531292486e+05
2.042559789305846498e+05
4.989604342294878006e+04
3.282474859246912529e+05
7.736387724032268161e+05
2.876025128090712242e+05
1.177510701397131430e+06
1.160729380246508634e+06
3.406981983164731064e+05
3.706873142538849497e+05
8.640879162457997445e+05
1.004746564554354292e+06
1.085337582216982497e+06
2.602037067225029168e+05
2.814280507054548943e+05
2.663156773278627079e+05
4.931870047201248235e+05
2.525856172730902617e+05
5.858204818692761473e+05
1.719269355429882417e+05
9.396608566427970072e+05
1.976504465554196795e+05
1.584176060939250165e+05
1.585528281741943792e+05
9.472184811118248035e+04
2.699327628180325031e+06
6.536447539027463790e+04
1.260919562081614276e+06
3.400499818471184932e+06
2.157907786705198232e+05
1.776390816278545826e+05
1.852519339709515625e+05
1.392682178975765710e+05
1.384320694109530014e+05
5.263934288175014080e+05
8.260638996826431248e+05
2.883152452277007396e+05
8.048283756322618574e+05
2.870070125662266582e+04
9.783647650644974783e+05
9.452954807312134653e+05
1.217476624719248939e+05
1.019136927830010187e+06
2.770722855633618892e+05
2.326870738040008582e+06
2.832563906139204846e+04
6.196178955178348115e+05
3.329217361922583543e+06
2.040697315567466430e+05
5.829489433379898546e+05
1.497776381738230120e+05
2.249104117794047343e+05
2.992969937329632230e+05
1.873780105026027421e+06
5.754881999162773136e+05
4.914312779509995016e+05
2.328571765971253990e+04
1.058007422941040568e+05
9.041696999249376822e+05
8.620427782585569657e+05
2.416586179468262126e+05
2.499883375492016494e+05
8.114551987618647981e+05
3.616059063965512323e+05
1.037793672054671188e+05
4.558394311365333851e+05
6.319277512917723507e+05
2.117835688203509431e+06
5.090757038602440152e+05
4.555794259993266314e+05
1.032022577986007906e+06
2.788228371351545211e+05
2.867774831532905810e+05
1.447000798281468451e+06
1.563657941264796536e+05
6.245056158099018503e+05
4.183216798723767279e+05
3.633236614426680608e+05
1.564120468750967702e+05
4.875975111064977827e+05
7.678507650803993783e+03
9.961986853008487378e+04
2.465642856743969605e+05
5.067823521031234122e+04
3.146217111763534485e+05
1.272914577623333549e+06
2.810929500549472286e+05
6.137396853583401535e+05
3.438914074396440992e+04
1.011307433619092568e+06
1.982361833180096583e+05
2.825189388508569100e+05
4.377036381119088619e+05
2.719094934638023376e+06
1.098039228227980202e+06
2.402985963710189390e+05
1.384962347206184641e+05
1.323010857533726143e+06
8.787664601934413658e+05
1.396182911372584291e+06
4.250458359440718777e+05
2.632875185130203026e+05
3.078349630667307647e+05
1.011318355069632962e+05
2.833095337392697111e+05
2.598819438052277837e+05
2.074288552429463307e+05
1.079374201480328920e+05
3.732901316739990143e+05
1.321393113224240253e+06
2.533991929018284427e+05
7.155071708723479242e+04
2.230503830387440394e+04
9.338106560949797858e+04
9.792537661678830045e+04
2.827795597276279004e+05
4.405460806468979717e+04
2.999118403671209817e+05
5.392020186444048886e+04
1.082520575531466748e+05
4.869473245540264179e+05
5.733594692427042173e+05
2.481762313613368897e+05
7.557707572641326988e+04
4.468652302752308606e+04
1.968656245866220561e+05
3.354240832318917965e+05
4.074799280261325184e+05
2.436857830276327732e+05
3.635590236343830475e+05
1.506884174807017436e+06
1.834063978952369944e+05
2.346405785985691764e+05
1.361487522966735414e+05
2.455367559076775506e+05
2.558541692765013431e+05
2.205570340451200318e+05
1.617115564438946312e+06
2.737390634260445950e+05
1.156861182620833570e+05
5.710392229681320023e+05
1.650450538718721131e+06
3.995327878487053677e+05
5.857903888816590188e+05
2.535989232734348843e+04
1.950351390678329917e+05
6.222584657148118131e+05
2.779271542503967648e+05
2.681355850576572120e+05
5.551125428111648216e+04
1.209441547306639608e+06
4.890217901858537807e+05
3.243727017076709890e+05
6.295768439160760026e+05
2.157625087969551096e+05
2.541440774563205487e+05
1.172905850711024250e+05
5.279775268599682022e+05
2.453906687987709010e+05
1.862003114624837181e+06
1.421422331629327964e+05
4.236370554379317327e+05
2.682731864578720415e+05
1.821962655770174169e+05
4.268542503856936819e+05
1.755749328298141016e+06
1.658680040580665227e+05
6.179684319206088549e+04
8.100283915156902513e+05
3.895475686318425142e+04
1.694418798569157370e+05
9.620610911208376056e+05
1.877880236819850397e+05
6.959254354251417099e+05
9.024173668705669697e+05
1.465067344604456157e+05
3.209287206152278231e+05
1.285091954525553621e+06
1.366537437423530209e+05
1.106888082152271643e+06
2.084690456892168731e+05
1.908478900706749409e+05
7.401932336619507987e+04
4.829501853681931971e+04
4.436825051180958981e+05
8.880000336214825802e+04
1.331986635480508674e+06
5.987849101435500779e+04
1.032880704804775654e+06
2.932629526626705774e+05
5.826747330501363613e+05
3.304197147496715843e+03
1.142388706044451828e+05
1.186051474418031139e+05
2.516461445473255881e+05
1.180667549914983247e+05
3.951136989852459519e+05
6.472129217313373229e+05
1.536725598872982664e+05
3.179595887336485321e+05
1.815169579621646786e+06
4.378965991652153316e+05
1.418358353313964326e+06
1.082165095192441659e+05
4.073680720126569271e+06
2.425634323840356374e+05
4.844796698730545468e+05
2.240259689287681249e+05
7.537161358389591624e+04
1.014415938807450293e+05
1.536392438303354720e+05
5.441035055829192279e+05
2.803935421837031026e+04
1.876761671990282193e+05
9.689195881260349415e+05
7.217038083945275284e+05
3.192224996473415522e+05
5.550536425840398297e+05
1.230292265156053418e+03
6.800460183121520095e+05
1.714158563254481123e+05
8.044912185485794907e+05
2.944017565571112209e+05
2.427831690004968259e+05
6.675655791386137716e+05
3.361712607080462622e+05
9.142624529310449725e+04
8.246630945412559959e+04
4.757772680586085189e+05
8.743753416820152197e+05
5.241684862796367379e+05
1.167671024640904798e+05
1.386055363074007328e+05
1.106821910880665528e+05
1.006508111819459737e+05
2.126264988076373120e+05
1.656884195192677435e+06
7.396266139075736282e+04
7.475769432779075578e+05
1.322867861367372097e+05
1.179412671385991853e+05
3.783529124121997738e+05
5.905703825073444750e+05
1.792363667003644878e+04
2.520155167613034137e+05
1.776120316003012704e+05
9.492183751438632316e+04
8.874156372285261750e+05
1.668219999820968369e+06
9.746025414677518711e+04
3.156605396016977029e+05
2.387454770824274601e+04
9.507502341878258158e+05
4.854498215029006133e+03
1.252734958372753754e+05
2.140259936962211970e+06
4.735948715284518403e+04
3.631016702528538735e+04
1.341754075990456156e+06
7.823289572220566915e+05
8.014429536207284546e+05
7.421031730966313626e+04
8.151133305180872558e+05
8.815435949197693262e+05
2.181216950875771698e+06
7.995201712338448851e+04
3.686775080829532235e+05
1.498404286444805097e+06
5.482478664831125643e+05
4.067265292259136913e+05
1.545163616429001268e+05
1.797206511690417770e+06
1.732514970005721785e+06
7.583233815306772885e+04
4.338957173728161142e+05
4.838937317308036727e+05
1.781498696764637018e+06
2.555378864441016922e+05
4.138385082661150373e+05
2.360494085689295898e+05
1.280776905008860194e+05
1.703142999997131119e+04
2.657711053338235361e+05
4.415160699843870243e+05
3.177504817053738516e+05
4.517960988857495249e+05
6.438539595536732813e+05
1.506151134213096229e+06
3.677020322693457128e+05
4.385218603693753539e+04
1.946932564481451700e+05
1.053443573646809207e+06
1.848016215704223840e+06
8.021598405692842789e+05
1.138106357937394932e+05
3.354720374333296786e+05
3.707575028763730079e+05
8.302242092223919462e+04
3.940622855706700939e+05
2.183338234432639147e+05
1.282855691019615042e+05
1.533893615839482518e+06
1.264882643350934959e+05
3.592823954449434532e+05
5.186684580853887601e+05
3.987583774889615597e+05
1.988585754166869447e+05
1.067348944132946432e+06
3.824162101958761923e+05
1.771598199586330680e+06
7.403548959076571278e+06
8.008507934152340749e+05
1.377628635281383467e+05
2.543960241007892182e+05
2.124317053334423981e+05
4.055508457261492731e+05
3.260087531646785210e+05
1.731135316192431856e+04
1.537290797172063030e+05
9.985855232077746768e+04
7.841159872604159173e+05
1.492371370052712737e+06
1.727091431105117779e+06
7.658956258104204899e+05
3.085776791100552655e+05
1.229478232914103719e+05
7.312259140046158573e+05
2.576829703166456602e+05
3.141177406460220227e+05
1.873723982776832534e+06
4.683928067840757431e+05
3.002649843078558333e+05
2.097260051405359118e+05
3.423674409948075772e+05
3.738785436121164239e+05
1.612976694505144609e+06
7.145828635194848757e+05
6.900091691909885267e+05
3.777872387577035697e+05
3.900024939200852532e+05
2.630113094764085836e+05
4.730464384311817703e+05
1.807248198820191610e+05
1.409113381818160648e+06
4.417562540312228375e+05
1.174659770996640204e+06
9.445974151386116864e+05
3.555976661058579339e+05
9.536093341513680061e+05
2.971384996859054081e+05
2.898770470444288803e+05
8.568083846103299875e+05
3.481518830809284555e+04
5.886637456462236878e+04
9.927981858563289279e+04
1.968513481458997412e+05
1.066298402824936347e+05
2.110206234256900789e+05
1.239212058261179773e+05
2.451327472045863396e+05
1.332880461685122864e+05
8.793349234459334984e+05
9.794554791961321607e+05
1.814174558230045368e+05
1.083240175142002226e+04
1.405486071124390233e+06
3.450207237486784288e+04
6.302318141480076156e+04
2.662740846125241369e+05
2.056638558814004646e+05
2.823174663802599534e+05
3.126650119226141833e+05
4.427996277225195663e+05
3.489103322988551226e+05
4.761254894078235520e+04
1.311509294960774132e+05
1.516049278232231154e+05
2.847669865912420792e+05
1.494823468880400527e+06
8.803567680517893750e+05
4.108097329931260087e+06
2.081033030306805449e+05
8.641727712833106052e+05
9.908550684898425243e+04
1.573630388916774187e+06
5.182872089550271048e+05
2.959492533403842244e+06
2.103981769937950012e+05
9.206035833333539777e+05
4.240726392243038863e+05
6.606787595149403205e+05
2.790271744005188229e+05
9.643659371160194860e+04
6.536531785006077553e+04
2.733006038011946948e+05
3.076860559878156637e+05
9.301929387395685771e+05
1.670837955338300671e+05
2.085581079467798700e+05
1.485898396341715008e+06
2.884734482098503504e+05
7.019165646793822525e+05
1.227896180238228117e+05
6.059887793227867405e+03
3.286522389178150916e+05
4.024027581982692354e+05
1.490195409191125691e+04
3.307541704357512208e+04
1.078305943500947673e+06
6.187008809406831861e+05
1.961481059523559525e+05
5.702273208549703850e+04
1.733819853907075594e+05
7.605164021185495658e+05
2.803393837226252654e+05
4.126544774255747907e+05
1.321799776224526577e+05
4.523675968981410842e+05
4.141435570634269970e+05
1.740592669973970624e+05
2.469713022573677008e+05
1.355487711013989756e+06
4.751348086633117055e+04
1.235066015921639482e+05
3.931705511264340603e+05
5.967836128192248289e+05
7.445745579026313499e+04
1.272473858951703412e+06
1.632521858715866074e+04
1.562397812574239506e+05
1.028448247437613085e+06
5.701889489697071258e+05
4.132418307837738394e+04
4.577275307478791801e+05
1.889337015544869937e+06
1.906350034213069302e+05
1.971815040450021625e+05
7.045571769583377754e+05
1.328043031767828215e+05
5.289719049987290055e+05
1.797452462063681451e+05
8.367449214503353869e+04
9.362828888173261657e+04
5.009116727895550430e+05
6.585680335522219139e+03
2.918180390088555287e+05
2.223754877198215690e+05
9.829395820284706133e+04
3.078324849862061674e+05
6.617618159660893725e+05
6.551939691609448055e+05
5.338585947631371673e+05
3.391713052003412740e+05
4.139425751831163070e+05
5.786139013371594483e+05
4.762966716820876463e+05
1.643022589423632249e+06
8.285942658838228090e+05
9.335298185608700151e+05
4.118098239200471435e+05
1.625780780973485671e+05
1.240978393333787797e+06
9.155949561243065400e+05
1.717460739149938745e+05
5.453425709321589238e+04
7.042726918832552619e+05
3.112967855328522273e+05
3.071879692142658314e+04
3.233409436418106779e+05
1.909125333278651524e+05
2.120206899082560267e+05
1.133526360474311747e+06
5.882372102936904412e+05
1.444699885381165368e+05
1.433555957858697046e+06
1.578886634731253434e+05
1.866116196138114901e+05
3.984127971898987889e+05
1.249149934723662911e+06
6.548816269013572019e+05
7.790110333717823960e+05
1.087492324054962490e+06
5.713605136710189981e+05
1.155773724195887626e+05
8.558376078568594530e+05
1.863367128053907945e+05
8.611476238337789255e+03
3.983858017928813933e+04
4.867467249887688922e+03
1.537314644812185434e+05
1.931596705729015230e+05
1.506815581185564806e+05
9.826064994743235875e+05
5.401751257710614009e+05
3.501239612175217480e+05
1.981469399668913335e+06
6.210451087839024694e+03
5.195779821401661138e+03
2.688526969133745297e+05
1.425002710578972183e+05
2.042907990550282411e+05
7.431537505335531023e+04
1.896039408880376141e+05
1.455810253151062352e+05
1.330880152775573952e+05
2.945630138360150158e+05
1.126131267807885772e+06
2.642570542468467029e+05
1.346274690724724496e+05
2.607731872098784079e+05
1.434649223837814061e+05
5.372701169770624256e+05
3.895186500541861751e+05
1.930938189719511196e+06
1.251999863510259660e+06
5.096876825480428524e+05
4.135209686900117667e+05
6.284782313819937408e+05
1.198747684460451361e+06
1.026712488653597247e+05
2.353101193691729859e+05
5.117138491286080680e+05
3.707899532886258676e+05
2.025332634644177233e+04
2.127526618501903489e+06
3.278717710392986191e+05
3.743716946097101318e+05
5.217395710329619033e+04
2.192138541447822005e+06
3.220185193799366243e+05
2.926044049560312415e+05
4.952213969942979020e+04
3.255144271151497378e+05
1.064664082869208360e+05
5.400001341076516546e+05
1.548235864766368410e+06
1.014112622753724456e+06
1.530811159699803393e+05
1.316811173492214002e+05
3.132175286675739335e+05
7.949730872386650299e+04
9.410402786686876789e+06
7.996453083928045817e+04
1.510579689130762417e+05
3.210240403500934597e+06
2.407473799393471563e+05
2.018730676797982771e+06
2.735350145444786758e+05
3.607683552664344315e+05
3.904156564953357156e+04
4.208216518765776418e+05
5.725135942826258251e+05
1.997397387691219337e+05
1.910147293376273301e+05
5.110231270254279487e+06
3.596037661133849906e+04
6.138031843669080263e+04
9.685600021750276210e+04
1.179921509024120169e+05
6.422459573977182299e+04
1.847547380771595635e+05
3.365602310186841351e+04
2.221102034451564832e+05
1.856011354822908470e+05
2.953166806819322985e+06
1.887980305721610785e+05
7.812738252252696839e+04
1.455421711688345240e+05
7.498034370603712159e+04
1.261280691939978162e+06
3.346623713159747422e+05
4.416758030759194662e+04
4.190588566549518728e+05
3.315087657452124986e+05
1.119848068308086076e+05
9.733160758330998942e+04
1.879879391127523559e+05
2.181342372349282377e+05
1.207033071979421657e+06
1.623446912038101291e+05
2.719239027215544484e+05
6.754792583778573899e+05
1.897721977731657171e+04
1.820310963526681298e+05
4.964716274089293438e+04
2.736372632624711259e+05
4.038259304607362137e+05
5.060424011915034498e+05
8.410182876586343627e+04
6.044049229222337017e+05
7.172063560071210668e+04
1.222181669632398407e+05
3.706607231060561026e+04
5.682376927359569818e+05
6.149727789420051267e+05
4.219982180795433233e+05
1.614031258067728486e+05
3.075352551035370561e+05
5.126069846549576614e+05
5.412628429570628796e+05
2.735885631530769169e+05
2.162564894996139337e+05
1.989973272245831322e+05
2.741527960194199113e+05
1.369388956139618298e+06
4.802440403486804826e+03
1.072031733475659508e+06
9.217646516541803721e+05
1.470418128849705099e+05
9.606301272544451058e+04
1.507570255330598680e+06
4.409576680954011390e+05
1.211121725680983509e+05
6.751559594648389611e+04
5.199242386673125438e+05
7.704583974427669309e+05
7.986581213637398832e+03
5.342533331420437898e+05
8.113358293403995922e+05
7.662793668319783174e+05
7.115608585048672743e+06
6.901013444746952155e+04
8.037736907464099932e+04
3.272291870488716289e+06
1.238554237813911866e+06
3.127720360204271274e+05
1.534702605028359685e+05
6.706165891014941735e+04
2.586862715788864807e+04
6.987672527715134202e+05
5.447343540550562466e+04
1.432054564634592680e+05
2.920264996051663766e+05
1.050842134639840369e+05
1.557443909167354461e+06
2.103978771498597052e+05
3.403836390978453564e+05
4.455346124885339668e+04
4.117985443287256203e+04
6.517183985050937627e+05
9.868314181684196228e+04
1.431810246824226924e+05
1.741033938347645380e+04
1.322887821051375708e+06
6.422771094206658745e+04
2.409533294064973015e+05
1.149611825488478644e+06
2.519777423015301465e+05
7.692937645883198129e+05
4.242781842534938914e+04
1.368763135822849348e+06
1.607963151696492278e+05
4.435159821837148629e+05
1.030985042867939919e+06
3.115548646829500212e+05
4.171452149074427434e+05
1.472834268210916780e+06
6.756372551823075628e+05
3.213871925104226684e+05
2.559769046825423720e+05
1.002850416691236198e+06
3.588369389698387240e+05
3.439755401772711048e+04
4.613635510161750717e+05
1.961559773246427940e+05
5.347443064555465244e+05
7.002049787205045577e+05
8.470312211508175824e+04
2.810712701077964739e+05
7.795384200485626934e+05
2.186973270955402113e+05
2.564514452588247368e+05
6.181552294150550733e+04
2.938132254503033473e+05
7.305846252200672170e+05
1.084662215923896525e+06
6.775098736727524083e+05
3.637524294564442826e+05
1.041524264596458961e+05
4.416654077246639645e+05
2.724844187530212221e+05
4.285164949552695034e+05
2.932726092359476606e+05
5.222482336505883723e+05
4.172526629312626319e+05
4.124392769878976105e+04
4.231592978485752828e+05
2.709095431628576480e+05
5.596771257487193216e+05
8.855524787157356041e+05
9.212721964217667701e+05
4.642485603104425245e+05
3.941367764552184963e+05
3.880797685353131965e+05
5.431367368184963707e+05
2.005821288449002430e+06
1.125682214388296241e+06
2.007363624462407315e+06
3.997308257032525144e+05
2.387222270386124728e+05
2.691797850536679034e+05
2.945655394588775816e+05
7.254690688588583143e+05
2.566191006987079163e+05
7.828931191705880919e+05
6.732899349274243286e+04
7.924694387686380651e+05
5.005434762635988300e+05
8.494301764716969337e+05
5.568387634834833443e+05
2.078972166578773176e+05
2.782337343661666382e+05
1.664172986924907425e+06
6.930792266178494319e+05
1.076183520064560464e+06
3.710364640736600268e+05
9.873682420436698885e+04
4.882898703408467554e+04
6.373465423334583174e+05
1.199587041763011133e+06
9.804769183023243386e+03
6.382488246474583866e+05
4.053582848571297363e+05
1.885509464840366272e+05
3.150554998841133784e+05
2.490799245171621733e+05
9.469889383807867998e+05
6.750441943584590917e+05
8.745805876274883049e+05
4.489170249268413172e+05
1.653477428742450138e+05
2.389550780873708718e+05
1.366405295259840321e+06
3.522684281642565620e+05
7.013653862744446087e+04
2.078683755213964614e+05
2.289927601099091116e+06
2.306801566200217698e+06
7.913931562317378120e+04
2.061757956049499335e+05
2.218708049510472454e+06
4.690665598109398270e+05
8.703188227667655156e+04
5.012353859412089805e+05
1.189030063480106182e+06
5.502501043374054279e+04
8.359080656190380978e+04
4.466216131897296291e+05
4.412215704026056454e+06
1.945287294034184015e+05
1.596539961385669012e+05
2.928263970252809813e+05
4.785744920504159527e+05
1.983922603182170715e+05
2.550635500766627956e+06
1.853547362094682103e+04
1.303208264413098339e+06
1.492094729528144817e+05
7.429089230051077902e+04
3.149379934203767334e+05
6.953817350243898109e+05
8.923340160421582405e+05
2.848453909777649460e+04
4.974900551943627070e+05
2.291673431876129325e+04
7.587554626370876213e+04
5.740613092636311194e+05
6.894023871745044016e+04
2.912807208310506539e+05
6.626419902175704192e+04
4.757795937379499082e+05
1.221060306793887430e+05
6.530502496786495671e+06
2.856513905194584513e+05
8.877876740843440639e+05
1.140584928537582047e+06
4.852732443558652885e+05
3.736621071322932257e+05
3.307242048247375526e+06
9.683870283082111273e+05
4.513114226983206463e+05
1.118229086931140628e+06
5.651728961510731606e+05
4.921719459231168148e+05
2.675358532139976742e+05
9.200856805720148259e+04
4.113724524791294971e+04
1.071703420342604164e+06
7.838930865165608702e+04
3.153180001375029678e+05
1.357807692147814669e+06
1.872812677211327711e+06
2.646817553207229357e+05
8.513112133699642727e+05
2.879178194246831117e+05
6.793437817101036198e+05
1.164909142956716241e+05
2.557556304907398007e+05
1.545572229321331833e+05
8.805056961434029508e+05
8.127350519043306122e+05
1.062719070177180547e+05
1.837353177378058317e+05
4.124435426136431051e+05
2.009218027932418627e+05
9.730422076530475169e+04
3.787682308035682654e+05
1.449006695039316764e+04
9.502842234425126808e+05
4.801631411058086669e+05
2.547911094101939350e+06
1.021020940392805845e+06
4.496691301619188162e+05
1.150077052002155833e+05
1.425405787748136092e+06
8.089221786683102837e+05
1.175226739711836562e+05
1.268865291668695427e+05
1.893279225302277191e+05
6.411770090566365980e+05
4.701888611992244259e+05
1.888611870966304923e+04
2.226978032516914245e+05
4.333357086797381053e+05
8.023699718485133781e+04
1.516427433169020223e+05
1.007899210572163865e+05
7.521233653365592472e+05
1.207340920921758952e+05
2.691271366148086381e+05
5.195034777088231203e+04
1.112496571052723331e+06
2.190783871415737667e+05
3.731832292570582358e+05
1.307115360193351284e+06
1.393519925093075726e+05
2.686471512240787270e+05
4.452910240948850405e+05
6.364660276195722690e+04
1.695579676487468532e+05
1.038087596841456689e+05
1.621931422397522721e+06
3.844003844356080517e+05
3.506672111968874815e+05
7.990095435825958848e+05
2.250833965600795927e+05
7.615102356083878549e+05
3.304050058336484944e+05
9.848661021371209063e+05
1.104907508726489468e+05
4.945634037349408027e+05
5.455097719118868699e+05
2.190801124130254320e+05
6.852456323040612042e+05
6.879437814803644869e+03
5.537108232604266377e+05
1.102873185093626613e+06
3.353557271547158016e+05
1.008868536669649984e+04
1.875623890856136277e+05
2.110764635909818026e+04
4.041506046289756196e+05
2.072281158037445130e+04
1.473407170805344358e+05
1.812035355271287262e+05
1.984441310091358901e+05
6.303264285947603639e+05
7.720253725280959625e+05
7.236179616283830255e+05
4.214879016824820428e+05
1.444394818342048966e+05
2.795956928847188130e+06
1.076502061353554745e+05
2.790580536514071282e+06
2.724792093306072056e+05
1.636737367303303909e+05
3.954808044500701944e+05
7.657309311416911078e+04
2.291400088135538681e+04
3.069112056115261512e+05
1.989131251897444949e+06
2.887583751590814791e+05
3.657397709592232131e+05
4.046165591175088193e+05
7.875767234357176349e+05
2.979064570312786964e+05
4.697021052075717307e+04
3.530861794147003093e+04
7.435462476913224673e+05
7.206086049170475453e+05
5.087623899255454307e+05
2.071735631728388253e+05
7.702774050593364518e+05
1.868805601594921027e+05
2.634195190319005633e+05
4.902689107530907495e+04
7.705888224396422738e+05
4.377145721298569115e+05
1.199036537422252732e+05
4.054915664442237467e+05
2.158233654835450288e+05
9.011247619613810675e+05
3.246762993622575304e+05
4.151702328060418949e+04
2.576298854516803694e+05
4.062043910252730711e+05
1.541970101562436139e+04
5.733303280427921709e+04
1.113083499239404046e+04
6.096444449525107484e+04
1.868033416583696671e+05
2.879670713004884310e+06
3.263887034094380797e+05
4.648228860874334350e+05
3.529840082858285168e+05
1.253578775178279728e+06
7.902587965396980871e+04
9.078597550223157741e+05
1.024565075922598829e+06
1.059249162016582886e+04
5.726862135931535158e+04
5.857957183080737013e+05
2.995920989157820004e+05
7.275969979366905754e+05
4.233459400488592219e+05
8.521529510841093957e+06
3.091349645087720710e+05
7.239241591462125070e+05
1.877137472290707286e+06
2.944450965652700397e+05
2.957413919529786799e+05
2.161924266114177590e+05
1.959243069514081290e+05
1.468055851453001960e+05
2.235008475576320780e+05
7.978298053713326808e+05
1.955907332074557780e+05
5.206882637607916840e+05
2.580500810932332533e+05
4.168965842007044557e+04
2.530683297256557271e+05
3.542639400434651761e+05
8.238887375845924253e+05
2.246284276086836762e+05
2.904010005929397885e+05
1.802995817166911147e+05
2.625830724121543462e+05
3.709874606370718684e+05
6.443220481833658414e+05
1.360734673361634777e+05
7.726212702378646645e+04
3.828854594935975183e+04
2.360681525957376871e+05
3.379232122035208740e+05
2.759446153808227391e+05
2.617712079075268994e+05
3.276551295583309839e+05
3.263888301360881305e+05
2.905284232055905275e+06
6.303651070252362842e+04
5.534611357304634294e+05
3.383180854559548316e+05
2.063732436089657713e+06
1.669253153685313882e+06
2.239832839552508958e+05
8.655548168557605823e+04
1.448710793764259433e+05
3.317034401869237627e+04
6.512566435855143936e+05
5.120229539343162469e+04
1.726575526777778286e+05
5.611655553616606630e+05
4.492418615362211131e+06
9.811840364212758141e+04
1.166972476167561254e+05
9.816466247078616871e+05
9.682114416044276441e+05
2.633089511018047575e+06
4.381312854406195111e+05
1.171769936630248558e+06
1.179704351000604220e+06
7.493779275980801322e+04
2.557923901284985768e+05
1.219650703047476272e+05
3.529571892593601369e+05
2.722899686881304951e+05
8.662859778760587506e+04
2.768606064625923755e+05
2.705048158946619151e+04
1.649722468908767332e+05
3.674777867475495208e+06
1.407373550098964188e+05
3.802883881068212213e+05
2.676573945263780188e+06
4.322767667701644677e+04
2.215170418139041431e+04
3.180161320732326712e+05
4.949787963928070531e+04
2.941592728056388441e+05
2.414432740997114888e+04
4.246618243475008785e+04
6.880222832646593451e+05
1.955488389291867847e+06
1.127501901941374177e+06
3.522948327725087875e+05
8.154148431184821529e+05
3.417108376850598026e+06
2.791616398075118661e+06
2.124265496980290918e+05
3.767845335460740025e+05
9.836849686070058669e+04
2.840489008045138908e+05
1.721894294862098759e+06
2.387836160328095430e+05
2.520988130974412488e+05
3.891818034187642479e+04
1.526758813685711008e+06
6.731838887489911576e+04
2.827006171376820421e+05
2.153166335035130905e+05
1.663063288481864147e+06
1.251319809621518012e+06
8.596853337053667055e+05
1.707348874199464044e+05
1.480386828641411848e+06
1.049137291262965649e+06
2.967155436177624506e+05
1.080484226291870233e+06
4.023149196761845378e+05
1.629240519068247813e+05
7.318425160465098452e+05
4.000574011692941422e+05
1.452195633139570942e+06
2.972333974537597969e+05
6.156261200329239946e+05
3.973676321579598589e+05
2.007558805175100861e+05
2.403217096657468937e+05
3.143027588419775711e+05
1.036771448126561358e+06
4.191689261515129474e+05
3.009299082328321529e+05
3.029950924537099781e+05
1.963096818557553226e+06
7.173943067523958161e+05
2.144577984653670574e+05
5.861154619233027915e+04
5.514287780374197609e+04
3.809761678337211924e+04
2.923977789259218844e+05
1.469428212912734598e+05
2.421605450892154186e+05
2.045648255610570777e+05
2.501084945890587114e+05
2.240460374944848299e+05
5.910251389431619318e+05
7.289306227392754517e+05
5.786161010273814201e+06
8.770764675367019663e+04
1.410232782492433675e+06
1.745894329044641927e+06
1.848887463413311925e+05
6.624710288502481999e+05
3.418785424672082881e+05
1.082195558139639616e+05
1.684660420056138653e+06
5.396495762024785654e+04
1.799562395955763059e+05
3.305158641072799219e+05
4.481535038940737722e+05
5.676552991033958970e+05
8.314165525887991535e+05
1.422472661985157756e+06
1.308819081379101612e+06
1.711762209059417655e+05
9.195468045614258153e+04
1.594830602829342242e+05
5.272767255361857824e+05
1.015791401442745817e+06
3.286352969825475011e+05
7.094630510453350144e+05
4.329512733044154593e+05
2.488748392119819182e+05
3.737180062825604691e+05
2.346861259589332156e+06
2.921328018742603599e+05
5.618977494488389930e+05
1.101882529100607382e+06
4.885669222006228520e+05
4.446749309744040947e+05
1.318263470511966851e+06
2.866850975965525140e+05
3.099188253688167315e+05
3.726930201514873188e+05
4.350309687050458742e+05
2.211619357104319497e+05
6.054464947760951472e+05
3.133940947382005979e+05
3.114112641866477861e+04
2.769565387205617153e+05
3.986957139882108895e+05
1.280934252050324110e+06
3.215645057798313908e+06
3.068033953047385876e+04
5.148087383982635802e+05
1.463205945707676801e+04
5.231249971275534481e+05
5.357240573666471028e+04
5.159915430376495351e+04
1.332230144880176813e+05
1.223845547610001173e+06
1.797394419582221599e+04
6.608436829581211787e+05
3.689554204286612803e+05
8.348372900706973160e+05
1.938836582940743829e+05
6.864190975311428774e+05
7.695969065776936477e+05
3.087393570854096906e+05
1.827975882299482182e+05
3.286421388841776643e+05
3.190800508146265638e+05
2.516307200546228851e+05
9.269883910559512442e+05
4.031243376746629365e+06
1.621192494559757411e+06
1.683630692812926427e+05
2.067673946581627009e+06
3.587484669241304509e+05
3.170889348611800815e+05
1.954946914350980951e+05
3.907753904329483048e+05
3.881197472514695837e+05
3.261202625569080119e+05
4.009775289166269940e+05
1.277336052933164639e+06
8.528738308648564271e+04
9.995731893774372293e+05
2.775738987511125742e+05
3.812602122307490208e+04
1.917028062643014826e+06
1.068272291857685341e+05
1.131030155373593094e+06
3.802826623557145358e+05
5.739718675990471384e+05
5.733912680321056396e+06
6.078672156874280190e+05
2.383698433741406188e+05
1.451843947960984951e+05
4.583731188563964679e+05
2.256733884484386363e+05
5.720162817498092772e+04
3.229344445950044901e+05
7.419416530629530316e+05
5.830668069117770065e+05
6.415928488809966075e+04
6.797302035809379304e+05
1.749375610027900257e+05
9.161006800765513617e+04
1.252439882340896147e+05
8.091989734481883934e+05
1.318756931349118240e+06
1.870210959426040761e+06
5.839752818656983436e+03
1.016398385891218903e+06
4.770515762912184582e+05
3.409542715657730587e+05
9.722708692849631188e+05
3.015195140095786192e+05
2.218320002673799754e+05
1.222263644996765070e+06
4.248938069941216381e+05
3.233911447927934933e+05
4.850198487554601161e+05
8.529064877665283857e+05
3.087337697723058518e+05
5.898096342236795463e+05
8.264806265858602710e+05
3.008205675278496346e+05
2.005767692387406132e+05
1.427311925839490024e+06
5.857926712390918983e+05
7.292560437472144840e+05
4.531886792580371257e+05
2.139373368680894782e+05
9.409216060297451913e+05
1.330528087240557943e+05
1.871089561568239238e+06
5.148065300546135404e+05
3.215283976544853649e+05
7.503235976549258921e+05
5.157914332229874562e+05
7.568754295399712282e+04
7.932791751754860161e+05
1.594466368046051066e+05
1.918870033592823893e+05
6.324479348059528274e+04
1.158186001810645685e+06
2.190140878436326166e+05
1.387295849789274216e+05
1.342287471040607197e+05
1.849401505662765703e+05
9.975902610108323279e+04
1.279429336453037104e+06
6.035775412704068003e+05
1.132612459839324467e+06
2.327340414293016947e+05
7.798671839577355422e+04
8.032427550093891332e+05
1.662084390145451063e+06
2.702473902849886217e+05
6.070641025232390530e+04
8.482177696961357724e+05
2.256532286205127093e+03
5.343843965242674312e+04
1.916487293201835128e+05
5.599734850940842880e+05
2.719616387953366619e+06
1.170832906035773485e+05
1.496909038508411613e+05
2.593984238338122377e+05
1.080602596266709734e+06
2.497546808013513801e+05
1.250869697825774638e+05
3.191269258653600118e+05
7.216716690120483981e+05
1.134647943133225664e+06
1.286681164917710936e+06
1.846347424614060728e+05
7.283313235988764791e+04
2.939151672175102285e+05
9.372014316011658593e+03
4.754725947951863636e+05
3.650501469050619053e+05
3.666361554668617900e+05
4.605916677293404355e+05
6.949017065235573682e+04
1.420216047652044799e+05
