1.107197414588158717e+05
1.648321354536632425e+05
2.642650689065200859e+05
1.297664803688870044e+06
9.018899575580931269e+05
1.385070528577002165e+02
2.149747426839278487e+05
6.938939568711499451e+05
3.194287202766713453e+05
8.667446238900766475e+05
3.411021158046378405e+05
1.066278930124110309e+06
1.241863459449042100e+06
8.056097186515558278e+05
8.384819290662667481e+04
4.881944412086466909e+05
5.913040885365880094e+05
3.311190616760029807e+05
1.524111803016145714e+05
2.797501698319631978e+05
1.584795762459140387e+05
3.338858636772891972e+06
2.204171252753631561e+05
1.238645664203119231e+05
2.519201063095434802e+05
1.036289025876465166e+05
2.960798787348074256e+05
2.203447694954608101e+06
1.490236727067526954e+05
1.973994520992591279e+05
8.346895498626260087e+05
7.916428692439940060e+05
9.619016162888525287e+04
5.757542496530476492e+05
2.242519129017217492e+05
3.595282654161131359e+05
1.505984444659643341e+06
3.404068293781480170e+05
1.236989782257739571e+05
9.406230706366134109e+04
4.057733384757961612e+05
2.891184782615740187e+04
6.172698554206207518e+03
8.079077709188955487e+04
2.197201359734927537e+05
9.290827489294360566e+04
1.948793936088828195e+04
7.157232189721045143e+04
5.818341428299848922e+05
3.358865831721849390e+05
3.276320373555225669e+05
4.625683753504992928e+05
1.878727411138323660e+05
1.710152286352149211e+06
6.554191001662644558e+05
2.758170135900183232e+05
2.076621856118142023e+05
6.800708595823954092e+05
2.625208187878788449e+05
4.436191582130304887e+05
2.316451199844020011e+05
1.745608066910092602e+05
9.616590549259289401e+04
1.485188890119093412e+05
6.828133429466127418e+05
1.623116926345798420e+05
3.167560981775291730e+06
8.218735728235527640e+05
1.175544787918799557e+05
5.010142418021783233e+05
8.287197022986861703e+04
1.429922607610091334e+06
1.043600993063822156e+06
1.537295380389761878e+06
1.095116336519536562e+05
1.434946499482342042e+06
5.443836020194279263e+05
9.067044970808656653e+05
2.678590957922018715e+05
1.447779363162225636e+05
1.338385729439854040e+05
6.219286427470000926e+05
7.991380340756485239e+05
2.286577376123610011e+05
1.290883530436887406e+06
1.589405512458166777e+04
9.559123084116088285e+04
1.119761062544857305e+04
5.531274252868738258e+05
7.432395558326679748e+05
1.626793029663097404e+05
2.071779082479659992e+05
2.963573016862043733e+04
6.707638317483807914e+05
2.779407989859474474e+05
2.712209554081207607e+05
3.226107717334827757e+05
6.022898784336708486e+05
7.474814981376265641e+05
7.166054098163063463e+04
8.475809484341546195e+05
2.464953460895096068e+05
1.036364656499746343e+05
1.362458715166266193e+05
4.657463913389551453e+05
1.125678723452474369e+05
2.603039734329039056e+05
4.811515326490966836e+05
6.301735059002719354e+05
5.561863917461268138e+05
1.163426077721681067e+05
9.106554188325997529e+03
3.543146712827873853e+04
9.014539119209859055e+05
4.789626662303713383e+05
1.177196948532417649e+06
2.731058732447500806e+05
8.576458573286874162e+04
2.069607574001864705e+05
3.908795297011864022e+05
1.562214308315915288e+06
2.560347823391928687e+05
2.358013330818762071e+06
9.994812320705541060e+04
3.687667532734502456e+05
3.806328058519374463e+05
1.912553011667469051e+06
7.341673406895879889e+05
1.299216758436561329e+06
2.358185078257291461e+05
6.261095070652916329e+05
1.043658426573185017e+06
2.157451168258562757e+04
1.790168045893953822e+05
7.188460750229189871e+05
9.861063937671243912e+04
9.151264821930852486e+05
6.128181085362061858e+05
1.266152305531383725e+06
5.841887339278697618e+04
5.600784300158553524e+05
7.750991186151010334e+04
1.938030240389669314e+06
6.382969958462273935e+05
1.287862819445448404e+05
2.477007260008874582e+05
1.521803378741099150e+05
2.279685616086884238e+03
4.662985443226124335e+04
6.048656599123444903e+04
8.787232716472566826e+05
1.144952958039734222e+05
6.358964998257614207e+05
2.549131984049981402e+05
2.072127042259847280e+06
5.612950569937813998e+04
1.032952898345230788e+05
5.923385502925603651e+05
4.308813733576976229e+05
2.410621469609070104e+06
1.870098416651173495e+06
1.636227750883455446e+05
3.919084141710284894e+04
4.610057506550400867e+05
1.813049850495530060e+06
5.348915017292625271e+05
1.953023933443826158e+06
1.431454189948168583e+06
1.924747849380565749e+05
7.414824539556357777e+05
8.191416864504080149e+04
9.236455042221938493e+05
1.405446350955939270e+05
3.621632325009749737e+06
3.069978954082535347e+05
4.129879849442538107e+05
1.750340353518971533e+05
1.152754478573647066e+05
2.192388829089169158e+05
2.167262645517948840e+05
1.484593560020567747e+04
2.942497794808278400e+02
4.326613306388696219e+04
2.071599897711665835e+05
3.879674869225987932e+05
1.196856965275640832e+05
6.925870437967091566e+05
3.776105215070602135e+05
1.218106540676098957e+05
7.600391019580765860e+05
6.129476063016228145e+05
3.224853107922396521e+04
4.457920543791613891e+05
2.272554482711182209e+05
3.497675851171885151e+05
5.685355085165592609e+05
6.240516739788975101e+05
2.987772332950210548e+05
1.321956859249534027e+05
5.433675213104258291e+05
5.023601792544061318e+05
2.285500974706793495e+05
1.622697788762507844e+05
9.537880665376540273e+05
4.991106958870968665e+05
8.928907449129465022e+03
1.582265993274461071e+05
3.599225784411462373e+05
1.671560216710118984e+05
7.256886959878359630e+04
2.326890390822827758e+05
5.991094790636553807e+04
1.480302445403625898e+05
9.674134954370659543e+05
2.382368539605868573e+05
1.834603772701883572e+05
1.676700403684046469e+05
4.168016352899266058e+05
8.800678335711781401e+05
3.429621465457196464e+05
4.309061956223034649e+05
5.861798388759288937e+05
4.128490398323512636e+05
4.241291651656292961e+05
2.748112636895156356e+03
1.447571468141977210e+06
8.273065219265456108e+03
1.119632725199563196e+06
1.575317491289411206e+06
4.472438034215340740e+05
4.441615028828788782e+05
1.256758226082048059e+05
1.445493476675604237e+06
1.151723188608935889e+05
7.216671561073428020e+05
7.356610150015908293e+05
1.226414356999308075e+05
2.264840861284768616e+05
5.040374939991543069e+05
8.324452834068088850e+04
3.162648738904119818e+04
3.947595205430889619e+05
1.253160063635058468e+05
1.093899030052283633e+05
4.132365723752282793e+05
6.443362824336892663e+04
2.090629819844741178e+03
3.813167645775943529e+05
1.315665853165142471e+05
5.316766881492378889e+05
6.845720672324124025e+05
1.403551329376745853e+05
5.972426126824608073e+05
1.593386346854527656e+05
5.707685217008663312e+04
3.384588029894729698e+04
2.169152664777532482e+04
1.720524650685786968e+06
1.502239755501389445e+05
2.277895534073622548e+05
3.317018317039700923e+04
1.746722167767116916e+05
7.908368901561934035e+04
2.324733053207255725e+05
9.215762159698877949e+05
3.013041135627055774e+05
3.402170599749345274e+04
8.277434700491906842e+05
2.912128495535635157e+05
5.211921292100810679e+05
7.066290353331455262e+05
9.136537723894758383e+05
1.943313762023110176e+05
4.126226486529536778e+05
1.935867735285620904e+06
4.474337967874857131e+05
3.608485445780647569e+05
3.054698921875189408e+05
2.237950309660791419e+06
6.440955974995152064e+04
3.602998735113955918e+05
2.155038979914345546e+05
4.317875827885227627e+05
1.766571291867789405e+05
2.727016740270939772e+05
8.313686831297502795e+04
3.098865138399116113e+05
8.006237001645326382e+04
2.368814891294128611e+05
3.507570986614723224e+05
6.126229113789409166e+04
2.563630923547207203e+05
3.099051230378389591e+05
7.194982643226046348e+05
3.519752930625691806e+04
2.505086771441494348e+05
3.669860876323216362e+05
8.100922241962954868e+05
2.843715261483833310e+05
8.488081445988984779e+05
3.243340038699103752e+05
3.090305144502804615e+05
2.266646714507750876e+05
1.568369802059662179e+05
1.332229461470583738e+04
5.267505174996337155e+04
6.463875112636873964e+05
1.297421030874918913e+06
1.087284587183675729e+06
8.353695694203806343e+05
2.307252551180646333e+04
4.020918461067696335e+05
3.115917129682177329e+05
4.335135299278937746e+05
2.577653730802774080e+05
2.000718590318447386e+05
2.341713916471004486e+05
9.591570454367565690e+05
4.990808418119315756e+05
1.607568026704635704e+06
3.465683666940713301e+05
4.487558645472135395e+05
1.060623660392782884e+06
1.825897961964347633e+05
3.498433583409233252e+05
1.553593731805993943e+06
1.172830811793067187e+04
9.600506457041862886e+05
2.666522496675350121e+05
4.613050168948830105e+04
2.456133603232153400e+05
4.824151962385636289e+05
1.291238857087575161e+05
1.148087433166232193e+06
7.412140048423877452e+05
5.831841437076527625e+06
3.222961872162203654e+05
6.303980656586054247e+05
1.078049266293981927e+05
6.815829155414426350e+04
8.934459278081216326e+04
2.727656472440162543e+04
2.951892133526835591e+06
1.902548358228520665e+05
1.791694311105093511e+05
1.315034879877402273e+05
4.884149435886449646e+05
1.361521465732241049e+06
1.908885817362537200e+05
7.303365496487626806e+05
9.931801611436171224e+05
1.603156007391018211e+05
2.038019680513818050e+06
8.970548571520055411e+05
1.161425357655500411e+05
9.802665394647262292e+05
4.222292404556178371e+05
1.917381704663976328e+06
7.099250274599377299e+05
5.797838242983716191e+04
1.080897525121212006e+06
6.809827634239462204e+05
3.352919701559195528e+05
4.541276634242069122e+04
3.189687885958813131e+05
2.682117622918940033e+05
9.725608980187399720e+04
4.192937223177869455e+05
2.005007593268511409e+05
3.751169255229484988e+05
2.182864168514271441e+05
8.835807954283889849e+05
2.518377023227239551e+05
1.206165158468321169e+05
1.277928883824374061e+05
9.550179962356222095e+05
7.796990036745712860e+05
8.941340787480035797e+05
2.412222615207355193e+04
1.577959834450902708e+05
7.488885697624671739e+05
7.820463183259409561e+04
8.564904152620646637e+05
3.999712686302105431e+05
1.215763675470473710e+06
2.455805401006059546e+05
4.708587470934269950e+05
1.249680251063375501e+06
9.380730690807077335e+05
1.307922640740595234e+05
1.358517443871317199e+06
9.033948443795813364e+04
2.481418137537109142e+05
4.184035591325046844e+05
2.705805871625008294e+05
2.086517693860742729e+06
1.170648529850160849e+05
1.755614212609586248e+05
1.016646841094966803e+05
7.226304669569762191e+05
1.649706964724438032e+06
1.775723393162356224e+05
5.089944434877656749e+05
3.631121459111261647e+05
2.447793101038930472e+05
3.183775834126053960e+05
1.503888894041341846e+05
9.490093923386471579e+05
1.209209576600875880e+05
1.709262717741136148e+05
4.153673451861944632e+05
3.665822473448131932e+05
1.549950271205953090e+06
5.666978968928890390e+04
4.811099469323771191e+05
1.795045992998953152e+05
1.253769834416492959e+05
2.494244311211078893e+05
3.298705528857964237e+04
3.469614133052892284e+05
8.627618243235005066e+05
2.394796040462996811e+06
9.981879806665001670e+05
3.953837265979771619e+05
2.870499055911613978e+05
2.132633886570651957e+05
2.073798867176722852e+05
7.451396884541242616e+05
1.057396697979536373e+06
1.253944971157286200e+05
5.363367624708419899e+05
6.909837060950907471e+03
1.623566519003781024e+06
4.474146557912680873e+04
3.389695442236748640e+05
5.498129708097871480e+04
7.814623391985845519e+05
6.680224655757471919e+05
1.389725292162343394e+05
2.360526292239875474e+05
9.953248788920136867e+05
6.195995802215115400e+05
4.839249227443781274e+04
1.166847375300797401e+06
1.272112140597588004e+05
6.097934297822863300e+04
2.782602021459226962e+05
2.330983453762952704e+05
1.389202503496946883e+05
4.115144367977527145e+04
4.006853205884270719e+05
1.238686830876209075e+06
2.322644503141596506e+05
2.135291000768169033e+04
1.803268153909945395e+05
5.243396246876056539e+05
5.970536612311626086e+05
5.230658539254299249e+05
1.068500727898576733e+05
3.346353195017680991e+05
8.450402406123774126e+05
2.124309814573153853e+05
1.642151989732772345e+05
6.079947115751336241e+04
1.139092851910753379e+05
3.018800144400568679e+05
3.082158372497713426e+05
3.011681604602343286e+05
6.892276052734545665e+05
1.160536052252067748e+05
1.368782815672960423e+05
3.851831161092502880e+05
2.591737332890148973e+05
8.526906075763655826e+05
4.964787540120210033e+05
1.873338690408648399e+05
1.578774115611934802e+06
1.690845871130262269e+06
3.214353285818863078e+05
3.960077505523589207e+05
4.447253821033235727e+04
5.314325862063709064e+04
1.433316920938905969e+05
5.924915860270333724e+03
8.061492646299979242e+04
2.926642324560326524e+05
3.054014974281004397e+05
7.894157761156672495e+04
6.913412735882624984e+05
9.086556763831996359e+05
2.534247615330776534e+04
3.493061810510355863e+05
1.307347365334385104e+05
1.117804756745194551e+06
7.920960599917246727e+05
4.570584821530439891e+06
8.623168268605236663e+05
1.208987695890837349e+06
7.877024583246729162e+04
1.119842030885192653e+05
2.740539535053738509e+05
3.883047338512972929e+05
8.431013795951892389e+05
2.337916708933591726e+05
3.139282041797159472e+05
1.688993811968430411e+06
3.409328696194216027e+05
1.077005578336350591e+05
1.119284987871531397e+06
6.279413437909550266e+05
1.061137754782548174e+06
8.046396899466444738e+05
1.142746309644327732e+06
2.226913339118853910e+05
5.162656409828570759e+04
2.506921908904618613e+04
1.758108172378172749e+05
1.476104645212772593e+05
9.469550845505680190e+05
1.182092895449450443e+05
7.574128684407549736e+04
2.474374975226510724e+05
1.311125448704023845e+06
1.587899576920331921e+06
4.040012357954999607e+04
7.875143263688379375e+04
2.720573583462890238e+05
1.099348465147304669e+05
1.671563110520571470e+06
5.068580114746501786e+05
7.176478289286529180e+05
5.198791684979962884e+05
6.770032644318870734e+05
7.406852631578971341e+04
1.460163914926285157e+06
4.396171166010162415e+04
2.200796449602734356e+04
9.355399215365675627e+04
1.242354266198068581e+04
1.511006997099884029e+05
3.965527095384257846e+05
3.059644616236048023e+04
4.385572866038570646e+05
4.300452639440518105e+05
3.547267746903763036e+05
4.679828210344990366e+05
2.157583213940931309e+05
6.396988825700607849e+05
3.915568380427815719e+05
1.847009937240145227e+05
7.913685961739801860e+04
2.895822950889678323e+05
3.962834839794806903e+05
1.068330549429578707e+06
3.291515731380345096e+04
2.354159614072219410e+05
1.000891161825601012e+05
1.760133807158434356e+05
6.256117387523121433e+05
5.335897814643356251e+05
1.564781830655299826e+06
6.467763498104627070e+04
8.140652317825576756e+04
1.174685255894747330e+06
4.109969786645187996e+05
3.259812567475568503e+05
5.157310513027594425e+05
1.619359705426122295e+06
9.442065711363594746e+05
2.283659726994154335e+05
3.624111624138288607e+04
2.813398367225126131e+05
8.809751781818424934e+04
6.857652613597812597e+05
1.220958113859561126e+05
7.174986896500880830e+05
1.867866260959508654e+05
8.263979056128130469e+04
1.010682139836547081e+06
1.950585656887867954e+05
5.037061860704788123e+05
3.755809821743269567e+05
1.969412620442216983e+06
1.046464717034937930e+05
2.186525241494524293e+06
1.050710894780948729e+05
6.509919456156466622e+05
5.346123436020187364e+04
1.812236437460586312e+05
1.115768508162743412e+06
2.630600424069587025e+05
4.080602843311211909e+05
4.509748563910614757e+04
1.479082402856685221e+05
1.111301310171057412e+05
4.751835666398515459e+05
4.593395170019651414e+05
5.509574098849315196e+05
1.540405196159639163e+05
1.275631170251738949e+05
1.720525747974878759e+05
8.893178286300171167e+05
5.337354330298786517e+05
7.734513853781134821e+04
6.240685873670692672e+04
4.527317673081198707e+06
3.962448518424606300e+05
4.880227771081271931e+04
5.184288974105143570e+05
7.370743472998419311e+05
6.526154608832948143e+05
5.786345583066843683e+05
6.666590000316735823e+05
1.735881156798819138e+05
1.756716795328652079e+05
4.759394976413047407e+05
2.878464338957783184e+05
1.448044057518021669e+06
2.891249390610557050e+06
2.540382175612464547e+06
2.551537802945013158e+06
9.263974871211940190e+05
1.129318932963206433e+06
2.135790360027624411e+05
1.590525601450219983e+05
3.088059286206815741e+05
4.215824581865987420e+04
1.456399308934025066e+04
1.253762425470413000e+05
2.547983757808762311e+04
3.403387498063481762e+05
7.563601798954406986e+05
6.329708319253238005e+04
4.663104105083880131e+05
1.916816947740436945e+03
1.825680051961378194e+05
9.169931880985619500e+05
3.360024908688208670e+05
1.505611959826193517e+06
1.439275895764886867e+06
3.420610564489894896e+05
2.210913957012025348e+05
8.871189906827009981e+05
4.237809260555471294e+06
4.348834041498235893e+05
1.337678840523494582e+05
2.005715531646378804e+06
2.001843713125235518e+05
3.756879090389725025e+04
1.907319217407168588e+06
6.685158754197441740e+05
1.498479279377995699e+05
5.395292512601048686e+06
3.482654480154758494e+04
1.380168712731212436e+05
5.729675780601979932e+05
1.936847602728094353e+04
2.744668522628564970e+05
5.222629843296673498e+05
5.224425415258998692e+04
5.312792397682189476e+05
1.252607695505110081e+06
1.604572006510846084e+06
2.606542342928682629e+05
6.743000756200777832e+05
1.314018093908233568e+05
2.623167793146836921e+05
1.461223758471543202e+06
2.771572887980025262e+05
4.266401922704470344e+05
4.797024229343165644e+05
4.438208236813193798e+04
4.202994961585493875e+05
2.703346610640224535e+05
2.081216825118199340e+05
2.826477465311412234e+05
1.692867045472569298e+05
6.557006131893503480e+05
7.319253409225818177e+04
4.681032290841875365e+05
6.523919574022205779e+05
4.421781894014527206e+05
6.161170195830934681e+05
1.561988754966071574e+05
8.534859033003608929e+05
3.065722872875167523e+05
2.636723568728546379e+05
3.672853197502291296e+05
4.021668757662741118e+05
3.444482373608006747e+05
1.437544842323598859e+05
3.317401783727904549e+05
1.578740512380556669e+06
8.673338641240043798e+05
6.720506975535422098e+05
1.516762673108781564e+04
1.971646794115246739e+05
6.691738793092609849e+05
4.015770267133675050e+06
9.087202100021370279e+04
6.096446891662240960e+05
1.427822828784461308e+05
6.275275589825249044e+05
1.046113632470896118e+06
1.738210416738576954e+06
3.985521624076797161e+05
2.959883359812603449e+05
2.868973316708203056e+05
7.753775193194160238e+04
6.034047210319885053e+05
1.773097404677350132e+05
3.164518883027398842e+05
6.567805947541749338e+05
3.861191003642897122e+05
1.243593316089796863e+05
2.201846210003616288e+05
1.771723604668462882e+06
1.247028006624854461e+05
9.824697183075017529e+05
5.679182528572712326e+05
1.010513405587177142e+06
5.211175123878286686e+05
7.396067674838474486e+05
1.739289717822631355e+06
4.339799376672568615e+05
2.453573652890922094e+05
6.991024522661077790e+05
2.572414493421497536e+04
4.618413785446247493e+04
8.257669216722452256e+04
1.161876775781672215e+06
6.214086898536434164e+05
9.053841421095970145e+04
3.346817147279167548e+05
2.508680841980619822e+06
3.762408609084411000e+04
1.698930306403585419e+05
4.014101350364182872e+04
3.225385204894261915e+04
8.716405052195888711e+05
2.617483909325837740e+05
7.065944105794252828e+05
3.207049628702199552e+05
1.247861771954250289e+05
1.970085819625110598e+05
3.276951416285760351e+05
1.592741357828223845e+05
1.921689200428661657e+06
4.172432976296125562e+05
7.845750096170530014e+04
3.552481921201298246e+05
1.072751206610550871e+06
5.690947879044018191e+04
1.612447406182137784e+05
2.044955474822286051e+05
1.952616052979605738e+05
3.058894982587878476e+05
2.823413418437465443e+05
2.795834554815355223e+06
4.706766536243000883e+05
1.671028089007197705e+05
5.279238126827025553e+05
1.260380516921484086e+05
1.509671123616095201e+03
6.666577744248155504e+05
3.038747625284976675e+05
2.516045346989673271e+05
2.062854525860990398e+05
8.926018308723383816e+05
7.570760354838032799e+04
2.705617697638406418e+06
3.390710693239510874e+05
5.368172445128102117e+04
3.372467129637235776e+05
7.699100081997600500e+04
2.585006764789528679e+05
1.188625948027330218e+06
2.758211876032731379e+05
1.925107156627358927e+05
3.780200266253072768e+05
5.232097991121058585e+05
1.396377418548121059e+05
2.933486971663672011e+05
2.291030202082228498e+05
1.200357559544148156e+06
3.068250187946308288e+05
2.616333217353527289e+03
8.683419153810999123e+05
1.035011814473162231e+05
5.360582397238711128e+05
1.563870772434974206e+05
6.911490766800268320e+05
1.287550859030372230e+05
4.635187355292493157e+04
3.240627226104754955e+05
1.895336026692219602e+05
2.462011896705730469e+05
2.040106695838916639e+05
4.851140135359569831e+04
4.124683435866348445e+05
1.103063892237676308e+06
2.894324946900609648e+05
2.446147684830524377e+05
7.943986789110911195e+04
4.892026058256649994e+05
2.948232857663906179e+05
9.410338360928853217e+04
7.799061939246746479e+05
2.202063317500659032e+05
7.763846891778298595e+04
4.925305344377688016e+05
3.731240212142198579e+05
2.788031603570713778e+05
3.998046754058124498e+05
4.216189671084014117e+05
5.407797435176130239e+04
4.542412396731004119e+05
2.175586567054407496e+05
3.267608430679172743e+05
3.737603891825042665e+05
4.456908523452200461e+05
2.813464143887663260e+06
8.158207037823593419e+04
7.072097493119317805e+05
4.915106963775760378e+05
6.634390305708108644e+04
2.020029275773115805e+05
6.670093055888703093e+05
1.126707847662867745e+06
1.309809799626241904e+06
7.769297966533009894e+05
4.203121384041045676e+05
3.376972751935577253e+05
1.551141294414866425e+05
4.428889887334433151e+05
5.986707661020819796e+05
1.446236639302909316e+05
2.674760009871518123e+05
3.549480116898569395e+05
4.663923645271891146e+05
3.132439158320210874e+06
2.870349340142373112e+05
1.497521712783341645e+05
5.355026440754613141e+05
1.024571569669472170e+06
6.788392459451506147e+05
3.060135003930876846e+05
4.994886985018834093e+04
1.403043610273428960e+06
2.011063812866705121e+05
8.240560619877036661e+05
2.262312065943586931e+05
4.174816471628408181e+05
3.339871380230942741e+05
2.541062119309460744e+06
1.431590816361090634e+06
5.807580904840164585e+05
5.840027073171338270e+04
1.560648662712143501e+06
3.523056921715899080e+04
3.590479369795382489e+06
3.952907114369972842e+05
3.004661771149398410e+05
9.413332854392177251e+04
7.719701925460535858e+04
1.296098290323515685e+05
2.351141396578960994e+05
4.420178415527633624e+05
5.099774061960214167e+05
7.843133098158320645e+05
1.081009171943918569e+06
2.172090655734916509e+05
3.695267872693149839e+05
1.092876852032901370e+05
4.540998965027505183e+05
4.300400961046732962e+06
1.298763551912777475e+05
1.375233451143185375e+05
3.234716399493610952e+05
2.393896129934875644e+05
4.937104033734855475e+05
1.205954489079396881e+05
8.797750753312247980e+04
5.368710933059996460e+05
2.657677830968970899e+06
4.802222144315261976e+05
1.444301033207418805e+05
3.777903525879326626e+05
5.557467209885137854e+05
2.736915044750284404e+06
3.459524559623437002e+06
3.362094044437795528e+05
7.676848506845207885e+05
4.558370769501958857e+05
8.505111194331304869e+05
5.789896575603497913e+05
1.636571248259835993e+05
1.243204853954730788e+05
5.200920594317156821e+06
4.605153972309186938e+05
3.452623656278424896e+05
1.771269971009654982e+05
2.565284661333387485e+05
1.956185379650238974e+04
6.436739090043612523e+05
5.261680134906293824e+05
2.484880096596113290e+05
3.738145384642953286e+05
9.664676496211892227e+05
2.713889296779120923e+05
6.153421487608143361e+05
5.921563437325644772e+05
2.102628375112807262e+05
1.131456874550432549e+05
2.055839063502466073e+06
7.459083640592533629e+05
7.870481428273801692e+06
6.291447921491108136e+05
3.900040500417603762e+05
3.274692133586953860e+05
6.487692172732444014e+05
1.356672384811512195e+06
1.363296851132389857e+06
1.216895814603392733e+06
1.097251294035425875e+06
2.860669582295313012e+05
1.537920792087087175e+05
2.946644291915423819e+05
4.512914984289683402e+06
2.838851184297301224e+05
1.546581297641657584e+05
2.174851040710804227e+05
8.792576788427708670e+05
3.586972957552331354e+04
1.029229259044400300e+06
1.222160127312280005e+06
9.781125881188284256e+04
4.315939255561684258e+05
6.305562958985760342e+05
1.790588735858283704e+06
9.440451883953789948e+05
3.490627807938140468e+05
2.534920640816328814e+05
7.412516943633389892e+05
3.590617933913310058e+06
2.098232925873921253e+06
2.428493317858481314e+05
3.288969484635445988e+05
8.263926883086934686e+04
3.369682266582586453e+05
4.386833149331298191e+05
2.226256476270341780e+06
2.882188382579321624e+05
4.638047245603375486e+05
3.837115479449226521e+06
2.509166394483484619e+05
9.465285143037741364e+04
8.885929125046420377e+05
8.551416998740648851e+05
2.606349093718493532e+05
3.289942562891674606e+04
6.838640900402753323e+04
1.445254903459050984e+05
9.541212196376034990e+05
4.729793962551535806e+05
4.783908680349771166e+05
4.467707319512220565e+05
4.977580823257665616e+05
1.253092752392377704e+06
9.964469552378065418e+05
9.063653719101945171e+04
5.901450955510974163e+05
2.979579819399812259e+05
1.748920261848426308e+05
6.886225519274122780e+05
1.709940620173204457e+06
3.701016376047208323e+05
3.237098643279795579e+04
1.264648122696638529e+04
4.674719965625228360e+04
1.612667054350649996e+05
2.910417730443940964e+05
4.479215689470090729e+04
3.304710600621534046e+06
1.019490069330463768e+06
1.801042349117333302e+06
1.152442049979491858e+06
7.969398520075741690e+05
9.004778646599280182e+05
9.407858697222069604e+05
2.125878426814749837e+05
2.106603814633593720e+05
1.713569245203761617e+06
3.212185890684640617e+05
2.222867280390653759e+05
6.050031852345043444e+04
2.293292850177528453e+05
1.994634513210342848e+05
3.097189606048092828e+05
7.141176937076365575e+05
5.516850517261176137e+05
3.304030591854841332e+05
5.283021040049702860e+05
6.458841389769641683e+05
1.294111509584758314e+05
1.690234824478537485e+05
2.939673674184087431e+05
3.651390143174173310e+06
1.807234334906256408e+05
4.302213075316727918e+04
1.984412622984722111e+04
5.955929552854811773e+05
2.067336322418758878e+06
7.778657504130525922e+03
4.102975044031471480e+05
8.049149222062417539e+05
3.790210212354590476e+04
4.115851633768465254e+05
6.574132883453689283e+05
1.573539308930369327e+06
9.397788397996420099e+04
1.237796557363617612e+05
2.378906416869165841e+05
2.011947742327631451e+06
2.243329945137429168e+05
2.932054111698628985e+05
1.393618205228852457e+05
1.366499031976476908e+04
2.656474860653070733e+06
5.698122240223701810e+05
2.449353647571958572e+04
3.146544787844311213e+05
1.492156725684602745e+06
1.065537983326450340e+05
6.425338464515175438e+05
4.488821640772791579e+05
1.721376629503091099e+05
5.716805440809462016e+04
2.888363616315648542e+05
1.237016188023747178e+06
5.637206474337454420e+05
9.332391947742407210e+05
1.999192782776014355e+05
5.089648546001086361e+05
2.041907170289782807e+05
1.197955810996328219e+05
1.171071354082462904e+03
7.280711501522008330e+05
2.469721916985578835e+06
3.018714257287356537e+06
1.475228441469555946e+04
1.211534337458198133e+05
2.856970339116683317e+04
9.228526469259719597e+05
1.056705839485429024e+05
1.070858616512844455e+05
3.175549123217855813e+05
5.095611620969845681e+05
3.289555330895218067e+05
1.521718572415087256e+05
1.645555561603397946e+05
3.081290212298914412e+04
1.311145168641975215e+04
1.133923054196813318e+05
1.243682619219560147e+05
3.174845571336513967e+05
2.226042456296570133e+06
1.388495680211321087e+04
1.273533993055694154e+05
1.273882926312454743e+06
1.465870790755213529e+05
5.402308824729832122e+04
2.704178732984502800e+06
1.137494859405808238e+05
1.310078699087565998e+06
5.973152462065749569e+05
4.644244805904543027e+05
2.414129645112895872e+06
9.015295050244956510e+05
4.309171956469396828e+05
9.232509587572699820e+04
8.041952494349011686e+05
4.154641310261321487e+05
3.644548230408714153e+04
8.244085355179544422e+04
8.228126071003656834e+05
4.719354115449373785e+04
4.444343693038295896e+04
1.239096528898341930e+05
1.993888638995336369e+05
1.486714743953601283e+05
7.856962494130369741e+05
6.178363535547119100e+05
1.913217465084346244e+06
9.851833717165836133e+05
3.444220610274201026e+05
1.053189656151226489e+06
4.096069125679106801e+05
1.878558691536966711e+06
4.947982361331427470e+06
1.682515458636862750e+05
2.443370266102822206e+05
8.477441483594710007e+04
7.841201081125878263e+05
1.776059588324749711e+04
7.893765820030421019e+05
1.422690016211839393e+05
4.266565128565196879e+06
1.047647841376580327e+05
1.728241247116742190e+06
5.575072406319687143e+05
1.244224022139854787e+05
1.561772303472496569e+06
1.151823480332702398e+06
2.140020254338475934e+05
1.840335915913044009e+05
1.024231725328897010e+05
1.059316903915247385e+05
8.603761142738878261e+05
4.066739231194020831e+05
1.067043175588846789e+05
1.663316501250717847e+05
3.132652750962120626e+04
2.089916961775757372e+05
1.117463625394560659e+05
1.912491932724621380e+06
8.967305484038825671e+04
3.653836803910058807e+05
1.399706510884694755e+06
1.182838754675424891e+06
5.820769922337558819e+05
2.415937348898848286e+05
5.181258791567322332e+05
9.104578706283868523e+05
2.333126337210757192e+06
2.350683645628023369e+05
2.076673618980364117e+05
6.118107036065997090e+05
8.804755993353699159e+04
7.526484277506613871e+05
2.490123302856315568e+05
1.890820585105202044e+05
3.438592064757542685e+05
7.884669993449482135e+05
2.334349066176533815e+05
4.309005026461347734e+04
9.811277182022148045e+05
3.986984460792292375e+05
8.467052295064723585e+05
3.524624152475318988e+05
2.241450048841569151e+04
5.150353766177786747e+05
6.079177897934474749e+05
1.687422972351677308e+05
1.045962820558142615e+06
4.935271102874205826e+04
4.277310608378605684e+05
2.170712972814831301e+05
3.040335485530335922e+06
1.455593034168690210e+05
1.372752505576639669e+05
4.293623842307060258e+05
1.817266656290627143e+05
3.950770984095962922e+04
1.228014344185396563e+06
7.856362887726634508e+05
4.377128922871641698e+05
9.046105030883520158e+03
1.158175776174335741e+06
6.552818510621741880e+05
2.426006550208407134e+04
7.117770361923514865e+05
4.746291304207791109e+04
2.150547190522162418e+05
3.201533122062970142e+04
7.842848799587674439e+05
3.011153052007624065e+05
1.037927852992765693e+05
7.202001669257944741e+04
1.720687433467117080e+04
1.124809213020954747e+06
2.832448838848007726e+05
1.389531277962556633e+05
2.080618554762823507e+06
3.133889435048783198e+05
5.417196821660002461e+05
8.777611535024297191e+05
1.327708329967285972e+05
2.206813905447973520e+05
1.437530976074313978e+06
6.311756535309231840e+05
4.178831305634466698e+05
8.221975814702293137e+05
1.329415998872141121e+06
2.620677597635313941e+04
1.512452679028303828e+05
3.260037691361149773e+05
2.193364363162285590e+05
5.228296354481204180e+05
1.465299880961979798e+05
9.238791539134038612e+05
8.670183971215967904e+04
1.417646192392556986e+05
5.085057815457639517e+05
3.421926925714856014e+06
6.739287358031227486e+05
1.168963787595660891e+06
2.286101485472652130e+05
5.218999111017383984e+04
2.045275597991133400e+05
2.371120278273940785e+05
6.660380541848939611e+05
7.443680975701942225e+04
7.674280765217629960e+05
1.066230122409562115e+06
2.761836748598992825e+06
4.687893621038752608e+05
1.783015624040605908e+05
5.295598746473828214e+04
6.815081706862153951e+05
4.064120948430964490e+05
3.560154408342614770e+05
3.586425946550421068e+05
3.104399651077900198e+05
3.079082550131738535e+05
1.855621509286883156e+04
7.168511795755360799e+04
3.661285627493044012e+05
1.327035502207846846e+06
1.470061437558531761e+05
3.277357920097509632e+05
5.027517697390830726e+05
2.971918804461166146e+05
6.100456112007837510e+05
3.825010813386380323e+04
1.303608706670006039e+06
7.215399908499418525e+05
3.552796084332566243e+05
6.089929872836634750e+05
3.775631873026881949e+05
9.911610215664877323e+05
5.123376292903476278e+05
6.778727400837613968e+05
4.876574257369555999e+05
5.364114033691473742e+04
4.554709815420064260e+05
5.727304405675481539e+05
8.710221311986700166e+05
3.781721696951938211e+05
6.302448770525944419e+05
3.869296949680985417e+05
1.413166438369663083e+05
3.856395086789509514e+05
4.502748292134555522e+05
5.374013597303490387e+05
3.063648569796313997e+06
1.238113547776366904e+05
7.157139099052359234e+04
1.733821324860696914e+05
9.597151701431638503e+04
9.169437024298472097e+05
4.286695886636711075e+05
9.277709133387642214e+04
9.475496861934311164e+04
2.121151638863992412e+05
1.445343853115745122e+06
4.822600862338287989e+05
3.691472733458756120e+05
1.642439472672172415e+05
2.958529061629801290e+05
7.493219816617526812e+05
2.578380755831378701e+04
6.802411408817616757e+04
3.279396232669343008e+05
2.718596646792906104e+05
5.195837558550219401e+05
4.903846532162382500e+05
1.119581080166113388e+05
1.816127888622747269e+05
1.675460711528526619e+06
4.401108540747575462e+05
4.897107496944931918e+05
5.262515464239889989e+05
1.943734402772190515e+05
1.827117901253249438e+05
3.731829315538547817e+05
3.025199799208186450e+05
1.016678763176119974e+05
6.067842675411455275e+04
1.562725987479164964e+06
1.084776773742592741e+04
2.698926401303551393e+05
3.189047328051443910e+05
6.662472441311630064e+03
3.506327581518126535e+05
2.120376723641587523e+04
2.295009039255368989e+05
3.994710130083869444e+05
4.901865416610363172e+05
3.733340178652398172e+05
1.813210634008288616e+04
1.933988746719026240e+06
6.106788642758255592e+05
1.446074369073182461e+05
5.418099029928961536e+05
5.607362908719928237e+05
6.840378405086873099e+05
3.839864292843232397e+05
3.955128536471934058e+04
9.577524606866075192e+05
1.509789437887295615e+06
9.769572691232907528e+04
1.945459867608829227e+05
1.089775608364296844e+06
2.250929397052963614e+05
2.165769878417156171e+06
3.131095401341664256e+05
2.658463164124135510e+05
1.773988742053274764e+05
2.707960137458181707e+05
6.298088869750162121e+04
3.617932588742399821e+05
1.145841784367529472e+05
2.739384518710403936e+05
7.116355101058842847e+05
1.228124418625003163e+05
7.883984943394849543e+05
1.272468640712081688e+05
7.097634592751781747e+04
1.114805584261655604e+05
4.293626707890831167e+05
1.127705903630125569e+06
1.716900142874877492e+05
1.310907436314319959e+06
3.563385259928892832e+06
5.447519367462441005e+04
8.750432327667120262e+04
4.882247541310117231e+05
6.423994142344472930e+05
2.865235436166753643e+05
6.510763484205859713e+05
4.189241830411421251e+05
4.639050131364219851e+04
1.399824151408090984e+04
1.276967138386120641e+05
1.314372420063180383e+06
1.138496015271844575e+06
5.224467132018280099e+05
1.953292374792848714e+06
1.580402326835448621e+06
1.675573180216682376e+06
5.343077368980594911e+05
6.228126948208907852e+05
1.501356399206687056e+05
3.766159907458919333e+05
1.247455569184296997e+06
4.679006141856710019e+04
1.845839415716087387e+05
1.457446145638210699e+06
1.935709766034429776e+05
4.218810877300229185e+04
9.853347799518086249e+05
7.075410438596394670e+04
2.577581958431056701e+05
1.604253417441471945e+06
3.482359103132349992e+04
3.131610085963274818e+06
4.090438771242050570e+05
3.536196178730604879e+04
2.209062038284090522e+05
7.005373887076173560e+04
1.287709449484708603e+05
6.014808694874389330e+05
1.752971564684204932e+05
3.112807960817374405e+05
6.875221329439501278e+05
3.921425203103070380e+05
3.190804068848621682e+05
2.709492994057585602e+05
2.175039273378720391e+05
6.962761770807680441e+05
5.984426899112945830e+04
2.404856062988496851e+05
3.186982181520300401e+03
6.934948097078279534e+04
3.529698584143901098e+04
3.987670145859231707e+04
1.669689243224746633e+03
8.578763251744622830e+05
1.075886486616727663e+06
7.558913584298549686e+05
1.730395354200942093e+05
2.528981234382415714e+05
1.059104359640889335e+06
1.156451332575863227e+06
5.724270522358723683e+05
5.095205169974482851e+05
1.558377951683015795e+06
1.201994443518637563e+05
1.193791293398804730e+06
1.794668443387477600e+05
2.667314121608671849e+05
1.694622018267374369e+05
7.954084076956677018e+04
5.130426559735467657e+06
1.977942377136549840e+04
1.877418376527159999e+05
3.927794118096861348e+04
2.159186194499424892e+05
1.316202958021970699e+06
1.245505611186960479e+06
2.065839514694552636e+06
1.159378574117592361e+05
8.955567726522439625e+05
6.601960400377229962e+04
3.883718006759108044e+06
1.374718758900000830e+05
4.322839425494459574e+05
5.948110931765250280e+04
4.369674916560081328e+04
1.913929613170609809e+05
5.671975814824851695e+05
1.718696324332273507e+05
1.194170887763893115e+05
9.369216529178094352e+05
4.082384958174621570e+05
6.226854614545250079e+05
4.422765571421705681e+04
5.837793929592129280e+04
2.098961166742526693e+05
7.083701087395069189e+05
8.026624794101792213e+04
1.910043002435085145e+04
2.410657886698536749e+05
6.470745538855216000e+05
7.132907429878783878e+05
5.265827859730322380e+05
1.273968973520331783e+06
1.993567325748033545e+04
2.260672380030504719e+05
4.807219575025353115e+05
1.845279189092291635e+05
5.597745785494768061e+05
1.713882033629447978e+05
4.510380352742452524e+05
1.827627931026477308e+05
3.603681228629840189e+04
9.108447470855808351e+05
2.504980341283192683e+05
2.923514347222332843e+06
2.972788736126352451e+05
4.013726555916024954e+05
3.845856375532170641e+05
1.486840540340702573e+05
4.829347728772109258e+04
1.985874851476200274e+05
8.318771723481809022e+05
1.620492272303904465e+05
8.588249225987580139e+05
2.129710434021157853e+05
9.188561405550283962e+04
5.698721474421253661e+05
6.994133390335079748e+05
1.048002140295284189e+05
9.182150183406292927e+05
3.871147725933897309e+05
2.450408569964210037e+05
2.448663030062001664e+06
5.850517476227901643e+05
3.036946558783369255e+05
4.123464881213587942e+05
2.029370115194650716e+05
2.853684944952047663e+05
9.567935710246844683e+05
4.607051847076450213e+04
1.168359726158512058e+06
2.396142784887044108e+05
6.006029779475618852e+05
5.093528532054103562e+04
2.561073231801880174e+05
7.946172008135823125e+04
6.591894274921953911e+05
5.610629179966531228e+05
1.021594644037162652e+06
1.338003216207633959e+06
1.620548065558450471e+05
4.657340898821850424e+05
1.012247603394072212e+05
1.945463150620177621e+05
3.770057173334085965e+05
1.443311644379182835e+05
8.865213841229637619e+05
2.112324048266461177e+05
3.994823304911259329e+05
7.814601323233400763e+04
2.881437821704613089e+04
2.181630884606774780e+05
1.940867454497609288e+05
7.741665648942423286e+04
1.327089254706657957e+05
2.278219701734382543e+05
8.169253538509263890e+05
7.706414265079888282e+05
2.574549459967463190e+04
6.234429718823469011e+05
7.057353608883270063e+05
3.349914140483111842e+05
8.341910263973266410e+04
1.301710267086212698e+05
1.031629215854421345e+05
2.921290560620589531e+05
3.288669904662416666e+05
1.855456762890957994e+06
1.695284627008904063e+05
7.272064249070389196e+05
6.269278986480673775e+05
2.619620744141213945e+05
7.521444459904650284e+04
1.677892497704424604e+05
1.634085691159653652e+05
1.571913399418466724e+05
5.034522165813122410e+04
2.421728892291962984e+05
3.060096042018994340e+05
1.276718355228653410e+06
1.138272838707332266e+06
8.122897314835012658e+05
7.888914093908217037e+05
4.266449526098455535e+05
2.633256244456417044e+05
1.745166924887533241e+05
1.926764880504287547e+06
1.032033800509689536e+04
4.550646877229498350e+05
2.355740633943361463e+05
3.113190449463134864e+05
1.271223306593119865e+06
9.116934979824219772e+04
2.853016728208412533e+05
2.290619003078006208e+06
2.833688957233153051e+05
3.368070687759367866e+05
5.125899472363058012e+05
2.590875918015327479e+05
5.829518868232482346e+05
1.389098664550102840e+05
1.934378246682414552e+06
2.846026769482289092e+05
7.739147970425002277e+05
8.872636869499484601e+04
4.251267419534105575e+05
6.325681175120669650e+05
3.648752657976851333e+05
1.525731377473161090e+06
7.250918758086116286e+05
1.244035961068895413e+06
4.812410330851154140e+04
1.334165944251893554e+06
1.905031028631990557e+04
9.160833302127409843e+04
1.658234550292472355e+06
3.291970259178452543e+05
2.258908193237185478e+05
9.488833195329431328e+04
7.376097151162398513e+05
4.523928738613235182e+05
5.346150747714459896e+06
6.487093157169109327e+04
2.060269489787559723e+05
3.684296815060615772e+05
8.496448451707524946e+05
3.773324573327932740e+05
4.584521709977663122e+05
4.162549085357750300e+05
3.071309123449099134e+05
6.056559913262572809e+04
1.487620713859522250e+06
6.874988209719155566e+04
4.010022507421647333e+03
1.237715457529483596e+06
5.711253293448541081e+05
2.044872655480700487e+05
6.136621821965866548e+04
1.508103754269057536e+05
2.317415706781424815e+05
2.460455625027346541e+05
8.009936131075406447e+05
6.614585936885445844e+05
3.200885702099331538e+05
9.512156350230087992e+05
8.676167232046714053e+05
2.076137047583579260e+05
2.904803438216522045e+04
1.646477989359868516e+05
2.480640938135736214e+05
3.365824841193109169e+05
4.516204873251244135e+04
2.698405186183408659e+04
4.882748660141331493e+05
1.082055913690629648e+06
6.213323035293127177e+05
8.934652362681037048e+05
5.157013016371285776e+05
4.324155160559160286e+05
2.345810083766624157e+05
1.186315395454225072e+05
5.508136909774183296e+05
2.335054518100334390e+05
1.452752688473023300e+05
1.318249642052736133e+06
3.729685855799329584e+05
3.435029549071693327e+06
2.217232146806432400e+06
8.956209620859264396e+04
3.570442432060569990e+05
4.755059933327118051e+05
3.336776214201367693e+05
4.332897705543081393e+05
4.209067046395369689e+05
2.955367311121534294e+04
1.517072839764946002e+04
7.029273079100180184e+05
4.023811037545073777e+05
2.061340807908531860e+05
1.268285050218405435e+06
3.772740902404389926e+05
2.617002521623203938e+05
1.212916725066464714e+05
8.303885636088900501e+05
5.489313751925669203e+04
8.366651441356213763e+05
2.708533260873255203e+05
1.458067580569647253e+05
6.651005676026376896e+05
2.418948141744200839e+05
1.954902804266844760e+05
2.504481216032660741e+05
6.092900206571867602e+04
2.136534879902623652e+05
2.199402380726808624e+05
2.164082521150966641e+05
3.865752135824113502e+05
5.435075613474472630e+04
3.366475685465499555e+04
1.099547915656145662e+06
7.619275503570461879e+05
2.962391068084187646e+04
1.608588038234294858e+06
4.386354820053881849e+05
1.020419313103646564e+05
6.003057849801424891e+05
1.192454778944458812e+06
3.755313910571870394e+06
2.901533716945834458e+05
4.541121209522772551e+04
4.080513336042588926e+05
4.668046064156132634e+05
1.970680325423369650e+05
2.262605752001199580e+05
3.363002681285187136e+05
1.198089627322523389e+06
3.568560237461440847e+05
2.235348034044684900e+05
6.737621757363183424e+05
1.806106676362721482e+05
1.704096517730950436e+05
6.438628422710940940e+05
3.644843060979800648e+05
1.173743314949968772e+05
1.566892778472859645e+05
3.054498789378890651e+05
1.436360787847778760e+06
1.004089245196141652e+06
4.737639442410920747e+06
5.332733275695129996e+05
1.853399305113467854e+06
2.321193014549328364e+05
2.296497192515987437e+06
1.211745886532096774e+05
3.317846518623696466e+04
1.615894274999662885e+05
2.631162837277417420e+05
5.166490571372840350e+03
1.425278345467384788e+05
1.170583724576815031e+06
2.467373239974926983e+05
4.493865608859863714e+05
2.644660553221270093e+05
2.681154254293764243e+05
9.300407333541387925e+04
8.470401469523600827e+04
3.037023795027987217e+04
1.325505240879093471e+05
3.036298263666091952e+05
3.275153886999445604e+04
5.357808028519622749e+05
1.331312118599275127e+05
5.351035045243465574e+05
1.084911835347845772e+05
1.743216134961859498e+05
3.219938827932705171e+05
2.084048154939920059e+05
4.405011207042973838e+05
1.958507788321717817e+05
4.286543381639753352e+05
2.210717982602579868e+05
4.585153042230672436e+05
2.682006250325566507e+05
4.256030357138653053e+05
3.945884427515038988e+05
1.345875036158561707e+05
8.062599715895821573e+05
2.478163389666986404e+04
3.015977853956165491e+05
4.895574716673090734e+04
3.310025456182164489e+05
2.288177558425167110e+06
1.098737364575721149e+05
5.827084650526969926e+05
1.191798677753799362e+06
7.492563661275992636e+05
1.484934144765123492e+06
2.143098656693765588e+04
2.819479378187873517e+05
3.076708596137482346e+03
5.840001394436601913e+03
2.779721803081436083e+05
7.282652411762684642e+04
1.207979067234955619e+04
1.677930739205415128e+06
3.091890416695890017e+05
9.838486836142337779e+03
8.109616894500039052e+04
1.968005756537107809e+05
3.502522165123881423e+05
9.911242750183741737e+04
2.444982074584205402e+05
4.790461579270308721e+05
4.457929547956307943e+04
3.288649682893544668e+05
3.856222096773806261e+05
1.064577505157353735e+05
3.074359705255661538e+04
7.759772448998999316e+05
1.417437378609888547e+05
1.755782466350997565e+05
8.243672525669477182e+05
3.225033739646120812e+05
3.724563504996674601e+06
2.141951932756463939e+05
2.143841810407750891e+05
5.835842966863344918e+04
5.030574642769824131e+05
1.793566745897217188e+05
4.694902895100716851e+05
3.307404257038903306e+05
2.172984036087430082e+06
4.736230581449417514e+05
5.222918660679961613e+04
1.117675904712088668e+05
6.095385219343833160e+05
1.882536209905068099e+05
9.106942306776145415e+04
2.403928980298905662e+04
3.221344666568335961e+05
9.181855354167240148e+04
5.882569242814527825e+05
2.518210891270345601e+05
1.232033048463149025e+05
4.309878262394832564e+05
6.397187788777691312e+05
1.742992593996169744e+05
5.803120336559521966e+05
1.691256608350851107e+06
1.274968344450889708e+05
6.686332733153669687e+04
5.600912181970004167e+04
9.324632659137211158e+04
7.387004850498656742e+05
2.724306730290674022e+05
5.369170587453488261e+05
2.438477051359288744e+05
2.127789770844052546e+06
1.723350335412770044e+06
8.726779114772870671e+05
2.448602011999790848e+05
9.447958348598638258e+04
3.279440162713710451e+05
2.042224189391412656e+05
4.920878194018740323e+05
3.787429743881012546e+05
2.443438101355072868e+05
2.796839441930810572e+05
1.639103975216222461e+05
1.058867071721702669e+05
2.436786756339331623e+05
3.712419509280146449e+05
5.217725619794756640e+05
3.019037459105194430e+05
1.934145295602652186e+05
5.590663780274763121e+04
2.330803933573870920e+06
3.012796889340186026e+05
1.292776146576543571e+06
4.896735793053195230e+05
1.414211826655667741e+06
5.290640332293404499e+05
1.216825406578390684e+05
2.811776160736763850e+05
2.828685618790665176e+05
2.417019869674526562e+05
1.995512798459027545e+05
1.661497182859652676e+05
1.193376819199763122e+05
9.526290688003529795e+05
1.886743229231228761e+05
1.481626420375676826e+05
1.987371331801455235e+05
2.075896512229763030e+05
3.774818653588563757e+04
9.436270156406757887e+05
1.115108066030728398e+06
2.253117587364622450e+05
8.795457667269035010e+05
1.483781396980170393e+04
2.573767752508358681e+05
1.086661672542638378e+06
6.050860590451252647e+05
4.430584760631754994e+06
2.475350922904115869e+05
6.312183006363206077e+05
2.074416642355431395e+05
3.209543722367144801e+04
8.739521446495628334e+04
2.090525575226201036e+05
1.704791561710887821e+06
1.636137659453685919e+05
9.400038761297431483e+04
7.147757605978984793e+04
7.516282124331517844e+05
4.856935364885439049e+05
6.057068731793230836e+04
1.528324294837916386e+05
4.424195931621060008e+05
1.150313706008774927e+06
2.655760827472648234e+05
1.835917433671238541e+05
3.061112678836881605e+04
2.352302848642831959e+05
1.032851892009793519e+05
8.172273861617975635e+05
2.570693923785153893e+05
1.208485233162207078e+04
1.368971133559369191e+05
6.953964805346732028e+05
6.830722372590428859e+04
9.302374569006531601e+03
5.128883612164793885e+04
7.495805533866505139e+05
3.503941382566466928e+05
3.696634778205787297e+05
4.394568867656156071e+05
3.665004511676174589e+05
1.536297397758009611e+05
1.303994313797795214e+06
1.826433561687724432e+06
3.486308743561215233e+05
1.846850368834906258e+05
4.980610191946837585e+04
4.913700375459896895e+04
2.206054900407324603e+05
3.368952799820408109e+05
2.282541253728994343e+05
3.378917975142563810e+05
3.315845226396190119e+05
7.879713744739897083e+05
2.360749761220356741e+05
5.535857334410775220e+05
6.643554625202663010e+04
2.538559821975148807e+05
3.366108064749350160e+04
4.390407652886825963e+05
1.875860342269794492e+05
8.758202221928257495e+05
1.958531752004338487e+05
6.318528934898604348e+04
7.300331443999772891e+05
6.293483104658969678e+05
1.303659259858758160e+05
5.405668630786001449e+05
1.976803589447226259e+05
8.285171794452886097e+05
5.338699814908528933e+05
2.075359295897344709e+05
7.613809106470378174e+04
2.289864189393503184e+05
4.184079798724575085e+05
2.126873509294600808e+05
1.917070982431357494e+06
4.265939081250390736e+05
3.745523881268820842e+05
2.772146050857775845e+05
2.813005930735016955e+04
1.776656716733450594e+05
4.769845277017812477e+05
3.069532331278940546e+05
4.765868705334506230e+05
1.233869297896681092e+05
1.074856596383926662e+05
4.241443934743739665e+05
3.558586879607607843e+05
5.176127043577579898e+05
2.484149303501323448e+05
1.611479153021301609e+05
3.740789589355656790e+04
1.261539538152671157e+05
2.759615282266485970e+06
9.887873010192275979e+04
7.414834365103516029e+05
1.960161882572387578e+06
2.782032039285489009e+05
1.105862666015735886e+05
2.315501424951720983e+05
1.046074849368982686e+05
1.435843560969272512e+05
1.418889179299403040e+05
2.396745935577422206e+05
7.830782342982546834e+04
8.380784694243787089e+04
2.237980084744985215e+05
1.267287257826034183e+05
4.459224498038570746e+05
4.831943413957736921e+05
3.559662625960915466e+05
2.103615108803520852e+05
1.694904348940618511e+05
2.229229191498260479e+05
6.131604092146714684e+05
2.889634749695528299e+05
1.091829887380535220e+05
3.962743234204056207e+05
2.181625732477976999e+05
2.501383317710918374e+06
6.309362448048039369e+04
4.240288476796729083e+04
5.936228735522563802e+05
3.889080755107654841e+05
1.330197956485235190e+05
3.066968888984030127e+04
7.176992600849963492e+04
1.663136163393441821e+05
1.071381106826155912e+06
1.776079606667923799e+05
6.172023493877403671e+05
4.300159885797219467e+05
7.475656636184389936e+04
2.544474719676807581e+05
7.601012646125573665e+06
2.977025638484514202e+05
1.633010703553006460e+05
5.366469855031357147e+05
2.747417477828623960e+05
7.822359274659514194e+05
1.776038092683076102e+05
1.055297689166515833e+06
2.959429451124378102e+04
6.923258172708434358e+03
1.845244860031164950e+06
3.255434376892678556e+05
4.705620531570984749e+05
2.252454704387392849e+05
3.426169167288108729e+05
2.512062950469350908e+05
1.631580491692143492e+06
2.416258984208719921e+05
8.932206572436860297e+05
5.243917551044180291e+05
7.614383627132250695e+05
1.399107074528247176e+04
3.708636452709625009e+06
5.993353100690569408e+04
4.800571128777123522e+04
4.062782399701953982e+05
2.384131940899484325e+06
2.222341629672987328e+05
4.087337348132305779e+05
2.527702153769816796e+05
2.071481724801103992e+05
4.747456558641369920e+05
9.925406807872410864e+05
2.210101325953146152e+05
2.927308463319332222e+05
7.571669533448168077e+05
3.909573882402677555e+05
1.866917648532903695e+05
6.692470983235859603e+04
6.019269310518020066e+05
7.504950396595454367e+04
4.629893302429968026e+05
1.013942554600924370e+06
1.476921647760977212e+05
8.196519968050007010e+05
7.008111853801892139e+05
1.749011254243518051e+05
4.334690685507738963e+05
3.189062834506256622e+05
4.638460187292601331e+05
7.787771227945476130e+04
1.152597571973433514e+05
1.633512808688554214e+05
1.089147353100646142e+05
4.091246755683434458e+04
3.827684365847472218e+05
1.305780872025509016e+05
1.151962906311433064e+06
4.080434110469479929e+05
5.232154154912402737e+05
5.013125904290577164e+05
1.570538465588654508e+05
1.414581295401527314e+05
4.209636417291430407e+05
1.111414617282418534e+06
1.533863825426504191e+05
3.657136771889726515e+05
3.525498383420672617e+05
7.137182822727139574e+05
1.082705381480081007e+06
5.627171407667187741e+05
3.833812450836749049e+05
1.523669674173873500e+05
3.030461629706076346e+05
5.664429843093934469e+05
1.386305289493438788e+06
3.565913550668599783e+05
1.472971652688370086e+05
1.901125966149942542e+05
7.943321239803206408e+05
1.994511414826751279e+05
1.567954176766721066e+05
1.721682310123220319e+06
2.432065614590471960e+05
7.317543283826665720e+05
5.691062961676375708e+05
2.741666775470717112e+05
7.425224975953340763e+05
5.149485582304078853e+05
5.113608558923932142e+05
5.567115219401775539e+04
5.666105614307459909e+05
1.981500583482227812e+05
1.238527707735921489e+06
6.363132439813996665e+06
1.864678366047615884e+06
8.398784461347539909e+05
5.521079075835333060e+04
2.004039471129536687e+05
1.249509133363848319e+06
1.566252854380957724e+05
6.169591860468483064e+05
6.570675604817741551e+05
6.454102806711521407e+04
1.806221583251100383e+05
2.829364874929022626e+05
7.757433529815306247e+04
8.971285293206605129e+05
1.624340116966655245e+06
1.802607392362604733e+05
5.890429017593382159e+05
9.412596007474734215e+05
9.965428744198117638e+05
3.347271561929465388e+05
2.632704613137994893e+05
3.475262603249962558e+05
4.850644385312784580e+05
5.044515567924770876e+05
3.438491437494087149e+05
2.511355336075019150e+05
4.547275184236316709e+05
6.753986467418175016e+04
6.978553589896550693e+04
4.140394699552577804e+05
1.280566967782655556e+05
1.343076896436281037e+06
8.384346308134995634e+05
3.767882583672329201e+05
1.140846781491309375e+05
4.190389392073109775e+04
1.162116159574059566e+05
4.877263496108605177e+05
1.251362382270909147e+05
7.126965031649564626e+05
6.671541240073760273e+05
4.621917284674672992e+05
2.663086619046505075e+05
6.319249069487104134e+04
1.193477099430401140e+05
7.909549280666092818e+04
2.723958566754350439e+06
4.605295960781459580e+05
1.628469573513664945e+05
7.092062923981933855e+05
3.094099025940903230e+05
2.952314079089783481e+05
2.893326788105958258e+05
7.004047343324965332e+05
6.575824683644929610e+04
7.633981162967011915e+04
2.418313401442318573e+05
1.275638214021539170e+05
2.512817893029468250e+05
4.002389368477917160e+05
1.375298699052758457e+05
1.458179920312036702e+05
3.681684686168152839e+05
8.009296870413484285e+05
5.717983660823641112e+05
4.728637652756297612e+05
6.687461057326082482e+03
3.567513151201796136e+05
9.558094208551442716e+04
1.015113252360851504e+06
7.269243886661973374e+04
4.279394044428411289e+05
4.706816263058023760e+05
6.172833943492869148e+05
6.406498781520514603e+04
1.156084599092043500e+05
1.137592697380339669e+05
4.099989491609107790e+04
1.621982581836507015e+05
9.818715429080693284e+05
6.434270233657070639e+04
2.424957414649861748e+05
5.972740744187941891e+04
3.247780503721937421e+05
4.558293815960712964e+05
1.626694007438002700e+04
1.290192679156547092e+05
2.641793604513273458e+05
1.093356735986259999e+06
3.064402238129762001e+06
2.662293186585663716e+04
2.638798259857220692e+05
3.110765586928713601e+05
1.786251822155949427e+06
2.728613821038226597e+05
7.072421603971795412e+04
7.618927799084180733e+05
7.225313848828569462e+04
1.495590172766032920e+05
1.028968364879487053e+05
1.065795044182243437e+05
1.098778845281019312e+05
1.029599496528859483e+06
3.393096293275224743e+05
7.865011614148773951e+05
5.974659502000238281e+05
1.549668668588108150e+06
1.206861247272872133e+06
4.484753036448696366e+04
5.327508792772582965e+05
1.364546197533473896e+05
1.133221529860783630e+05
3.580956733424233244e+04
1.328754509130681399e+05
9.124492393176601036e+04
1.446077162945740565e+05
2.257047197441846947e+05
1.604503027641380613e+05
1.121855609385424759e+05
7.375558224582961702e+04
1.253158084552246873e+05
3.859261669624740607e+05
1.672924076941517415e+05
1.220154044666553673e+05
1.959184582185978943e+05
2.063666856433078938e+05
1.774111006747510284e+06
1.457561880526572641e+05
3.490300337759606773e+05
4.818644819193795556e+05
1.077403198323667602e+05
5.399813970047489274e+05
7.265970409578231629e+05
6.153592142722399440e+05
2.636659806944446755e+05
2.916804720785957034e+04
1.094379166927766521e+06
1.662384292690587230e+06
3.958342847751845256e+05
8.697360110298688232e+04
3.213367102306720335e+05
8.993638145748909665e+03
5.841759560964016709e+05
1.295569201889830038e+04
3.517594542534482316e+05
8.130155927785461536e+05
2.536180146747072286e+05
4.421659940780131146e+05
5.920136173942904861e+04
4.011705229990246589e+05
7.216658267955075717e+05
1.530404296835419082e+05
3.914758933873448404e+05
4.490880072369317641e+05
4.305883401342592551e+05
1.001268286443124816e+05
2.866302680473087821e+06
5.662332446093127364e+05
3.488849162040326046e+05
2.626361120372200385e+05
3.212850635639242828e+05
1.707585093734352558e+05
1.305711034505812218e+06
1.619809950111822109e+05
1.049584768508106703e+06
1.819315949444160797e+06
1.752126077868008870e+05
1.227652544942382665e+05
1.928365225104216661e+05
2.261024613760721113e+05
3.122311671321548056e+06
8.733551789370928891e+05
1.596436461431072967e+05
9.196833108284136979e+05
1.655576518015685433e+05
1.411763468513283296e+05
9.479716318850493990e+05
3.039647472552838153e+05
1.065661532872858224e+06
6.434718998820782872e+05
4.172451095413551666e+05
1.051338534079499514e+05
1.732881722183210513e+04
8.116427953104162589e+05
4.286751070331296796e+04
8.733787114935573190e+05
4.224754609169223113e+05
1.507524335990183463e+05
7.445710500457675662e+05
2.387461441851306008e+05
1.530559671232732071e+05
1.895099386807544797e+05
6.989841878484233166e+04
2.307419967195079662e+05
8.088400842873789370e+05
3.341636015898162732e+05
2.158556997983869631e+06
8.563743872041224968e+05
5.235769271730709006e+05
8.396215276772426441e+05
7.488962835233396618e+05
3.392492057229680941e+05
5.268650174305181718e+05
2.344432328788705345e+05
3.427980555846248753e+05
2.415457139662439004e+05
1.789283817621899070e+05
1.090033019756090653e+05
1.599022898434525414e+05
2.437976871263839712e+05
1.669791545386194193e+05
8.084658512523827085e+04
7.242263195686650579e+04
1.732808583509782329e+05
3.595608881834967760e+05
6.825796581409769133e+05
1.570987311303392635e+05
1.593716281554089393e+06
1.375031837103918078e+05
2.151533856639217702e+05
8.839415041818249738e+05
3.857925223182389163e+05
5.003514208896754426e+05
5.490579336223638384e+05
2.672454718475143891e+05
5.121744716458561597e+05
7.836464715355199587e+04
6.992448285815229174e+05
2.696982478368158336e+05
1.698559507802348235e+05
2.891473402177706594e+05
8.645356537168091163e+05
3.796179812957847025e+04
1.319002044765895407e+05
6.586251195191865554e+05
3.023088004233371466e+05
7.340624860955653712e+05
6.677299810752597405e+05
4.209174719240898266e+05
6.209158226295388304e+05
3.889803587274463498e+05
5.529302555599053157e+05
1.039500571697645355e+05
7.476721707744675223e+05
2.211377946910586033e+05
1.055277758506506216e+05
5.813971113019796321e+05
6.232615098471149104e+05
1.603412205578622234e+05
1.277202853672044730e+05
2.049862973764360417e+06
1.641808016933318286e+05
9.707654504779442505e+04
1.876228027778635151e+05
3.165347234138675267e+05
7.865526644235990243e+05
1.019209074083176238e+05
9.695193970485645114e+05
1.611711698975363688e+05
5.406119027088311268e+05
1.849769552938546112e+05
1.233314672977652954e+05
1.833922089426263119e+05
3.586708774656314636e+05
1.009075920463559101e+06
1.623446190380751214e+05
4.979799786806044867e+05
8.769077296272909734e+05
1.462323073736876715e+06
4.316372442376346444e+05
9.052563996360167221e+04
2.038742118446574605e+05
1.311232151724460069e+06
1.353882249499947065e+05
1.321459902396885154e+05
4.837762723367728759e+05
2.976365055136310984e+05
1.809692680149951193e+05
4.311088057001886773e+05
3.281926398818562157e+05
4.283322716345869703e+05
4.712790758645518799e+05
1.848760760181099176e+05
2.639730598066229722e+05
3.474852787935392116e+05
3.658125996150940773e+05
4.879463663197286660e+05
6.653990156096088467e+05
1.023543246675155708e+06
2.239216816306761175e+05
3.733737434873129241e+05
1.950943379755352216e+05
8.516998524716710381e+04
5.597959506135435076e+05
1.084457264519095479e+05
9.566137308608407620e+05
2.469341156261907017e+05
4.193014302907797392e+05
2.104987069806743413e+06
4.241475336772513110e+05
1.565843962521245703e+05
6.831774927565114922e+04
5.866941650992108043e+05
1.737770126734519727e+04
1.502194588589681312e+06
3.567946662946554716e+05
7.880050585122775519e+05
2.603639462755091154e+04
6.890482865042830235e+04
8.585832229275382997e+04
4.604080371168085258e+05
4.489518842892901739e+05
1.981810655050335336e+05
7.948404837123828474e+04
1.137840720590738638e+05
1.853208004906335555e+05
4.651280656457400764e+05
4.053131426645524334e+05
4.480405442598423688e+05
4.286543891455979901e+05
4.511428860121011530e+04
5.763809529256513342e+05
1.597590899458125932e+05
1.218475694006724283e+06
7.001661549826894770e+04
3.715556034374403534e+05
1.286637877964353684e+05
6.101704631392619340e+05
2.255432747273166664e+06
1.144666503337712958e+06
8.472873629412509035e+05
2.839077846292034956e+05
1.608261838680155233e+04
1.348355890432078741e+05
3.323628296571613755e+05
6.451373281717904843e+06
3.505083606834489037e+05
5.018340559602410212e+04
2.939613762834376539e+05
3.829270761060442892e+05
2.319249630882582569e+05
5.598690863439628854e+06
2.181136992884323699e+05
4.508149039913609886e+04
1.593305706868688576e+05
1.407153287028300809e+06
1.400661576921677450e+06
1.653908642860231048e+05
7.949136212935555959e+05
4.941811420433010906e+06
2.291928292082857224e+05
3.552719763537383405e+05
4.032920527510847896e+05
3.530100324731311412e+05
1.531334161435541697e+06
3.051610797642961916e+04
4.382241047533516539e+05
1.020904527781909797e+06
2.652872226774047595e+05
2.190902293165463198e+04
3.155417134927002713e+06
1.724977276519633888e+05
1.714323857657359622e+05
1.583615255061189877e+06
1.024945982012533204e+05
1.504620647700564296e+05
1.665938315741983242e+05
3.278258623780419002e+05
4.354271507749069133e+05
1.680237280131717562e+05
3.157080612515939283e+05
4.116258727144738077e+05
1.030858918800400686e+06
2.290398066008975264e+06
7.118722665519552538e+05
9.459917485299322288e+04
3.723491270143539441e+04
3.361798106387063162e+05
2.201729281846551748e+04
2.832512570525710471e+05
4.351394322429399472e+05
9.383064421904570190e+05
2.219748059621829016e+05
9.013126992329203058e+05
7.019046840885138954e+04
9.267323939501959831e+05
3.339189791301882360e+04
1.727036371266609058e+05
5.913263151698600268e+05
1.556137528968438273e+05
2.318553950473050063e+05
8.091037185546644032e+05
1.409858395558562828e+06
2.464290989087939379e+05
2.816807173388344236e+05
4.335923248714190559e+05
4.818536997623616480e+05
5.383710440398964565e+05
1.090925677213825838e+05
2.606064166396179702e+06
1.138804664209968876e+06
5.070496550470523653e+05
3.138546325083377887e+05
2.416828475857908488e+05
1.379785824185091478e+05
2.247660094371415034e+05
1.346775746310185408e+06
1.348952133680194675e+05
3.837859415842686576e+04
5.475123880760389875e+04
6.318985395223621745e+05
1.646690485630286857e+06
1.315656544207340339e+06
8.552025180098573910e+05
2.619167283550623688e+05
3.988175700536941877e+05
4.896007794337481610e+05
5.818384479280195228e+04
3.765664191532104160e+05
4.961172931731095305e+05
1.206924167858471628e+05
7.569808509840185288e+05
1.267024294562535593e+06
1.526672854485309799e+05
7.902107707256199792e+05
7.770582673193627852e+04
2.033711702744346112e+05
1.396583301503541414e+06
3.825489037417345098e+05
2.308013956442861527e+05
1.957008745868770930e+05
1.149649250014405552e+05
1.545332448232687311e+05
2.088161980374246603e+06
3.186426327645819401e+05
3.571849691098146141e+05
5.785467603612033417e+05
4.432553697823366383e+04
9.152842575194070814e+05
1.877426377941687533e+05
1.433234543906514999e+06
1.101906032420605887e+06
3.336900190233899048e+05
3.767289337029088638e+05
2.112574456004169188e+05
5.999853769914816075e+04
2.124927603382787667e+06
2.309933635664706235e+05
2.486128563013010658e+06
7.288259357492236886e+05
1.407688568302822998e+06
6.695771357857387047e+05
3.409136393201993196e+05
8.596499265460320748e+05
4.850747338572808076e+05
2.166834706504969217e+05
1.441110115769435943e+05
3.354899359804653213e+05
4.570460796545768972e+04
9.783636991953592224e+04
6.997239827485281276e+05
1.678158560959610622e+06
1.207342771132502705e+06
5.675308191945567960e+05
3.271540601917323074e+05
1.267889449874001439e+05
6.772769782023457810e+05
2.466167034135899739e+05
2.023807097422435763e+05
1.433027957119793246e+04
9.704237051805817755e+05
8.192200539028126514e+05
1.900971822651358671e+05
2.501832477097364317e+05
2.152685919173098519e+05
3.515417550463524531e+05
1.504866255755930615e+05
5.535110776513325618e+03
7.239646839893507422e+04
2.466109588433988974e+05
8.385338835344584368e+04
9.000185163746756734e+05
3.527237641378907138e+05
9.790803073923291231e+04
3.184765423370121280e+05
5.675484339240915142e+05
2.182856696810033172e+05
1.506511247469905997e+06
1.893479502971750044e+05
1.306114999857676885e+05
1.560134742515360813e+04
9.644603233252294594e+05
5.828083441690586042e+05
4.201343961790870526e+05
4.372094832627597498e+05
1.371086650587649092e+04
2.507670497022338386e+05
1.770220777523508150e+04
1.121218032577264123e+06
3.012099177948694560e+05
1.645150775784146099e+05
4.633952743424660875e+05
2.614057881457734853e+06
7.774924692640398862e+05
8.846269578885352239e+05
3.695021474489872344e+05
2.042904962021712854e+05
2.912785561954645091e+05
3.259205051516198437e+05
1.501497097940977255e+05
3.011460840913071297e+05
2.939467344516370213e+05
2.727826268780759070e+06
1.133546346950613894e+06
5.321123451929932344e+04
6.098386181949563324e+05
1.053529436986634275e+06
1.803177202406071301e+05
1.508106382307167041e+04
3.189729347130727256e+05
7.057043490312447539e+05
7.810604716079375066e+04
7.755109058763482608e+04
3.165908288877253071e+05
5.271958959860800533e+05
9.236451055826230440e+05
1.437892268719991844e+05
3.018089662578977295e+05
1.854804974560892209e+06
1.183526217241955455e+06
3.178173395033261622e+05
1.420216113376752473e+05
2.087497476496685122e+05
2.293706463413150050e+06
6.224399326128968969e+05
3.747796666461797431e+05
2.798084625763310469e+05
3.625362487931931973e+05
1.474348495982561435e+05
4.643838851886801422e+05
1.739053211150827337e+04
1.094697629057801387e+05
2.283904759558609803e+05
3.678533964457795373e+05
1.603293887860073010e+05
6.075268213863485726e+05
9.843510150232943706e+05
2.640560237382376799e+05
2.497311360168597021e+05
1.579557723046014435e+05
2.397652838397987653e+05
8.957327070128016640e+05
1.814886300468528934e+05
4.613085296270897379e+04
1.916285234413817525e+05
4.954679884486568626e+05
2.501925750949949957e+06
3.562079354445591453e+05
9.286378613955446053e+05
1.034229958082042867e+06
4.140375103970628697e+05
8.352151373243848502e+04
2.709890678302552260e+04
1.298024511299257167e+06
6.694088716384394502e+04
6.340538751615273941e+04
2.077237811836982728e+05
1.618468760319048888e+05
4.311129155612455797e+05
3.849301551118899952e+05
1.694023599424371205e+05
9.693622004341337015e+04
4.519930262848599232e+05
3.917614960895755212e+05
4.128797025251967716e+04
2.190201998435198329e+06
3.463321121394368820e+05
5.004764000103049329e+05
4.381099225481669419e+04
1.559608397712142323e+04
3.703098100712966407e+05
1.106524646117366319e+04
5.980266096903143916e+05
1.130463609008653148e+05
1.295134724212283036e+06
2.358650340349826030e+06
6.929430323744118214e+05
7.943277805893017212e+05
2.048781370716062956e+05
5.115770651641075965e+05
1.831449358661730774e+06
1.975980986820674443e+05
4.807984895058437833e+05
1.190002180011910968e+05
2.847272212134117726e+05
9.779607783636714157e+04
6.922764788043925364e+04
3.139455862700860947e+06
5.199853703686505323e+05
5.016022254213282722e+05
4.208601511388437357e+05
1.782095254366919398e+05
2.787590324750327272e+05
5.761440447764782002e+05
9.023585569428482268e+04
5.376076643237495591e+04
3.967927530034016818e+05
1.375882702040835284e+06
1.821911185550960712e+06
1.655194288410393056e+06
3.614215838891574531e+05
5.845483164795410121e+05
1.088728562765761162e+05
7.239472734220561106e+05
3.690763694121157168e+05
7.207664231827143813e+05
6.377517198897078633e+05
3.699119035646796692e+05
6.860132348959527444e+05
1.942598958711646846e+05
2.488383855850983527e+05
8.778825359011954861e+05
1.067430587232367398e+05
2.030913808016958064e+05
3.098410024513515527e+05
2.342522612262417679e+05
2.223265824578419270e+05
4.194112712196364300e+05
3.745815195037962403e+05
5.829644483559052460e+05
5.861415867210936267e+05
2.281317209324942378e+05
1.118166975843627239e+06
1.107409686239492614e+06
6.456116232102663489e+05
1.016655150042267924e+05
2.728939132643600460e+05
2.508326142825253482e+05
5.110224929236838761e+03
1.705730791182285175e+06
1.477394683794676326e+06
1.671985697477208450e+05
2.619530848169189121e+05
1.349745140608399874e+06
7.164011221740194014e+04
5.707000992705360986e+05
1.075329769952650648e+06
4.843353328983405372e+05
8.267951419223169796e+04
4.374567590147688985e+06
5.111035649202584318e+04
3.832311677821903722e+05
4.575248551361786202e+06
1.734287923177901248e+05
1.717791630465779745e+05
5.130221414443769609e+05
5.289820272975855041e+05
4.966613688768909196e+04
6.711102415956556797e+05
1.800773670098399511e+06
8.440266006559591915e+04
3.835778368773724651e+05
2.378165664082604053e+04
8.842547698833276809e+04
2.661804465894216555e+05
3.073173603765156004e+05
6.950308523967701476e+05
2.916941940222471021e+05
5.573561592394945910e+05
1.697497142305485904e+05
2.555193461938596331e+06
2.048996241929739190e+05
1.286581968609987525e+05
1.659860174450632418e+06
1.503167753990777710e+05
1.186420119984991470e+05
7.901936232511603157e+04
7.283743966856596526e+05
1.162934225437547284e+05
1.871846952039164898e+05
3.447412725701372838e+05
6.674370622103315545e+05
7.505486126987915486e+04
1.382761796292112675e+06
2.019264535285248712e+04
3.503593131061051972e+06
1.654836341454788111e+06
1.043220202582291909e+06
3.025022904443978332e+05
9.700970420842550811e+04
1.174084832472971408e+06
1.186718456371854700e+05
4.760812655952729983e+04
7.419331019757464528e+05
1.683695211802311242e+05
3.592135053398638032e+06
8.715880952414305648e+04
1.050848055542579968e+05
3.728730316277815029e+06
1.041322644680790603e+06
3.615028162004051264e+05
2.248758351242519275e+05
4.359327298556712340e+05
6.937185192806138657e+06
4.422849408110281220e+05
5.837446379138850607e+05
8.206823215432658326e+05
1.162688145106894197e+06
1.471562044025939540e+05
7.676171081626442901e+04
1.349436020410369150e+06
2.626030461455658660e+05
1.447799592129577941e+05
2.756330255705201853e+04
6.922276909020348685e+05
6.467381150652657961e+05
8.178184434846333461e+05
3.368880312390712788e+04
1.514786681395613123e+06
1.340525164555457595e+05
1.154844431460529449e+05
7.083397904334313353e+04
2.338717724283344869e+05
2.933759597451123409e+05
9.826541348417628324e+05
4.342004508363434434e+04
2.509499373885619862e+05
3.847694013792487676e+05
9.119071752961110324e+05
5.669791500882691471e+05
1.335799120082207664e+05
4.341565078843671829e+06
1.069174472109949857e+05
8.781751328306586947e+04
8.405707615910960594e+05
9.289530768086729222e+04
1.169032066220508888e+06
2.063943629333224453e+04
7.464931418064738682e+04
2.398364195116799965e+05
9.919149615654778609e+04
9.186309229616404045e+05
1.496462138901192811e+05
4.636121540891330224e+05
1.493368894312927441e+05
7.662071953047438292e+05
1.068818054106945056e+05
9.288151615267570596e+05
1.104873605650915706e+05
7.686237094442408998e+05
5.429402736260567326e+05
5.318866851587964920e+05
4.696374446080803755e+05
2.984603918600481004e+06
2.069096501397296088e+06
2.531612689838089864e+05
5.806993300152778393e+05
8.427304070967900770e+03
4.614316911071853829e+05
5.101550978200986283e+05
3.000796137571816216e+05
8.410292168820635416e+05
8.721310322283153655e+05
3.846297008730123634e+05
6.399819747905112308e+04
6.198367500121664489e+05
1.752158463479682687e+05
5.765910606618972961e+05
6.483729215452145581e+04
2.322072064415353452e+04
2.832734545412430889e+05
6.815455058676840272e+05
2.344186856513089966e+06
1.647993734067068726e+04
1.261122308246517554e+06
3.439262216837665765e+05
3.264217839029194511e+04
4.868224194056391716e+05
3.549182731127296574e+04
1.093010813311473466e+05
1.530829179564976657e+05
8.495829585222421156e+04
4.648775715491917217e+05
2.423728134892768867e+05
1.111094955355460988e+06
1.887965672873055155e+05
6.816689993751180591e+05
1.018629092777073238e+05
3.236134419725298067e+05
1.607179030553982302e+05
1.321582626554074814e+05
1.607970612682662322e+05
1.877961655173189865e+04
1.940280224447698856e+04
2.842985046992125353e+04
4.212506697296963102e+04
5.291574710140888055e+04
1.273200851137336285e+05
2.010621989179507131e+06
4.422434498699598480e+05
2.261014967090786085e+05
3.470189683372449945e+05
8.994401371381488862e+05
4.442065674259254592e+05
8.444095565206346801e+05
4.034675849292468629e+05
2.210166089410836285e+05
1.213463947931327857e+05
2.064375180002660491e+05
4.600780648303230555e+04
1.903692443673062080e+05
2.046187470738491509e+06
8.886805846475657308e+05
3.300058731071768561e+05
2.861171363509799121e+05
2.198671901938078809e+05
5.341107784988480853e+05
4.517945001682831789e+05
1.538233020287608088e+05
1.311917220933923731e+06
2.943832545497061801e+05
7.257888036656491749e+04
1.141300525459388155e+05
1.324856988287323911e+05
1.487770077081244381e+05
4.901266871443733689e+05
8.375045155607977358e+04
2.713339704559822567e+05
2.708591235378912534e+05
1.240510602236176375e+06
3.762122669559386850e+04
1.464472151113920263e+05
2.692254676553652389e+05
2.195877280867685040e+05
5.891522091227410128e+05
6.633115647842908511e+05
3.446823198043564335e+05
2.655586298263272038e+05
4.988215107118180022e+05
1.050346364250963554e+06
8.060899539712879050e+04
7.915775068530105054e+05
1.559592534072585695e+05
2.449398446105194744e+05
3.885446591671995120e+05
1.664945955691239506e+05
7.811921924324837164e+03
1.112106050699711079e+06
1.584722982704245660e+05
4.137018573499169725e+04
2.105326078912735393e+05
1.398904263007936534e+06
2.485399550822789752e+04
2.949495129324765294e+05
1.407057858943769708e+06
7.396411023864254821e+05
1.252912159458330862e+05
4.833707385657767300e+05
1.917488216556274856e+05
5.931982453024195274e+05
5.209188508188757696e+05
6.824963985004352871e+05
2.695395343127045198e+05
1.275063916184720729e+05
2.464000268402238842e+06
1.331855794343640737e+05
7.340712521418014076e+05
6.558247363443523645e+05
1.577143994664138008e+05
1.760103665090568829e+06
9.870482786332218675e+05
5.048631502048931434e+05
5.754899774875184521e+05
6.279100983031764627e+05
4.022975945596764795e+05
1.879889058190922078e+05
1.655694787747809023e+05
1.244732427703992726e+05
2.175778925447428774e+05
5.665946668828737165e+04
2.251646200673550367e+06
1.062803702474981110e+05
7.774022478367673102e+03
1.852716055301270098e+05
3.201998651498398976e+05
5.161188436852322775e+04
8.597358608368501882e+04
3.744079418511593394e+04
4.242188060558019206e+06
5.159846906303798460e+04
2.364764523078656348e+05
4.449225825741632143e+05
4.046661884358422831e+05
2.928781726146147703e+05
6.071538419101152249e+04
1.683479332635953688e+04
2.211678917140040430e+05
5.548840981476531597e+05
3.979694595666662790e+05
1.936574853998964885e+06
5.434494564947083127e+05
1.044151453193767957e+05
2.146294198963192292e+06
4.700712937946123420e+05
1.545203457833427528e+05
2.444913549179761903e+05
1.294075643707597628e+06
5.701571832185160602e+05
2.053468925684167189e+05
8.427169547039437748e+04
1.618794657245655617e+04
4.879419049511780613e+05
2.995832345840402413e+05
3.713970733078746707e+04
3.928651078491220251e+05
1.178348688417680096e+05
6.878851230755743745e+04
7.602302237701298145e+04
5.924216951849913312e+04
2.131881580751006550e+05
2.023798406175290211e+03
2.506802403090799926e+05
4.660349608831491205e+05
1.582700571764580440e+06
3.329037929313530913e+05
3.251312454111839907e+04
1.152436525827880716e+06
8.303807870943930175e+04
9.498855998702218058e+05
8.262527181476904079e+05
1.648511972374168108e+05
8.616321789880924625e+05
1.431289864199207223e+05
1.216464693510112847e+05
2.615062007842281018e+05
1.190777315227491083e+06
1.626080597510397492e+05
5.576818276895016897e+05
1.072262389474248281e+06
1.156048195151597320e+05
5.349387291720916983e+05
4.114302777191056521e+05
2.212214730549390893e+06
5.621708818337490084e+05
2.708671012181245605e+05
3.538672827248495887e+05
5.400038937758619431e+05
1.078494084147629328e+05
7.616120356768218335e+04
2.799760719220072497e+05
5.576926738606062718e+05
2.328271915666542016e+06
5.958294648341133725e+05
3.537544162229782669e+05
1.656513552391135599e+05
1.034199300774623989e+05
5.793411809666201007e+05
1.108712159248260577e+05
3.211062733516799053e+05
1.189815690116831829e+05
1.416291549202888273e+05
1.079983834037823137e+06
1.222253377883615176e+05
9.129738196809111396e+05
4.565104882201815490e+05
4.653005300070956582e+05
8.444385445290339703e+04
1.732681963415079052e+06
2.964896153741335147e+05
1.141940975331202790e+05
6.909089038820944552e+04
1.583801141459023056e+05
2.001284796652908670e+06
2.180650925405756861e+05
1.660098812165093608e+06
2.094989846918860567e+05
4.389078241859826376e+05
1.342499668943297584e+06
7.294271888258575927e+05
1.234303109990552533e+06
5.649381768818126293e+05
5.271027539301122306e+05
5.529106476423992717e+04
4.373148102742042392e+05
7.198043957106875023e+05
5.652544345975316828e+05
8.102844376545461128e+05
1.482773716586590454e+05
6.605530539222417865e+05
1.272906664962285286e+05
1.788376831247764931e+05
3.160332072167659644e+05
5.387815772547882516e+05
2.448196344395038032e+05
1.193702599534566514e+06
8.199857488799429499e+06
5.404249691522174980e+05
