2.280170429368353798e+05
5.778744406070468540e+04
1.049261588471051073e+06
1.585509024654553272e+06
1.162682622612435604e+06
9.240591698925121455e+05
3.443870968540481408e+05
2.727410528335126583e+05
1.078804033679499407e+05
2.810025026916522766e+05
2.080957699101793696e+05
5.643916683138521621e+05
3.636943822710199165e+05
5.929216027122815140e+05
6.734430012800693512e+05
5.178745616740271216e+05
2.935349172160343733e+05
8.998280866537602560e+04
5.403799467480462772e+04
6.757798842236578930e+05
4.507875224111083080e+05
1.933733414343045151e+05
1.325432340863189602e+05
2.495985328137160977e+05
1.019454525836355315e+05
1.059092662826026324e+06
1.613084775057051447e+05
3.642261567438463215e+06
1.520150417069614050e+05
6.304251618402472232e+05
2.373936502076735633e+04
3.478210098402779113e+04
2.306852268340318988e+05
3.071638976759749348e+05
6.968313145819411147e+05
1.658339311814440007e+05
5.426782017035330500e+04
5.136841673880733433e+05
5.276346368407022674e+05
3.566578150468297768e+06
3.567744812995377579e+05
3.162389090364703443e+05
3.136945359517426914e+04
7.364678379790998297e+05
6.373479284179984825e+05
5.757430384837612510e+05
1.960878251018597512e+06
8.710406545714022359e+05
1.156957381282507442e+06
9.435202212631228613e+05
2.143959452086745005e+05
9.581356364872066479e+04
1.565796035611149622e+06
1.295315499576229195e+05
3.433632982425034279e+05
1.199942420643432415e+05
2.959170269813621417e+05
9.182343294397429563e+05
9.914236550072113751e+05
4.510483404716496007e+05
2.439403801477980960e+04
8.120070896991475020e+05
1.182150519222069997e+05
3.869994069780609570e+05
3.584034548174325755e+04
1.936879607433163328e+05
4.041759434041100758e+04
4.180570212263720576e+06
1.261510386679088842e+05
1.168609339104042854e+06
1.025758661223447532e+06
8.654512252651327290e+05
3.511611641969532939e+05
2.606982249257480726e+05
2.149222598325795843e+05
2.823462846752594924e+05
1.105969108073936804e+05
3.380867373710412066e+05
1.078178063772637164e+06
3.136470729178991169e+05
3.819511411697811563e+05
3.254875151267955662e+05
2.225338126050406427e+05
5.720403984284515027e+05
6.093627502314872254e+04
1.345235549428767699e+05
9.315368699108787114e+05
1.149456749611565901e+05
1.400125455381281208e+05
2.339612382035790652e+05
3.761306575006678468e+05
1.220668167431206442e+06
1.961457755518658669e+05
3.860397993853375665e+05
3.449023308479525731e+05
1.701067957864285745e+03
4.007130832401503085e+03
9.455390878485488065e+04
4.422774951865144540e+05
1.579866772433829028e+05
1.893572201999417157e+05
1.599315228135316283e+05
1.379502728964331327e+05
1.320136928517956985e+05
3.931231636787282769e+05
4.750860138805949828e+04
1.826275898700403341e+05
9.554683152237521717e+05
6.080978328701247228e+05
1.389545770397838205e+05
1.885024782318189391e+05
4.073148302586143836e+05
8.699978894903253240e+04
2.227192114889192453e+05
2.723551714691687375e+06
1.058495358762018615e+06
3.010707391513139592e+05
1.383790450552812545e+06
1.652039649855832395e+05
4.242897600214061094e+04
3.329309223967716680e+05
8.186020187598253833e+05
6.487643545193106402e+05
1.897965044695918041e+05
1.955140513381040189e+06
1.598637551195348206e+05
3.308920475533334538e+05
1.499419466284610098e+06
2.044570419859659160e+05
1.578622687914481794e+05
3.865721512748085661e+04
5.096722954460027977e+05
5.538619121432611719e+05
3.553107402699909871e+05
1.298360068528256961e+05
6.341459006681945175e+05
3.262229291176444531e+04
7.388474255925610196e+05
3.163661782556486432e+05
8.111322864255164750e+05
4.887357543421797454e+05
6.858852488410811638e+05
1.050888777599408058e+06
1.117543750429935026e+05
4.968331030390557135e+05
3.140016502909411211e+05
1.057481235982777289e+05
3.775613781386322808e+05
1.698533235093730327e+05
1.581672878603411664e+05
8.307143294969467679e+05
5.500921625175669760e+04
1.257214608315577498e+05
2.397446895306900260e+05
9.164315083741621347e+05
9.735990509463472335e+03
9.336161242744175252e+05
1.907835770817930577e+06
4.553725958994693792e+04
1.719582026293280360e+05
9.654824066129254061e+04
6.508430037196826888e+05
8.347843268322566291e+04
1.116181830381190171e+06
5.588715847395847552e+06
7.823176331851496070e+04
5.176383655072421534e+05
3.436214775213164743e+06
1.377447452074618079e+06
2.367877162820203521e+05
3.922324291370097781e+05
1.032748282072630973e+05
3.481556388581875945e+05
4.223460467727832729e+05
9.617355405454100110e+05
5.613895297890164657e+05
1.187390040737955831e+06
3.477739083093435038e+05
1.585583690157634672e+06
8.101292101559478033e+04
1.448581753800164443e+06
6.020502047220595705e+04
2.766084116032138001e+06
7.766496970240629744e+05
2.091460219693720283e+05
3.790779019154628040e+05
3.920596080555518274e+05
8.549183583660437725e+05
7.407887102608077112e+04
2.501289849807400897e+05
5.956804742288648849e+05
2.321591462694461457e+06
2.259258222830018203e+05
2.537277943362591323e+05
1.808706674051927985e+05
2.753296850255095633e+05
5.327927981188297272e+05
2.228093711635834072e+06
5.586574621809618548e+05
9.620380450493956450e+05
6.174845259336032905e+05
1.666066325032444729e+05
1.226358821701221634e+06
2.756094845561966067e+05
3.763971572284716531e+05
2.356155981254540675e+05
1.323561685460173467e+05
4.569504875399043085e+05
2.429573926236678381e+05
7.059769320115139708e+05
4.622721719923150958e+05
1.210567244326022774e+05
7.861260239115294826e+04
1.923450438434063690e+05
1.331115525814096211e+06
6.511856361390106031e+04
1.074516040225481702e+05
8.187160834828756051e+05
7.398673855205660220e+05
4.944223962715779198e+05
3.357343327951967367e+05
4.231134171998082311e+05
5.436952912177044200e+05
4.979842931804262334e+05
2.271393673879486159e+05
1.166348486759634543e+05
8.010777355379537039e+04
1.082735792972167983e+05
9.927790955683824141e+05
1.662699600478302818e+04
2.314702945102294325e+05
1.040316804443073226e+06
2.998941136217336752e+05
7.590037170493787853e+05
1.532741808350555657e+05
1.994317737775553542e+05
6.251641658494467993e+04
1.117951745832489803e+06
1.759463878830167465e+06
3.803500319454931887e+05
5.496130279924875358e+05
2.635166615833358373e+05
5.322430626685963944e+05
1.428022809180722339e+06
5.189242772342322860e+05
9.931321312256128294e+04
3.944647449116477510e+05
4.586101068223646143e+04
7.013161696267867228e+05
6.495134120901739516e+04
1.347166470402248378e+05
8.280964808369810926e+05
9.176554719106385892e+04
2.722961951544486801e+05
8.089094783660715620e+04
2.294983480743049877e+05
4.622605465741858352e+05
5.539522261650367873e+05
6.134802220243854681e+05
8.159392440211594803e+05
5.663856069052185194e+04
2.633054081556117162e+05
2.408837336006401747e+05
1.173063104054386931e+05
1.279095813533130102e+06
5.930232490059172414e+04
5.797324586925414624e+05
6.777820479362565675e+04
1.084244602644424303e+05
7.998344623468887585e+04
1.377984796473437222e+06
2.401423244336854550e+05
2.705405741093421821e+05
2.105315562008086417e+05
3.212143321831346839e+05
6.648733508081067121e+05
9.642135500322422013e+04
1.513171575052462576e+05
1.343469364555888344e+06
6.183835102446402889e+05
2.353296156353136175e+05
9.766105612012984930e+05
1.143387432168207830e+06
8.253823683920057956e+05
1.207504238895354647e+05
2.508970320336632140e+05
7.832702053899426246e+05
3.240013824363087188e+05
7.947669072892802433e+03
1.016809590938431793e+06
4.190002996431024803e+04
4.021425295034671435e+05
1.069736893911031773e+06
6.192347299459212460e+06
4.490984520386075019e+05
4.595449454568795045e+05
7.526167427765663015e+05
1.318570395200097701e+06
2.584685591281627421e+04
5.467901643673315411e+05
2.831068574481826741e+06
1.303385283802420454e+05
4.023108737831439939e+05
1.323758898474639573e+05
1.407979443773624080e+05
4.364457575827452238e+05
1.411447509550898569e+06
2.563205077341326978e+04
6.532176762181054801e+05
4.837050997087486903e+05
2.484472667155883973e+05
2.433376243939374399e+05
2.155439092908910941e+06
4.864549787841960788e+05
3.686099943089193548e+05
4.200723058484441572e+04
2.843188921220253687e+06
2.790982336204698775e+06
3.697283163621694548e+05
1.777411364774992107e+05
3.031051437955810106e+05
6.349939761825086862e+03
2.472867459038232453e+06
7.043476858931914903e+05
1.196577389355297200e+05
5.264592510052940343e+05
7.716681148631861433e+05
5.641877535808882676e+05
7.006258579837293655e+04
1.894646092872655718e+05
1.212349728685417213e+06
1.219952093847645679e+06
7.215583495703131484e+04
1.871939326254921907e+05
1.631352925167549110e+05
1.048049630644731806e+05
7.992989516433476820e+04
2.186479428917358746e+05
4.177544562800758285e+05
8.175130814218537125e+04
1.569869715910273138e+06
5.019887598779422115e+05
2.766758064028472872e+05
2.558312365077585855e+04
1.503878647806283552e+05
1.119775848802076071e+05
2.560985806842049351e+05
6.137310383756998926e+05
6.615964446950852871e+05
5.671067364607036579e+05
3.189687062334546936e+05
5.080870122360659880e+05
4.056751358895196463e+05
2.465368851523994235e+05
1.117448857380578411e+05
7.723813701412343653e+05
1.604619532799185254e+06
1.723275009898117059e+04
5.836132522709009936e+05
1.572454344617123425e+05
1.817493076284616836e+05
1.588617032724832534e+05
3.695250804558148957e+05
2.466964845982267580e+05
1.154889046762608632e+05
1.696380959140601568e+06
1.427189861200349114e+05
9.736389025966895861e+04
8.411390905265265610e+04
1.984633064185073017e+05
9.481960478645820171e+06
2.223179377964374435e+05
6.703945211024972377e+05
6.123923167910749326e+05
2.465910572603136461e+04
4.081961103546079830e+05
2.739432939122332027e+05
1.125261025596538238e+05
2.892884589526136187e+04
1.207904101372615405e+05
2.574615704443122377e+05
4.729638528799362248e+05
1.159725705688192284e+04
9.829902850576772471e+04
1.395807890368828957e+05
5.136593660752598662e+05
2.860287402318567038e+05
7.387774376154582715e+05
1.080933122778316174e+05
1.064538198481003288e+06
7.652412516415478894e+05
7.060555329195334343e+05
2.890733165893756086e+05
3.427477742274433695e+04
2.759087880531824776e+05
4.223878895483428641e+04
1.195553447335984238e+05
3.267046774279319216e+05
6.327213547155283159e+05
8.657498393886103295e+05
1.708032913643121719e+05
8.928799512116501573e+05
4.897987982125933631e+05
5.593533201385263819e+05
1.447077352094576927e+05
7.154771071685634088e+05
2.840072298233492766e+05
5.207493831628131447e+05
3.337695560993197723e+05
7.709723134520608000e+05
3.357260761465026881e+05
1.155515820357716642e+06
8.372036022350587882e+05
1.342379001108100056e+05
7.801024334796270123e+05
3.555032760772754555e+05
1.516143863414359221e+05
1.887462104446102167e+05
5.136363816145327291e+05
1.140648324983549304e+06
1.090273316740316804e+05
3.696840336051459308e+05
2.449999199572827201e+05
2.247364300547236577e+06
1.369137932043743203e+05
2.030160080382502565e+04
3.291992989081576467e+06
2.352524441078859381e+05
4.050200149799753563e+05
4.262178662503123633e+05
4.381875381788723171e+05
7.520532286218304944e+04
6.763870715560698882e+05
8.025030713721599896e+05
3.753530351693374105e+05
6.918088850900068646e+05
5.857470299623736646e+05
1.196545553460741648e+05
1.236269406214398477e+05
5.007368261526440037e+05
1.191250678695862181e+06
1.507468317024012795e+05
8.151834425453792792e+05
1.504636392907482106e+06
1.939474152741157741e+05
1.613394611601283250e+05
2.574952180383552914e+05
2.245414351492537826e+05
1.600112111208807037e+05
4.940893363820032682e+05
1.683911777036042651e+06
4.563672703729441273e+05
1.727358831886390981e+05
2.482407402454051189e+05
8.596554961968795396e+04
4.426737950514293625e+05
6.649475073627633974e+05
2.548610526380549127e+05
8.419386244873063406e+05
3.046514204275803058e+04
1.080366924855186080e+05
9.266458442689268850e+05
8.102556627609205316e+04
2.592319619731181301e+06
5.447657543715405045e+05
1.380634068925211322e+05
4.545667684741469566e+05
3.724875846603859682e+05
1.941987955985074223e+04
1.197857571279818221e+05
1.360783756612575671e+05
2.038446618166738772e+05
4.047935617290132213e+05
7.278061801969578955e+05
1.598811863932502922e+06
3.692021016901145231e+03
7.954614623453671811e+04
1.077851676396119641e+06
7.800915904211420275e+04
9.802987931094563100e+04
4.204782558841370628e+05
4.310227537220601807e+05
6.241094348507061368e+05
8.587957344735804945e+05
4.868853841316553764e+06
6.207658015318737598e+05
3.920628722934238613e+05
8.600763068918796489e+04
1.223235527723095292e+05
4.926860939899109071e+05
3.725449487349875853e+05
3.779836527717064018e+05
3.346085286043059547e+06
9.363563849235576345e+05
1.661198589287387673e+06
4.255799697239215602e+05
8.885842499144829344e+05
1.115304814811266260e+05
2.603410175462829648e+05
1.836616451622164823e+04
1.159914648226743011e+05
2.321881149087528465e+05
3.419514084031926177e+04
1.690780396702646103e+05
4.638305788355745608e+04
6.493266323543151375e+05
4.947172260856339708e+05
6.096519134474297753e+05
1.110451472450327856e+05
6.430654799609294860e+05
7.664749298184273066e+05
3.959579848086284474e+05
1.163922469138219487e+06
5.762721461336900247e+05
3.523657598048846121e+05
8.297246712508302880e+05
4.480242071386002353e+05
1.988950717956346343e+05
3.280675425655857543e+05
4.567215834950339922e+04
3.761506489700796083e+05
3.751723739966184949e+05
2.530517668304414547e+05
2.807573378880934906e+05
1.025588997057342203e+06
1.336150130746389972e+06
1.147606366867063189e+05
6.843742456356284674e+05
1.191462626651202881e+05
2.890477159150384832e+05
4.290935300185267115e+05
1.430285869404208148e+06
6.093731223605595296e+05
6.211647012929886114e+05
5.224075718735856353e+05
7.540980384785184870e+05
6.859196443894366967e+05
5.324916135586841265e+05
5.544617114136098098e+04
2.667802833402772900e+06
1.824015856521944050e+06
1.292590820383746031e+05
4.786010433201059932e+05
3.803305504886867857e+04
7.658595044798168237e+04
2.960947834371629287e+05
1.476288463719409774e+05
1.092579082858103648e+05
8.952889033663246082e+05
2.626534014209490851e+05
3.992858390079761739e+05
2.772678168153066072e+05
4.968351801769695594e+05
2.464102475588204470e+03
1.483771427960473738e+04
8.304658777835806541e+04
2.225550780358601332e+04
1.494079672328190645e+05
1.125305309021302382e+05
2.169764933890370303e+05
1.788054224569532962e+05
2.892546807952219970e+05
6.293638605429888703e+05
2.256631308187470131e+05
7.129736587260566885e+05
9.740601076691273192e+04
4.449175055646151886e+05
6.098436944639619440e+06
7.037539883247733815e+05
1.512316317554048728e+05
8.053949798232556786e+05
1.437423711421369808e+06
3.597554812682283111e+06
1.009803571219696663e+06
1.817986585267230694e+05
1.318629484868842876e+06
6.052492580092514399e+05
1.797049760996487748e+05
3.554234635751972091e+05
3.915379491404059809e+05
2.428025039203102351e+05
3.714600228082098765e+05
5.624883027869852958e+05
9.033128432009726530e+05
8.542716166814638200e+03
2.548082589272230398e+05
2.056400304154327750e+04
2.857072961876000627e+05
1.138205560789590003e+06
4.330326884668943821e+05
1.123939574473434128e+06
4.441297416164454771e+05
2.726687563854958280e+05
1.371210144890399533e+05
1.349838908635775151e+05
2.444921195129883708e+05
1.735098000334128737e+05
4.402908324146202067e+05
1.245013596969171660e+06
3.591507560134337400e+05
7.056610589557369531e+04
3.081658738421430811e+06
2.531819665192300163e+05
2.029147073361175135e+05
3.068404140525846160e+05
4.150050668419871945e+05
1.164094025071785436e+05
9.585565226063052251e+04
1.440130409259867622e+06
1.618376405097399838e+05
4.804146964037849102e+05
1.640946770589607535e+06
6.415188960885697743e+05
1.968261206727340468e+05
1.270615632158286870e+06
4.882970145639138063e+05
3.359030749936398934e+05
1.375331355556752824e+05
2.580750530348163156e+05
4.157348801553379744e+05
2.134781840167511837e+05
1.733153477724452969e+05
3.515122034101963509e+05
3.735032169817724498e+05
3.884873487056186423e+05
5.359829935001023114e+05
1.493641127538482193e+06
1.333741106520823902e+06
1.174606425763947045e+05
1.662699441612291848e+05
8.526583448789221002e+05
4.932365710718006012e+05
1.472276804062303854e+05
4.025349199857952772e+05
2.121878445006347611e+05
3.290339037064622389e+05
1.076826543085021665e+06
1.537020852581528947e+06
1.695298128755454673e+05
2.085003017619695049e+06
2.410458182461397373e+05
3.046330559662781307e+05
6.741998419923880138e+05
4.886869450726619107e+05
5.398086662257267162e+05
1.603771588740937412e+06
4.207408043458348839e+05
2.675778292867408018e+05
6.860071574858210806e+04
7.864804166657176102e+05
1.352639046599679568e+05
2.104247047487317759e+05
5.379522007005367195e+05
2.222556716716775205e+06
8.319837995412437012e+05
1.970615238483873545e+05
2.840446326487048063e+05
7.254255009277699282e+05
1.172799527261656040e+05
2.841139145718824002e+05
5.445894512061576825e+05
1.375487377039717976e+05
2.020326434180646029e+05
2.055490184412343660e+05
2.420549632356445945e+05
5.613165617202698486e+05
5.238759726016606874e+04
9.246168816656952549e+04
4.553832706168590812e+05
6.334665394832714228e+05
4.680525575781756925e+04
3.568074055637775455e+05
9.370141580036521191e+05
8.125021112564989598e+05
3.078490361097901477e+05
2.673449923152759766e+03
2.141244269263359311e+05
1.056596096334203146e+06
1.352010178417195857e+05
2.991252741055968218e+05
1.183144601718709106e+06
6.847129625921741826e+05
3.410047312585161999e+05
3.565912518885702011e+05
1.732332220675833814e+05
5.723521330853464315e+05
2.020006273214748362e+05
5.199638732802428422e+05
3.904019606929080328e+05
2.892949878294105292e+05
3.241525166779022547e+05
3.536242066669109743e+06
5.155609199246969074e+05
1.118372916292496229e+05
6.463434564757123007e+04
6.842456863915879694e+03
1.664753220750273249e+04
7.888500772063365730e+04
3.113578680399654550e+05
5.126159970712266659e+04
4.234986479146955535e+05
8.474957497326299781e+05
4.352452611302114674e+05
1.341262354589191091e+05
1.434645409778679641e+04
4.985160617060017539e+05
6.781070748421287863e+04
1.432502894758659415e+06
4.301947830899471883e+05
1.617741983184375800e+06
6.518693983109868132e+05
5.666230710827372968e+05
5.895153572219552734e+04
1.231728775353527395e+06
1.898619419184316939e+05
1.538100437860178296e+06
7.674468743767993874e+04
2.363810049408472842e+05
2.539949942689224263e+05
6.018118588592311426e+04
6.847663505015611881e+05
5.590584728082184447e+05
1.395487631551123457e+06
8.893639803267874231e+04
5.736382631330701988e+05
2.795523999517726479e+05
7.667533477927979082e+06
1.090039607177719474e+06
2.992457992498890380e+05
1.091396185312051675e+05
1.248514616609613644e+06
5.929002601753411815e+06
1.500607035622285679e+06
6.155964827588525368e+05
6.483394410246195039e+05
3.777998129327384522e+05
3.226624569920499926e+05
8.839460391222077888e+05
1.049140948408051627e+06
1.038730969250917668e+06
5.020784900811665575e+05
3.344592224275597837e+06
3.013838235765147838e+05
5.997980425794890616e+05
6.793877676385985687e+05
4.468748329583248706e+05
6.658883969000042416e+06
1.916403625077294419e+05
2.010766801616086377e+04
1.613735720470697270e+05
2.725362622857753886e+05
1.327594498467237827e+04
5.984793769305023598e+05
1.637986344294575043e+06
1.301873778338734701e+05
5.629664207515140879e+04
5.676113843669680646e+05
2.398546072656255681e+06
1.691375661164679914e+05
2.846356248536607251e+06
5.405758843634949299e+05
9.075230447451092768e+05
1.310388801556421677e+05
8.277686910987651208e+05
1.300098404913308768e+05
2.879916837726192316e+05
4.256612225624112180e+05
8.752507368319848320e+05
5.854037051884519169e+05
1.215081107557556970e+05
3.101454310332552996e+06
2.112615023294098792e+05
2.838066052265659091e+05
5.710521982217218028e+05
8.770993608043476706e+05
7.405554631861661328e+05
1.227609801271509059e+05
4.711028397747124836e+04
2.592602231472678017e+06
3.737865916545677464e+05
6.969365130600513658e+05
5.015295444655320025e+05
2.808843925526530365e+05
7.677444149883082719e+04
8.784459248758673202e+05
6.975838651725754607e+04
1.943795566130114952e+06
8.190226855509297457e+05
5.925978975589945912e+05
4.083618773121429258e+05
6.482311216790934559e+05
2.364528937249998853e+05
3.810372739550700062e+05
4.183152505472355551e+04
1.110799247335364489e+05
4.774888864232184715e+05
5.724652444911449216e+06
6.270967061217569280e+05
6.606834895904310979e+05
1.224994436520963500e+05
5.992708213009299652e+04
2.788132063435465097e+05
3.345049140633279603e+04
1.930884780652113841e+05
8.590090160447527887e+05
3.975421756761292345e+05
5.534921501523104234e+04
4.810950943895983073e+04
1.811431212731543928e+05
1.090632635083224392e+06
1.210140658504524268e+06
3.940377793558775447e+05
2.220926251281714358e+05
2.718802462400655728e+06
2.682875906813833863e+05
6.249474071858723182e+05
1.497514292223460507e+05
3.434012503378156107e+05
1.654380172703922435e+05
1.492367843870079960e+05
1.838528550752706651e+05
6.117719567373937462e+05
1.247562482503152132e+05
1.791103321898044669e+04
4.663480633464095299e+05
8.397761649936695176e+04
5.059084943331610702e+04
5.448123665507464902e+05
9.750839283065426862e+05
5.963449618841821793e+05
1.720630435842532024e+05
8.003804040565689793e+05
9.828222466713510585e+03
8.398244692709961673e+05
2.920052778199574677e+05
3.788876549782395596e+05
1.569406096420256945e+05
2.056402167455939052e+05
1.060947533212218434e+06
1.578605755736737046e+05
3.202192077511546668e+05
7.423153484673556522e+04
4.696570662501768675e+05
3.724421422284966800e+06
1.208674106799222296e+06
6.320047884267597692e+05
1.489391732409977885e+04
4.599416783595569432e+05
5.295457315441784885e+04
2.471462791244614054e+05
6.755769197757325601e+05
2.898431139290279134e+03
2.215525088129604992e+05
2.728001988721995804e+04
5.057562560767963296e+05
1.842053746923097933e+05
1.202915395842766011e+05
9.072393918409651087e+04
3.302945348380913492e+05
2.398403643510947586e+05
2.016965850459091889e+05
9.257328796796509414e+04
1.509477538004516973e+05
5.321110333440325921e+05
4.919266943453871063e+05
8.153261145129377255e+05
8.754873267562250840e+04
2.177496018331851519e+05
1.332451441139089642e+06
6.951461102026743174e+04
9.011734953664657660e+05
6.671868587092276430e+05
1.426011617895252071e+06
1.947889206211853016e+05
3.945070637901170994e+05
1.208713597934257705e+06
5.849407652973924269e+04
8.805991847940296866e+05
8.011200770194132929e+04
3.192171645094771520e+05
2.993080798315997818e+05
1.201540327696855093e+05
1.874723634148886413e+04
1.866598943196154869e+04
3.876328664077708963e+05
4.549951538482189644e+05
5.355759288814010797e+05
4.511157116072976030e+06
9.211372690349366167e+04
1.167429168577742297e+06
5.859091662905121921e+05
4.253423999918223708e+05
1.656527765254336409e+06
7.725441954834598582e+05
5.984398473003983236e+04
1.053900950426611416e+04
9.480641545465668605e+04
1.668575353885435325e+05
1.865339149547563866e+06
2.683272448677754073e+04
2.676221982300662785e+05
3.056511589798061759e+05
9.004991526111285202e+04
1.177734193844253314e+05
6.873808339018153492e+04
1.027438619298128906e+05
4.093936879077687045e+05
5.285323465239436337e+04
5.337358068965279963e+05
4.808427900818119815e+04
6.357104043843738036e+05
1.650986353076115483e+05
2.531562951898390020e+05
3.579105359521411010e+05
1.548108135380052845e+05
6.481710052129791584e+05
2.440805636946285085e+05
5.116764463423885172e+05
7.233717091257376596e+05
1.865053453825545148e+05
2.371449686987733294e+05
7.814044602032344555e+05
5.978697867821632099e+04
8.206708501095450483e+05
6.937068126866675448e+04
1.148715774847908469e+05
3.417778568665735656e+05
2.955839163945990731e+05
2.338498449447675608e+06
5.124229117464252631e+05
6.390033915084934415e+04
4.282781983160483069e+05
4.017915812798241968e+05
1.703663995618048066e+05
2.195195475449762671e+04
1.143916490608612308e+06
3.328341104738590657e+05
1.431568349487328960e+05
8.193586803584950976e+05
6.430518619134677283e+04
2.510627009009955218e+05
4.837820720775573282e+05
2.933813631772295339e+05
1.170697156218832242e+04
7.541349726186635671e+05
2.115985070731456217e+05
1.148779136277394864e+05
4.971803428868454648e+05
7.166350842008039763e+03
7.689537896101066144e+05
4.649902008205234597e+04
3.862950305612383527e+05
6.156977757914616959e+05
1.362866095607619209e+05
4.219392925127620692e+05
1.207180021934533026e+06
4.216738526533828699e+05
2.336340608787301753e+05
5.216961348687565187e+05
2.703880190287544392e+05
1.990426934025887749e+05
6.925327549807479954e+04
1.944807708278397913e+05
3.057088703499296098e+05
1.022459101377500920e+05
4.022056530299702426e+05
6.109400768297248287e+05
2.642646276611661597e+04
1.670525609069922357e+05
7.636947854299376486e+05
7.825347838035514578e+05
4.808077008157357574e+06
4.810701256503948243e+05
6.574201433823490515e+05
9.603438434628371033e+04
6.162604937527325819e+04
3.052558027817860129e+05
1.694403515639954712e+05
2.629759295618912438e+04
1.896294464624710090e+05
3.267301435003127554e+05
2.283271928023088840e+05
5.549080818326153094e+05
3.662718710087341606e+05
2.325678585821411107e+05
5.593944129818171496e+05
3.679283020010524197e+05
1.262136403156757588e+06
1.486385699573419988e+05
4.116444136999516631e+05
1.252420452008786378e+06
1.188430290141838603e+06
2.788434589648278197e+05
6.772180942517708172e+04
1.350863232301325770e+05
2.252271848728141049e+05
3.158218172593239578e+05
1.347281033229407156e+06
4.566488801080456142e+03
2.835936718134825060e+04
1.292835697294423881e+05
8.040560161340250634e+05
1.685483287108363002e+05
1.103369287427216841e+04
1.398006686092886608e+06
2.024046813124477339e+05
4.510120679835059564e+05
1.177354149101979332e+06
4.632167272562723956e+05
4.340002864090300864e+04
2.651829054502364015e+05
1.950079681033572124e+05
4.377511842122463859e+05
3.120948503989283199e+04
1.183265357621448638e+05
9.633888778498887405e+03
1.137858490020736586e+06
1.210915811313658953e+06
1.031484850041161524e+06
2.335154506404840504e+05
2.407708716962469916e+05
1.227866020454664016e+06
2.037766522657476366e+06
2.705116902463658480e+05
1.523061536003336078e+05
4.585220521880728193e+05
3.398192263640699675e+05
8.106515555116152391e+05
9.627913179459322710e+05
1.574073680108013505e+05
1.578910640846213093e+06
4.656478056368628168e+05
1.705701529483191553e+05
7.908133083083647070e+05
1.124976212659866578e+05
5.552720642839251086e+05
4.753733415095165255e+05
8.507610233382484876e+05
4.859274712449384970e+05
3.977677308063743112e+04
3.409965144157379982e+05
4.435482871990724234e+05
5.945821949096597382e+04
7.887014395871013403e+05
3.695726539226560271e+05
6.845657144510051003e+05
5.154185299671604298e+05
1.035257632308879984e+05
2.544812137159546255e+05
3.687405346789167961e+05
1.211755806679458037e+05
4.455268155928369379e+05
9.548574732535078656e+05
2.644888377096222830e+05
1.662348638068412256e+05
5.757964033095444320e+05
1.315384379301055800e+06
9.519540929584165860e+04
6.460412840035598492e+05
3.002023250081997248e+05
1.686411270621960517e+06
4.617565944278652896e+05
1.448319776723769901e+05
9.622844222539231851e+03
8.465532751137649175e+05
2.038517221260773949e+05
1.097543342010031687e+06
5.392867519993956666e+05
1.103817001925344666e+05
6.509476897161833476e+05
1.060354344493058452e+05
3.170295035162147251e+05
1.225097484989209566e+06
2.582629520155044273e+06
2.017992588421952969e+05
5.991016819842960685e+05
7.000747229652513051e+05
4.051348829186993535e+05
1.738560341180481482e+05
5.643512358933434007e+04
1.292126658559686621e+05
5.658908682780064410e+05
1.377801845198401134e+04
8.672849880507254275e+05
4.732378513821935630e+05
1.036574853300398245e+05
5.602141286684845109e+05
2.416648602169882215e+05
1.495260246393305351e+04
2.229008463819816825e+04
1.656406300264449324e+06
5.759564975809735479e+05
1.006170544738021796e+06
1.925234762565616402e+05
4.260768097982290201e+05
1.751333916478298488e+05
3.450903355095773441e+04
2.042123992156022287e+05
2.656090756933713332e+06
1.072198240996078122e+06
7.655367910099132860e+04
2.294951227050666057e+05
8.085952861603484489e+05
6.596896330256352667e+05
3.035476325527253794e+05
4.296697880642485106e+05
5.297505616423446918e+05
1.031748084415572695e+06
2.058809423661388573e+05
8.670322654342477908e+05
3.983068500302147731e+04
5.516134178658653982e+05
2.780774518345281467e+04
7.145328651290955895e+04
4.471434444805727690e+05
1.818278877855753817e+05
2.172640010272413201e+05
6.825983237106687739e+04
2.110947091441483644e+05
4.717581691336418153e+05
4.850343546712806528e+03
1.012965951572751874e+04
3.034025445389894303e+05
2.912867709906083182e+05
8.325874402510037180e+04
2.851666122501522768e+05
1.528229262567132537e+05
1.342836071923620766e+06
7.789038400989483343e+05
2.608584323128025862e+05
4.682017753499558894e+05
3.967591270800494822e+05
3.345792862100094790e+05
4.027384996729392878e+04
3.115110244290867122e+05
1.319695517951122485e+06
1.097150115742847323e+06
1.750758111957252549e+05
2.125675440622700844e+05
5.062350673471407499e+05
9.372506755199373001e+05
1.831595226345271338e+06
5.229813576956119505e+05
2.579292873766780831e+05
3.512702438500215067e+05
4.135761709877671674e+05
5.406394839181019925e+05
2.291057138872310461e+05
8.014874911230523139e+04
2.078240522210673953e+05
8.112924161040629260e+05
9.786950731604436878e+05
2.501527538148297172e+05
6.567372053636668716e+05
1.397964117154464475e+05
8.269036629026362207e+05
1.553162896007174459e+04
2.587995999079816393e+05
1.853556792082596803e+05
9.539419005221591215e+04
4.161405583634987124e+05
6.523516199853355065e+05
7.147334216013198020e+05
1.469114254942628031e+05
9.070688465402795700e+05
4.115285257933885441e+04
4.565491776280561462e+05
2.917466247696161154e+05
4.486897196918278350e+05
8.492110145709733479e+05
2.507402305851064157e+05
1.379030786211878760e+06
8.665564905669119908e+05
1.049318131656595040e+06
7.347056589574550744e+05
1.736356371789725265e+06
2.318959301365725987e+05
5.255008155293092132e+05
3.228197385360265616e+05
9.348643102768041426e+05
1.019194794619465480e+06
3.028127047596032266e+06
6.131424076117832446e+05
2.494119706425101322e+05
2.746579758380315034e+05
1.809845190482876205e+05
1.018571926313637377e+05
6.424096103871559026e+05
2.787531182483007666e+06
5.543909524947386235e+05
2.552939897100746166e+05
1.464315327038782183e+06
1.368169512019215035e+05
1.433988641922307899e+06
2.475967946020871022e+04
1.137617952698828187e+06
2.016180577307044005e+05
2.459430050709339266e+05
8.828750635030681733e+05
1.825808255928824292e+04
7.587998191788637778e+05
6.303772241517646471e+05
3.616931496608242014e+04
6.398973329208588228e+06
2.036832493326475611e+06
1.615617847025351657e+05
2.391549085716406116e+05
1.963053588480242470e+05
6.484275690690309275e+05
5.736126055100311060e+05
5.944354942635168554e+05
3.114256426238180939e+04
1.257333949557263550e+05
2.741327145825670450e+05
7.640910976114933146e+05
1.845619865694239852e+05
1.613043673753444746e+05
2.720491513211205020e+05
2.644330783018326038e+05
1.567481884474915452e+06
7.894608977670520544e+05
5.778972332361144072e+04
9.928590626045383397e+04
4.032657566086607985e+05
1.181828960994604044e+06
3.588572703956610640e+05
1.083259795026714448e+06
5.635362487356773345e+05
3.966518136461189715e+05
3.154035493045963231e+05
5.827493154697826831e+05
4.502102671854948858e+05
1.242424227483856259e+06
1.996979217902784512e+04
3.795822316691442393e+05
5.274532068153704749e+05
2.280808257833528798e+06
2.667889270613054032e+04
1.468065154966939008e+05
9.773377362178077456e+05
2.827844209402301349e+05
5.139264402833779968e+03
6.050137048797946190e+05
1.034766180137922784e+05
9.400295097713621799e+05
1.232514063271370949e+06
6.241864975124979392e+05
4.510221745809584390e+05
8.802808545103187498e+04
2.664907715999321663e+05
9.581298934590698627e+04
2.589619924669210741e+05
1.927058087206376716e+06
1.928272647177799445e+04
3.684315369540763786e+05
7.744086989018657187e+04
5.686230404667122057e+05
8.093155337475844426e+05
2.459381986354992259e+06
6.227127497052396211e+04
6.042301651456085965e+05
2.893843357127778581e+05
1.606273526087434031e+06
2.811884649559534737e+05
1.568336977356102550e+06
1.653369286982382881e+06
1.920101807170399989e+05
1.856866372386410832e+06
1.205642798748568457e+05
2.144136323144835886e+06
2.282514739179630124e+05
7.299325156438627746e+05
5.896559288676275872e+06
2.124982317393819103e+05
1.819972783304299810e+05
3.269481306938680355e+05
2.567143562922528014e+06
2.373693909764240379e+05
3.628292450377167668e+06
4.375562745285286219e+05
8.431822099567718105e+05
1.923471742616475793e+06
1.696497986545323511e+05
1.409643132516249316e+06
3.872127824826611322e+05
7.699785504709325323e+04
3.322987444448107999e+04
1.449809487211067171e+05
8.360030248013265373e+04
7.762344717567191401e+04
4.437578702877580072e+05
8.044055285382679431e+05
1.552763166176846134e+05
3.712448162703575508e+04
5.593218982256096788e+05
4.243886247859742725e+05
4.192772545508859912e+04
3.210757940621225280e+05
4.276612353698691586e+05
9.453328529505933402e+05
1.111885681469936157e+06
2.571802911909006361e+05
2.239790842841508798e+06
2.312117684275195003e+06
1.697146579294008261e+05
1.027509124052347324e+05
1.036114198748930357e+05
2.346492164780007210e+06
4.890710005496668600e+04
1.610796679361276561e+06
6.987833626888146391e+05
1.447701867247763090e+06
4.263550459239623160e+05
2.167912105934364954e+05
4.679252127812805702e+05
1.413323146291253157e+06
1.765997502181685762e+06
3.998743410288068932e+06
5.243350740954292938e+06
5.851461713246958097e+05
3.284070718096676283e+05
4.702362598460045410e+05
1.110395943598184240e+05
1.270206737409150926e+06
2.256994964827773802e+05
2.429748512265955214e+05
1.593144853925924050e+06
5.077846410339443944e+06
5.076260881668276154e+06
1.901241364301614813e+05
1.308316284264226852e+05
2.831620387556005735e+05
5.318690387453119038e+05
4.162625044865755481e+05
2.884615618971072836e+05
6.686381698493531439e+05
1.853526256268241268e+05
2.262412571824389976e+06
4.928544677529510809e+05
2.462292409547992866e+05
1.217686508183836704e+05
1.738956948758174549e+05
1.795388316526757844e+05
1.004340348151432117e+06
1.302870522176564205e+06
4.301596977070615976e+05
5.780888186689617578e+04
1.400800184135288233e+06
6.634814494215700543e+05
1.361523498741716612e+05
7.016287778834745986e+05
2.236762333425063116e+05
1.059000341612669290e+05
2.937088576761697186e+05
4.242044093092700932e+05
7.370378064813502133e+05
2.879192007410501828e+05
7.648122321072726045e+05
1.987487357399424771e+06
4.584729834738247446e+05
1.972271178349006514e+05
1.671097683911070926e+06
4.924175053677649703e+05
2.746495559596219100e+05
4.405716132399628405e+05
8.708192262471835420e+04
1.554360135639642132e+06
5.957104677958290093e+06
3.810107179170628078e+05
2.488044393552441907e+05
1.137861910465369292e+05
6.118830156093493861e+04
5.193771236445276882e+05
1.175635403434514999e+06
9.993082341548675322e+04
2.096873564413622662e+05
1.741891791439002380e+06
4.954017054157637758e+05
2.847832396259060624e+04
6.919126347800662043e+05
1.910134858712643618e+05
3.172048122829925735e+06
2.572932917111703136e+05
9.897870425447503803e+05
3.633808255360582843e+05
4.486696012762503815e+05
1.014117234174723126e+04
7.522886649124018149e+05
1.026513662065327517e+06
3.774269555259743356e+04
6.204417208217182633e+04
8.976479372108510870e+04
2.817889342435366008e+06
2.886146216174890869e+05
1.745165792265582597e+06
8.316487188546375546e+04
6.857863297333044466e+04
4.487479732906511053e+05
7.747898117239873682e+04
2.329846584790039342e+05
5.163770706426266115e+05
1.851049294133140938e+06
4.652022497505625943e+05
3.120146639666674891e+05
1.127482269262886111e+05
9.997473365723331517e+04
7.591987407511803322e+05
1.227443612510558218e+06
4.503174290172847104e+05
3.754073809759165742e+05
8.481493514662802219e+06
2.359538541628692765e+05
3.623717755735774990e+05
5.029631609096450848e+05
5.936396438333825208e+05
2.376835154161120226e+04
6.097383515063041123e+05
2.559876614815704233e+05
2.711393726006222423e+05
1.366098329278504534e+05
2.931258498538644635e+05
1.299085890145214071e+05
3.115217945341860177e+05
2.084080022534916934e+05
8.812726151230747928e+04
2.077364908102337213e+05
7.188732485859142616e+05
2.086588222936618549e+05
2.663418396259071887e+05
1.111964442579196475e+05
6.918664772194236284e+05
2.610337916703269875e+05
1.077391333385663020e+05
4.917625888634548173e+05
1.911931409323550295e+06
3.966512587117380463e+05
5.267841336414520629e+05
8.434669627160286764e+05
1.103811115868652472e+06
4.245277629861622117e+05
1.530550490427066397e+05
4.671400542907339404e+05
3.603688005059233401e+05
1.072933425831237808e+06
3.752900341823804192e+05
1.820193087377939373e+06
1.984867852307179710e+05
2.171267475007730827e+05
1.230806929891655600e+05
7.517448164552079979e+05
7.201960939752636477e+05
3.070788582293176441e+05
1.443515133163624210e+06
1.764001707037800224e+06
3.843226758498283452e+05
2.758487185683077667e+06
1.306846031169885769e+06
3.769128045734033803e+05
4.040025160302938893e+05
2.918636178915606579e+05
2.850113887487481697e+05
2.674734214092936018e+05
6.651906570448979037e+05
5.858974878758200211e+05
4.164437400797546143e+05
2.077439785826923617e+05
1.056412537593865563e+05
8.929158083886585664e+05
1.686559605729847681e+06
1.042100535260865465e+06
1.460945598656225484e+05
1.314320933531189512e+05
6.862161901756579755e+04
3.251540215054805740e+05
2.243282543456034618e+05
3.587468505896572606e+05
7.465923090783499647e+05
9.211202472129381204e+04
2.026613167878585809e+05
1.642156803018847713e+06
1.260537019053426484e+05
1.040094972407729714e+06
8.274522165477171075e+04
3.043921057131750058e+04
6.384402051315738208e+04
2.012397473476776504e+05
1.025707238918944786e+05
8.888874957472456153e+05
5.039562710096714727e+04
9.676938596565085754e+04
6.768253529526983621e+05
1.345953466818527784e+06
6.794779960070789093e+05
2.410830177457997343e+05
1.586650772184338188e+06
3.113093059881553054e+05
1.142232369793008082e+06
1.481666215999931097e+06
4.074757089071330614e+06
4.251239755168289412e+05
4.173189710022744839e+05
2.683521176385555300e+05
3.726453975632228539e+05
1.404463305446714163e+06
3.068995587400182267e+05
9.907673741187832784e+05
6.024630053344458574e+05
2.520963276350541273e+05
7.824895335364424391e+05
5.206860061067732750e+05
8.611091241439079749e+04
3.537918722189652035e+05
6.551648155882146239e+04
4.651833395088267862e+05
5.662457247785871150e+05
3.852613664301984827e+05
6.187593676737635542e+04
4.025574118722815765e+05
1.077437453551313083e+05
1.037679750045100460e+06
1.346664974342925125e+05
1.195835049940504599e+06
3.047905834329192876e+05
3.209186232289344771e+05
1.570464534027126501e+05
7.531642289423390757e+05
2.830048533363380120e+05
3.188741559914776590e+05
4.841166748604953173e+05
5.069358918937668204e+06
1.601653901592978218e+05
1.361851826235378976e+05
5.512651898366801906e+05
1.113366684208530234e+06
5.266422066532116150e+05
2.633804081920408644e+05
8.808998667421519349e+04
2.846510716201235773e+05
1.763483399642360746e+05
3.166768779410277057e+04
7.052290414300302509e+05
1.710462493644467788e+06
2.481468047549124167e+05
4.369871431489656679e+05
3.058232105961890193e+05
1.188059915288558113e+05
5.393101344995589461e+05
2.623539966066192719e+05
1.114897343540922040e+06
2.745500408824449187e+04
2.074991324814005930e+04
1.521450388150517247e+05
1.395008248656358628e+05
1.205402367874341580e+05
2.626390480759177590e+05
2.281439231868443894e+05
2.614240740629693028e+05
3.438767126690535224e+04
1.745678384921943361e+05
2.775242300531128421e+04
1.805976420222558372e+05
1.052422880054328380e+04
5.732737103317579022e+05
1.405756745732600102e+06
2.663722140105047147e+05
9.390937383302189410e+05
6.076796650228073122e+05
2.009312065994918521e+05
1.708344364890962024e+05
3.825219135184002225e+05
4.871397709199982346e+05
7.002294747261902376e+04
3.751241125560539658e+05
1.810662119210345263e+05
2.820013166996211512e+05
2.353516100874856056e+05
1.651208348893873335e+05
9.574503757870383561e+04
4.280852063775291317e+05
2.328400622425615729e+05
7.401327929380520945e+05
4.636461317578665912e+05
2.595779055719460885e+05
2.641982056569995475e+05
1.420392647823633626e+06
1.470470863135410007e+06
3.955276141834902111e+06
1.172135978067936085e+05
1.967939339130602079e+06
2.467518338612786829e+04
7.147055391081767157e+05
1.414502812445730669e+05
1.715822345613963553e+05
4.564354250073800213e+05
2.329199431935403263e+05
3.260243695818458684e+06
1.965125837614040938e+04
7.674619941690758569e+05
2.257771090135214909e+05
1.183489677251443733e+06
1.016392618541334523e+05
3.905008547405902296e+06
2.832883847425607382e+05
4.520310002058842801e+05
6.877220222683480242e+05
7.288902024091143394e+05
4.099614923592392588e+05
7.510764166873837530e+04
6.854215810637889081e+04
2.198515866987769958e+06
4.349855033248496511e+03
5.983521576502438402e+05
3.458431666662958451e+05
6.346355273222704418e+05
9.461870089456145070e+04
5.119069890779341949e+04
2.349013844168658834e+05
1.765641500736347632e+06
5.428977788037965074e+05
7.169834102412633365e+04
1.357533797673999215e+05
7.270551636635116301e+05
9.552918396360092447e+04
8.312107519787529600e+04
5.887733443685551174e+05
1.661926212792781880e+05
1.640235261239617830e+05
3.407251479520744761e+05
2.004327618775584968e+06
8.224327910856303060e+04
9.894018659605698485e+04
2.148952121075369942e+05
4.832385987952455180e+05
5.659814575138093205e+05
7.281881397116369335e+05
8.167456697953923140e+04
3.342372724001214374e+05
4.959663798394584446e+05
1.765861920523973531e+05
3.287479473557237070e+05
3.569962708436075482e+05
1.663887404743774096e+04
4.595802299775687279e+05
1.388117241662510205e+05
1.283911907023756794e+05
8.841937981579314219e+05
1.279077560119009810e+06
3.156484724889667123e+05
9.543899977126599988e+05
4.550246769032442244e+05
2.283868695954849536e+05
4.288302149981610128e+05
1.377915253399160865e+05
4.015232226802293735e+04
3.908983657080503763e+05
1.517915322619122453e+06
7.687471572225588607e+05
4.870080905330416281e+05
1.367871064057083800e+06
9.348315694407645788e+04
1.672391033785974607e+06
7.168880610562093789e+05
2.772507153191675898e+05
7.799330405781621812e+05
3.547706062562164851e+06
8.348924700579261407e+05
8.482531628745658323e+06
8.386614250494072912e+05
1.499048472443094361e+05
7.014661585762877949e+05
2.092991750587315473e+05
2.307176078560733458e+03
2.127336244275839417e+05
9.533834876821994549e+05
1.500176109913113294e+06
2.619115609272907896e+05
3.954465271043367684e+05
3.074013544676954043e+05
3.829493718735713977e+06
2.601793359000016935e+05
3.832865042306655087e+05
1.117987367013979238e+06
4.749869846839623642e+05
3.330840842271374422e+05
6.882907340072084917e+05
6.782003296880804701e+05
1.312500785301235039e+06
7.826016141005265526e+05
1.492813401175951585e+06
4.274696508207161678e+05
3.737230323871340952e+05
2.365702847281188297e+05
1.897463201110645605e+05
1.732311962914278265e+06
2.938138754145250423e+05
1.668790507625947241e+06
1.251728255233517615e+06
1.416875571536425734e+06
7.310969227523088921e+04
1.924580168833402859e+05
3.020420114388480433e+05
1.328519484893443296e+05
7.066870255661053816e+05
2.330002974009570316e+05
2.954692685137527296e+05
8.203931014320481336e+05
1.417022727198598674e+06
7.041928296429156326e+05
1.991491806081089599e+05
7.259408552752159303e+05
6.506238899483584100e+04
1.144810091224055039e+06
6.587101030771190999e+05
2.790365095568589750e+05
1.035042076752814464e+05
1.623581259611867135e+05
9.176914319611808751e+05
3.095145151667899918e+05
3.061896640154235996e+06
1.263843650980293314e+05
1.769493396661084553e+05
4.958649444640465663e+04
4.856888609027570346e+05
2.130480298239180818e+06
6.479488614995858370e+04
2.991787472056841361e+05
1.415450068946084240e+06
3.252842988023193553e+06
4.888477111857060809e+05
8.152976133993696421e+05
3.567896858291103039e+06
2.836911680213649015e+04
4.215445895337512484e+05
1.407337747002808377e+06
4.315751263335388503e+05
2.581747180765779922e+05
1.779245715159520740e+06
1.241148342989410972e+06
2.991575347318712156e+06
4.349760028912883718e+05
6.493852668812344782e+05
5.353038470473679481e+05
3.389573798896242515e+05
4.070400194153974880e+05
3.514628975643812009e+04
5.748296587346495362e+05
8.473806442144397879e+05
2.534543383931347053e+05
1.431422234270751243e+06
4.561100099638059037e+05
3.468821267979896511e+05
7.947824034622148611e+04
8.744203608559896238e+05
6.175770308904391713e+05
1.451123020486497553e+05
6.887483783056407701e+05
6.123168078968308400e+05
1.642828036286042305e+06
1.051593822580407141e+06
4.994939141274108260e+04
5.267552554125972529e+04
3.599201321678454056e+06
1.206671181173773482e+06
1.580955594896167750e+05
5.631456229115303140e+05
3.838290355798507226e+05
1.467473949709830107e+06
3.340863293776341598e+05
1.015653583008661750e+06
6.565569180966949789e+05
6.091936620435200166e+05
3.181854627992815222e+05
9.080193423865414225e+05
4.379816329319594428e+06
1.751982975754016952e+05
1.795030999103402486e+06
1.540486953765208600e+05
7.773864914298601798e+04
1.618805171623796632e+05
1.303351330199616728e+06
3.201120187565978267e+05
3.864755470214620582e+05
4.484241821959460503e+05
4.360765321732971934e+05
3.540472983696383890e+06
1.233821309277757537e+05
1.711336721755702165e+05
1.070475008918401552e+06
6.957138327696242777e+04
7.516837734492752934e+05
2.106979217767240189e+05
3.612290604438242735e+05
1.056878136686031503e+05
3.408655115424644900e+05
3.654206509602990700e+05
4.603130940399906831e+05
2.998301501900503063e+05
4.212253061416095588e+05
1.915779590839575394e+05
8.230582993740868988e+05
7.058223154148102039e+05
1.710781018775065313e+05
4.175058745605851291e+05
4.187593242086804239e+05
3.963784601385149290e+04
1.892951349976439669e+05
2.252584386238127481e+05
3.388510156779303215e+05
1.097271806977168162e+05
9.762475107780563412e+05
3.203735482192413183e+05
4.123150471578101278e+05
3.886988131745428545e+05
3.997203592257114942e+05
1.942553535761641106e+06
7.502291356618454447e+05
4.662054206123921176e+04
8.948309050692280289e+05
7.652350557835453947e+04
2.027215093017826788e+06
7.229848298389445699e+04
6.004454731753620581e+04
6.369777114976618905e+05
1.237956727841890650e+06
1.516908408137872175e+05
4.467936960351633024e+05
4.781900680988670210e+05
5.297416855660907459e+05
1.369611782751675346e+05
1.559710797517261817e+05
2.358177852231039200e+06
1.587030194298892748e+05
1.294422634612219263e+05
1.116698983808601188e+05
1.265125640790954465e+06
2.301269959061708360e+05
7.576895696874747518e+05
9.103739253886789083e+04
5.051427938290752354e+05
3.796076802722981665e+05
1.412382725140385446e+05
3.832968279500696342e+06
9.590955009701126255e+05
6.481153874062863179e+05
3.064759048881625058e+05
8.916097418779233703e+05
1.666687893424843787e+05
1.104689059385224944e+06
2.579276634747111821e+05
3.113828148342586937e+05
2.707860016261116834e+05
3.339120369631579961e+05
4.451340609374915948e+05
8.558157948268629843e+04
1.081105135359517444e+05
7.847185508650795091e+05
1.448711248140016105e+05
1.962478755362333904e+05
8.407022944949116209e+04
6.756621588741616870e+04
2.598051723993400228e+05
6.747968207332663005e+05
5.012228806674567750e+05
6.635138230371261307e+04
7.051775998080749996e+05
4.285506441294939723e+05
2.558037383438507386e+05
3.629425346398977563e+05
4.329965136909295688e+05
5.744071896193502471e+05
1.814226773441195837e+05
2.649527202105886536e+05
1.309687561822119824e+04
5.685301860500274925e+05
1.932960355224163795e+05
1.852948453833377222e+06
5.040815980625482625e+05
8.556205560334608890e+04
9.346861764001015108e+05
5.241437519398794975e+05
8.305442829200907145e+05
1.040265779248401755e+06
1.910428110994258313e+05
1.851320174324701075e+05
1.346186599711183517e+05
3.183564258733644601e+04
8.006470216732547851e+04
2.742863013434952591e+05
8.888505057013244368e+04
1.474284404157476965e+05
2.036848607733319513e+05
8.719473412278603064e+05
1.192984999333187297e+05
8.983091004686162341e+04
7.097888595532531617e+05
6.649222650886946358e+05
3.312733123445238452e+05
1.059642438561684539e+05
1.959323131962751970e+06
1.173220308925119025e+05
2.262976213285592094e+05
1.792022092209608527e+05
4.571259810425304458e+05
4.539408195597993908e+05
1.346378624732099706e+06
4.931142312732643768e+04
3.089406097915620776e+05
2.370157803598581522e+05
6.784815570511434926e+05
2.035783386006687651e+05
3.749817381610018492e+04
1.053044337732426589e+06
3.129180069221280515e+06
2.586721569297533133e+05
7.072742103653218364e+05
4.270381467319570365e+05
4.362787907484281459e+05
1.967665691569595947e+05
6.135470485471714055e+05
1.224544595314623788e+06
1.013344515559744206e+06
1.465251106201013317e+05
3.039202180557748070e+05
5.394899054662954994e+06
5.409658861653576605e+05
9.997221301699799951e+05
1.943631320078672608e+06
3.811028455424378626e+04
4.291649626763905399e+05
2.869554275215824600e+05
2.599290152523102006e+05
7.099041210727345897e+05
5.225199463365405099e+05
2.414451158144345391e+04
5.228967257071457570e+05
8.176072948215692304e+04
2.191847240303264000e+06
8.878042844829529349e+04
5.982346391454903642e+05
6.678646463761675404e+05
9.383282934106644243e+05
5.214454986447410192e+03
6.066059997524592472e+04
6.912192212247152347e+05
2.886079155088467523e+05
3.617745502492154483e+05
5.094624653220269829e+05
2.195415928626949899e+06
9.514819495305213786e+04
7.479521435673040105e+05
3.801180940010945778e+05
2.664546572003014735e+05
5.167315486223948938e+03
8.024838277651399840e+05
1.306684797452961648e+05
6.664535649308077700e+04
1.205035803676800802e+06
1.089366716514021158e+06
2.597413753519152233e+05
2.671366343480658252e+05
1.260040838426110568e+05
2.322145587027599686e+05
6.191123443426305894e+05
6.841340114253358915e+05
1.017866116516554757e+05
2.285685956337375974e+05
2.989681634751205565e+05
2.105793592438964115e+05
9.161874767245659314e+04
3.111390855241163517e+05
2.717274064280365128e+05
2.022598307582522975e+05
6.822721573394702282e+05
7.734853759576600278e+05
2.714767546126330271e+05
2.452086628382616676e+06
1.709010119535201462e+06
4.445784847940793261e+05
3.755348115713989828e+05
5.720124481697316514e+05
9.379373315169463167e+05
1.358886756006512151e+05
1.866547388997235103e+05
1.136648909444534453e+06
8.240041343800140021e+04
4.237405960474644089e+05
5.804854593055851292e+05
7.676156202377751470e+05
8.844881282266821945e+05
3.051961546273916028e+05
7.088939875896229933e+04
1.170799542877345113e+06
6.339311914232980052e+04
1.981792792418020836e+05
4.206914133407738991e+06
2.088953960818155902e+05
3.647529691831263714e+06
1.082971160585063335e+05
6.363860110350311734e+05
8.147368305137442076e+04
5.160709422658614931e+05
8.967379160356074572e+05
2.016508461588097853e+05
1.288416736711973092e+06
1.197535398454262177e+06
1.907431211045251403e+05
1.924624438217111630e+06
3.896538356318330625e+05
7.032727612415528856e+05
2.236627272973158106e+05
7.054550907268756418e+04
4.462478123282027082e+05
2.955764487712738919e+05
4.684488257758242544e+05
1.140613966645596665e+05
2.632689081104394863e+05
3.647166989610154997e+05
6.601055692766454013e+04
1.415280094931448810e+06
9.291800200904408703e+05
3.086726599685331807e+06
1.638276615342161385e+06
2.439614602645949344e+05
3.441917774691274390e+05
5.904574709634146420e+05
2.180877301500441099e+05
5.573746589507860335e+03
6.479228964940573787e+05
7.642989644761943782e+04
3.587875841884870897e+05
1.463847547823692730e+05
2.851146579630819033e+05
8.607524855802046659e+04
3.429408260508974781e+05
3.657889367606649466e+04
4.970158887014716747e+05
5.110283015430421219e+05
4.909500681830817484e+04
9.850651478120934917e+04
2.361168230714073579e+05
2.511360793185972725e+05
4.665488873584868852e+05
4.483248051205592346e+05
1.187600865728050121e+05
8.428217538187454920e+05
1.621858541562922532e+06
1.988881771853198006e+05
2.816565826645419584e+05
1.061077241816180060e+06
2.434939641023040749e+05
1.941301129569321638e+05
2.562975818005735346e+05
2.461304447935436910e+05
4.328680555194230401e+05
1.178771802035078174e+06
9.630199372267308645e+05
5.102308049774575629e+05
5.147586120595394168e+05
4.282637306796733756e+05
1.846442510180404643e+05
1.389464731905518565e+05
6.268794191221646033e+05
3.048911648792400229e+04
4.868862477303635678e+05
1.963184520658761903e+05
6.690479868368511961e+04
6.198834150319821201e+05
4.060327196905202582e+05
5.737763516719498439e+05
4.321264253939435002e+05
4.969934471270029317e+05
3.896194863039257325e+04
2.311699977136586094e+05
4.930450047349881497e+05
1.011055100053126924e+06
4.313441358621048857e+04
1.217747727688205632e+05
4.049523114241503936e+04
4.132453699060461950e+05
7.169927570150389511e+04
3.135764834657314932e+05
1.437637440919755318e+05
4.627096550123887137e+05
8.735301203749763081e+05
6.833335946952616796e+05
7.988047378886333900e+04
7.035899579539757222e+06
5.555229585639606230e+05
8.204341617432083876e+04
9.640575897907930994e+03
3.087341902741303667e+06
1.927554357749752817e+05
1.557170928238620982e+05
9.586863732861255994e+04
2.393941231297773193e+05
4.209751091922906926e+04
4.800481560244105058e+05
2.032337508785590529e+06
1.193264638887224719e+05
1.689052506749099120e+05
1.265334869215458166e+05
5.726860381488715939e+04
2.511677403197026870e+05
1.044245734753295430e+06
5.637193122634128667e+05
3.751822155077459756e+05
4.861554503540152218e+05
9.201986176329688169e+05
1.295080685004627565e+06
7.577132350768528704e+04
1.871486075830396148e+05
4.216044564822256216e+05
1.017847830567365745e+05
1.987577916300112556e+05
3.778656248622279614e+06
3.025812487259349436e+05
2.020170688561376301e+05
1.016777685805612826e+06
5.305498842777732061e+05
1.298311293149735866e+05
3.441398555561778485e+05
2.610198258064344700e+05
2.793401909630405717e+05
2.573566699635812547e+06
3.387640003555664443e+05
1.985170831225198926e+05
1.189865475692593958e+06
2.614733754821557668e+05
1.624216266000914329e+05
5.724646527384574292e+05
7.570094993490590714e+05
5.250357327173890080e+05
2.365117366429852264e+05
3.465956804897460388e+05
3.756829664113685722e+05
6.860008788024175446e+05
7.085703800227696775e+05
2.328063646759646654e+05
5.940900537910265848e+04
2.691573109398316010e+05
6.687431560027793748e+05
1.252174054931055754e+06
4.219261289734311285e+05
1.783980428205338249e+05
2.444595761437713809e+05
2.236783329810169525e+05
5.993481829391721403e+05
1.869115646073388780e+04
2.839677731932016468e+04
1.870127433968688711e+05
1.585060930859095533e+05
4.994670492817525519e+05
2.200795342420645284e+03
4.478505365401933523e+04
3.602525701256052125e+05
1.201026105148844188e+06
5.066635097439723322e+05
3.192606692783836043e+05
3.091657809963464388e+05
2.998376409284895053e+05
2.419557550603097479e+05
8.019921761243285437e+04
1.175020678326507332e+05
1.392799790799833136e+06
7.550896134559242637e+04
1.120008496496005682e+06
1.632008644380053738e+06
2.157282240877245786e+05
8.836704675330702448e+05
4.637413404182934901e+05
1.412925913871841913e+05
5.553659645994874882e+05
7.769329603734154953e+05
9.303362987260952359e+05
4.883309469131693477e+05
1.499840427079510409e+05
1.832796270455960650e+06
4.304654889735099860e+06
2.841827777907911805e+05
2.597820052197616897e+05
1.735494734056955203e+06
1.151736275338161358e+05
5.035348254969536210e+05
1.258156906353637460e+05
2.002676119126244739e+05
3.097139701123129344e+05
1.143027315882962430e+05
3.810544741623736336e+05
2.737388935302686295e+05
3.411080738069751533e+05
1.438701178840599023e+06
3.489293927225981024e+05
1.312782801179746748e+05
1.002234385161813814e+06
3.574209140765311895e+05
2.056158824082934298e+05
1.745678478890129481e+05
5.270205063798803603e+05
2.934494688737668330e+05
3.770710911511598533e+04
1.183000349364771973e+06
1.245910949982851016e+05
2.297498755335780443e+05
8.321452761037593882e+04
1.675164959199552250e+05
1.570615480233309558e+06
9.189897804588639701e+04
2.898107174330565031e+05
2.102480605189055204e+05
2.483450394120269339e+05
4.410239482834974187e+05
1.639002111611143628e+05
6.962494886078884592e+05
5.994252522748822812e+05
4.560620646262299269e+05
3.628145594428584445e+05
7.664881821478899801e+05
3.456859625166840851e+04
2.638925404973360710e+05
2.904034699020497035e+06
1.778286193073906936e+06
2.153472343673815776e+05
7.838185679461595137e+05
9.522637821450403426e+05
2.911382635795072420e+05
5.373948563859650167e+05
3.311847410531159258e+05
2.924211744443796124e+04
7.196027964635634562e+05
7.293505920845284709e+04
5.812144191846350441e+05
7.073554856627582922e+04
3.311531297346357605e+05
7.814076425578608178e+05
1.306050603760377970e+06
2.090985263011837378e+05
6.702943986013585236e+05
2.150749393422052264e+06
2.127145234516470227e+05
3.032875835048701265e+05
2.632002537401856971e+05
6.053509368531865221e+03
3.990163449268302065e+04
1.777156398781648022e+05
3.687368828154562507e+05
2.487893494558404564e+04
8.771119023386904737e+05
4.104787137552230852e+05
2.805588781994991587e+05
1.159844172939787852e+06
1.461769350690537831e+05
4.217556802893610438e+04
1.130485681243053259e+05
4.510486755347014987e+05
6.070935358319616353e+04
1.403929848632674548e+05
1.172249652862566756e+06
7.910650026646207552e+05
1.146441927881463431e+06
8.527961610860511428e+05
3.804385822969087749e+05
1.114944440900954942e+05
2.338711683618784809e+04
3.358349195001098793e+06
1.271101832438719925e+06
4.573459998555671336e+04
2.132506520322530996e+05
8.302592094101266412e+04
2.192453531810710847e+05
2.322075662631593586e+05
7.573598618074405240e+05
2.606858735186732956e+05
1.832044001793022500e+06
4.565609409666634747e+05
4.075252667329725809e+05
9.161321708832838340e+05
2.590447251759884239e+05
5.468302485531041166e+05
2.725545002370631555e+05
4.392644144404348335e+05
3.192345999792269431e+06
1.220053083445508964e+05
2.603730917200455733e+05
1.143728082437931589e+05
1.221690589075368334e+05
1.551552861589159875e+05
1.016219954716023494e+05
1.737329022988094715e+06
9.513070604847490904e+04
1.089151436025864532e+05
3.971389671663277550e+05
9.011241866663323017e+05
5.158094553405659972e+05
4.029098860067701025e+04
1.143902639847466955e+06
1.517679483972219459e+05
1.800966910896291374e+05
3.221403073515616357e+06
1.096810239563053241e+06
1.140884386762126349e+06
2.458326288827382814e+04
1.537496879125701962e+05
8.250553940391656943e+04
1.152979621433335706e+05
2.776986718519831193e+05
1.570821146816440625e+06
3.093234310362570686e+05
4.759239905594756128e+05
1.034202758746149484e+06
2.410931024743314774e+05
9.213495282777799293e+05
9.623099720783985686e+04
2.502082368456577533e+05
3.490098926691206289e+05
2.266004661522460810e+05
3.401685387223846046e+05
6.404059126980614383e+04
6.184954174256700790e+05
1.488689894985818304e+06
5.396709918694932712e+05
1.124865223229817493e+05
3.307941621562923305e+06
6.767528665183595149e+05
1.594159456599240890e+06
2.916367247081223177e+05
3.528247109761944157e+05
6.549304400077929022e+05
2.053676611961870512e+05
5.686436709696209618e+03
5.175544227538218547e+04
5.937128090570568747e+04
1.538056717759291059e+05
1.250253640499981120e+06
8.997246109766319569e+04
1.058214108505546115e+06
2.230848208787197655e+05
7.607805306469317293e+05
3.698598059916850179e+05
7.641235086601960938e+05
3.349144805657569086e+05
3.237254778109851759e+05
1.038402957311913633e+05
1.212516951974105323e+06
3.265830703854188905e+05
9.646045832221057208e+04
2.923337371572341304e+06
5.199281139310174622e+05
5.208826926131835207e+05
4.768990901985582896e+05
8.518487929377512773e+05
5.329935862359668827e+05
2.681521368459070072e+04
3.687623267418659088e+04
2.976183656770314556e+05
4.064939400101680658e+05
2.135937938617446634e+05
7.614065616086458322e+05
2.059327609389054414e+05
3.171389368933086516e+05
1.780916139394889760e+05
7.801436259901656013e+04
2.051107355761890358e+05
1.112389350148883677e+05
2.597371341422082915e+05
5.232762417230919236e+05
3.644343928939357284e+05
6.538860533265564591e+06
1.747088932680114231e+05
4.928003325072795269e+05
1.009344369992450229e+05
1.566344845328517258e+05
6.996422784108141786e+04
1.588212092672833009e+06
1.110111793231672142e+06
2.938232561103683547e+05
3.498907867621320474e+04
3.461580974560235045e+05
8.598032962379220407e+04
1.227473429543026286e+05
1.181332000678392506e+05
1.291314124990472774e+05
1.664736453169606975e+05
3.970314177792666014e+05
2.115932078478967014e+05
7.260999205333006103e+05
4.611859894586658338e+05
2.073382183213349781e+05
2.286882721046800361e+04
9.239966866497986484e+05
4.188486242038911587e+04
4.850209073672055383e+05
9.185813926804102084e+04
2.508464592471224023e+05
7.200280042941585416e+05
1.441997225100895856e+06
1.602797845942318672e+06
2.297786252240085159e+05
2.102292905438356684e+04
2.498696688932145480e+05
9.153340738632641733e+05
1.329764047036510310e+05
3.913293287812997005e+05
1.745102922718725749e+05
2.355782777151537593e+05
2.293103150798917050e+05
3.412476531994226389e+06
4.583436501853147638e+05
1.213805296724118962e+05
8.952520544532223139e+05
2.018185939463903895e+06
1.285153052759023558e+05
2.878604588514074683e+06
2.419301834719584149e+05
3.755164246292967582e+05
2.032314833110653854e+05
1.872668342192344368e+06
4.260759755893738475e+04
2.084125960199603578e+05
8.315709894356218865e+04
9.341261946338408161e+05
2.595334799622268183e+05
1.604336105186137836e+06
1.183126504472983535e+06
1.538661682106982626e+05
1.162217827976034023e+05
2.965035964196540881e+05
7.558935855858121067e+05
6.694830415900783846e+05
1.905493200070802122e+05
1.571999535303240700e+05
5.246808085719652008e+05
2.680650868098521605e+05
2.521603915337571234e+05
2.337785773744781502e+06
2.046346978993858329e+03
1.321692061858323868e+06
6.752710715543559054e+05
9.815362660471966956e+05
1.353018803212190105e+05
5.456920541018327931e+05
1.023704553344241227e+06
2.861134379166656290e+05
9.562502759699788294e+04
1.779919796174732910e+05
3.726133000976963085e+05
3.150874290074830642e+05
5.239691943854791316e+04
6.299541079922735225e+05
1.737503836377089829e+04
5.122412490205249051e+05
4.364703934232770116e+05
2.216177077743970440e+05
4.478734128022782534e+04
3.592245315445429878e+05
6.090008376285075210e+05
8.478810340975726722e+05
1.701749312548551010e+06
8.096904642452058615e+05
5.774246251743958564e+05
1.955750116257217014e+05
6.860384977448836435e+04
1.416084368430769537e+06
2.419278563618653279e+05
9.633691677399780601e+05
5.566232434745483333e+05
2.371213981226194010e+05
9.522147518411441706e+05
1.432084045436076820e+06
2.347437101816293143e+05
1.303089442815005605e+05
3.205056090387403383e+05
1.454322465261656092e+06
2.954763217537858873e+05
7.334073366556239489e+04
1.649728125746138685e+05
3.863460740032984409e+06
6.500942136871823459e+04
1.498750874184385466e+05
1.272940202512455871e+05
8.783380436935136095e+05
2.210677759479839355e+06
4.367809307773537003e+05
8.535930025984059321e+05
1.708016470621289045e+05
2.442312924800720430e+04
2.757700598114650347e+05
4.821529667921496439e+05
1.725677190368965967e+06
2.637294852747009601e+06
4.265514064681377931e+04
8.670062050167779671e+05
4.858705084217469557e+05
1.830601298217402364e+05
2.618793829604979139e+06
3.533973592607592000e+05
3.299325608953479968e+04
6.341491560538198100e+05
3.234391414857626660e+05
7.729857697485988319e+04
7.497906554781316081e+05
2.881372738432181068e+05
8.996168061787410988e+04
2.929805684428397217e+05
4.774081626570132794e+05
7.223084206335179624e+04
2.410861737849730343e+04
6.809009359373392072e+05
1.208710169523700373e+06
5.491481392840618500e+05
8.899730281752364710e+06
1.373410285955052532e+05
1.238336462056070333e+06
7.800628881547854689e+04
3.656444576995722600e+05
1.367312874440959422e+05
1.076181661774099484e+05
3.562635382664626231e+05
3.709942892088341760e+05
4.075831118357632076e+05
5.260391164668911370e+05
1.788630438320068410e+06
6.014727724019710440e+05
1.379118914031143358e+05
5.204644411092087394e+05
1.052335088672921993e+06
4.849444139595276676e+06
2.581909568753199128e+05
3.938376186833080283e+04
2.716990922454500105e+05
1.103821329983087635e+05
3.930683360354027245e+05
5.429106768928561360e+04
1.067514405614737188e+06
3.409672813308668556e+05
7.268163312793079531e+05
2.561458622624715499e+05
3.370213034099491197e+05
9.413811617088723870e+04
3.521615330521413125e+04
5.665938019205430755e+05
1.308899817504884704e+05
4.940451348313016351e+05
4.861365982136387902e+04
1.146221875306840084e+05
3.649920987106460147e+06
1.236468627808324673e+05
4.492685677126247901e+05
1.129651039669414749e+05
5.408882698748416442e+04
1.229584125050586590e+05
4.077741695521383663e+05
4.656603735768717015e+05
7.168491199513174361e+05
1.117460340093412815e+05
3.723077784687880194e+05
1.400869831439802074e+05
1.663183143381777336e+05
1.809656846054496709e+05
6.691731817370229401e+05
1.777014746517546475e+06
1.026564291850288631e+06
6.662584219840818550e+05
4.285481659462785465e+05
9.599242653710268496e+04
3.496615643053320819e+05
1.378578121282669890e+05
9.630517542077471444e+04
5.089522561019391869e+05
5.282784774130972801e+05
3.683870689840780105e+05
2.323151076506915560e+05
1.098359295660418225e+06
5.991406525774646434e+04
2.003251408318278263e+05
2.096376870598300302e+05
1.490848317592791864e+05
1.273756637563496130e+06
4.603246930457157432e+05
8.984812054258771241e+05
2.364564484987043310e+06
4.034843555467724218e+05
1.261939924856851576e+06
3.564692240992262959e+05
2.659566332874384243e+05
1.738901512741832063e+06
4.711950003748582676e+05
8.754242493577230198e+04
1.355635829373846645e+05
1.673871665339112515e+05
2.093874359049804043e+06
4.384016293886577478e+05
4.524043519243285991e+05
9.812117407532560173e+05
1.049296043519033818e+06
6.472203273704458261e+05
3.008675303228941630e+05
9.000948523662998341e+05
3.108035259884056286e+05
1.240718103474188683e+05
3.573563291341282311e+05
3.903775436893098522e+05
2.253487158299634699e+06
8.826516324258095119e+04
3.463217433977762121e+05
9.939306580037323292e+05
7.089824309560426045e+05
4.069054472651694668e+05
1.174597574294029502e+06
1.854457588463327265e+05
4.330905114748649648e+05
1.394536755491052463e+05
3.281260136349811364e+04
2.843551796473736875e+06
2.099226257273710333e+06
1.576624607012603665e+06
7.797126794185348554e+05
1.688038574673376279e+05
2.210269986776883306e+05
2.142948565738817269e+05
7.407210593826320255e+05
9.666611469621262513e+05
2.253886278395091649e+06
1.878186903359584976e+05
5.572147541285431944e+05
4.458211056050600018e+05
6.373292074432316003e+05
9.669845264057890745e+05
1.771442523320686538e+06
8.119582394982209371e+04
1.811423489023436268e+05
1.405425958234379359e+05
4.312839323842765589e+04
5.257428752060219413e+05
1.314042953993759293e+05
1.033568174269709853e+05
3.465177625431718188e+05
8.548767635761665879e+05
3.271060681168319425e+05
2.718796795948300278e+05
6.275776155885627668e+04
1.250986380920791271e+05
1.363832062012671959e+06
7.091736304894963978e+05
1.555107419405146735e+06
1.764973827052259876e+05
1.428522050032370025e+05
1.031749272822838102e+05
1.017468664048503124e+05
3.997513712402811740e+06
3.177655729081694037e+06
1.657753928001299966e+06
2.651416797524578287e+05
2.378391271736409981e+05
1.137665164034560439e+05
3.924202526596393436e+06
5.736783797989390587e+04
7.961467342622034485e+05
9.526262269365011016e+05
6.235838773632177617e+05
2.963950185427842080e+05
2.312187199728495762e+04
1.911587492846460373e+05
8.976320423663288821e+05
7.978125944113009609e+05
1.660294711232312548e+05
4.608069517787198420e+05
7.003599306637872360e+03
1.190234785187252332e+06
6.939761694452761440e+05
2.915842537103002425e+06
3.918503500170605257e+05
1.176728374779006001e+06
7.321405072645701468e+06
1.067678562512286240e+06
3.465154751690251287e+06
1.651563269718117663e+05
8.399816751081279654e+04
1.867666005217289203e+05
4.866694316140214796e+05
1.463423015459818998e+05
5.232487538300273591e+05
2.102725425949895289e+05
1.823291672639749246e+06
3.403135418916481431e+05
5.065100588139345928e+04
1.858492035293090448e+05
1.794691357336311776e+05
5.921588577003966784e+05
6.238424271563728107e+05
1.125551471335919574e+06
2.367597538274416700e+06
2.646404575862894999e+05
6.825985863561735023e+05
1.506186371587436181e+06
1.086987958040989470e+05
3.908665348504017456e+05
1.124229337899255333e+05
1.355921692340604262e+06
2.096322008753003611e+05
1.671351562837323290e+05
8.310881067188533780e+04
4.210105547043420956e+05
1.595471456947777886e+06
1.212233207127097528e+06
5.166105947058846359e+05
6.288475325873506255e+06
4.860075140879511309e+04
6.031795112443933031e+05
6.787579744631195208e+05
1.201655484894220950e+06
1.965622572520842950e+05
1.196209299902768980e+05
6.018420398801745614e+05
1.109062159753623419e+05
1.834547318520230183e+05
1.555399128720198059e+06
1.513694300557530078e+05
6.095364402483951999e+05
4.963213118436133373e+05
1.958909664602533740e+05
3.125844143832659465e+05
1.027220097057428560e+06
1.475088362970792805e+05
1.666679896522336348e+05
8.394635273755223025e+05
1.079825799396695103e+06
2.034755429930727814e+03
1.123734118128102506e+06
9.435300108376357821e+04
5.316572694061575021e+04
2.924349633825575933e+06
9.862261738555214833e+04
2.195824365603927057e+06
3.226126947502477560e+05
4.566038805022073211e+05
7.898136591352233154e+03
4.901736338005822618e+05
1.849535725341431797e+06
1.690363254266614094e+06
2.873238634815146215e+05
1.050749074944789463e+05
3.043715761571059120e+05
7.421917639561294345e+05
1.744701699568031181e+05
1.506435584773234557e+06
1.581660750597773120e+06
1.997090730056757457e+04
7.282438893220956379e+04
5.868947947596848826e+04
2.120569310598137236e+04
9.672654210540242493e+05
3.821808914498873055e+05
1.084256570681134006e+06
1.992183507942385622e+05
9.391377512216682080e+05
1.591255984126845433e+05
5.817582218326572183e+04
5.098671451237133588e+05
1.785659336693912337e+05
9.763965935822764004e+04
2.086916719826508488e+05
2.457567253899915144e+06
1.304565838626206823e+05
6.771350697460296797e+05
2.311095805167158600e+06
1.013758101306942990e+06
1.054344868091438984e+05
3.898039487809117418e+05
1.225143205626569834e+05
2.544885434544863529e+05
7.331594075957034947e+05
1.435080575486559246e+05
2.211082659548960219e+05
2.180663326275995641e+05
1.895074225578224286e+05
1.016175055676144402e+05
7.276698566596169258e+05
1.525287709289054619e+06
5.729357480635853717e+05
1.167657885753368493e+06
8.586955164512114134e+05
6.068155841727671213e+04
4.045151501036848640e+05
4.472675303603819921e+05
3.241664101533368812e+05
4.376777591762905940e+05
5.246219891348412493e+05
6.148763421922470443e+05
2.791246128608467989e+05
3.003218446311348234e+05
2.214265190574458975e+05
6.994159383269770478e+04
3.872600985755725997e+05
3.015717113577291602e+05
5.253072127920761704e+05
8.593764718130574329e+04
1.729385854845229187e+05
5.817946936658491613e+05
1.307557651955446927e+06
8.190954537665168755e+05
5.450145518968977267e+05
1.058009679270369379e+05
1.049578444348751102e+06
3.293954870151862269e+05
1.336478881221919146e+05
5.355020144034883007e+06
3.706731100682077522e+04
9.842633421706847148e+05
2.208946340585334110e+05
2.166724084574872977e+05
1.146557982865642291e+06
8.592130157811272511e+03
9.396021476411166077e+04
5.379335946164395427e+05
2.483128502977505792e+06
7.997022531217458891e+04
3.363216508295729291e+05
3.646524286262659007e+05
2.392451599578736816e+06
4.182101753740545246e+05
1.052695193145326630e+05
4.200904092973979423e+05
4.234975425914765801e+05
1.041686157797357766e+06
6.019115865186385345e+05
2.706105965009001084e+05
1.015150880419598543e+06
1.275677289329645864e+05
1.531085230896736495e+06
4.441731860351540963e+05
1.646286369987323415e+05
9.150363234341632342e+05
1.630710505416490487e+05
1.510683486761316308e+05
2.417218270712439436e+06
4.571943292140604462e+05
1.878398707989648392e+05
2.328235929921946372e+05
9.133204608970341724e+03
3.953750774798053317e+04
4.516028445581048145e+05
3.929917599051112193e+05
3.176399953946020105e+05
1.647750589059721678e+05
1.172783264341423637e+05
1.052317705602051574e+05
4.231354652497116476e+05
6.518008631672360934e+03
1.202686323374259155e+04
2.310222910827165470e+05
7.417460830829032930e+05
5.275290317105732858e+06
2.052642840143019275e+05
2.505850443587256887e+05
1.194820558591559238e+05
1.064481128186521586e+06
2.523446550391571946e+05
6.307368942935821833e+05
5.145006027845627978e+05
9.990723358747930033e+05
1.906950314809240634e+06
8.106661741414423159e+04
3.489425912154339021e+05
4.110565455875691841e+05
3.708880897522485466e+05
6.374946835411665961e+04
1.527329851489216708e+03
3.297138479928240413e+05
8.188440374260845128e+05
5.717376657342044200e+04
2.580510004549528821e+05
3.760298227248910698e+05
2.182738634404152690e+05
9.765328215140022803e+04
4.184780990186220151e+05
5.422721925893615698e+05
1.242765402171894530e+05
5.721608454882533988e+04
1.437882876434400445e+06
1.000579076799154718e+05
1.489227390515933803e+05
1.045926958157790796e+05
6.375659038882942696e+04
6.064275853913100582e+04
2.614516182441583078e+04
8.017665776146277494e+03
4.629306280910911737e+05
2.125640159889402858e+05
9.324212087031062692e+05
1.114599400824236945e+05
1.705823620046914555e+06
1.454169139935169660e+05
3.081159259415881243e+05
1.450155900399624603e+06
3.697067395022304845e+04
1.044262311112983443e+05
1.984947051525010611e+05
3.018252014659675770e+05
7.399699165483578690e+04
6.993318745577995433e+05
8.833143060683290241e+05
2.051968872661159257e+05
2.196852195527907752e+05
3.719579345032965648e+04
2.290380045696001966e+06
1.201175007580478908e+06
3.196710863072980428e+05
7.285865941838554863e+04
4.406635574665158492e+04
1.317131642469402286e+05
5.617869296220373362e+05
4.387659470568790566e+05
7.470021358864670619e+05
2.685222479754044907e+05
3.541246648717336939e+04
5.896948730089582969e+05
4.703679139636873733e+05
2.422441179756546917e+05
9.559750675116913626e+05
3.816239966378003592e+05
9.828470869501552079e+04
1.173567115437711618e+05
2.626960056238861289e+05
1.806745088761172665e+05
3.322796035356264561e+06
1.865619397044820071e+05
5.729796823990134289e+05
1.876577215143152862e+05
4.607540747911666986e+05
2.212089970879798930e+05
6.572498102847524569e+04
5.357702606942930724e+05
6.709093361981968628e+05
2.026251896441998251e+05
2.607739482174881268e+05
4.740477143516512588e+05
6.673806220827455400e+04
5.379371806896140333e+04
7.464317941000220890e+04
1.051916488244173088e+05
5.913818122593208682e+05
1.210475289953464875e+06
4.959616066164760850e+05
8.069982547830122057e+05
3.063646162972517777e+05
4.356643232677663036e+04
9.945017922706924146e+05
5.027197592055107816e+04
8.415783993630702607e+05
1.210425369943805999e+05
5.816056699841871159e+05
2.632764704471218865e+05
1.207684775317340245e+05
3.644490205663857050e+05
1.985583166930597508e+05
2.952809286659705685e+05
3.772127359161407803e+05
1.128388849976370577e+06
4.856214237197168404e+04
1.249334519554090919e+06
8.833346228064791067e+05
2.185821926505363663e+05
1.847231577486253809e+05
3.585914870552456705e+05
