6.581386307465732098e+05
1.586684346411905426e+05
1.748480780600714206e+05
5.539337991947692353e+05
5.762712219071108848e+04
3.574832630194683443e+05
1.297703075583666359e+05
3.060937654626325238e+05
1.379645020948296005e+05
7.902794542437769705e+05
2.874238939173155813e+05
3.049769345330536831e+06
6.003129740780845750e+05
1.725791062758085609e+05
1.917256152605744544e+06
8.394071711953061167e+05
5.049665183301855577e+05
5.720749871947710199e+04
1.292232159634935379e+05
2.381691222807967570e+05
2.953629310985681950e+05
1.175409149755878141e+06
1.746036299742140109e+05
1.976433448528983863e+05
2.201457473544880748e+06
3.979216021434204304e+05
1.045613960086253501e+05
3.648474507789960480e+05
1.331444113147940952e+05
9.646439345635911450e+05
3.834740783410793665e+04
2.030912343826918222e+05
1.746336999431982113e+05
1.040578481310977717e+06
9.609861783614677843e+05
7.392910497495004674e+05
8.512184245276852744e+05
3.054167722416839679e+05
3.588055567127466202e+05
5.251558385240809293e+05
2.339694294875722262e+05
7.196982785922872135e+05
2.258647127161478857e+05
3.529537603321460192e+05
2.507527467425385548e+05
2.352274727725253906e+05
4.425041490479466302e+04
4.709493418917909148e+05
8.784348592266121705e+04
6.871381668138136156e+05
2.757242115162941045e+05
1.883845163276500534e+05
7.789954753884937381e+05
4.061528321167717804e+05
6.179141826833708910e+05
1.091693695885492722e+06
1.432288004630844807e+05
5.605033088026997866e+05
2.733121965170147363e+06
1.152854056771059695e+05
2.528234400117128098e+05
5.501554970833220286e+05
1.656595127553984057e+06
3.899823148243769072e+06
1.145469633770818909e+05
4.970072359166937531e+05
4.325506277631365228e+05
1.226357557104509789e+06
1.981238947625791188e+05
4.417029619120066054e+05
5.908152791309392778e+05
4.152836091514879954e+05
1.263311192663010588e+05
1.968844523890351411e+05
2.400971107019015471e+05
9.790445755149563774e+04
1.905388312635398470e+05
1.862164031866870588e+06
4.989243747820124554e+04
7.992977874958417378e+05
1.691992177159524581e+05
1.350372691036188975e+06
3.442621927566960221e+04
2.393387744790482335e+06
2.652073290671639261e+05
1.202303780070213979e+05
5.136770415935698547e+05
1.724681148505398538e+06
1.216884839047173969e+06
4.348948279238926480e+05
5.108325139669675846e+05
5.913359066486066440e+05
7.472329529653809732e+04
8.069741395828229724e+04
1.614491176056613331e+05
6.786742663068652619e+05
4.981474815495390212e+05
7.944434526766691124e+04
4.166827851599091082e+04
3.118312786268594791e+05
1.227334978658458567e+05
1.451589602425355464e+06
2.849186624927141820e+05
1.643735821123479167e+06
8.832609698135718645e+04
7.797158039740481181e+05
2.115007870722264852e+04
2.377638994006531429e+05
2.010264102486335905e+05
1.490055169346001639e+05
2.873945616097858292e+05
1.480254334128834598e+05
1.008883442134279758e+05
1.298512156047491007e+05
9.436525042849704623e+05
2.761771052777563455e+05
5.058865117380244774e+05
4.722650863412772887e+05
4.343167882013810799e+06
2.828811775912832818e+05
1.682403935644639714e+05
7.987312765703836340e+04
7.786028562977499678e+04
1.799036961989951669e+05
2.303275085242442947e+04
3.207989010427416652e+05
4.597431970440311125e+05
4.741253629647717462e+05
7.938878882290072506e+05
1.666479924244722934e+05
1.346912757930981461e+06
1.003032752344540204e+05
3.210711386716476409e+04
9.418295056175997015e+05
3.205974303601014544e+05
9.740584745074826060e+04
7.757126165464674705e+04
2.307412255445909686e+06
4.198077636992443004e+05
4.061811885523813544e+04
1.559682618131693289e+03
2.679165445070460555e+05
3.659457140373209259e+05
1.328926014149210823e+05
6.490696428149928339e+06
2.706498081297034787e+03
1.177232819467533845e+06
3.898856546797690098e+05
9.445564854040168575e+04
6.294372533027183090e+04
4.260925546542944503e+05
1.164246163371293515e+05
3.739468587614941644e+05
3.450191271611895645e+05
1.509566078864092706e+05
4.220330403242713073e+05
3.474534081683774712e+05
2.284016106730751635e+05
1.817297979866047099e+05
2.982702001554889139e+05
3.568855936908481817e+04
6.376016885513884336e+04
6.128358864094010787e+05
1.067542508981691906e+06
3.944487348282792955e+05
1.675612321803319792e+05
1.600344181076186651e+05
2.532380372702092282e+05
1.705726729479500558e+06
2.675100514564060722e+05
5.261804608909109375e+05
1.242445107379471883e+06
1.875104861299271288e+05
7.205093768757639918e+05
6.340531541012169328e+05
3.266164565840661089e+04
1.152436049702569610e+06
3.393380240309738438e+05
2.559206082988954149e+05
3.859550736915572779e+05
5.934778887845170684e+05
4.556536485873065540e+05
1.562778621986981947e+06
1.802427530426665908e+05
1.598558166040914075e+05
1.434585355722856941e+06
9.400407113585823390e+04
5.278366641046149016e+04
5.112096617314156611e+05
8.360423689614770410e+04
1.174561827319093572e+05
3.882621234542475431e+05
1.728210256231450476e+05
2.196370340707718860e+05
5.322097875165545382e+06
1.744382329527245893e+05
6.409001257259318372e+05
1.325460919317039079e+05
2.715327765707762446e+06
5.097048699647459434e+05
1.803184330103707500e+06
3.273870431604890618e+05
1.441850423598553985e+06
7.319811978421879758e+04
1.419280676376973046e+06
9.914351573436501203e+05
1.521587155984915735e+05
1.738153634018377343e+05
5.847789430999662000e+04
1.442261121760327369e+05
1.879754782719963987e+05
3.064733457546239370e+05
6.296648784478131711e+04
4.081277371421659482e+05
5.373778220652262098e+04
2.615209664829555433e+06
1.540374400706561981e+06
3.941490002751279972e+05
2.640063958415015368e+05
3.144376914321956574e+05
2.648276771401620936e+05
2.772811822635699529e+06
8.915003792476652889e+05
4.968432104030353366e+04
2.359926414051151369e+06
4.885062841824241914e+05
8.716346130734938197e+05
1.979433690810051514e+06
3.768613015381193254e+05
1.818841240919386968e+06
2.044915728826667473e+05
1.212630868563174037e+06
7.955664131046973635e+05
1.130624168048179941e+06
8.248020452425346011e+05
3.079688071734595578e+05
1.477345587887503672e+06
6.799956753592852328e+04
4.417084407976134098e+05
1.294166904438237892e+06
8.886774081657628994e+04
2.049023938688105554e+05
6.622779138641915051e+04
1.049228802530710236e+05
1.428175930155528476e+05
1.467807931942598370e+05
1.129577693061187310e+05
4.033568576555068139e+05
1.793166963295986934e+05
9.697236764603811025e+04
3.607552549286179128e+05
7.586634064699099690e+04
4.935788926829195407e+04
1.539973547284120741e+03
1.322450488757511135e+06
7.705080346749883029e+04
2.831479319020110997e+05
7.241379321611418854e+05
1.147251784569277894e+06
6.754806533766420325e+05
7.301833319177342346e+05
7.666381700263085775e+06
9.538438572673080489e+04
6.347730900455545634e+05
8.489016065020927927e+05
1.950512173348251090e+05
3.515786394638381898e+05
2.525258339013389777e+06
3.488965043875296833e+05
1.929610112780097988e+05
5.271389084159532795e+05
9.553958541643220815e+04
4.343754554207077250e+06
7.160375172938502510e+04
1.256264386983359000e+05
8.284442539160075830e+05
2.142006359678099398e+06
6.972594249364964198e+05
4.077840101433831151e+05
3.163466270231682938e+04
5.927470987301601563e+05
3.653655852155483444e+04
3.280027674210988451e+06
3.152251093875120860e+05
1.925505628949997015e+06
7.345455701288429555e+04
1.376935843991956499e+05
1.639841498059599835e+05
9.085348214333076030e+05
1.646579436410662311e+05
1.442470936919686152e+06
2.016042347851471568e+05
5.781040786204321194e+04
7.514364144292096898e+04
1.035104480935333762e+06
7.192109516008190112e+05
9.892621058204154251e+05
6.210151999298882438e+05
9.084762557202049065e+05
4.590389487991452916e+04
9.574915064751955215e+05
1.522309254027033166e+05
4.313866079466503579e+05
3.084694573731348501e+05
1.227624112494333880e+06
2.016211643341205316e+06
1.199902249457440339e+06
1.878197558102201670e+06
1.440100258044683374e+06
5.267218861007391242e+05
4.068689219354460365e+05
8.350515130711609963e+05
3.856791091149598942e+05
9.039626980706743780e+03
5.381078904249559855e+05
2.440256129886553681e+05
3.894442284998236573e+05
8.846781759315137751e+05
1.576609642706891173e+05
5.191811352719031274e+05
2.988066577258014586e+05
1.679821610878090432e+05
2.056413578528918151e+05
4.318408789372827159e+05
2.100876387150775641e+06
1.895954667904266680e+05
8.037420474988670321e+04
3.214575359593168832e+05
7.558850715454787132e+04
1.622569268813355884e+05
1.426948885556361347e+05
4.491791246826412971e+05
7.076410667659909814e+04
3.048173252982828417e+05
2.198768201427777298e+06
7.151190283481420483e+05
1.112398541819280217e+05
9.624976511793650570e+04
5.506648927433014615e+05
6.705328583277465077e+04
9.015705160437102895e+05
7.109034607590599626e+04
2.421609705282832962e+06
2.917886623857488157e+05
1.351904445139971176e+04
4.653792208508516524e+03
6.213130404331326718e+05
1.689887384200427623e+05
7.468996166390957660e+04
5.112355658014633082e+04
6.642695282619667705e+05
6.290086286850079196e+05
1.314075562078000512e+05
7.133575279907989898e+04
1.718771166641224409e+06
3.015566528379098163e+05
2.888692179908045800e+05
4.968793992677732604e+05
4.589900548339244415e+04
1.912207839964772866e+05
2.110380930994386654e+04
7.086450308508810122e+05
1.155366769773956854e+06
1.466707270206060493e+05
1.730823032544259215e+06
4.477492724099371699e+05
6.065976950856129406e+04
9.681872047366343904e+05
1.888333216155967675e+05
1.340774051485153032e+05
2.807758159322803374e+06
6.285537589974674629e+05
2.344682318044435233e+05
2.110516905001533451e+05
1.414703828879684675e+06
9.245288596963788150e+05
1.441263095267773679e+04
1.223290556753564597e+05
1.216364040891352488e+05
8.135969967873741407e+05
1.006747992429627775e+05
1.034297610284268158e+05
1.464281789009293134e+05
7.625738462282172986e+04
1.430490598429853271e+05
1.063204367833764292e+06
2.167456697205798409e+05
5.345614684036756080e+04
9.451770493154474025e+03
4.707826662157191895e+05
8.331434244126008707e+04
3.698657954233391210e+05
4.946771812427806435e+05
1.137617213456193916e+06
4.559062019646671251e+05
7.192248646088620881e+05
1.588348343623519468e+05
3.820702946452725446e+05
5.174198039918487193e+05
1.166170930986916181e+06
3.251829827459562221e+05
1.960914243597732275e+05
3.654595149969964405e+05
9.332514263181563001e+04
3.143251777237015776e+05
1.930671006306778290e+05
1.523344684254876047e+05
2.761535266855698428e+05
2.066145686080060259e+05
2.916177145647483412e+05
1.621392169233124587e+05
1.768888263730338076e+05
9.869030730000670301e+05
1.004526014839505428e+06
1.000397888587939437e+06
6.288847860459840012e+04
2.101928453528920654e+06
3.582491029862300493e+05
6.168732938175994059e+04
3.812081390163440956e+05
1.007485900254401058e+05
1.763924155169876758e+06
2.653546932584090973e+05
9.280304273747320985e+04
6.659372164282853482e+05
1.404600470363982313e+05
2.128776038311452139e+06
1.966991302838503543e+04
1.532096494757643377e+05
2.315131617485585448e+05
3.353232206356450333e+05
1.193271768542978447e+06
6.891321822873045458e+05
4.375553972756820149e+05
1.000629681469323841e+05
1.095107922255934682e+05
2.933116217007766012e+06
3.815761858906112029e+05
2.517776637445689994e+05
1.208983527436780241e+04
6.363924294278761372e+05
5.279032389254433801e+05
2.548419842998147069e+05
9.777091719333195360e+05
9.567158631735581439e+05
2.502932952445411356e+05
4.223476714824964874e+05
8.525769727118588344e+04
1.241720529369477299e+05
2.955932770374504616e+05
3.768871650916712242e+05
2.154543811678130005e+05
4.446080096182452398e+05
8.591657966258034576e+05
3.334490547486487776e+05
4.230106869156454341e+05
1.788381068136154681e+03
6.097401276049686130e+05
2.154508532582217013e+05
1.354584176672656031e+05
4.274158521807664074e+05
2.536829316242714704e+05
1.207794363560288184e+05
5.713841467729560100e+05
1.306726629903169582e+06
5.701531967883590842e+05
3.264356607303826604e+05
6.480811040220212890e+05
2.345772681606419792e+04
2.417000067719577601e+03
7.603798906396501698e+05
1.097529818772790022e+06
2.575310037818629280e+04
1.033250907782184076e+05
5.889720145500391955e+05
4.877408364098279776e+02
5.163978305732809240e+05
1.915296083278897277e+05
1.641344543397705420e+05
5.501846502370120725e+05
1.698987391736530117e+05
2.721120002031695563e+06
4.131627788518414018e+05
2.190634709104261419e+05
1.253228157342541032e+06
4.157219666610410204e+05
4.731468078889641911e+05
3.758612263360894867e+05
3.713719312332461122e+05
2.444895379015584767e+05
4.635033881028591713e+04
1.450929385842771735e+06
8.831446408551085042e+05
3.987530705197096540e+04
5.464694988976823515e+04
6.641755440198406577e+05
8.769202699360618135e+05
8.190339159929793095e+05
7.976789239086915040e+05
1.241369578230393527e+05
6.642010922191760619e+04
4.137794459400146297e+04
2.882840729566873517e+06
7.899041316425943514e+05
5.972795899939864285e+03
4.608247734533643234e+05
4.844174658772671683e+04
4.177649886377115035e+05
4.938082951594427141e+04
1.060300557497030590e+06
2.657675181155981845e+05
1.682349564908212342e+05
1.077154320855890983e+05
1.454848525285529904e+05
3.442669834713098826e+05
1.589845544282859191e+04
5.230459987167847430e+03
5.353628909323841799e+05
3.928714559068052331e+05
2.127346581156147877e+05
4.616541841032151715e+05
1.074006011271043972e+05
1.387545151430223370e+06
8.603918030611598806e+04
1.481515307265569863e+05
6.028247552120429464e+05
9.034323654150940711e+05
1.596283550312695326e+06
5.738470907360246201e+04
3.192080237744402839e+05
1.415815029236351373e+06
5.213218924810624449e+05
3.879982618037699140e+05
5.300227702123562340e+05
1.583652913295294857e+06
1.334891065884230193e+05
1.884552627184795565e+05
1.251528373433911009e+06
7.201020512302753050e+05
3.400391128354707034e+05
2.927326982889437350e+05
1.404140854903541331e+05
1.768102948399282468e+05
5.379116251541813108e+04
1.839820972295171814e+06
1.252794077764496615e+05
1.954447976419679471e+05
9.834577759963059798e+05
1.002444948398918845e+06
2.677532923838276765e+05
1.408113662602146796e+05
3.700227650198000483e+05
4.133747497703498229e+05
2.489036382009735680e+05
5.947377867429667385e+05
6.269479501632265747e+05
9.680014149123620009e+05
2.881628765420316631e+04
7.682511371309228707e+05
2.445389612156606163e+05
5.554277171195433475e+05
4.163392285197966849e+05
1.916253683732038189e+05
1.195629367063571000e+06
2.222995693686748564e+05
3.968892856974829920e+05
5.421032973575410433e+05
1.414448021218175068e+06
1.797637680262814101e+05
3.420793202153398306e+05
4.332093566822339781e+05
4.340252940622094320e+05
4.178775007419020985e+05
6.884110075626645703e+05
9.249198208438944130e+04
1.070763179000684293e+06
1.285572345312511461e+05
1.083185336632637773e+06
7.114551726342679467e+05
1.002881253355698282e+05
5.040156491751004360e+05
5.031994160304000980e+04
2.640147053588434588e+06
3.433827913069924689e+05
1.188890813070439326e+05
1.792581877911325078e+06
4.551995243923937669e+05
3.106030911732484237e+05
4.613999528441315051e+05
4.681450846090071136e+05
9.382067541216145037e+04
2.928311343125480227e+06
5.223055069412940647e+05
6.418833376445198519e+04
8.823861052049410064e+05
1.099933312261320651e+06
3.474431515504408744e+05
1.511784698643368320e+05
1.279000758748216322e+04
3.580291267274728161e+05
5.362389879397014738e+04
2.835980781139066094e+05
5.792923991244493664e+04
1.319318917393313488e+06
3.747537953416825039e+05
4.175798541286315885e+05
1.146101073604880832e+06
4.315403820762602263e+05
3.019013626618853596e+04
4.724724032047861256e+05
8.564933029559715651e+05
1.371061289709938923e+06
1.185715500034692697e+06
1.162871078361584077e+05
4.032127357703730813e+05
6.654332552713068435e+05
1.360922642698773416e+05
3.057608950139504159e+05
1.549870285968722310e+06
3.740940819826619118e+05
1.563948637313280778e+05
9.568081513316489290e+05
5.180834761864611064e+05
6.792232212264074478e+05
1.459337659764145501e+05
4.522052435106869088e+05
1.368012220642614178e+06
2.000752688863319112e+06
1.293167009984368342e+05
3.356636837009213050e+05
8.320164699741601362e+04
7.193188220851139631e+05
9.566663090301677585e+04
2.973118942791561713e+05
2.336300448160354863e+05
2.649325276691635954e+05
3.543435034509591060e+05
3.664796973614533781e+05
1.144846544082445092e+06
3.701393685460283887e+05
4.717086153945108526e+05
5.938220394617066486e+05
1.494060779660387663e+06
3.223802173072870821e+06
1.082038107605750847e+05
1.053174254742794728e+05
3.895806441079219803e+05
1.511582395010087348e+05
8.432077738464722643e+05
8.788226690024689306e+05
2.058523316360509780e+05
2.436987841075982142e+05
1.402658802407762269e+05
2.062749438565684250e+05
3.006908618112796685e+05
4.860807032297358382e+05
9.782378779699972365e+05
8.035158778780398425e+05
4.254300232044950826e+04
4.155210417630880838e+05
4.897579846810226445e+05
8.690432534583900997e+04
2.227993460176952358e+05
1.339207994062734768e+06
3.410967871508974931e+05
1.419597563649185700e+06
1.992106655635605421e+04
1.606172370214864495e+05
2.982598373188080150e+05
3.277458340041583288e+05
4.571217425915028434e+05
5.360490385697758757e+05
1.379191652604614501e+05
7.537377339625387685e+04
6.262150134022749262e+05
4.031327768501357641e+05
6.918140244484225987e+05
1.594600476294328400e+05
2.485800719612585090e+05
4.041495430842886562e+05
3.925373898740669829e+05
1.291706012409374118e+06
2.668904836531426408e+05
1.853192007124508091e+05
3.288758185378588387e+05
2.340635284252729616e+05
2.708362956614107243e+05
1.076525182061117608e+06
2.567821986685362936e+05
1.305004201078867918e+05
1.260142098827780283e+05
6.188879957538808958e+04
1.643693136565888126e+05
1.127817686118453508e+06
9.774403170057975221e+05
7.043527010687533766e+04
4.189039186409757531e+04
5.395186378844816936e+05
2.251177021051927877e+05
6.838418919784066020e+03
3.719421738658566610e+05
8.122355616207230196e+04
3.435271445999942953e+05
6.101938005157591542e+05
2.718046550031229272e+05
7.764281627434775874e+04
1.372313238877686439e+06
3.278975229479543632e+05
1.290701147528080473e+05
2.099787742797492538e+05
2.279211274889819615e+05
1.143818711041301489e+06
5.238100482372787083e+05
3.515992983726591920e+05
1.093650537083404488e+05
1.765062567992063414e+05
1.045264920086464699e+05
1.135390494560925290e+05
1.899944833676482376e+05
4.568229637570305204e+04
5.932532731184479780e+05
9.481391722201019293e+05
1.396004518238496967e+05
1.360641513098915340e+06
3.635974118991204159e+04
4.847738657017644437e+04
3.250887967774390290e+03
6.441170988610362401e+05
7.180053019916247285e+04
7.745869989728044311e+04
1.092447995204413019e+05
4.166580996450160746e+05
1.698186351777957752e+05
2.917311962312082178e+05
5.559067578512066975e+05
2.702247445342280844e+04
2.955370001652610154e+04
1.018356198882249650e+06
8.111755304125859402e+05
5.258502179429088574e+04
1.166541044612197205e+06
1.305918711103415349e+06
1.860781408225739870e+04
3.393427384925111546e+05
3.500945007968531572e+05
5.009584613793747267e+05
1.349233755400232039e+05
4.205402536906020250e+05
3.062798092633592896e+05
2.181287472766153587e+04
1.293259490823594242e+05
6.511846451007080032e+05
1.009390319479236379e+06
4.466869793988514575e+05
5.175461972215892165e+05
1.960971868102524022e+05
2.478495433264880558e+05
2.705649662190734525e+05
3.832029928540597321e+05
1.306194080786239123e+06
1.119910215252852504e+05
2.585595153431135113e+05
4.410301967814388336e+05
1.869830175529259490e+06
3.170544628061823896e+05
6.563176323920241557e+05
4.409508354923882871e+05
1.794014299713594082e+05
2.650006708625076044e+03
3.370818822705761413e+05
1.203967746487952390e+05
2.927069904718575417e+05
1.697715536084726627e+05
1.129320012324134354e+06
3.211168636180901667e+05
1.551911683692076476e+06
3.597692939130586456e+05
1.870381999214152340e+06
1.763695214116886200e+05
2.118696204354048314e+04
3.528817385352877900e+05
6.494299212266001850e+05
8.368737203683410771e+05
7.909355264139625942e+05
6.121801116517629707e+05
5.774837155814040452e+05
1.311589936796204653e+06
5.541168454419036862e+05
7.106830353785860643e+04
5.524836041928129271e+05
1.399085709015894972e+05
3.823127362264739932e+05
1.967735779190918838e+05
1.481539399138873850e+05
6.473311971455309540e+05
6.380404199437166099e+05
1.387309593289110577e+06
1.868418382301227539e+05
2.309159452293508803e+05
8.469147270441158907e+05
2.945627598621145007e+05
3.103944668204063055e+04
1.815576096546898771e+04
5.569030998988074716e+05
5.333651121490922524e+05
8.784580274003510131e+05
5.767428656056411564e+05
6.857632493120004074e+04
1.013487408361996524e+06
9.520486673279950628e+05
6.357198714900659397e+05
1.080911254264917923e+06
3.377190861685563810e+06
1.917362149263931497e+05
1.554004398607909097e+05
4.422483625393122202e+05
9.714895529921287380e+04
1.027146277004795556e+05
1.051612460487213393e+05
1.288092928262113826e+06
1.599857789594555215e+05
8.547514545788803371e+05
1.431226539312631066e+05
4.035718802240241785e+05
1.303117700981849775e+05
3.958165379133485840e+05
8.148973603477880824e+05
1.253279525980340259e+05
2.441610346204855305e+05
3.486167184323091060e+05
4.289158554594742018e+05
6.970241809061217355e+05
8.918456954123590840e+05
1.075646075233430165e+05
2.648009362148105283e+05
1.922191049044919200e+05
3.685353541745741968e+05
5.913464357560157805e+04
2.554406218561506830e+05
4.315480340371312341e+05
1.065176591070257127e+06
3.626566625102368998e+05
9.994854125274536200e+05
4.249982510786450468e+06
1.466349167796894035e+05
8.217179844887646614e+05
2.386129143868103158e+06
6.606066462346848566e+05
7.470257596834433207e+04
7.756961147057714406e+05
1.367632783578145027e+05
6.211785957404206274e+05
9.867548362464132952e+05
2.733254563017634428e+04
1.937768876342083327e+06
2.212639435866709391e+05
2.551809747231485380e+05
1.844353490375524270e+05
8.005231189909586101e+04
1.257703413236220833e+06
3.476916594584203558e+05
1.990912606532186328e+05
8.712974154261309013e+04
3.899251581621629884e+05
1.185204001714500482e+05
3.467805441889514332e+05
7.079849112709605834e+04
3.454810060515603254e+04
1.574373310288041830e+05
6.998345523912968347e+05
1.697308063799381780e+05
5.393665656902153278e+05
5.341910241527485661e+06
4.521558810660239396e+04
5.932757101487352047e+05
8.276350346459059510e+05
3.842837090127536212e+05
6.245772314091966109e+04
3.327141944016090711e+05
6.269897398124154424e+05
4.560920204304964282e+06
6.222320607609488798e+04
5.467895775203492958e+05
2.294361595797401387e+06
3.998162835947032436e+05
2.483970319908686215e+05
1.069747130103903823e+06
2.069762326474213114e+04
7.010084279532661894e+05
1.894537615281301260e+05
1.319436566315194650e+05
5.052155585725990240e+05
4.375115165693814051e+05
5.070421412274802104e+06
7.932821183201494860e+05
4.927294025095788529e+05
5.460345166870610556e+05
9.374336588054637832e+04
1.542279071404837014e+05
5.561492558503830514e+04
1.497951643173598277e+05
3.501791555922363768e+05
7.962825404108037474e+05
3.295880796348651056e+05
6.932734855422144756e+05
6.769756683470623102e+04
9.211703731232673454e+04
1.810819117628727399e+05
1.059213362648814364e+05
2.588503621748048317e+04
1.064776846461344045e+06
1.269263783914863161e+05
2.329275801492974570e+05
7.801160841771033593e+05
3.655835700627793558e+05
2.713927741721657105e+06
1.526548308479759144e+05
2.939333202235598001e+05
1.221465721569709014e+06
5.392342843907423230e+04
1.553572519280356355e+05
2.191219479806362651e+06
8.488511411386271939e+05
3.298689211390847777e+04
2.180749422255036479e+05
1.750149424075920368e+06
5.529200146261241753e+04
3.156199878168612486e+05
5.583117047027164372e+05
1.482214377849822340e+05
3.685707196917618276e+05
3.030158387491898611e+06
4.953996488675640430e+05
3.128408209852950647e+06
1.951392872747124347e+05
3.458344968597626430e+05
7.699851421517250128e+05
8.359493967227911344e+05
7.280402963788366469e+04
3.946577368268006103e+04
1.435634417166092200e+06
1.212247503941801115e+05
7.717596257767789939e+04
2.379964037778448837e+05
1.580643047099272371e+05
1.273406086612925428e+05
1.019463219487557304e+06
5.944947609937040397e+04
2.620778845229999162e+06
2.375672211643752176e+06
1.948603679219571641e+05
1.532763279183091363e+05
7.688390915705098305e+05
1.496730185202342109e+05
1.002428754101667000e+05
1.544214099383769208e+05
4.248442601116855512e+05
9.460951076393919066e+05
4.356955227279229090e+06
5.864603469958778005e+05
2.837084115006637294e+05
6.507866143798402045e+05
1.663865036216870649e+06
4.937771215066586155e+05
2.308693517829286284e+05
3.637910067000298295e+05
7.134534419463906670e+04
9.996400406754079740e+05
1.108201274979575828e+05
1.429025770736017963e+06
1.420797534109295229e+05
2.181973294965866953e+05
1.431918002392536029e+06
8.102208486690717109e+04
1.508185849478924647e+05
5.202482006547458586e+05
3.239760060914056958e+05
6.439868664170616539e+05
1.293100184796471003e+05
2.894407044535025023e+06
1.716805202521283063e+05
1.163005541446510761e+05
2.165513370650510769e+05
2.178769465269859647e+05
9.196475730541926168e+04
1.132173448220222781e+05
3.673302704721142072e+05
2.740064271891604294e+05
7.748388106385362335e+04
4.231690746039393125e+05
6.217264995515425690e+05
8.128459669266505807e+04
5.203583841765622492e+04
4.361015178737133392e+05
1.056517703966291388e+06
7.576436922122132964e+05
1.527302392489720296e+04
1.544320900188054424e+06
3.237618802430497017e+05
5.990334735993827926e+05
3.659069291919536190e+05
3.488004797286847024e+05
1.768285254334765486e+05
6.211622371289371513e+05
4.644625932292516809e+05
2.020836058376153524e+05
3.378207615229750809e+04
2.716495054357556000e+04
2.493100684731659945e+06
3.426893579553092131e+05
1.303992896375100594e+06
1.417354456319417804e+06
3.784549680279433378e+05
6.871964088117453502e+05
7.363759720893062185e+05
1.689504903769734083e+05
7.287423264518534997e+05
8.038597786223578732e+05
7.203091981026276480e+05
5.395206530681786826e+05
5.483973539415368577e+05
5.319821242653414811e+04
2.138034589548415679e+05
5.343104307817633962e+05
1.079881732671476930e+05
4.267367786361049511e+05
3.595406658176215569e+04
1.983546344504982990e+05
5.364082364092132048e+04
6.196778866862326395e+05
3.958047172564104665e+06
4.938924290419103927e+05
2.580680533619367343e+05
8.186710649016307434e+05
2.785206775270230719e+05
4.049099095390403818e+04
1.467283606033779506e+05
3.601910092320793192e+05
2.120606568035298958e+06
3.588357358078974648e+05
4.606183351761652739e+05
7.860562123092545335e+02
4.776012073314057663e+06
6.793723501623830816e+04
6.402999202097669477e+05
1.167617206496729195e+05
1.763743015980679484e+05
1.650442258711841889e+06
2.547076217478612089e+05
4.275023014769669971e+05
4.515258791286983760e+05
4.169304053631378920e+05
3.026959719085166580e+05
1.221704748309375427e+05
6.904383599462589482e+05
1.004431569727199076e+03
6.473041669348633150e+05
4.097496137099674670e+05
1.339275340143711073e+05
2.638503495335959597e+05
9.841023528905148851e+05
1.764166628474217607e+06
1.501931372346663193e+04
3.534286927066485514e+05
2.071164721779776039e+06
9.792716554607887520e+04
3.312424328031211044e+05
1.697480726643155213e+05
2.814472698774053715e+05
5.075497391359478934e+05
3.557134071090062498e+05
3.457740320690752007e+06
3.582569608170610736e+05
1.454442177322141069e+05
6.471734167289821198e+05
7.309081473320298828e+05
4.027540412807037355e+05
2.129769672758067027e+05
1.859619937402464915e+06
7.853113928159917705e+05
2.670353917454392649e+05
3.661801074637004174e+06
9.014017584724847984e+04
2.152797808766480739e+04
8.706851447972763563e+05
8.661871272354294779e+05
9.159097501877570176e+04
2.450096368038752116e+05
6.030592539331966545e+05
4.357055570156822214e+05
7.535434717982573784e+04
1.188150879859238630e+05
5.040582181280594523e+04
2.512294386685498524e+06
2.434164738408039557e+05
2.930612643577019917e+05
1.571817172092107285e+04
6.744257843584657530e+04
1.295715574101001956e+06
2.553071997071560472e+05
1.544540362729615998e+06
2.708976959277910282e+04
1.027881427534335991e+06
2.038526906910053804e+05
5.199416265962987609e+02
4.193706077574630734e+06
1.260796309843792988e+05
1.037341599451049406e+05
2.138279042260465678e+06
4.992260270174052566e+05
6.803861818067294080e+05
4.603340373319068924e+06
1.057699618034381652e+06
4.684208937035997515e+05
9.439276884082674515e+05
5.320802698086942546e+05
1.154927541835698357e+05
2.798802025237042108e+05
1.485556977070062654e+06
2.373937674255218590e+05
1.511594922067785636e+06
5.081898538524297765e+05
3.384105806166516268e+05
1.242665729072541464e+06
1.041126926073268987e+06
5.570637491528682876e+05
1.039476284163535165e+05
2.975430391547171748e+05
6.663216614562434552e+04
2.036281784784833435e+05
1.568991303630839684e+05
1.959948244169098791e+06
4.137809126274426817e+05
8.581423844688461395e+04
1.333733484545593150e+06
1.079169494185602380e+05
1.697676678259517939e+05
1.540397617798800115e+06
6.937439821625208715e+05
6.959238990272935189e+04
1.978170629280118970e+06
1.810561998693573696e+05
1.749847437944466015e+06
4.055714421111667762e+05
5.573583752455151407e+05
5.121793597646609996e+05
8.512034226260684954e+04
2.626864388431246625e+05
8.100928521265654126e+05
4.575353953937899787e+05
2.184851659812735452e+05
4.007513791600039694e+05
6.071420497786818305e+05
5.348775475330229383e+05
4.390390255042288481e+04
1.033035310629780906e+04
7.900639303667845670e+05
1.223701507198054111e+06
1.111308696316355374e+06
6.157185852184026735e+05
3.186997050631871098e+05
3.561243256445740117e+05
1.154227198475043988e+06
1.928222567009294871e+05
6.671858350828719558e+05
3.843469584008837410e+04
3.966217588714291924e+05
5.785236373085359810e+05
1.631970363941107353e+05
2.368681808938790709e+04
2.570095841315923026e+05
4.563191504557963926e+05
4.820267678702431149e+05
7.604044950736219471e+04
3.707570836237862823e+05
4.848282969014529954e+05
3.910686144570750184e+05
1.035823876784235588e+06
3.172911058286024490e+05
4.043313443627426168e+05
4.719590285151547869e+04
1.038243525042068562e+06
3.255754989908857897e+04
2.342748117377152666e+06
4.839451963518903940e+05
8.751101125916368328e+05
2.881583965554655297e+05
2.905619528891973314e+05
2.452722424508545082e+05
3.829489020287480671e+05
5.871300979785659729e+04
9.723726751088041055e+04
2.299861745822072553e+05
4.055001027913293219e+05
1.644466304427864961e+05
7.980413926446870028e+04
1.233680459835225018e+06
1.108581798291825224e+06
1.244288450938620837e+06
3.592231435373765416e+05
1.801724661556449428e+05
2.282463886915268842e+06
6.842576587712920737e+05
1.595270048661968904e+06
5.200354578890311532e+05
4.651584488907745981e+04
1.546143231674929266e+05
3.770240640010646894e+05
2.388559611901163007e+05
5.466678114319577580e+05
2.773307170026619453e+06
6.227444119179757545e+05
2.494313367648160493e+05
3.002447998551549608e+04
1.294582981773237232e+06
1.383346155985219812e+05
3.982494570243036724e+05
2.067519209762604150e+05
2.085531781629650388e+06
3.212975174391968176e+06
2.452997640664712526e+05
9.974180517359894293e+04
5.733995015728401486e+05
1.381222971444689574e+04
1.285801032175392320e+05
3.817805226265651436e+04
2.205197268337571295e+05
1.077938928310316551e+05
4.505991831867332570e+06
2.512824558505120513e+05
3.946039730966409843e+04
1.597267204303662002e+05
5.937595268959131790e+05
2.649380996221358073e+05
1.483159763943547732e+05
4.993158514153810684e+05
2.452174736741216329e+05
1.201374042003321083e+05
1.300911533551142551e+06
2.019626728356857086e+06
2.620904655537531071e+05
1.694188884274124575e+05
7.242683362454255112e+05
1.121654885435749602e+05
2.121126380040929653e+05
3.531397679628406186e+05
1.270096599433766532e+05
1.171820854004396970e+05
7.996064925011894666e+05
4.958070929842886399e+05
1.130884156667535426e+06
2.438669517645008746e+05
8.535078150049723918e+05
8.154613184584077680e+05
9.304452186657380662e+04
1.154827042446355335e+06
2.044553917962569685e+05
4.796516304990362551e+04
1.629009137826981954e+06
2.176692861103838368e+04
5.573680055354648503e+05
1.986027805693694390e+06
2.645580656093524885e+05
3.660139487439722754e+06
1.185444741876213520e+05
1.345420196740078391e+05
1.144281915695529315e+05
7.228400660178386897e+04
1.068877936487426341e+05
6.140044265429492807e+05
3.938819639703455614e+05
1.081522820019440027e+06
5.499410440611004597e+05
4.044901932089793845e+05
2.256065825356334390e+05
1.923942346668369137e+05
6.469171724519735435e+05
1.463941511828179355e+05
6.235930925618761103e+04
8.514102969924714416e+05
2.384280195042415289e+05
5.963025804033761233e+04
4.719841483894205652e+06
1.658392851753854484e+05
4.055506528527951450e+05
2.441195342078331305e+04
7.378551569289076724e+04
4.950593564196188818e+05
9.972478638709404913e+04
1.180777880529162241e+06
1.250261572746780701e+06
9.054752628871335182e+05
8.379050142560318636e+04
1.024781364434306626e+06
1.542578801419601659e+05
2.837015325235775672e+05
1.697491497739444720e+06
1.290715389838204719e+06
4.991716807437578216e+06
1.178069057985582389e+06
1.399405642267228570e+06
8.675484808804891072e+05
1.729968016837073374e+05
3.912092165068016620e+05
2.411958719215730089e+05
2.639730183756595216e+04
3.525870068984423256e+02
1.172065205676285317e+06
1.586285208204268129e+05
1.758516325848653214e+05
3.550718631075390731e+05
2.286027004667984729e+05
5.515002921669328352e+05
5.278641962540504755e+05
8.937685426441578893e+05
3.855885948361973278e+05
1.710910037364728050e+05
6.060053251515263692e+05
1.645325263251033030e+05
9.372295556532189948e+03
1.834704347882174770e+05
3.179835443148108199e+06
8.846083669071079930e+04
1.074785284401803045e+06
1.059313921487182146e+06
4.031913757956999820e+06
1.352567949644051725e+06
1.188091988712283928e+05
2.869178602645021165e+05
3.485272191654751077e+05
7.029548025697642006e+05
1.037510989909572643e+06
6.011174911525834614e+04
1.486776008275479544e+06
1.127987001090538222e+06
1.702438367499516753e+05
1.877284858585422917e+05
1.558237537617599883e+05
7.810971469258057186e+05
3.459717481391491019e+05
2.459322898825158773e+05
8.517257669593631290e+05
6.072422620717689861e+05
6.274032131707508815e+05
4.041958518498286721e+05
2.790813483072473202e+06
1.773961711328091566e+06
1.142086664205237990e+06
7.470350646147796942e+04
2.503730653913284186e+04
2.335421384942799341e+05
2.524965690328173223e+05
3.563340067206239328e+05
2.128634828496227274e+05
2.680204139276765054e+05
1.373093134884805477e+05
1.561840016363496892e+06
8.137393707246388658e+04
7.778978209676195402e+05
1.634253515653269598e+06
1.705752540714780102e+06
2.147992618734920979e+05
3.639277936575483182e+05
1.521038541786670918e+06
1.974499272362793272e+04
1.770832993775067152e+05
3.991382871391405934e+05
2.790450739670075127e+05
4.603767125134943053e+05
1.167147243020714261e+06
1.300596594694090891e+05
1.748262275927492301e+05
5.605733347186549800e+05
6.165560265998373507e+04
3.128033276987280697e+05
7.939022049543001922e+05
8.426268932239620481e+05
5.328685431877140654e+05
5.866638996611790499e+05
1.257958949619060731e+05
3.985203076532770647e+05
2.236610382853345945e+05
1.060399063482226629e+05
3.663585318969589571e+04
3.241629688239558134e+06
2.216830262362016074e+05
8.452263276960037183e+05
1.390016260887611134e+05
1.402361394906321773e+06
5.828100261270194314e+06
3.908396448355203029e+05
9.441413536956309108e+05
2.384083576707913016e+04
1.290278929782789637e+05
8.365339413269124634e+04
1.010132926672061585e+05
5.803531815277248388e+05
2.140287237998393248e+05
8.444502460891379451e+04
1.918826373765461612e+05
3.492296489634024911e+05
2.254658156997392362e+05
2.666060303026978858e+06
1.091006936286521610e+06
1.734842041462295922e+06
1.126014627037511207e+06
3.515341746253785212e+06
7.647939742173124105e+05
8.360792624854997848e+04
3.126885707647926756e+05
5.332482503219247883e+04
1.448004238134226995e+06
6.476948441024749773e+05
5.476848098625650164e+05
6.169169497952600941e+05
2.913856064468813129e+05
1.735676853648096323e+06
2.878606288957851939e+05
7.134317696861249860e+05
7.751815674655178736e+04
1.359031434444826155e+05
1.108890700086687226e+06
3.510101782996959519e+05
5.085241972871987964e+05
2.169460426594307646e+05
4.599203324256022461e+05
4.491054471978044603e+05
6.936683612108139787e+05
2.003755221589675930e+05
1.834556653216612991e+06
4.077909501627310528e+05
1.097231825796254445e+06
4.979138365432859428e+04
2.831966365796741447e+05
2.776771103170215152e+06
5.552726355535723269e+05
2.425226993502015830e+05
2.470205687884673942e+06
4.952057059171848232e+05
8.334227932549148682e+04
3.850531002653691103e+05
3.034567662477842532e+04
1.042803548585557000e+05
5.219982600039957324e+05
9.031670895641440293e+05
3.772559004297223291e+05
1.109022759511977900e+06
4.867975216400700156e+05
4.011441574837808032e+06
1.076702492583041167e+05
7.840551302586237434e+05
1.193127314523947571e+05
4.214082825940901530e+05
1.594983993620257243e+05
6.565264720499346731e+04
2.071683802344803407e+05
3.421879933246063883e+05
2.472249792524532822e+05
3.433905828048942203e+04
3.782933552231051144e+05
8.529762253687251359e+05
9.411691865184373455e+05
1.370361889578271948e+05
2.100808580480058212e+06
4.459410129307704628e+05
1.068556524683308089e+06
2.733569556219437160e+06
3.293080102684950107e+05
4.184453780159858434e+04
7.559727954060984775e+05
7.249736956822640495e+05
5.126111750810551457e+05
7.439354996073099028e+04
4.593214508354982827e+05
4.156902598195024184e+05
3.690432385152461939e+05
3.498365066936514340e+05
5.102249651848464855e+05
5.432621163924720167e+04
5.141474031593175023e+05
3.052822135741094244e+05
1.171830594239707134e+05
1.464742701681923936e+05
2.609928915744187834e+05
1.498744908500510501e+06
1.021227383992052986e+06
2.891887014729896327e+05
7.023216566259388346e+05
2.789255199736910407e+06
7.088222667183029989e+04
1.700537028907091008e+05
9.975398720242687268e+05
9.385110434648791852e+03
2.798122518817573786e+06
3.886205418999356683e+06
4.791298484391641105e+05
2.082380142379299796e+05
1.181422970314870588e+06
2.707514139975683647e+05
7.032014305639581289e+05
2.036112763817232044e+05
6.246287700592909096e+04
5.900914103083778173e+05
2.579975333455873479e+05
9.756409892986860359e+05
1.388915142505626718e+05
2.189889414887198363e+05
4.852562243706250447e+05
1.464169210794568935e+05
6.493455352991592372e+05
1.607732551202568575e+05
3.444774467726001167e+05
1.066317997902348405e+06
5.331034630333196837e+05
9.195709139465312473e+05
1.305353548363123555e+06
6.473932591002522968e+05
4.595197892051045201e+05
6.182204608078049205e+04
4.716484177595489018e+04
2.894944083717975300e+05
2.523945531674223312e+05
4.738347708578606835e+05
2.415614060118970810e+05
2.881487315684844507e+05
9.529861193048049463e+05
4.567813770993254730e+05
2.673905203817235306e+05
4.143289039051690488e+05
7.794605798070588207e+04
1.885047406437911850e+05
9.831161484733317047e+05
1.951870101120024337e+05
9.599697285990379751e+05
1.772023355759578117e+05
1.950653501092740335e+05
6.585926906549744308e+04
3.262107993213867303e+05
1.944488479098808966e+04
3.010247391848027473e+05
6.974863967582923942e+04
1.303998438447370718e+05
4.396737816106061218e+05
1.438834050432133663e+05
3.514817352404004196e+05
2.185824844966097153e+05
1.513484639025814831e+05
3.039463088340915274e+05
3.915351669701799983e+05
1.306072845852720930e+05
1.848959587334566459e+05
5.074299477080754586e+05
3.758052020881883218e+05
3.446795774896641524e+04
2.002531187737688422e+06
8.416393485164809972e+05
2.545329046529000043e+05
1.436174260081603890e+06
2.077526836195622745e+05
1.930825053278775886e+05
1.769443774709877325e+05
1.134271554699893613e+03
3.460932851228641812e+05
1.325591228916687658e+06
1.357445705321465386e+06
7.698224433134730207e+05
1.139555464800565271e+06
5.599780030786845600e+04
4.229576450501707732e+05
1.392481673852626001e+06
2.057226774557385943e+05
4.079855249453576980e+05
7.671596023959592916e+06
4.633695723999481415e+05
1.042217754940569575e+05
3.128197069131958997e+05
1.135181825139600551e+05
1.195709793110196333e+05
2.629729159509034944e+05
3.243136112147665117e+05
2.245018856876463979e+05
6.936332127385713393e+05
6.131431872842096491e+05
1.619214115866309730e+05
4.004604998279729625e+05
7.111844986794192810e+05
4.183909028781590750e+05
1.262375787413015642e+05
3.886315636882587802e+06
4.428128293057551491e+04
1.714148234813619172e+06
3.886461720357298385e+06
4.770110734643523756e+04
3.768904150603053276e+05
2.127104138937451644e+05
2.790132146344381617e+05
6.839718406425793655e+05
3.802705726231503650e+05
4.774237698370302678e+05
9.394486932197581336e+04
2.600482693832438963e+04
2.839606127031152137e+05
2.924317076465402715e+04
1.626760399281064514e+06
1.789948085916921962e+06
4.985428449281835346e+05
1.833145030519257707e+05
3.398657545740083879e+04
7.429470802623570198e+05
4.941641974422688509e+04
3.029472583679299336e+06
2.995004295154071879e+05
1.281549892837663938e+05
2.558758170702565694e+05
2.619538501105711621e+05
3.004368145116552478e+05
1.316906295498216932e+05
2.949081780754045467e+05
1.351071546151506715e+06
4.026534584113069286e+04
2.097351514341867005e+04
3.680569008023342467e+05
1.490501990269891685e+05
2.212247148598938365e+05
1.564913616378261650e+05
1.190655898578779488e+04
4.222787247324360651e+05
3.818631251498781494e+05
4.639353325828113884e+04
5.870227087486207020e+05
2.575588255833840463e+06
3.051368442851935397e+05
8.453857360493169399e+05
5.376051855307642836e+05
2.431728170329561399e+05
1.042195014411605429e+06
1.144417704900900571e+04
1.174249417492234381e+06
1.390949471300495323e+06
7.433912363906692481e+05
4.563221637973216129e+05
2.977144415124056395e+05
3.104042417873130762e+04
2.434246398878606124e+04
3.108332109466001275e+05
5.773053128816728713e+05
1.997056437219137093e+06
6.400937039610472275e+05
2.095431109020045260e+05
2.505032516539445351e+04
8.568381911450551706e+04
1.472144811208359664e+06
1.810866279012727609e+05
1.237132662155025610e+05
5.337722394857703708e+06
6.127689608102500206e+05
1.520288253313594032e+05
9.541918742799643660e+05
1.441726710702388315e+06
6.021765274146587763e+04
4.539112262340527377e+05
1.571722389823573874e+06
2.203974605785626627e+05
2.991950381868777331e+05
1.551304696448631352e+06
6.131195057860230008e+03
3.462426900275879074e+06
2.810030029725056957e+05
2.232899425790485984e+05
1.457122668439483037e+06
2.797336864260556176e+05
5.365222287455381593e+05
1.228791925209434557e+05
1.319446767909937538e+06
4.990713496363144950e+05
1.889614984054098139e+06
7.607965183298729826e+05
2.886268966613131342e+05
1.391571067950629396e+06
6.650090044376617298e+05
6.066533925148549024e+05
8.956798397103969473e+05
1.950759050837859395e+05
8.344569883326182025e+04
9.247437238960308023e+05
4.542482675445751520e+05
3.584828858733790694e+05
1.283457699060720770e+05
3.070892903006264823e+05
1.321956429699737928e+05
6.565949611724415445e+04
1.044032940367194824e+06
6.206775092325040896e+04
7.894475687232103664e+05
8.523030544521135744e+05
2.034919947241164919e+05
2.841645878372285981e+06
6.444645002159154683e+04
3.412149719081978546e+05
1.845825795716644207e+05
2.517347683458446700e+05
9.586617610544375202e+04
2.618626029312306491e+04
2.361936596967426594e+06
3.762539603633571915e+03
6.202442068062171893e+04
1.826487488633677363e+06
3.750769847367951297e+05
3.290846856772680185e+05
4.470373809896919411e+05
3.101065882522519678e+04
1.159172331509144045e+06
4.724504433742418187e+05
5.443082507349337684e+05
2.514544781770219270e+05
2.190095366048113210e+05
3.066556487049847492e+05
1.884139040765426587e+06
3.312582685195638915e+05
9.333497721041617915e+05
2.204729831243452791e+05
1.460093975004512004e+03
2.837525491212830821e+04
1.951676151116714173e+05
1.566918960111010121e+06
5.051200424014579039e+05
8.147038636586723151e+05
4.985742750503930147e+05
8.989523902448746958e+04
2.463638108200822317e+05
2.832326800179310958e+05
1.256769742224599613e+05
2.755102227105877246e+05
2.188407962914562377e+05
6.874731363381346455e+05
3.392225246281941072e+05
4.088344031951965881e+05
1.923026034943432081e+06
7.243514091084167594e+05
1.557138988717136272e+04
1.890161610344526416e+05
2.765703826675583259e+05
6.128499684470526408e+05
5.462450746767827077e+05
3.085855238623507903e+05
3.954667937023293925e+05
1.182468339341252809e+06
3.427872354371412075e+05
6.126473351824764395e+05
1.017067329295176663e+06
3.855080916595403571e+06
2.548146643298170238e+05
1.966854287328039936e+05
1.903580397129024845e+06
3.077454624145757771e+04
5.279852771755951690e+05
9.314161043763057387e+04
2.159450958359358774e+05
1.316718395719334017e+06
3.039146567912860191e+05
9.292178634917438030e+05
1.268310876299357740e+06
2.444093580144693551e+05
6.579481520744254813e+05
9.911738091824325966e+04
1.332537885419185506e+06
9.512450295531243319e+04
1.703849913949807873e+06
7.640220551806762815e+05
5.447577760443222942e+05
6.848841685806281166e+05
1.936265459155704826e+06
5.208888673998802551e+05
8.199185140898944810e+05
9.464494538054555596e+04
3.866672491579294001e+04
1.053149578960806830e+06
8.274681203401822131e+05
1.008418214117817843e+05
1.541023435721918941e+05
9.192650091973138042e+05
9.736059404583592550e+04
2.860986354957354488e+05
4.630146234064627788e+05
7.840281522891413188e+05
2.786201849203821621e+05
3.849227072832610924e+06
7.443889823724867892e+04
1.079929815018240595e+06
3.890674448697230546e+05
1.207347287358353205e+05
1.112818765390522167e+05
3.668876997647551470e+05
2.637278769251763588e+05
1.048632309393880423e+06
1.431118776609091728e+05
1.088103553275823360e+06
6.836728481387479405e+04
3.147101027476416784e+05
9.346753827502082277e+04
1.810957081731348298e+05
3.467100533573974390e+05
3.994174477282937150e+05
1.267055619857195561e+05
2.374297425668771320e+05
2.254972805949817484e+04
1.384188854621646751e+05
1.025358414447390096e+05
1.069461584832792578e+05
3.290908788558541564e+05
1.659119847085867368e+05
4.971804991743325809e+04
4.820496646886814269e+05
1.445172580151149596e+05
5.650117729875706136e+05
7.692286973434755346e+05
2.824577227831600976e+04
9.741515520346841367e+04
2.884561246826063725e+05
8.114151797048845037e+04
6.607847632206742128e+04
3.178832483100228128e+05
9.572690633511649503e+04
1.854978626004116377e+06
8.134095282402677694e+05
4.627641720327830408e+05
2.474450384269780479e+05
1.638673867430502782e+06
5.808364601917499676e+05
4.863967658621214650e+04
8.764515092894178815e+04
3.081294698522725375e+05
2.779862371405316517e+05
7.527711293391927611e+05
2.156694705465375737e+05
1.363968284038539277e+06
1.323805045871822862e+06
3.081183220523633063e+05
2.459223357629119710e+05
2.100892987452338566e+05
2.452771859197051963e+05
1.658759575900500640e+05
2.598930322001698951e+05
3.116868395478733582e+05
7.027330537407465454e+04
9.377383395331059583e+05
3.878605390360322781e+05
1.059545219295298681e+06
8.433396208868985996e+05
8.699846007324062521e+05
7.432594846513823140e+05
5.745316571813664632e+05
2.347072468808167614e+05
7.186415560207527597e+05
4.083338949888400966e+05
6.507999265913611744e+05
8.603511766578134848e+04
3.306948534621066065e+05
3.624929968098145910e+05
2.129229760654265527e+06
2.959217851741047343e+05
4.109920375423843507e+04
1.164110583672268316e+06
5.040366516016923124e+05
2.268121706579588063e+05
1.805067583977011032e+06
2.797355626518459758e+05
7.642344054210007889e+05
3.784009588028214639e+05
1.864475819939727080e+05
5.622589923973946861e+04
2.600504317917213775e+05
1.461481684391697054e+05
3.500055543851919356e+05
5.037558454523697146e+05
2.150591363077362999e+06
2.738217410168782342e+06
5.411332273030310171e+04
3.161562032255784725e+05
8.771054366134812590e+05
4.131942912426695693e+05
2.204756861601116543e+05
2.231327481762503739e+06
6.425841992077818140e+05
1.161266241800243501e+06
1.489261114282230847e+05
1.799046343483204837e+05
4.910526100493186386e+05
1.761535791993113933e+06
5.094538606822266593e+05
5.627906250517762965e+04
1.188128581121148076e+06
2.607279377913568169e+06
7.469662092779889936e+05
8.080907242441219278e+05
2.810224159225029871e+06
1.110757814658570103e+06
1.797414445447027974e+05
1.593259331504486327e+05
3.604116802766283217e+04
6.946372734597274393e+04
4.088180551790017053e+05
3.177112904242894729e+05
1.128895903411152540e+06
8.630022501810166286e+05
1.026972000079332036e+06
6.662978228127418552e+05
2.669100029627855401e+05
3.038168924694045927e+04
1.573741883239016752e+05
2.294257216383720282e+06
2.694399651739520486e+06
4.391395375320166349e+05
9.359357168816126650e+05
1.159787333743409254e+05
5.527903877813543659e+05
5.078376737913584657e+04
4.509851363934191759e+05
1.528671451676322613e+05
1.075762164448006311e+06
3.026192886911251117e+05
3.134117218605519156e+04
1.003353680789595353e+06
2.529155964861875982e+05
3.108926600561865489e+05
6.407611635495549999e+05
1.210070500770692452e+05
1.804531660820422112e+05
1.250231291360191535e+05
1.254612268881790078e+05
2.118186835043952160e+05
9.250169601185874781e+05
2.395220576100056933e+05
1.704346208636168740e+05
5.635299252589815296e+05
3.589029609038668568e+05
4.846068157243818277e+05
8.840306106138719770e+04
5.961731872668656288e+05
1.267006377540301473e+05
1.022802386273008655e+06
1.444497420718655922e+06
9.386249974850851577e+05
1.704633543077166250e+05
1.245825483050521230e+06
1.034675356360995793e+05
4.890658235207021935e+05
8.938804899857732235e+05
3.749340025956819300e+05
4.131302872557925293e+05
1.511838609725306924e+04
1.089269219261902763e+05
1.293528996891418705e+06
2.131063998487918871e+05
1.244840485924490262e+06
4.933032379667145869e+04
4.306970714211001177e+04
2.610173413432299640e+04
1.012584307774190092e+06
1.570575214530742727e+06
5.040825507220315631e+05
3.019794270305731916e+05
1.737863381684621854e+05
4.753682496652583941e+05
2.496168289879461227e+05
2.393411162301155564e+05
1.046794877861997928e+06
8.879532860723767953e+04
3.618877914315380622e+05
2.603163833245030764e+04
3.397661764829757740e+05
2.587167341308055984e+04
1.569473135532292945e+05
8.435530692229571287e+04
1.873927665998347802e+05
1.295439341706458363e+05
1.014067284036065685e+05
1.260822672902390150e+04
1.125253851714849734e+05
1.084892164054029126e+04
3.240205603996565333e+04
2.329821086386430252e+05
3.020578437683294760e+05
7.211361801567756338e+05
7.678552177224932529e+04
1.554589824279135792e+05
3.441976427652895218e+05
6.036641460772971186e+04
2.034356852743213822e+05
1.281637264325220749e+05
1.354495503966542892e+05
6.526286606926890090e+05
3.376695121139008552e+06
5.736851909677983494e+05
2.986506597364642192e+06
5.600640773162114201e+05
5.458938009541928768e+05
1.249295575525967433e+05
1.152275705976259342e+05
2.684385315592283150e+05
5.319632709875378059e+05
5.223289557524933480e+04
3.251241722278717905e+06
2.229402694939987268e+05
1.109676961142178043e+05
2.304463187298096309e+05
9.207364334748906913e+03
5.670747572890042793e+05
1.941457355731135176e+05
8.673796680678608827e+05
4.951817066839569598e+05
4.464958141613909538e+04
9.241575284564483445e+05
1.520276710590724833e+06
6.384765121079123492e+04
4.009232958162550349e+05
5.779741232142102672e+05
4.113367842175432015e+06
4.608403846724095056e+05
2.402019559304122231e+05
9.167015656838712748e+05
4.244698268598954310e+05
2.742300586213720380e+05
6.815235592394941486e+05
2.486151039228638692e+05
1.357018078743772639e+05
1.748815623584198300e+06
6.679631722187490668e+05
3.974827720671427669e+05
2.896751087128998479e+05
4.227462723000756465e+06
1.089315164606338512e+05
5.636932907734758919e+05
2.109788567002415657e+05
5.437621236322369659e+05
1.969155621945517196e+05
4.901762115982037503e+05
1.167272845956115285e+06
2.719938449648872484e+05
1.006851772066952399e+05
7.945032110460691620e+05
6.618510664241471095e+05
1.953505866823921970e+05
5.998732997548129642e+05
7.909833068823986687e+05
9.039682794959566090e+05
6.370915262282773620e+05
3.529028455524268793e+05
6.175190736026423110e+04
7.272123789745400427e+04
1.765057861503350781e+06
6.543601896068797214e+05
1.565854959616394481e+06
3.008595195730432752e+05
4.437437147999625304e+05
6.007105107984434580e+05
4.847670393583613331e+05
3.228626874440524261e+06
3.283141995078982436e+05
3.648707167681023711e+05
5.743693069996771374e+04
1.846356282442825323e+05
1.664960601535638270e+05
3.300355066596785909e+05
5.497591740561601000e+03
8.864929770428757183e+05
9.212250154266267782e+05
2.756193724716895376e+05
5.257210952593834372e+05
3.087031911990138469e+05
5.122453680331389187e+05
2.873444847937623854e+05
5.864734245731204282e+05
2.329559613777783234e+05
1.831871713797491975e+05
6.041324613786054397e+04
3.038709039510019938e+05
2.684224659733723965e+05
1.145036753539046913e+05
9.911838700443370035e+05
2.847582700097397319e+05
2.332422036248071527e+05
8.126769921743219020e+05
1.385474566425205441e+06
3.107917100394427544e+05
5.734130796031188947e+04
6.745859559472695692e+05
1.364575058831091701e+04
6.596476009353514528e+05
2.214447573730738368e+05
3.299619475362600642e+05
1.378267101618436864e+06
9.514559867719315225e+05
6.252321793213224737e+05
1.381837553771502804e+06
3.553333218329925876e+04
1.989886342073777923e+06
1.860483053968610941e+06
7.521472975303918356e+05
2.427778345565702475e+05
1.609604885128187889e+05
1.613611120551083004e+05
2.452910706052034584e+04
5.968771580280078342e+05
1.693030595272416482e+06
1.889814671355792088e+06
1.757375726427990594e+05
2.723188959778557182e+05
4.277963794069607975e+05
4.294357019846235635e+05
4.106519766299044131e+05
3.557592882511423086e+05
1.118564593290283578e+06
3.589936655443870113e+05
3.518656459422808257e+05
1.963142662770276074e+05
4.055585867392437649e+04
1.755310630999421119e+05
9.101827656973090780e+04
8.158700848865289299e+04
7.516958984462324588e+04
5.654840983429059852e+05
4.130616175341954804e+05
1.469868898181939730e+05
2.292095502742473618e+05
4.574094909163587727e+05
3.137909708539472194e+05
6.525840599826807011e+04
1.339089184271694161e+06
7.789781728940736502e+04
3.352946326734499307e+05
3.276287428880501539e+05
5.599702788400402293e+06
1.447999954149842495e+06
7.655920596706537763e+05
6.205711911639085156e+04
3.634768660505855805e+05
2.544890602557027887e+04
6.419035693627288128e+04
2.344511341693674040e+05
8.645110683944586199e+05
9.541776322771550622e+05
7.412913701875993283e+05
2.717526446546473744e+04
1.380173705933880701e+05
7.635706529944913200e+03
1.036946715512875584e+06
5.377634425963934045e+05
7.240263765358731325e+04
8.047619342641948024e+05
3.571464896423721220e+05
5.957423238299937220e+05
1.579790308453621692e+05
2.436933058935036825e+05
9.325579323723420384e+04
1.959311377257395652e+05
7.462124663744743448e+05
1.265327305454492453e+05
1.087201460491094913e+05
1.330527795836589357e+05
7.515027737862814683e+05
2.530101282278447470e+05
2.665032728735274286e+05
8.284042147924415985e+03
1.254553093664462911e+06
2.191696349211119523e+05
2.821073824939363840e+04
8.899852639670749195e+05
7.184325031585774850e+05
7.072712430014229903e+04
9.557808420261071296e+05
2.705451825751995784e+05
1.110711995619474619e+05
4.357569492538004415e+05
1.002076646282122936e+06
3.350322187430843769e+04
6.565464338739681989e+05
1.135869835156561341e+06
2.050788640535401937e+05
1.048772235511532519e+06
4.514009471123951371e+05
3.541702993639303604e+05
2.470905511786459829e+05
1.222534663682422834e+06
1.524534513929323875e+05
3.181314924399307347e+05
2.613281747609532031e+05
1.248474008349314681e+05
6.419097034764762066e+04
8.171794482236530166e+05
2.428125245712437201e+06
8.937706159725251200e+04
1.126799475444718264e+05
1.369962250891739131e+04
2.671147947355478536e+05
9.460340932503479416e+04
1.653308394619161263e+06
4.560295916097583831e+05
1.460213826036256971e+06
2.226540837946909887e+05
3.068295613757850151e+04
1.408639789876044088e+05
2.139633209989510942e+05
7.917751653513566453e+03
6.434581951162130572e+05
2.341667959746208508e+05
1.054945453220213676e+05
1.982138235431864741e+05
2.148654847857442219e+06
1.710215931408063334e+05
1.930158126414879807e+05
1.882468781149658316e+05
7.483632458503971575e+05
5.049301198605810059e+05
1.852223133074827783e+05
1.293252802058541682e+06
5.578672586201876402e+05
1.262610483438268770e+06
4.718119027210767381e+05
1.697505729573284625e+05
2.233981700761230895e+05
4.742484995146465953e+05
4.238738991355964681e+05
5.154058036237378838e+05
1.004018862339979969e+06
7.358559993125651963e+05
5.035614416547925794e+05
4.152807542333432939e+05
5.018212224107324728e+05
5.520038752662573243e+05
2.460059721567954868e+06
1.186423814715375425e+06
3.819281673370405915e+05
5.721716350304097869e+05
1.641598732970486453e+05
6.773288971304750303e+05
1.227290169591660379e+06
6.498903956318421988e+05
8.981719022968200443e+04
4.309871347451265901e+05
1.588076957370638847e+06
8.847513277264508652e+05
4.907612518683164963e+05
2.909709699164839694e+05
2.028998467577048810e+06
2.245473780196014850e+05
2.755766727461421979e+05
1.805808634618427372e+06
2.931104977379192860e+04
1.436922353536457056e+06
9.272216210648741107e+05
4.241363415540508140e+04
2.901797472539806622e+05
2.624400082148874644e+05
1.194434246350374538e+06
5.447748461494908406e+04
3.175069702247019159e+05
2.900233943795476109e+06
2.749429741231828230e+05
1.332174103504217463e+06
3.228929835877948790e+05
8.934548147905780934e+04
2.787812136701233685e+05
1.540028727673595131e+05
3.974438365325293969e+06
4.562864636130270665e+05
3.813687314352259273e+05
1.029662850883173232e+05
1.269949594134906773e+06
5.515517140992301283e+05
3.401310309556777938e+05
2.684690081567248126e+04
1.198595940030052152e+05
4.137838369774110615e+05
1.641146553015339421e+06
5.191972947567015071e+05
2.931792844616236980e+05
2.151051377197800903e+05
8.355544304532145907e+04
8.298383843426266685e+04
7.626507017632633506e+04
3.536392271377380821e+05
1.645587817257795832e+05
3.832670420707834419e+05
3.705273910668099415e+05
1.102870959847484250e+06
5.657858006236535730e+05
1.902624391248523956e+06
2.169722549589761475e+05
1.498311479598187143e+05
1.214229732548454544e+06
1.878489013146365469e+05
2.455143315742380451e+06
2.579733536985061164e+03
1.439763238031859510e+05
9.767181881315037026e+04
2.738389088542435202e+05
8.820586559325087364e+03
1.130964783151913871e+05
9.468942460681198863e+05
3.682720532357571647e+05
1.117629475386721548e+06
9.025101014820393175e+04
3.005781569952292484e+05
3.076766755996936932e+06
2.264640650125270186e+05
2.804531967774847872e+05
1.802784896693817573e+06
4.160664613818110956e+04
2.287288933418483066e+05
5.092423251778298290e+05
6.697308814352037152e+05
2.005469637604242598e+05
2.168582279256833135e+05
2.310467179308330815e+05
1.960268366394606186e+06
8.643723041358609917e+05
7.891980223588104127e+04
2.299913877037551720e+05
5.567125008516152157e+05
4.622906543062279234e+05
7.563639914396998938e+04
2.577943251048474121e+04
5.904614323022250319e+05
7.033347701321766363e+04
1.636142887039612688e+05
4.020292135868309066e+06
6.296609330204303842e+05
2.923331677384051727e+05
1.045638519003752153e+05
9.411435918742469221e+04
1.008806985017576517e+05
2.901847297644562554e+06
1.846108575903108867e+05
1.156201321632302424e+05
1.936756551208622404e+05
1.450707936639120744e+05
1.144137722469857254e+05
1.222612440835241841e+03
1.368083212760099559e+05
2.155473442955804348e+05
1.128528929592802597e+05
4.650463571491829352e+05
5.468417311674338998e+05
4.050577636144383723e+04
2.352472949924716668e+05
1.732206026381496049e+05
1.592496666634612484e+05
1.306554969898428863e+04
5.621692307043082546e+05
9.434027515957723372e+05
3.218444863720208523e+05
1.088024919814726454e+05
6.546562855827454769e+04
7.260523504779917130e+04
1.596931619050224544e+05
1.504860385353864403e+06
1.651044393994665006e+05
1.044310967637049616e+05
2.185068474420194398e+05
6.253134284304229077e+05
6.835839534269090109e+03
3.491014977299139136e+05
5.117485515411351807e+05
2.738998878572192625e+05
4.944668255823518848e+05
6.315967986035106005e+05
1.302154591890580487e+05
1.567728137181989616e+06
1.547989196122644935e+06
2.522812347433691612e+05
5.511785293588796631e+05
2.581362512141237676e+05
5.140901589478682727e+05
4.295374829356574337e+05
1.798919042570383521e+06
2.390448355001245800e+05
4.284436845814911649e+05
3.444624251165774185e+05
8.245004739943568129e+05
1.471262339670677902e+05
1.100182977014370845e+05
3.359001579350605607e+06
2.269816810056421673e+05
3.262359535572241875e+05
5.074661301894653006e+05
2.118771308218573395e+05
5.212236475451147999e+04
4.686895580304451869e+04
5.071681372086071060e+05
1.837327165954891243e+05
4.621882999242090737e+05
1.282518483232452767e+06
1.293079714697304880e+06
9.051800402565464765e+02
7.979777157078755554e+05
4.977822213034801825e+04
4.261742476108546369e+06
2.473297356872414239e+05
5.969213786906489404e+05
1.777572417937703140e+05
1.717012181244125895e+04
8.039228345464592567e+05
3.006650004294172395e+05
8.144485561963434156e+04
7.284784169902732829e+05
8.118997774403649964e+04
2.029760767211430066e+05
2.544608286381973594e+05
1.652239427349164616e+06
2.277614833554667421e+05
2.604889138614600059e+06
3.775168483080408536e+06
8.215282981299055973e+04
2.230571766731442403e+04
5.217147104698419571e+04
5.379570621552156808e+04
9.208149162309031235e+05
2.994799358451976441e+05
5.457024418602781370e+05
2.580882884583853884e+05
7.460190378556968644e+05
1.292619981186762197e+04
8.391347029099944048e+05
3.041509266810627305e+05
1.223598939451080281e+06
3.226172239016983076e+05
1.435335837630079128e+06
6.235305180106593762e+05
2.611855098584295192e+05
1.989631820288797317e+05
1.399936281550285639e+05
1.352971266481268685e+05
2.266336972065047303e+05
1.150025562748188968e+05
4.990575014933751663e+05
6.645181016843948746e+05
2.640047100768649761e+04
4.052675430992254987e+05
1.634821659133849898e+05
1.219884346931557375e+05
2.603941343625005393e+05
4.243371259454314713e+05
2.383728403346038831e+05
2.248515213517846074e+06
8.061796322264510673e+05
4.122316536423794460e+05
5.385212228410800453e+05
7.207353536454993300e+05
1.945815749979131157e+06
2.448334962832573801e+05
1.220530940886890516e+06
2.371192595099201426e+05
1.791316513571109099e+05
2.550318230651374906e+05
2.459253583183274604e+05
1.657931482372288883e+04
7.038808608288921823e+04
6.516513654692491982e+05
4.666722434998194221e+05
2.948869144292201963e+05
2.309711168518558145e+06
7.184918399193304358e+05
5.419645082257490867e+04
2.826119180527619901e+05
3.735763747339976544e+04
4.579736989925286034e+05
5.136330197930661961e+05
8.112452429649757687e+05
4.335325700000908109e+05
2.337805656032652769e+05
1.182934681235122480e+04
4.660777160628646379e+04
1.342590577400168404e+06
8.985645615383466065e+03
7.773247089656294556e+05
1.716373554970386031e+05
1.785616894353013413e+04
1.440861745685839327e+06
2.521822303357938945e+05
2.632428144256969099e+05
1.881246061140302045e+05
8.592515991849935381e+05
1.547230762926024909e+04
1.735859304402259877e+05
1.069571613784627989e+06
3.319631755258800695e+05
5.480252982587872539e+05
3.263025918814964243e+05
4.986318697628702503e+05
9.785508765142050106e+04
2.809550532876994112e+05
4.410679025667154929e+05
1.581900735407939646e+06
1.084218042281632661e+05
1.467518465759193059e+05
3.191483333021070343e+06
2.828901515418319032e+05
9.635133940511601395e+04
1.362946669575484470e+06
1.254811175381949433e+05
7.302891611555433883e+03
5.035631862132866809e+04
2.102421859471495263e+05
3.292385123770358041e+05
7.669823504694476724e+05
6.547394489033729769e+05
9.506512552943537012e+05
8.773145483166709892e+04
6.015407496852121549e+05
1.914988528694497654e+06
7.930384280162994983e+05
1.592164501849278167e+04
3.769622969895316055e+05
2.738461206673768465e+05
2.891232295029207671e+04
1.634070440564041492e+06
2.098965875025493558e+06
2.970857713544616709e+05
2.186141130112565588e+06
4.482506086184219457e+05
2.248610832404215762e+05
1.469958355042600888e+05
1.382995376657457091e+05
1.052981535520792007e+06
2.304224820950406502e+04
1.363231322451900342e+05
4.389369028938516858e+05
4.824438368778688600e+05
3.604223058378641144e+05
3.783950346158540342e+06
1.143872999195920769e+06
5.318605576186082326e+05
4.647296169822319644e+04
1.083641766022084485e+05
1.109587252699426608e+06
1.206902540738703916e+06
5.637575055221364601e+05
1.894195840695288207e+05
5.555740374685995630e+04
2.198791445706680825e+05
2.511827238463228277e+05
2.806010039377762005e+05
1.014116176248498959e+06
7.717804330505018879e+04
1.745566115199916239e+05
4.610846410800605663e+05
1.198107691129209416e+05
3.447526371980586555e+05
1.483708229399601114e+05
2.610068152992163668e+05
1.128765146947925678e+05
5.075496042689509923e+05
2.843943447081510094e+05
1.836183912923652388e+05
8.563831556143606082e+06
7.315027474923103000e+04
2.080825934936897829e+05
3.069734804964242358e+04
1.237397315593609586e+06
2.532012088232180686e+05
6.016704558775664773e+05
6.978585859206638997e+05
1.513738275132226699e+05
7.477346334179007681e+05
1.543411014224562387e+05
1.765784981795612490e+06
1.718028508747044543e+05
1.227615035697915591e+06
1.066679492219565203e+06
8.442819625864245463e+05
3.022564579793006415e+05
1.374402843607266550e+05
1.468799880591174006e+05
2.078401791645410412e+05
1.387385459335355088e+06
8.724388473695401335e+05
1.398642932712460402e+06
1.302970633218047733e+05
5.715545898871711688e+04
5.844775584556664107e+05
1.327678168860884034e+05
2.753433610750306398e+05
1.013838646491322317e+06
4.394731534297689213e+05
1.180903504746539285e+06
1.218000072085495573e+06
2.497554097783310572e+05
7.355684921151439084e+03
5.111994706863093306e+05
6.214095542269940051e+04
6.688121174594186014e+05
2.999480775880590081e+05
4.683518035319613991e+05
9.864518832326077973e+04
4.628555982637793059e+05
1.503033334211886977e+05
3.823635721035545430e+03
1.274701496930375433e+05
1.179741963554670219e+05
7.078224590657452354e+05
3.081749704524753615e+05
1.395377968363056716e+05
1.347997283409678494e+05
1.611886424648712855e+06
1.680172358270439145e+04
2.080565868346734787e+05
3.546559789736637413e+03
5.202586902180771722e+04
1.544488245714975754e+06
7.833715205254495959e+04
5.906211841976320138e+05
2.721796732507845445e+04
1.942432190093963582e+05
2.384739557286301628e+06
5.561482534493782441e+04
4.434820386237791739e+06
2.040849491589425306e+05
1.631984711399886059e+06
1.412629548513719346e+06
1.033045763475827698e+05
1.086539634899097000e+05
8.136203470224107150e+04
3.887796401943817618e+05
1.167444074302490626e+05
8.593460257220807252e+05
3.905302063495197217e+05
1.291755564887880901e+05
6.563318284724476980e+05
1.156568553369341971e+05
6.911142483931402967e+04
9.157302697502505034e+05
2.423975508745857805e+05
5.400245128360015806e+05
1.367891663415411604e+05
1.097788597946176160e+05
1.137454674051133916e+05
1.322400775209499523e+06
1.678479949808891106e+05
9.335455590276967268e+05
4.458756706095543923e+05
2.773018241682052030e+05
1.135738679412513971e+06
1.255052056310428306e+05
1.219835885183838691e+05
9.336326394524350762e+05
4.902037546762751881e+05
4.886116233147421153e+05
1.688643872172308911e+05
5.368411498233277816e+05
9.756822881498650531e+04
8.314456856384134153e+05
2.098981022410111473e+04
1.550340757488401432e+05
3.460626826019914006e+05
7.723681513477717526e+05
5.306948588314459193e+05
2.059508655457841814e+05
9.136242555345181609e+04
1.105171754627889022e+06
2.470961138821271015e+05
3.954816743493590038e+05
1.850320413611479569e+06
3.803710512580169598e+04
5.820240616769006010e+05
5.406421310236034915e+05
9.953062551814924518e+04
1.623539119943184778e+04
5.592898798802567180e+05
1.496152789066447585e+05
1.058979336187078850e+06
2.490692858946867636e+05
2.292649089801577211e+05
1.101537212680520461e+05
5.879972965197475860e+05
1.524214475224120542e+05
3.821558155886951863e+04
1.146242759023877006e+05
2.272975945586013608e+06
3.433181376338341943e+04
1.343752530474161729e+06
5.791467718343691558e+03
2.563118749876999762e+06
1.490716319709149888e+06
5.081477476704917353e+04
8.787784846010028850e+05
4.053844876673417748e+05
2.962532344516432495e+05
2.368291010747439286e+05
2.137816078839300026e+05
1.325565704492177349e+06
5.179551172165607568e+05
6.543628697697860480e+04
9.078705891372391488e+05
1.725492674296739860e+05
7.540074708385059785e+04
1.816545997285043413e+05
5.147892314522601737e+03
3.887765601333623054e+05
4.214528871669689543e+05
4.635699961602413678e+05
1.053713704091981286e+06
3.093015845221173484e+06
4.556293968711273628e+05
1.420175178685244173e+06
2.990850187355343951e+04
4.575768833103471115e+04
4.801756550305904821e+05
1.034534164126281277e+06
4.116413776276441058e+05
2.898371076730459463e+05
1.593471890305631387e+05
2.106381409905048204e+05
2.136126633706538414e+05
6.736050279178431956e+05
2.120391216182195640e+05
5.417258546363336500e+05
3.621517850408040453e+06
3.574463865485530812e+06
1.025265989943791530e+06
6.943976142280119529e+04
9.619839391180181410e+05
7.421221121763961855e+04
8.057632362688740250e+05
1.903977879253858118e+05
3.583576620142301545e+04
4.516082006012798520e+05
3.927608791868263506e+05
4.904988039487033966e+05
2.109277752566678100e+05
1.925764290575716877e+05
5.002467940339766210e+05
2.898847192540345131e+05
1.054212488886894193e+06
6.101541244773664512e+05
1.715373292566822609e+06
8.096837588155823760e+05
6.624353995640687936e+04
6.426374315451713046e+05
7.000950099549206207e+05
4.532105703881302848e+06
1.075713890299966733e+05
1.039028919686990441e+06
2.943613544929926284e+05
1.078676762456361321e+05
6.641418954678626033e+05
1.158392434384671651e+04
2.266497721399175003e+06
1.236744640125000587e+05
1.499622932203971432e+05
1.592701534972806112e+05
5.852245011688370141e+04
4.675537196915507666e+05
1.793319046265551005e+05
8.936258447681354301e+04
8.657071270565917075e+04
5.128762522997491760e+04
1.871557998708394880e+05
3.304748361343001015e+05
4.491376494123387965e+05
1.729645042531052022e+05
5.581806848445298965e+04
1.177901343921025691e+05
4.861064835499760229e+05
3.258730163754647365e+05
6.138165913939493475e+04
2.405740529209837841e+05
2.087681643527692722e+04
1.056806065077311825e+06
1.227575893684868142e+07
1.305971220267059834e+05
1.165001944885803852e+06
3.320478862344043446e+05
9.456255434120362042e+04
1.399900681399866880e+05
6.420253924646388041e+05
2.767688939385907724e+05
1.578197629240870941e+06
6.421441025792383589e+05
6.463024425706976326e+05
5.396425337639749050e+05
1.156592213327946811e+05
3.538108709112933138e+05
6.752822193201167102e+04
4.806031974051779252e+05
7.405978083462165669e+05
4.808291031090749311e+05
2.860571344962784788e+05
5.236760698690066929e+05
4.435695247071826452e+04
2.631766408608286292e+05
7.144381964592599252e+04
1.355336486018484691e+06
5.023186965783103369e+04
6.546942010491410474e+04
3.040655048655001447e+05
5.179562273082052125e+05
8.296086363486446498e+04
2.008295197960722435e+05
1.807667244420743082e+05
5.366894093385016313e+05
6.150510100788449927e+04
1.806113182568024204e+05
1.611732974838634254e+05
7.055337451903585345e+06
2.022456550465841428e+04
1.023275052570547443e+06
9.538652224106244976e+05
1.202995584394276229e+05
1.285778508221573575e+05
7.667788312485523056e+05
1.991819942023292824e+05
4.259427512233151938e+05
2.906274147077389527e+06
1.650863584340944362e+05
2.879113330402878113e+06
5.251662820814945735e+05
6.240200036223382631e+04
5.993473105855607428e+05
1.070962488791250362e+05
2.280001588448955445e+05
1.122237133503350342e+05
7.181827162723224610e+05
1.039254152416312718e+05
1.523509134067020495e+05
3.575973389493559953e+05
3.543547896157761570e+05
2.300975447833467275e+06
4.967370243652559002e+05
3.605992125225284835e+05
2.080478127222816925e+06
2.466236924023514439e+04
4.532817943090965855e+05
9.570330507235557307e+05
2.015587552942344337e+05
1.962421728166311805e+05
4.510298354015171644e+05
1.325878002364907006e+05
8.336680760911869584e+05
2.909762536787356948e+05
1.084091267963759747e+05
8.605219469599771546e+05
4.386678127353468444e+05
5.846185904492545524e+04
3.133723186110300012e+05
1.893014998500944348e+06
5.684293468210706487e+05
2.463219472641242028e+05
9.810238070139834599e+04
4.568587367168977507e+05
5.461833038335177116e+05
1.836385854885857771e+04
4.364964735471601598e+05
9.797106621010920207e+04
9.953081207711370371e+04
1.713797617939060146e+05
1.051320748590358853e+05
7.341245806357376568e+04
6.301999517252679652e+04
7.326204151797144441e+05
6.603404877814557403e+04
2.953895007956912159e+05
2.023166696368427074e+05
1.110960619523499394e+06
7.182663561039459892e+05
1.446781755640612973e+05
2.207221974368427182e+05
1.406926228699979605e+06
4.404263496920520265e+04
2.104177678946304601e+06
2.796413380227353191e+05
8.075272165943500586e+05
9.313570218232021944e+03
5.997902752443663776e+05
6.094018788162664277e+05
3.672706398112933966e+05
8.501712154378124978e+04
6.177713856041687541e+05
3.842777248391489848e+05
6.267549393037301488e+05
4.198633287728695723e+04
6.598442392930031929e+04
5.191824664875997405e+04
1.212728518582630750e+04
1.080392836884123972e+05
2.023038004021776942e+04
1.087949752356014680e+06
1.391199488634550362e+05
9.018864982518019387e+05
5.015073292259106529e+05
1.985893515050143760e+05
1.860754241212563647e+05
1.543819842480902094e+06
6.892318615347065497e+05
1.138357969700758811e+06
2.383782424985238817e+06
9.013536625242726586e+04
7.177476803528752644e+05
4.250365458053677576e+05
3.260983386509726406e+05
2.255608658133613877e+06
4.836119631321389897e+04
9.929410714138986077e+04
5.360563620770792477e+05
4.625890675179320388e+05
3.420745637541505275e+05
1.541096453846691002e+05
2.484312495681964792e+05
3.108424318357850279e+04
4.508031195379146375e+05
2.822819773705455591e+05
4.882038885660717642e+04
5.647513097611714620e+05
4.829834350442618015e+05
2.014544157045731554e+05
1.596017246445238707e+05
1.589242888726579724e+06
4.244755940146798966e+05
1.660481678118893178e+06
7.187308563808203326e+04
1.090567858954675263e+06
2.087619335066519270e+05
1.002870485981902893e+05
2.427488825110757898e+04
7.926475807629458141e+05
5.651873131303510308e+04
2.557477229849594005e+05
1.631385967158247367e+05
1.774286041792563628e+05
2.531634975955855916e+05
