4.091839289261643426e+05
5.313995129506746307e+05
3.237006663965849672e+06
1.151953855286872480e+06
3.277750187761004781e+05
8.900966912533842260e+05
2.263970753933783621e+06
4.681762544142471743e+05
2.944137783328124788e+05
2.754004774766580085e+05
9.937379310141422320e+05
9.902641660480643623e+04
8.122165192509423941e+05
1.879701561576666427e+05
6.434550155798608903e+05
3.431108826592247933e+06
8.673940864612207515e+05
3.600503538987454522e+04
1.100885368141549639e+06
2.986771809945667628e+05
1.680889613826153218e+05
4.023367100079498487e+05
5.620665915772027802e+04
1.829508958141700714e+05
1.372738372847891587e+05
1.499977481074263051e+05
2.336685565367569216e+06
2.656042152952775359e+05
4.751791638694321591e+04
1.018317954062857316e+06
2.060079081122342905e+05
2.138357432922857406e+05
5.635056537108594785e+05
2.624283714269996271e+05
1.213166272990649741e+05
2.882798535690096323e+05
2.171113559220148018e+05
6.678145559891755693e+04
9.398423398854579136e+04
2.855724929902289296e+05
7.739331862746925617e+04
7.548754242954900838e+04
2.850318120817702147e+05
3.035998246650282526e+05
8.622547609745142981e+05
2.876620492969978950e+05
2.259606600143204851e+05
1.707057392799608642e+05
1.507655461522779951e+05
1.094131400373397162e+06
9.103731214315630496e+04
2.677065167505635181e+05
1.745662863563091669e+05
9.874810132098279428e+05
8.513598978543038247e+05
2.259012521478499402e+05
5.919199327310446097e+04
2.976216558049508370e+06
5.405687536095619434e+05
4.667214989970014431e+05
3.823480195063936990e+05
1.934459149012007518e+06
1.851323664380397167e+04
2.656131662186653703e+05
3.029310000369780464e+05
2.364612298462018080e+05
1.765867547594871721e+05
1.747705163145962870e+05
2.409373072515376844e+05
5.087633139546074090e+05
3.860039645275728544e+05
2.710388652239271905e+06
2.469792214754139713e+05
7.652775778645316313e+04
2.184517425818479678e+05
3.500027531577511691e+05
4.506861941107423627e+05
4.881692718655291537e+04
1.508254822322897380e+05
2.712560776671211352e+05
7.738263643196494086e+05
2.482006729276836559e+05
8.850501728449679213e+05
3.530973001554696821e+05
1.035942786467257072e+06
2.718661361792877316e+06
5.846514134065981489e+05
8.641911909265619761e+04
2.063853311145889165e+04
4.126441667019927874e+06
1.124323519359208411e+06
2.310183054577128496e+05
2.454482473421226721e+06
7.927490578378411010e+05
2.911962668669360573e+05
1.108620126720558153e+06
6.701512994857509620e+05
7.321597589048385271e+04
4.101047926937978627e+04
4.047669816406398313e+05
1.364669077437215601e+05
3.207896698378438596e+05
1.096838275456756819e+05
4.667815141850954387e+04
2.349710732807879976e+05
5.454852992549147457e+05
1.178858804608023493e+06
4.550969604779280780e+04
4.611632068287979928e+04
4.942436985956839053e+05
1.526599541243001877e+05
1.034628129760399606e+05
1.816156349156519864e+06
4.811456062878242810e+05
2.115865299214826373e+05
1.449924435569513007e+05
3.218767141231088317e+05
4.190824756018467597e+05
2.373412297971383377e+05
1.516143699292965932e+06
4.023457840289995540e+06
6.255232205072960351e+05
2.211792905106159160e+05
2.336224352848447961e+04
1.052479406548194587e+06
9.563517939920311619e+04
7.649589681218439946e+05
1.266658479107885796e+05
2.777918637894100393e+05
8.307486897541968210e+04
1.574689865513963741e+05
4.363587548832559842e+05
8.027073695547513198e+05
9.974717019944728818e+05
5.698232562562875682e+05
2.597317977305728127e+05
1.865809348385330988e+06
9.507827674507828197e+05
3.534821347615927225e+05
1.120604684189829277e+05
1.236501962437581271e+06
3.409328030707636499e+05
3.737793605239381432e+05
8.194985939805806847e+05
2.177118692238030198e+05
4.106701471534330631e+04
4.739036478783588973e+04
1.555951843246844655e+05
1.274538625064688094e+05
7.743034696013708599e+05
1.414953517454287794e+05
7.072506744204642018e+05
2.443720874006812810e+05
3.439134230687050149e+05
2.665807118003784562e+05
1.115760328498736024e+06
1.865139484382161172e+05
2.962654696300956421e+06
7.085522466307901777e+04
1.898739085010985727e+05
3.332415201406634878e+05
1.963100592843702063e+06
2.730604372640718357e+05
3.282618697610976524e+05
4.918563683339961572e+05
8.224557297872303752e+05
7.726169568370246561e+05
3.984594191501769237e+05
4.599758352703142009e+03
6.776009158955595922e+05
1.954788182330646086e+05
1.385493454080658732e+06
3.031792931834215415e+05
2.316624422612221097e+05
1.119678706636391726e+05
1.914862663587600400e+04
7.894846643760016013e+04
2.049822717066728801e+05
7.418848771560942987e+05
2.522249479172808933e+05
1.351599936042522080e+06
4.272262497108828975e+05
3.369107741680520849e+04
1.353394416617014213e+05
8.900331613870862639e+05
1.006413409163745120e+06
9.766967130276609169e+03
3.946265723756607040e+05
3.226843889699535794e+05
6.039399206256037578e+05
1.469182534095920892e+04
4.987906881368119502e+05
2.670742582931405050e+05
9.069931919552674517e+05
1.998216291169382166e+05
2.012374501595913216e+03
1.239705113016161835e+06
1.990022725660364376e+05
7.970186114206623461e+04
3.185874323135063169e+05
2.666385540310500655e+05
1.339019366111365380e+05
5.695305711278347299e+05
3.345602320722617442e+05
9.942841061847097008e+05
1.543200265260674641e+05
4.800341367076897295e+05
2.206846462363882747e+05
3.542848891138628824e+05
9.493955450443175505e+04
5.525420612103324383e+05
8.905267161204247968e+05
5.530256669308900600e+05
7.559888778179141227e+05
3.712751858817905304e+04
4.701807073163907626e+05
2.104391097402107553e+05
1.018124042461485020e+06
6.762165605006848928e+05
8.426494084699394880e+05
1.966314204463176720e+05
2.707969617281882674e+05
8.450413411261512665e+05
1.121495878616933624e+05
7.611026776645041537e+04
1.109510105904944503e+05
9.820602981545240618e+04
2.618896246056210715e+06
3.218088703849925660e+05
3.939456888754020911e+05
7.150586977269485360e+05
4.227041721128521021e+05
8.535187307739621028e+05
1.903827927742334141e+05
1.881287796123963490e+05
1.411422709518765332e+05
1.324847259690310748e+05
1.045466844822227024e+06
4.268584546162922634e+05
7.875221979435529793e+05
2.720723615136843291e+05
3.470551695805563941e+05
9.475416490782853216e+05
7.675258165780168492e+05
1.407920247529304179e+05
4.451584481097530443e+03
3.150488306279015378e+05
1.631230584953160491e+06
7.083974115955890156e+05
9.080826500916550867e+04
6.951231387120115105e+05
1.610897021180871408e+06
5.166476199019181076e+05
2.884922033505719155e+05
6.025130047465011012e+05
1.112335861193424062e+05
1.195427203082306078e+06
2.015103567921521608e+05
5.048387429744021501e+05
3.537289243965273490e+05
7.303489815516310045e+05
2.046258854937866854e+05
1.832959100079348427e+05
2.784714224413016345e+05
1.413633234020821692e+05
7.963211142361389939e+05
4.569908592542815604e+05
7.958764959785462124e+05
5.933911907898760401e+05
3.118156269918368198e+05
1.316529918957261601e+06
2.491956137281689444e+05
2.400508523359032988e+05
2.236625147413714789e+06
1.277135215559632779e+05
3.732948790177424089e+05
5.646512408652923768e+05
7.042479463439309038e+05
3.339721123086896841e+05
8.541251684484873840e+04
5.670804967816703720e+05
5.593891138943255646e+05
2.738381615180993103e+05
8.472493367415358080e+04
1.069357327293825656e+05
3.842012747853056644e+05
2.530818577743681148e+06
9.126736765309645562e+05
2.538453609848693304e+05
1.773834872805253253e+05
7.347689472187069478e+05
6.682973516990845092e+05
2.784423808704015100e+05
3.469845803712609923e+05
2.983892346434572828e+05
4.899816195601400686e+05
1.784923384218667343e+05
2.606282414805504028e+06
1.147730140214346582e+06
1.106281141839820048e+05
2.981633273999661906e+05
4.035391359874918999e+04
1.218402181052916683e+06
1.223383655399555108e+06
3.040836964431150700e+05
2.379849329186166869e+05
3.103879629828424077e+05
2.526005281448868845e+04
2.164250675477398181e+04
2.534228296861224517e+05
2.850646553639537306e+05
4.411601919639520929e+05
1.234677895052139502e+05
1.817232215267250547e+06
1.346819726134360244e+05
7.599148396896261256e+05
4.462192465179396095e+05
9.350032032125691185e+05
1.430494856984028593e+06
3.632199028395988280e+05
7.434523508023918839e+05
2.159024313251901476e+05
3.691899668765281676e+05
1.449245503800870385e+06
3.315137700329156360e+04
4.686804473111133557e+05
1.065498908947630989e+05
1.218437252519817092e+06
4.594611400879940484e+05
1.768055639721566986e+05
1.135835882365048019e+05
3.424599044448281056e+05
4.444808630873972434e+05
1.095957211430687457e+06
1.317261279173943622e+05
2.846919269824509043e+06
8.506994808100185764e+04
1.888631325258563971e+06
4.299334525985916844e+05
4.579401243446798617e+04
6.577103880877716001e+05
2.491359246139231836e+05
6.837981030616762291e+04
1.910353481319338016e+03
1.990272189134061337e+05
9.391082903053207556e+05
8.098718394244142110e+05
1.101197119663355872e+06
2.208588239466765663e+05
7.083239050505445630e+04
6.757869654546831734e+05
1.972297187131228391e+06
4.314128412877185037e+05
3.094540867049594817e+04
5.314314023784874007e+05
1.411224676108571584e+05
2.233386780113293789e+06
3.603886858091569156e+05
2.239538638178349065e+05
5.853759359521928855e+04
5.195700608901708620e+05
1.421211672627516382e+05
1.077052795899540419e+06
2.922176988718583598e+05
1.553239612140068493e+05
9.397569287912352011e+05
4.078239236161157896e+04
8.989113066420042887e+05
4.405153004324313370e+05
1.669089236649271625e+05
8.498123084892228944e+05
4.741574502713778056e+05
2.017249670282943407e+06
2.814991351142678410e+06
1.136672843878954183e+06
3.983865898712063790e+05
7.117549315230785869e+05
5.845731357543653576e+05
8.715154880236973986e+04
6.059870948198633268e+05
1.536456866008892539e+05
9.252733554195114411e+05
9.100238422299333615e+05
1.711342125290895347e+05
3.465883340780356957e+04
2.799207248578259023e+05
1.203281789491919335e+05
3.148273564785587369e+05
4.212536175946485600e+05
1.840514276233243989e+06
1.635703240006724373e+05
2.862498352191745653e+05
1.066675108421306824e+06
1.993971565522192104e+05
1.105348400321000518e+05
2.903862300387329378e+04
5.729720712221461581e+05
6.286025772998107132e+05
1.954245022917748429e+05
1.001598844879964454e+05
6.044370746854775643e+04
4.466755021437909454e+05
4.924110626712081721e+05
9.513056312063270889e+04
6.015180170987437014e+05
3.693504098478450906e+05
4.292902519498381880e+05
3.376034082925108378e+05
6.142281219333866466e+04
1.410805870652979684e+04
8.737084252796504006e+04
3.975644742112716776e+05
6.105886680293243844e+05
1.929322505559466081e+06
1.211586831046753068e+05
3.673515240102288080e+05
2.436896048899483401e+06
8.646796289421798429e+05
1.723513445799036999e+05
1.990663103601760522e+05
2.446108446561980236e+05
7.387925054804163519e+05
1.476375854697566247e+05
1.568286387533208181e+05
4.601857142339699902e+06
5.870982524754635524e+05
9.718575604920770274e+05
2.318922000074124895e+06
1.068056163022649242e+06
2.520257475881452207e+06
1.009250964198507951e+06
2.403779736811071925e+05
1.075695179490591690e+05
1.389363458329980960e+06
7.846240800494219002e+04
4.774723282217256929e+04
2.181118715518241224e+05
2.825256320980754681e+05
1.173117299024669956e+04
1.559408727566436166e+06
2.449734489053956349e+05
1.197878400721904327e+05
1.113378662801961182e+06
3.388748078429840389e+05
2.071552216335889825e+05
4.067891964191465522e+05
1.563954553997695984e+04
1.891308746270215604e+06
1.824389373828735203e+06
2.881373477298942162e+05
1.749948751736784354e+06
2.143999229449349150e+04
8.257574050604854710e+04
2.237164341025163594e+04
4.822603810068015591e+05
4.782053221744738403e+04
4.324782687521317275e+05
1.119710474528274033e+06
1.629784544270045590e+06
2.226461815179779951e+05
6.024216852542087872e+04
9.802232579604280181e+05
6.626962667613796657e+04
1.387717738478026295e+05
4.006653209964895723e+03
5.704407065661548404e+05
3.484372536891062191e+04
2.134012709845599718e+06
1.332832582296005217e+06
1.822205837249286997e+05
2.663500911953418399e+05
1.284063502954705618e+05
8.425993286438257201e+05
5.845634905334810028e+05
1.956507411736235954e+05
4.311103317774219904e+05
4.344519938490804634e+04
2.219625055645361426e+05
2.297537434833017760e+05
3.700525730316506815e+05
1.444609964326190675e+04
6.891263808590115514e+05
6.491411944950229954e+05
6.127735496228705160e+05
3.988141036581928493e+05
1.307333688222712371e+06
5.429316072941639140e+04
2.621178848303097766e+05
7.661974360214045737e+05
6.797116897811359959e+05
8.979347059059432650e+04
1.151450033134687459e+06
6.088540138613874296e+04
1.074730601191757014e+06
1.758969267391178524e+06
1.111439697675405332e+05
5.644728723931677639e+06
9.420777665790382307e+05
2.461906347914921644e+05
3.664947736643498647e+05
5.375264143224960426e+05
2.713536588252721776e+04
1.470004939304416766e+06
1.123373514047359349e+06
4.707933576651409385e+05
1.012661399734766892e+05
3.967193273096040939e+05
8.624801156610819453e+04
6.170977377467419719e+05
1.473111444248321641e+05
2.412703932404337451e+06
2.748169588082735427e+05
3.002656647930765757e+05
1.601766042517455935e+05
2.393260219850103022e+05
4.383423679818439414e+05
5.469706153726144694e+05
1.352997482225224085e+05
1.408562863676362205e+06
2.552194653193384147e+04
1.078553045961079188e+06
3.184648571703036781e+06
1.896657759472100995e+06
1.771840542102870313e+04
8.191235107160714688e+05
4.175974117154656560e+05
1.072495482793173724e+05
1.063011510172888637e+06
1.669121976532282133e+05
1.431418680400282610e+05
1.895581509308592649e+05
3.902609663600616623e+05
2.075540577960271621e+05
6.509263427872986067e+05
4.752019869224131253e+04
7.712530474261721829e+05
9.553682979597885860e+05
1.886532209170700226e+05
1.104845284932052251e+06
4.189525179432295845e+05
6.358243722071929369e+05
2.934562142558688647e+05
3.186116655217490625e+05
9.221538302708306583e+04
1.041813728204184794e+06
4.672324714568206109e+05
4.841751228515841067e+05
4.795660470124307903e+05
6.647688855513677699e+05
4.553180113435426028e+05
4.522353701377125981e+04
1.049925929051068844e+06
1.205194928383229999e+05
9.473500261569505092e+05
1.168497875394988805e+06
6.927072064650739776e+05
5.941892131429747678e+04
2.678628130160602741e+05
5.590159971328680404e+05
6.335899820676453237e+04
1.082438571326894453e+05
5.759827908745033201e+05
1.667047959695323952e+05
5.427076573595550872e+04
1.683288367345621809e+06
8.724627789943679818e+04
1.886631678965948522e+05
1.237596364384780871e+06
6.895208072367541899e+04
5.632748847799182404e+05
3.131902402408958296e+05
2.199373899031382462e+05
9.809321099214019487e+05
5.493591421658620238e+05
3.572319863243701984e+05
1.589866041126303026e+05
2.561807615034952178e+05
5.626988694377561333e+05
1.046232842368790880e+05
1.502773314531852666e+05
3.019209905396824252e+04
1.919404103967224946e+05
9.877166641998420237e+05
5.172320142436862807e+05
1.383228558689516736e+06
2.617688796319960093e+05
2.121164457480267738e+05
3.606674646069510491e+05
6.777793911614348181e+05
1.353588227854920842e+05
5.580751673371426295e+05
6.177762429016187089e+05
3.165023482652759412e+05
4.034245333354783244e+06
4.853263630230900017e+05
2.951014981954609975e+05
4.497842454887372442e+05
1.659040679983886657e+05
7.078687291133173276e+05
1.064549494261786574e+06
1.936663045217732360e+04
1.957700919421347498e+05
3.652237470472787390e+05
3.138510372038385831e+05
2.256491356534200895e+05
3.697730731129677151e+05
4.098258297015196149e+04
1.321310745222343132e+06
9.588610459937115957e+04
3.496825508527561906e+05
1.056973039394488791e+06
1.164770827415117965e+05
5.169639484141498106e+05
6.993262316544334171e+05
4.897610271867269184e+05
9.427103514840372372e+05
1.684919858702182828e+05
1.749444197215840686e+05
6.262381252578627318e+05
1.133557888213557191e+06
1.365012451651197043e+05
1.033622817961282126e+05
8.259292708213804872e+04
9.575392845211906824e+05
1.399009452039625030e+06
3.549134341478401329e+05
3.154518702076489106e+06
9.373036035145653295e+04
1.538646390176498098e+06
1.872818340007050720e+05
9.505647021557696280e+04
3.903212055431892804e+04
6.576414333640199620e+05
3.529108530063490034e+05
6.124031885632731719e+05
3.414335175798548153e+05
2.702869783004923956e+05
7.200902534605731489e+05
1.562185741409543261e+05
3.419764998136710841e+06
6.998367965755773475e+05
6.344518451540959068e+05
4.819348698438905994e+05
6.896042576136743883e+05
4.522937303127818741e+05
3.388540184665248962e+05
1.539569247560027987e+06
1.159245091960934689e+06
2.829886626648877747e+06
6.129710215371445520e+05
1.517580685348795028e+06
9.823884339834980201e+05
1.218784432369658491e+06
2.406769579588977504e+05
9.553770119704783428e+04
6.514548101331153885e+05
1.728142450303884980e+05
5.622995706818253966e+05
5.821530053635302465e+05
2.003147823400852503e+05
2.095008831026989967e+06
7.816216847217331815e+04
2.592068311433146591e+05
9.898230309973898111e+05
1.739724416010297864e+04
2.799519060788683128e+05
6.337020915681098122e+05
8.053000522327560466e+05
1.040897487284849049e+05
1.377828715391466860e+06
3.472994116600011475e+05
1.470014467700524954e+06
7.168512766134911217e+05
1.025782347246130666e+05
1.044345835117827810e+05
3.960173603197064949e+05
4.712370825686150056e+04
1.241726207953583682e+06
3.231649216670036316e+06
3.073335153266330599e+05
1.422135690387845098e+05
1.728854917919854925e+05
7.125437831855365075e+05
1.431658997228526860e+05
1.871882383637162624e+06
9.688972227650458808e+04
2.053096800606562523e+06
6.877489148599933833e+05
2.091737247879544448e+05
1.932200331682677497e+05
1.473341752812317281e+05
1.438612340718570049e+05
1.168894752970709465e+06
8.097131330290136393e+05
5.326938900773515925e+05
1.557270909181969764e+05
2.458861690575729881e+05
8.291238176216278225e+04
1.439783797011944989e+05
4.738824268482042244e+05
2.366196398509970866e+06
1.705298086146092974e+06
1.515683133954531513e+05
9.725765951208326442e+04
4.041196653936193907e+05
1.136426872456463519e+06
1.019442373564013105e+05
1.811574377748616971e+05
3.697716042075986043e+05
3.167953267557676299e+05
4.172846370273837238e+05
1.466859083964135032e+06
6.588372634604765335e+05
4.754799174636706011e+05
9.533694605354077648e+05
1.199910722606318071e+06
1.406331785789928865e+06
1.571923885877947789e+06
3.434221170598210883e+05
6.750723063683253713e+05
2.185044575997832289e+05
2.170766648987193592e+06
2.713415266144802445e+05
2.563320734574088710e+05
1.409031287633627362e+05
7.897623272443723399e+05
1.428347243527152750e+05
4.032769230931175844e+04
1.113161433949257480e+04
4.506760042260268820e+05
5.635053109593824483e+05
4.897038460377969895e+05
6.817387082108703908e+04
1.108221416400711983e+06
8.473158248703007121e+05
2.117503859976451204e+05
2.530144645951758604e+06
4.230466299924831837e+05
1.108883245270549523e+05
2.033666721751329605e+05
1.679264984778092476e+05
1.101729141603932017e+06
5.603387301851478405e+05
1.253950545732782688e+06
2.473404085242583533e+05
1.865572798782801721e+06
5.367517150589871453e+05
1.223667002436784678e+05
1.411804820389676141e+06
2.332637193756097986e+05
3.864786016881230753e+06
4.107981888843346678e+04
4.116885827131214319e+05
3.318016378622849006e+05
3.978069579580282443e+05
6.778206618479993194e+05
1.101234152119883074e+05
1.370921068868411239e+06
4.025674478737179306e+05
1.068522169118762104e+05
3.027068514873282402e+04
2.604597165155542607e+05
3.399654309212118387e+05
2.866781119681195123e+05
1.539851278402449861e+04
2.268157634759581182e+06
7.469896014238004573e+05
1.822256137152606680e+05
1.442846065126757312e+05
6.286559169287648983e+05
1.719323184677624376e+05
4.869198650775388232e+05
5.964059386781643843e+05
3.185926841504182667e+05
5.840843393376392669e+03
1.685204508569716127e+05
1.230363148943325737e+06
9.014795690488813852e+04
6.094368063786440762e+05
2.988076376337222173e+05
3.616286273176341783e+05
2.295073719213384320e+05
7.156961066987663507e+05
1.896041044129150221e+06
1.360204691227657895e+05
9.484058777239873598e+04
1.266871512933799066e+06
6.926506966544115858e+04
1.707571781013889704e+05
1.789264427143347857e+05
5.006777957346548792e+05
3.997075231003891677e+05
3.486219956997659174e+05
1.548587906742370687e+05
7.554416514308319893e+04
3.418675483301408240e+05
2.602125911291454686e+05
9.896869903772537364e+05
2.075880225022981758e+05
1.066712755447500851e+06
1.296474048409739276e+06
8.289249799067940330e+05
3.755572888378152857e+05
2.258096583618597651e+05
6.628672100960258103e+04
5.838549711193774128e+05
2.237762527362735709e+05
1.944583963580597483e+05
5.050314375377896940e+05
1.906966528280828381e+06
4.584685448487616377e+05
4.317279493624818861e+05
2.450794289003736048e+05
1.218727967773948098e+06
1.232885162285281578e+06
1.257469578326641786e+05
4.822278493161547231e+05
2.897180440556216636e+05
1.743947789802075931e+04
5.790964209953999380e+05
1.349553011249837000e+06
2.303146584580010967e+05
1.020168116291825077e+06
3.770843447634609183e+05
8.146071092539106030e+04
1.968473436550223501e+06
1.319626656354106672e+05
3.136259057485928224e+03
8.821856053628348745e+05
3.098798085712748580e+05
7.029847116336952895e+05
9.661648455841100076e+04
8.967199645937841851e+05
2.334882769128142972e+05
1.731049118039717432e+05
1.240672152376312530e+06
1.085117999813209753e+06
6.907978744816198014e+05
1.558830656439387240e+05
2.170172779941805638e+06
1.091646360166148981e+06
2.212349693399667449e+05
3.864067926858429564e+05
2.617982039772273041e+06
2.278794735049013689e+05
1.221920605850524153e+05
4.116067668671183055e+05
1.743216800351483689e+05
9.859374879348497780e+04
5.313385254796709633e+05
6.085545028949201806e+05
6.723640560610753892e+04
1.852698916795599798e+05
4.430200547175748507e+05
3.989351709982428583e+05
2.049200677610808343e+05
1.139643356967332773e+06
5.015427372744294416e+02
2.089353247882495867e+06
7.508399428084547399e+05
4.587725162841103738e+05
1.938920707163587795e+05
2.084147844874240400e+05
2.035031200635120040e+05
8.624885683809522307e+05
5.399885235200253373e+04
1.511571847481979348e+05
2.618587405838856474e+06
6.897989996425881691e+04
5.575275416728021810e+05
1.984992007678918017e+05
1.560953069018217735e+06
3.256708050814801245e+05
5.302455009221634828e+05
2.617661203753270383e+05
6.923459556741137058e+05
2.133285600422289572e+05
2.151614478686539514e+05
4.196750609518546844e+05
1.751987007290958136e+05
1.051113385218061740e+06
9.576575190455616685e+05
1.585819626377507811e+05
9.951167646281374618e+05
2.772852891733809956e+05
3.251719420144812830e+04
9.733158553232821869e+05
3.921918319746845518e+05
1.448618135777381831e+05
4.770554334913475323e+05
1.109299573047926096e+05
9.401026454286747612e+05
3.658620800308707636e+06
4.391424278914293973e+05
1.874129495138111233e+05
1.676775852679822361e+06
3.759953347210664651e+04
6.170287650774695212e+05
5.783064993568421050e+04
3.206141467682220973e+05
3.723674448911525542e+05
3.178072255696387147e+05
5.443051061380346800e+04
3.671330954600218101e+05
2.829397220330165001e+05
5.693438239547477860e+04
1.058662026378482551e+05
7.807406088919108151e+04
1.796302511905106076e+05
9.152883378774318844e+05
3.310611135621104040e+05
5.859837230032944353e+05
2.003597616577584122e+05
1.489042489848657977e+06
4.009994865055382834e+05
1.785701497325239761e+05
1.053141495571972773e+05
3.873264524781259388e+04
3.924584081752100028e+05
2.121586459102085792e+06
6.382776373217243236e+04
2.344156779028792516e+04
1.611786191839061794e+05
2.258449505418706103e+05
1.270930114423191175e+06
3.336413804127190961e+05
5.604749521715024021e+05
3.782005139603907592e+05
2.376079441468247678e+05
1.294678819980590633e+05
2.229388608946679742e+05
2.296061448252261907e+05
2.145004095460183744e+05
2.162862211220356112e+05
1.130232287419041386e+05
1.138955861619859643e+05
1.034399553309678799e+06
1.407607098195820290e+05
1.995551496460255876e+05
1.929561638016406505e+05
1.035636865651528467e+06
9.082793649174511665e+05
1.227973945481780829e+05
8.121914449057688762e+04
5.594234399185896618e+05
8.495888675380649511e+05
4.350007239603518392e+05
8.028051158269213047e+05
1.334448095965465996e+06
3.445603473405379336e+05
8.399610635567239660e+04
1.317023776600441488e+05
5.645555945148323663e+05
4.285139314057200099e+05
2.918361217655831715e+05
4.341347092466318281e+05
1.695306276897366857e+06
6.028035314831327414e+05
1.441546634239809588e+06
4.538065383022863534e+05
3.960682952298207238e+04
1.196379647622526973e+05
6.633046687666872749e+05
1.443853271523671574e+05
2.128491291015056486e+05
1.109245284329490532e+05
1.065954485889971547e+05
2.273328922641401005e+05
6.824696616615046514e+05
2.618425567671235767e+05
1.929248041673563654e+06
3.322955366362891509e+05
2.082428177248379507e+05
2.104749978096192353e+04
3.513569336470954586e+05
9.628068176497635432e+04
4.261423840471584117e+05
4.409939296988589340e+05
3.249291279930074816e+05
2.204057670131146733e+05
1.982984797409760358e+05
1.309338144975799369e+06
2.502709272344573867e+06
1.048280026865602122e+04
2.047575038559836335e+06
1.733336368943990383e+05
4.436836710765332682e+05
1.729737499675120634e+05
4.291942730882668402e+05
1.739418364880056106e+04
7.934026036547566764e+05
4.088371460685957572e+05
6.067352444794563344e+05
1.192791019828989192e+04
5.106251019939929247e+05
2.216440223198689055e+05
2.490283299793958664e+06
1.724067658252654364e+06
1.709899774509188486e+06
6.832708348474680679e+05
1.236981310010824353e+06
3.082587793234036653e+05
6.038832337323758111e+04
6.123284708505842136e+05
1.927154003834778559e+05
2.471790115814936871e+05
4.633627180602283333e+05
8.572581666266833199e+05
6.891290564018436708e+05
3.692967305807803496e+04
1.108941201989808585e+06
1.225938599500623532e+06
4.854533253073803498e+05
3.109170860924255103e+05
7.667190036315332691e+04
1.018851604048104375e+06
2.145574811509855208e+05
2.202666666941601317e+06
4.562018670878072735e+05
3.852129150081593980e+04
8.319002024736149178e+04
1.447677272276631265e+05
3.993284039047754486e+05
1.123366959333582548e+06
1.250028651646660146e+05
1.131114778507436567e+05
3.970723076602940564e+05
2.784384880868270993e+06
1.432924378069646191e+06
6.698061395845504012e+05
4.153373582287881873e+05
1.771690268599268456e+05
6.405264659138482530e+05
1.043357361289200606e+06
5.208479880834725336e+05
1.690089850416879926e+05
1.329532444907466415e+06
3.085313679061820148e+05
1.083171819837559451e+05
1.121428367470411322e+05
3.613336269854511484e+05
2.098651155202653026e+05
1.419408971941517433e+06
9.638202316935935232e+04
1.409118668847558729e+05
1.588082214992501249e+05
5.669942061905947776e+04
3.585096167777538067e+05
2.378127223833990749e+06
8.734700075286284555e+05
7.698960485301781446e+05
4.055223883528069127e+05
5.006045153347813175e+05
1.309454109982249094e+06
1.349730169392792959e+04
8.158419425528227293e+04
1.341008980712234334e+05
6.965322871082253987e+05
6.575107793186856725e+04
4.999400453437761171e+05
3.045923054268388543e+06
7.510463673042571172e+05
1.462615450944127515e+05
5.948582802131728386e+04
9.294492992746739183e+05
4.247427634206071380e+05
7.545015460978649789e+05
1.358289617596074240e+06
1.197528386183338007e+05
2.869340490163777140e+05
1.416404787503109255e+05
1.119808810156356776e+05
7.051449866247776663e+05
4.376266141218650155e+05
2.636913398239260539e+06
2.770519921374288970e+05
2.796333684988226742e+05
2.639794919617494452e+04
1.259557868980717903e+05
1.416454224724118831e+05
8.918245939045600826e+05
2.148414222916244995e+06
2.302219464902598120e+05
5.793196445642412436e+04
1.382857153574229160e+05
4.572421336501608021e+05
1.598521098234718665e+06
1.096847402308519377e+05
2.898210177166379290e+05
1.014869177991226024e+05
2.566792629969595000e+06
9.422729075318067044e+04
2.329042089292178571e+05
1.686802269626266207e+05
6.297426919519180665e+05
9.058761237451012712e+05
3.058776541074630804e+06
2.177697210993150657e+05
3.437596554817956639e+05
1.869727454378225375e+05
6.121733531076393556e+05
5.589516985959182784e+04
2.507779189038658515e+06
2.688751742729540449e+06
1.464200241819799179e+06
2.772215937223560177e+05
9.266714524723346403e+04
9.909969382202345878e+04
8.043198792607548239e+04
7.440574551604206208e+05
6.458595251490606461e+05
5.184473431384547730e+05
5.408449603267268976e+05
1.278961015417607501e+06
3.547745987598478096e+05
9.625117774795944570e+05
7.244597418937330076e+04
2.860889015799479675e+05
9.051762411570940458e+04
1.162775716417607618e+06
4.737024402268904960e+05
3.594455152177557466e+05
7.151585410618586466e+05
2.650522565518091433e+05
1.640913751400711189e+05
2.130746375170504689e+04
2.767291916106608696e+05
1.157256310011455556e+06
5.193932087275721278e+04
5.630210377421814483e+05
1.827280387765287887e+05
1.697031340466530528e+05
1.533296229228389682e+06
2.886157737617625971e+05
3.206316600591021706e+05
4.458510363690381637e+05
2.381522606237737346e+05
2.506675668896361603e+05
1.250778989266786724e+06
5.768119433805479202e+05
6.280836027147120330e+05
6.952306301777772023e+04
9.572054648858888540e+05
2.979560187015429838e+05
4.392563042588141398e+05
2.652756264408543357e+05
8.296666760895488551e+05
2.214133747822472942e+05
9.083584467814351665e+05
6.386930420332452923e+04
2.722565471981210067e+03
3.010716246540740249e+05
2.750089510809568455e+05
1.454841949952834402e+05
7.539768482282970799e+05
1.215815481135125970e+06
5.511926557646878064e+05
6.192064426593017997e+05
7.541469361723200418e+05
8.088561942289215222e+04
1.500763281184479420e+05
4.531492165083063883e+05
1.192167826422486454e+06
1.265172275333011639e+05
2.297776619981252879e+05
3.432364644741254742e+05
5.871079267521532020e+05
1.435335867019179277e+05
3.213816207972073928e+06
3.461832079582963488e+05
3.830551426621333812e+05
8.302546304457414954e+04
5.383236650042448891e+05
1.217998771500341361e+06
2.403769626968433731e+05
2.387401755169408716e+04
8.553765010008875106e+04
5.242777580058266758e+05
6.390894064741322072e+05
2.804692701265737996e+05
3.119093882514196448e+05
5.441369554121734109e+05
5.381543292395777535e+05
1.749898626732150733e+05
2.923984243682204396e+05
2.085783924034308409e+06
1.812123819487669098e+05
1.677139113309988752e+05
3.784728739355477155e+05
3.697847314803177142e+05
6.590818884067935869e+04
4.485973252468291903e+05
1.294464482006529288e+05
2.835915144505774369e+05
9.337453578078864375e+05
3.006711116476472816e+05
5.544136525361364475e+05
9.038872292373564560e+05
2.311325048033233616e+05
7.325651681148575153e+05
4.794015943339798832e+05
2.221548622918372857e+05
1.759374846679808688e+05
1.675526639487851935e+05
4.473256295359093347e+05
8.112581638587248744e+05
3.900238918770656455e+05
3.170014795178663917e+05
3.246964410368565004e+05
2.163517033267281950e+05
2.843436109258586075e+05
2.082633200079756789e+05
3.984513668112098239e+05
6.296145425266233506e+05
2.278344367935725313e+05
2.990017875665592728e+05
6.782640338440103224e+05
2.631385956801146385e+05
3.598885747871870990e+05
1.068813597770446941e+05
4.929674126224382462e+02
5.311446238995032618e+05
4.430005736502882792e+05
2.799403710673419409e+05
4.106419002875898150e+05
2.075154905889077345e+05
3.015911765161500080e+05
3.137729859753286000e+05
1.654171315743105952e+06
5.864264511450563987e+03
2.924153639408400049e+05
3.910703639171283576e+05
3.639960440352979349e+05
6.959675115616853582e+05
1.071268808407411445e+06
1.163887502663013292e+06
7.792545193985266378e+05
9.094035933710138779e+05
1.112952716741939774e+06
2.494747272008305881e+06
1.283587804820515448e+05
9.546024972515701666e+04
2.912913007221396547e+05
1.050396280072558002e+05
6.695910756437110831e+04
1.299882621424510435e+05
1.282724371675084694e+05
1.686905855799066485e+05
3.354540534599507810e+05
5.801962715788068017e+05
1.192921867432355793e+04
3.501642054378681933e+05
2.947856073905503144e+05
1.851879811576980865e+05
2.434847442831130698e+06
3.963679099902334274e+05
8.647491614014954539e+05
2.655984990644018981e+05
1.292285059040220658e+05
2.447611502457953175e+05
2.925945946813790215e+04
3.175694338203336520e+04
3.892003075308305561e+05
6.902329510668119474e+04
8.613748618747855653e+04
4.710617184846447781e+05
9.501732089802516857e+05
1.564246648060127918e+05
2.268262395572594542e+05
1.168644540658847429e+06
5.402311387440074468e+05
1.567860720855328254e+05
3.156397305203482392e+05
5.392304177525291452e+05
2.329185445286555914e+05
1.237359170878346922e+05
3.629149600432101288e+05
1.969509061071504606e+06
4.615317139863732737e+05
1.408955231779559108e+05
1.191055432495715795e+06
8.783168136305843655e+04
6.475888223196290201e+05
3.932823922129700077e+05
1.171850947911378229e+06
3.085622239391753101e+05
2.057415546987361158e+05
9.562290294189642009e+04
3.869179948977613822e+05
2.234970159790396574e+05
1.206781150126244902e+05
9.345065174723892706e+05
2.656762613497434650e+06
6.933886895613240777e+05
2.339224154105488196e+04
1.553760637608421966e+05
3.951728228749643313e+05
2.511052691026127723e+05
9.063223106957687996e+05
6.563609448792198673e+05
4.182549276844164124e+05
1.105320770037302747e+06
6.301414336482637009e+04
4.776843175328057987e+04
7.361289942782430444e+04
6.940278387261742027e+05
1.995127029057863692e+05
3.565331400444206665e+05
1.546086919566164026e+06
3.095464309074978228e+05
7.710045603921373840e+05
5.720708063900010893e+05
5.939297445288084418e+04
1.205612776497428305e+07
3.668262357126293238e+06
7.915638686686912552e+05
2.748732430490683764e+05
7.009771868277869653e+05
4.395784455609939061e+06
6.011565126085809898e+05
2.889434815028199810e+05
8.470256326260766946e+05
9.893859349435414188e+05
1.546423536055239150e+06
6.190444608239303343e+05
7.760767735072947107e+04
9.808060717163351364e+05
5.460377732067308389e+05
1.718442490200999018e+05
1.351979448353059124e+06
2.732265909260638291e+05
6.013842340503524756e+05
2.274952445587097318e+05
5.057729016699880594e+04
5.928020077292179922e+05
8.581521219226642279e+04
5.156961544435831602e+05
1.753579131976100325e+05
1.121774074132798123e+05
1.628220580915898026e+05
1.063170493990918621e+06
7.815317198979891837e+05
1.071767083983974590e+05
1.207637858988352236e+05
9.829105739252911881e+05
1.080179398590503260e+05
1.693759381798432441e+05
2.717369346615530667e+05
7.939197176040429622e+04
3.761939136403128505e+05
1.657152579599179735e+05
1.277798449994581897e+05
6.495262169265708653e+05
1.044795819586967933e+06
5.389621295196234714e+05
6.675805215198756196e+04
1.474316519826639851e+05
8.801839104405377293e+05
7.130588861212807242e+05
6.817389226369099924e+05
4.580361142401574034e+04
3.818790070423614234e+05
7.857596159809199162e+04
2.212151559970935632e+05
1.338561855916763889e+05
1.404654760966124944e+06
1.431487630066959828e+05
6.452519572772792308e+05
5.907627046728933055e+04
5.910161040012787562e+05
5.110223706746145617e+05
1.139578982049604645e+06
5.919019569378891028e+05
6.095116080087262671e+05
3.875116337297914433e+05
1.252297068584090011e+05
1.345204803008069750e+06
2.340070805188212398e+04
1.078246626678640605e+05
1.807953079985083896e+05
7.262086974110316078e+04
9.477496980155642377e+05
2.814555693294763332e+05
3.911218866479742574e+05
5.950321050869715400e+05
8.517020063835339897e+03
1.603138124632945401e+05
3.737272282065266045e+05
5.158733533196250210e+05
3.807593010702885804e+05
1.306681306716291467e+06
1.839073737221565680e+05
3.383975487586752570e+04
9.181759547948085237e+05
1.002935779812320368e+06
2.177053349688801973e+05
5.253690582792368514e+04
7.624616400947083021e+05
1.351812418838978047e+06
3.816000118263268378e+05
4.898239658540080418e+05
2.163440323398169130e+06
9.503002495074011676e+04
2.507979748813970364e+05
7.468632135152078699e+05
3.651349685850394599e+04
1.668317087157715287e+05
5.050933738368116319e+05
4.414026850797835505e+05
6.503064248397529591e+05
1.196908282492951257e+05
1.934379113234841498e+05
3.074681534341723891e+05
4.788065314124770812e+05
4.053379577910353692e+04
5.560555256505231373e+05
1.971897125060674734e+05
5.884935864713547053e+05
5.439135609302574303e+05
2.037233933128360892e+06
1.592860016179348575e+06
7.131528394020783890e+04
3.354913714113442111e+05
1.972531667805224060e+04
2.201017794028958015e+05
7.752027409788583172e+05
2.655185733326299116e+06
1.372213948227704386e+05
6.454896645550420508e+05
2.281598531284485944e+06
2.020110264682114066e+05
8.830900989692921576e+04
8.169305902804292273e+05
1.561893876633131877e+05
6.650286451474184869e+05
3.031613840286505874e+05
7.778313650269531645e+05
5.398657510170345195e+05
3.446044955628844909e+05
5.635069515705920057e+05
5.107541842565612751e+05
3.043611574858656968e+05
2.558190897099364956e+05
7.611620615991001614e+03
1.740914362647172064e+06
1.272099273002292030e+06
2.826627972133915406e+06
2.173778951106120658e+05
3.717322426505199983e+05
8.116448744694879861e+04
3.086210461888730642e+05
1.477681178683813429e+06
4.185157918289536610e+04
6.285936474746699678e+05
1.711012506960011960e+05
1.371303455500548007e+05
4.153805041630655178e+05
5.610983238181089982e+05
1.833666968538193032e+04
8.312778669913009508e+05
5.381183110250565369e+04
2.084190829201979213e+05
3.097932295747332973e+05
1.458889370391623583e+06
5.699212257492527133e+05
3.930980616034308332e+05
8.314938078163942555e+04
6.422367744340652134e+05
5.424110487690729788e+05
3.794893705294596148e+05
2.733555033137677819e+05
8.020403680169647560e+05
1.973097792345291702e+06
4.470698187955063186e+05
1.193858044847374113e+05
1.041554155983365781e+05
2.376382122200280137e+05
5.682169469435451319e+05
9.499615549234346254e+05
4.673896745468459558e+05
3.134842270845051855e+06
7.519543150674704229e+05
7.815641498984224163e+05
1.048937029135346645e+06
5.317055478946718358e+04
8.268508708369724918e+05
6.500357253849392873e+04
4.299338631685607252e+05
3.740067022781601408e+05
4.254814565475492855e+05
1.166572482434072881e+05
3.645884446817640564e+05
6.403773636797120562e+05
1.169216991790696193e+05
1.440169307684847736e+05
2.411283547172435792e+05
2.833777006544139003e+05
8.879818910431913100e+05
1.907185172804527101e+05
4.155675151639906690e+05
3.204884702264247462e+05
1.960619892918939295e+05
6.625463142755837180e+04
1.697938091516400746e+05
4.528074124775007658e+04
4.266036551223317510e+05
4.391029452694921929e+04
1.561868306596503535e+05
1.487224063828937011e+06
3.500744300332514104e+04
4.078138572331221658e+05
3.479530791939736344e+06
4.678390113774548518e+05
5.980412130615165224e+05
1.017036846514249220e+06
2.496465322363459272e+05
1.447455337816295912e+06
1.929711659667313797e+06
7.615988179495377699e+05
1.542237128871726454e+05
6.692693452158654109e+05
5.011587084455300646e+04
4.628029185707776342e+05
9.448807408066511925e+03
5.953413513037646189e+05
1.539746310394622269e+05
2.398679976753867522e+05
4.958148727242154418e+05
1.951853818807615316e+05
9.060619265754459775e+04
3.864033322562144604e+05
3.316835830703029060e+05
8.083340918628823711e+05
9.863838147861376638e+04
1.078890655949966982e+06
9.700864524464535061e+05
8.351932905225908617e+05
4.703573229379078257e+05
1.852606000216682209e+06
2.621370159541531175e+05
9.836003074663182488e+05
2.944953744636740885e+05
1.904985736063363496e+06
1.843875868209964538e+05
2.169874960546565242e+06
1.317151608167911181e+06
3.409718211268674349e+05
5.763744852090416243e+05
3.600321603079690831e+05
8.627500706906880951e+05
5.009643903163923824e+04
5.786146421303605894e+05
2.038992506735955365e+06
1.521910366652827652e+05
3.501180636021824903e+05
1.037982066909281188e+06
7.918353609326008882e+04
4.079519428466347017e+04
7.295031271737325005e+05
1.597979447938997473e+05
3.790319250214314670e+05
3.355931784236797248e+05
1.369250300489531830e+06
1.904756332584928896e+05
1.043665094847140834e+06
1.390666302075841486e+04
2.968808708687966573e+05
2.970336344396290951e+05
3.492120689471846563e+05
1.413865952794828918e+05
6.175658779835881433e+05
2.077344729209316894e+06
3.208185872569757048e+05
5.640106576988217421e+05
3.599328455194163835e+05
3.607790636885219719e+06
2.498504005418377346e+05
1.340695021578835986e+04
5.153015193811155623e+05
1.285659793291981565e+06
1.540722015629190719e+06
9.926735059656345402e+04
8.513769488751864992e+05
2.849934140526402043e+05
8.065378233587821014e+05
9.471825373481580755e+04
2.863582065667482093e+05
5.699471945416958770e+05
1.048783424146614736e+06
1.740714299363000318e+05
1.872901845711642527e+05
6.730444450588511245e+03
5.052078509508648422e+05
2.036830260539370356e+05
7.340685007112850144e+04
5.469688279404962668e+05
2.933084243144913344e+05
2.147342295378772542e+05
7.077730738523862092e+05
5.281766359762568027e+05
1.164855170039570366e+05
6.449698279717910336e+05
1.731740822997904324e+05
9.661380761009937851e+04
2.429294903500158398e+05
1.889738694253665744e+05
2.873634683816552861e+05
1.137544777805979364e+06
2.323464102313984768e+05
3.077874342311469372e+05
2.648155731898702797e+05
9.580498118924994196e+04
2.766902594043879071e+05
2.351944606697065756e+06
1.055129444949063007e+06
5.666547970134178177e+05
1.737404364203898003e+05
1.150563335107957246e+06
2.473278934176940766e+03
2.936061954030722263e+05
2.694995670188516960e+05
7.263122028887073975e+04
9.785440844917552313e+05
4.056209650881495327e+05
1.442046575097306166e+06
1.030602472527015954e+06
1.181455844147673488e+05
5.320823118265491212e+05
2.230963798527426261e+05
6.078021855341543414e+04
2.973708082777970703e+05
1.478104445141165052e+05
9.242955884303474159e+04
1.330471144495517248e+06
3.299982412821885082e+05
5.193280085249648546e+05
1.281518685964851466e+05
1.638367547898456454e+06
2.549048546938089712e+05
2.227710530250738666e+05
8.344000003082920739e+04
4.875966249049762846e+05
4.080237281912500475e+04
2.158946287178143684e+05
2.478120531722771702e+05
7.904183671564776450e+05
4.501803768518114230e+05
2.454731710037264565e+05
4.998906391722882836e+04
3.072591887948855874e+05
3.192144398102185805e+05
6.639799390663804952e+05
1.498883686168531131e+05
3.777164418269977905e+05
3.577375810203730362e+05
9.220757616135301942e+04
3.008097738115394604e+05
4.599334983612741053e+04
4.941353738323401776e+05
6.510562705664108507e+05
5.147733862052400364e+05
6.278750114035305887e+04
1.384834674745562952e+06
1.367551319405941293e+06
1.772270433424981893e+05
3.788616081606279477e+04
1.258046831726133591e+06
1.354712058642108459e+06
1.005247202676466550e+06
2.666458742837495520e+05
5.927089726790693821e+05
2.826905417215581401e+05
5.808533838214777643e+05
2.424603370867699559e+05
1.433867912771958392e+06
7.652154052954156941e+04
1.538063777039190754e+05
2.366799238501073851e+05
3.010873067290610634e+06
1.103251689184881398e+05
7.104208591394007672e+05
3.217475039833439514e+05
7.442464208390633576e+05
6.286515429770954506e+04
2.114467363728723431e+05
1.037916180929043039e+05
4.104707067095291335e+06
3.131884433253804687e+06
5.619896056821466191e+05
2.031963301548405725e+05
2.166506864150651090e+05
4.555390487364006549e+04
1.172036687664783531e+05
7.879379980549530592e+05
2.023082252022001194e+06
4.224811299848621129e+05
3.167270337542587076e+05
4.147630456665156526e+05
5.128464342140007648e+05
1.439943587592162075e+05
2.220474263404693920e+05
6.912395544161261059e+05
2.558946253440559376e+05
5.807778958989590174e+05
7.140166501165835653e+05
9.638052287001911509e+02
5.859464766978186090e+05
1.156532159654541319e+05
4.245410241878617089e+05
1.280780561738186749e+06
4.815970611927428283e+06
9.453977071803373983e+05
1.977730249519458739e+05
8.859695716239020694e+05
1.062005735311720055e+06
2.597762500415858231e+05
7.069865368014851992e+04
1.759785261392948159e+05
8.717023070749951876e+04
5.891040610765188467e+05
6.091647601817898976e+04
1.880256456954741734e+05
2.080357138699445641e+05
6.812337802599447605e+04
7.202937349322532828e+04
4.071961240894084913e+05
4.093495931406051968e+05
2.945262318553742371e+05
2.171031771810094826e+06
2.315850962126686645e+05
1.024649413356539444e+05
8.585812087017560843e+05
8.195748069094868377e+06
1.328279653788123105e+05
9.348242296554857166e+05
5.419577642003529472e+05
1.138626899389273894e+05
5.352797197546029929e+05
1.006462330818131333e+06
3.348621463279543095e+05
8.226699667381749896e+04
3.064540112796988687e+05
5.852381591028731782e+05
3.747341779018079978e+05
7.982987316659659846e+05
1.610168697160250449e+05
4.639368795395598863e+05
1.417119078198052594e+05
2.430705366495043854e+05
1.886811966035015648e+05
1.054556649976656307e+06
4.254110227309091017e+06
9.716144333798345178e+05
1.751563262954797596e+06
1.672040632971581363e+05
3.063417162968869161e+04
5.735052927786598593e+04
1.466943159336344106e+05
3.061565481557032326e+05
2.819914611169785261e+06
2.423427095822886331e+05
2.062977700391612307e+05
6.076170305744024226e+05
3.113468625003557827e+04
4.431377475428733742e+05
1.972910316675847571e+05
1.342727260301746195e+06
1.675741920217536972e+04
3.238790034878023653e+04
7.287016171891550766e+05
1.112016400375017547e+05
1.119248962696926174e+05
3.415858113516826415e+05
1.931720420208565774e+05
1.161955600665892707e+06
2.148267854334225412e+05
3.660638556604218320e+05
5.970070410794971976e+05
3.484426313502776437e+06
4.822802761918499600e+05
2.664932319238650147e+06
7.375754041138298344e+05
5.165767544884793460e+04
1.878959211493038165e+05
3.938850719990059588e+04
2.333231532858040009e+05
4.196699324692633236e+05
1.787254865885488107e+05
9.961658904423259082e+04
8.381975674400958233e+05
4.705431742543802247e+05
3.320759256478489842e+06
9.134529302170335723e+04
1.960801048322557763e+05
1.976784221664250072e+05
8.979413120948555879e+05
1.982395756865663134e+04
3.098008607731227676e+04
6.725081019763693912e+05
4.884651549590732902e+05
1.458144786256041843e+05
3.049833692053664709e+05
4.641733411467753467e+05
5.883722789831153350e+05
5.487237327844321262e+05
1.403188527463441947e+06
3.359404195183636155e+06
1.107167217653278960e+06
2.147481372181764746e+05
2.591673194076414220e+05
1.074665031076201194e+04
2.884512114450556110e+05
5.383965440198854776e+05
7.089951940429086098e+05
1.289377240351316286e+05
1.659759715351714694e+05
1.418147192329211975e+05
4.518263061872708495e+05
5.897409637268001679e+05
2.698850704796997161e+04
9.217282841692713555e+05
2.056952245914057363e+06
2.916442617936716415e+05
9.676515811218497402e+04
1.768559180920484068e+05
3.511817424486066448e+05
2.323865408119090425e+05
1.663884704978712252e+05
3.290414467857289128e+05
3.587390763366080937e+05
3.837163999787527137e+05
1.080332818616545264e+05
3.191574792554917512e+05
8.460847609641622985e+05
4.242862917382650776e+05
3.763222396309892647e+05
2.319825870691405144e+05
3.254015994255483020e+04
1.569985909822758695e+05
2.246559184236805420e+06
1.101548386455937871e+05
1.557130720269174199e+05
6.719639119308490772e+05
8.323163796400553547e+06
4.234861924192785518e+05
1.861032935122128983e+05
1.791227448852592206e+05
1.297825576831722166e+06
1.720658592687716591e+05
1.497133335165694298e+05
6.028062873263347428e+05
1.968253795663583151e+05
2.550987497689157899e+05
7.288735091007015435e+05
6.274871983095592441e+04
2.026908451747893123e+05
1.058459205256541492e+06
5.442643099092353368e+05
2.588088404996143363e+05
5.552136212302247295e+05
5.835574220841484203e+04
5.726263585800724104e+05
1.195446122716468381e+05
2.146547056784003507e+05
9.254308658188168192e+05
4.586417167795080459e+05
2.249902955974614597e+05
4.612653829420743859e+05
4.232691496533156605e+05
8.088334089840997476e+05
2.114376132396298926e+05
1.191914196229611058e+06
1.317493402769281820e+05
1.529314703344214940e+05
6.718530210381904617e+05
5.847001936997110955e+06
4.524920264062327333e+05
9.673206799212636543e+04
8.610480925155164441e+05
1.133933409985772014e+05
3.806781031631713849e+05
2.254546978066076699e+05
4.992440891373548657e+05
3.333443546670755022e+05
1.180693422186082171e+05
1.194793746025808359e+05
3.689374320941078477e+05
6.281861355443353532e+05
7.565240627621294698e+05
2.992249948755519581e+05
8.990254544325785537e+04
1.338517719045486301e+05
1.131343205902399932e+05
4.081899609502279782e+05
3.276439607886978774e+05
1.430021917763995007e+05
3.567122660959546920e+05
3.791476255496157100e+05
2.312396370173274074e+06
2.774391646288563497e+06
1.290250731739425799e+06
1.791968036593085344e+04
5.014882769686758547e+04
8.368695019309535564e+04
4.004264133985387161e+04
1.279356898940895189e+05
1.385658554147989489e+05
1.339289315322983311e+06
1.882154224005309516e+05
2.032022932191315340e+06
3.459280663400518242e+05
2.670215210709945764e+06
3.664332125665956410e+05
1.650495717106560769e+05
3.345758586507040309e+05
4.210718056805939414e+05
2.561216941102801356e+05
2.863947519817766733e+05
4.009690875266467920e+05
2.514805275728430133e+05
9.446611546366706025e+05
2.718145968528800040e+03
8.233075116824094439e+05
1.763973906103372574e+05
1.160284434696502140e+05
3.032810899499549414e+05
9.674873461295801098e+04
1.741268332286608929e+05
8.266953455511315260e+05
1.095305396786442026e+06
7.767965311327010568e+04
4.391404178706472158e+04
3.083706401083849487e+05
3.807539001358750975e+05
1.361046234387412551e+04
2.010400539454557584e+05
1.095408441790178331e+05
7.940850073859732365e+05
2.237802446599143092e+06
2.539479378724948037e+06
6.857917983088706387e+04
1.736215126200042141e+05
5.377208882092938293e+05
2.055030771957532561e+05
2.082355044618318789e+05
8.491175050889494596e+05
1.357032603767014516e+05
1.942186433364939876e+04
2.111151419466775769e+04
3.539322631192777772e+04
3.131301846029011067e+05
1.951829450416463951e+05
7.369346358229641337e+05
1.004548592411014542e+05
5.389741397525226930e+05
2.765650899254375836e+05
2.400041627270166355e+05
1.087814203695598058e+06
7.032917847270142520e+05
2.449832842027747072e+06
5.751915736389091471e+05
2.299545372120589018e+05
8.700778357294768794e+05
6.980520672637091484e+05
1.048558728720216750e+05
3.916657188528082042e+04
2.163840092442038876e+05
5.546584690039232373e+04
4.690240075364628574e+05
3.890384184107102337e+05
8.283925520545027393e+04
1.262235318123436155e+05
2.594918852943510865e+05
9.067539206553860568e+05
6.221583910191695904e+05
7.176390789730729302e+05
3.097205117458841996e+05
1.518433451035263424e+05
2.743528311677328384e+04
5.583440204467257718e+05
5.986130832853574539e+05
1.256581205906891264e+05
6.380305921517112292e+05
3.248958158339272486e+05
2.462237813268220343e+05
5.408714565854058310e+04
4.019595517333843745e+05
9.130188638036300836e+04
2.384595600495093386e+05
3.846790690304283053e+05
1.415206822789975908e+06
5.320533875895749079e+05
5.130656266565613914e+05
1.593708688294615364e+06
4.967529502370373812e+05
1.619787742670465377e+05
2.710323781770564965e+05
5.008810198892818880e+05
1.038066263069011155e+06
4.579566043923686375e+05
3.074726312662074808e+06
4.919800429246000567e+04
8.025927495399946347e+05
1.130848214898956241e+06
2.000881298361562658e+05
1.609581314717842906e+05
3.681697709866517689e+05
3.712928147010293324e+05
5.354953864976944169e+04
1.070791503198736027e+05
4.283580426219169749e+04
8.101685495667171199e+04
1.826999739144971536e+05
1.302505918381835218e+05
1.324575571857911302e+06
3.613720720505372155e+05
1.873643568187277124e+05
2.098680679654307023e+05
5.775315404061008012e+05
1.571347628222869011e+06
7.966838679266002146e+04
8.295246237679953920e+05
7.129434628625301411e+04
4.336004868538475712e+05
7.917526159191429906e+04
7.482123560289893067e+05
1.214454620493512368e+06
1.519361187065170670e+05
4.549358242834135890e+05
4.489145525734349212e+04
5.912608948238601442e+05
1.412013565536603564e+05
2.585545405747485929e+05
5.335548768766906578e+05
7.110392341371908551e+05
1.262237529135404853e+06
1.181355383456260897e+06
1.041713973281422113e+04
3.561083441068077227e+05
2.124597370299240865e+05
1.646260446663518378e+05
3.250924599798069539e+04
3.130694907368542627e+05
1.431067188426670036e+05
2.396663813727919478e+05
3.109705029622140573e+05
5.553908467715037987e+05
1.499841145298809279e+06
5.329096136268044356e+05
3.476213191781343194e+05
1.443360634292294562e+05
1.404519746821199369e+05
9.522449294844261021e+04
6.606542455742940074e+05
6.589701926618658763e+04
2.928446004977548146e+05
3.690884548428733251e+05
2.161630416064462333e+05
1.641725956103410339e+06
1.381354733501236769e+05
3.081231708769095712e+05
7.035593346003678162e+05
6.503613271921085106e+04
2.002873917424957908e+05
1.519421168077625916e+05
7.299885220029377379e+05
2.230437459576863330e+04
1.921619145867943880e+05
3.288283507193611469e+06
2.275314244897601602e+05
1.803747459556204965e+06
4.460950467563174898e+05
1.065040263388902182e+06
1.240749032477992587e+06
2.580115049093144535e+03
9.259268706681121839e+05
1.648555427576835034e+06
6.123943753254635958e+05
9.326548884700749477e+04
1.155034422252721153e+06
8.774365049541268963e+05
4.042169991564097581e+05
5.271835168637036986e+04
1.824847343748872867e+06
5.474861903448405064e+04
1.647039933704955503e+06
7.764129254605085589e+04
2.805475415526009165e+05
1.295979806720461493e+05
1.024691454327037936e+05
1.398525817629648838e+06
9.671557555786988814e+04
2.215205537839320896e+05
2.675605562617294490e+05
3.815487874183899257e+05
2.365254908576658345e+05
8.708371912772085052e+05
1.636209600736808206e+05
4.344380610743205179e+05
3.427023189133515116e+05
7.221525413377578370e+05
2.261528777817950468e+05
5.323695417582642986e+05
1.022899476930331002e+05
9.389502085520329420e+05
5.810687549568747636e+05
1.472933759923988255e+05
1.170716947214545682e+06
9.912985227210626181e+04
1.625432753844940453e+05
1.604810965449123469e+05
4.135435992474869709e+05
9.430516206171835074e+05
2.596493980602099327e+05
4.197425275079343119e+05
1.473581421072290104e+05
5.036149631768619292e+05
4.665825707176437136e+05
1.018862568847356597e+05
8.091536147318780422e+04
1.567410006946557260e+05
4.388862418721608119e+05
5.159340983886968024e+04
1.873614557691578520e+06
5.036058518567154533e+04
8.642140484898402065e+04
1.510281218940722465e+05
1.228404382348740473e+05
1.480393403193800768e+05
1.245304878794760676e+06
6.779475943591924151e+05
2.011721770244304789e+05
5.840357510655289661e+04
1.349504375728754094e+05
4.780559001062961761e+05
1.704264412878256990e+05
3.584934876089735772e+05
5.557829427864507306e+04
6.632062883258382790e+05
5.886467378410464153e+05
1.710019564156289853e+05
1.956727345661143074e+06
2.513518083119532384e+05
2.789415384189332253e+05
9.392065124115737854e+05
2.055718157250402728e+06
3.240314255300100194e+05
4.537322237589023425e+05
8.348878077289813664e+05
1.156853162183942739e+06
1.617475779207287123e+06
1.671729176309108036e+06
3.278878753071492538e+05
5.133561426344642678e+04
1.576037765794476436e+05
2.326903759692914027e+05
1.249886286762752337e+06
3.699816558800016355e+04
1.245499076975569362e+06
2.850998134313504561e+05
2.383426554486320529e+05
3.881175177879864350e+05
1.936456614676991885e+05
1.025179188084789552e+06
1.143838765145790298e+06
3.477677070491674822e+05
2.987890527720541693e+06
1.170249089807635406e+06
2.594155549086151877e+05
8.202701712962026068e+04
3.867042915043924586e+05
1.417750932969656715e+05
3.971383820954382536e+05
2.793482849822211429e+05
2.427573080892753496e+05
6.361345376371627208e+05
1.815430591287348419e+06
5.575612781368264696e+05
1.861361027477124706e+06
1.140260781605041353e+06
2.840378741168952547e+06
2.365059281772745016e+05
2.485837345427448163e+05
4.210888529678393970e+05
7.617528018102092901e+05
9.243014886028231122e+05
2.381460240406986792e+06
1.403484337922738341e+05
6.500783335076422663e+05
8.850635872203935869e+05
8.130506230506750289e+05
7.615377875887590926e+04
3.231496264144612360e+05
8.876399259631062159e+05
9.330190695382498670e+05
3.966716461407410912e+06
5.444343283908299636e+05
1.945799885526563448e+05
3.500656871746411198e+05
5.590302849674008321e+05
2.997848568686541694e+04
1.968474666601174511e+06
5.050893615429009515e+04
1.282326916091380408e+06
3.761025624124875758e+05
1.603077370534091257e+06
4.268043545051116962e+04
1.307389174084923870e+05
2.383296005696712527e+05
9.336729179623114178e+05
1.049968345239214832e+06
3.260936584846163169e+05
5.672524649691511877e+05
4.731118820725618862e+05
1.339973545633600443e+05
3.166667838001530035e+05
9.915256744189687015e+04
1.213189548872496933e+06
1.406702314052073925e+05
2.544546501891133084e+04
1.360701173935773259e+05
1.973920661725972896e+05
2.581690558031245600e+05
1.291106081025383901e+04
5.139550141764716245e+05
1.068968769930729322e+05
4.104830487257908564e+06
6.855879177635732340e+05
5.783307543122026836e+05
4.051507689793508034e+05
1.329570038976860698e+06
2.257992157456196728e+05
3.948907915262657480e+04
9.312391890639017802e+05
3.189841170852093637e+04
1.259829511046172120e+05
2.792425775806488818e+05
1.729827457537150767e+05
3.879738274926312151e+05
5.080649927689744509e+05
6.666721879246563185e+04
8.265013778024411295e+05
8.548408667428733315e+04
8.035162832718826830e+05
1.329269577944469638e+06
4.053400351671255776e+05
2.894129376910384162e+05
8.758710231527084252e+05
5.156429164962700452e+05
1.739921493462465296e+05
4.084788770003300626e+06
1.100545050241901045e+05
4.663752112305351766e+05
2.668754210062721395e+05
2.883216368209368666e+05
6.531063625768525526e+05
1.798532038163085002e+06
2.399979672968852974e+05
3.809750088529710774e+05
2.742778247016462497e+06
4.701853862998676486e+05
1.134265797235573409e+06
5.308773507307171822e+05
1.480319621680411045e+06
5.829816377592457866e+04
5.252379940850441344e+05
4.267639762256506365e+05
1.993272628266798274e+05
2.661672184950755327e+05
2.653115535185298882e+06
6.217014871025920729e+04
2.897271946811362170e+06
3.899300942341148038e+05
1.695671309053580044e+05
2.364965056335453119e+04
5.810247995890114908e+03
3.397829595124799758e+06
4.317325197311525699e+05
2.224852530190431571e+05
2.087567918350379914e+05
4.099745387732675765e+06
5.430909346256552963e+05
2.747820884741686168e+05
4.809641617146311328e+05
6.263846485896593367e+04
2.120258413457300630e+05
7.035500143396978965e+05
4.024312525209144951e+04
2.772009384039622382e+05
2.536239629488423234e+05
1.882214098841684754e+05
2.074422693084156199e+05
2.445090977901931037e+05
1.912916165604925191e+05
1.523906254428152170e+05
2.372699845396247983e+05
1.376966104912330862e+06
3.058013497909118887e+05
8.385308877770800609e+05
5.143616439557676786e+05
5.333754247625697462e+04
1.209602954812903336e+05
7.835129602969746338e+05
1.786386501785956323e+06
4.372733879231733590e+04
6.457544726154506207e+05
5.383137560127538163e+05
5.172955990202830872e+05
1.666293706720448681e+05
1.005724541631204047e+05
4.572118679292438319e+05
1.952379495348109340e+05
2.620556320150803076e+05
2.220535261506467650e+05
4.282098203491148306e+05
1.892308660919420887e+06
3.715159969308803556e+05
6.747767748620547354e+05
3.071709054686317104e+05
1.335298716349985916e+05
8.655262598386883037e+05
7.830947588068906043e+03
4.600142760640577762e+05
7.196776336171148578e+05
1.794189149780363077e+05
1.648089880553115509e+05
1.692397952775113226e+05
2.984775740648398641e+05
1.843070976308942540e+06
4.132257947838123073e+05
1.207730008833763422e+05
6.388526226694815559e+05
1.726882840085998760e+05
7.371624369034819538e+05
2.006053479494718194e+05
4.748298575426057214e+05
6.712485746167493053e+05
1.997281704750669815e+04
8.476971740013847011e+04
1.174460945289002120e+05
4.366794588661156740e+04
5.947539405268464907e+04
1.743786657398896641e+05
1.399910016855872702e+06
2.952899532601353130e+05
1.740034772157660336e+05
1.122027915092749172e+05
1.898442670078799129e+06
1.273075797703170392e+05
2.151095407327717112e+04
1.862057622253230773e+06
1.049539920682038064e+05
7.302029987203245400e+04
4.668771644363777159e+04
3.224378163021579967e+05
2.207174247455877776e+05
1.209825175451818650e+05
6.899788582341719884e+05
1.556173252983095008e+05
1.543236160118787957e+05
1.781258761153352680e+06
4.998890928134602145e+05
2.161847697908493690e+06
4.336012359562063648e+04
4.579768444365484174e+05
4.684371656219070428e+05
3.685548027233617904e+04
5.135447011583802523e+05
6.066877390668001026e+05
6.953877426637655299e+04
2.054181170443961164e+05
2.262538555941306113e+05
3.447385025374767429e+04
2.415081303937295452e+05
1.266475396652600466e+05
5.749361974936220795e+05
1.210781280752701452e+06
2.375855574037133483e+05
1.959255269735353359e+05
1.002087663741945755e+06
4.039298862301168992e+04
5.009498790244815173e+05
3.111709948979430483e+05
2.301134025055403356e+06
3.394623845588964759e+05
6.677246459228176391e+05
7.006375124770528055e+04
1.806511463177723053e+05
1.847225908420040738e+06
1.752065684930890711e+04
4.724871027644766145e+05
5.747169057646273868e+05
1.023839338326848665e+05
5.706397332217064832e+04
1.959405409506618744e+05
1.154963219825420965e+05
1.175965211860461393e+06
2.228915865279654681e+05
4.321273364975225413e+05
1.125562516673233949e+04
1.103905814518126892e+06
4.878937659581626212e+04
3.402221036003169138e+05
1.140710984445431037e+06
2.644020114879449011e+03
1.061458858812744729e+06
2.863431374958436005e+06
1.364603245080769702e+05
4.224454327912547626e+06
9.032476396457062801e+05
1.201005952669207327e+05
8.801415630398483481e+05
2.209139262910132529e+05
3.159663431861813879e+05
1.223614620102983317e+05
8.845168868220810546e+05
3.611617385673897224e+05
1.641927703549890313e+06
6.275352769605610229e+04
7.060631231983649195e+04
1.887096963730041636e+06
9.054483866952488897e+05
9.342667514118232066e+04
1.066314490561809856e+06
4.568093372299935436e+05
3.604579803655203898e+06
7.462527388974775095e+05
7.328488454501074739e+04
1.109389456426311284e+06
1.443409891626771423e+04
3.650350448836198193e+05
3.774864985798480338e+05
1.771371284279980464e+06
2.673000203811839456e+05
5.817232953348535812e+05
2.738507579484162852e+05
1.139323242217699153e+05
2.097625031041762559e+05
9.036825371704739518e+04
1.011511964007610368e+05
3.145435846025813371e+05
2.514546953941515530e+05
7.803883166634194786e+05
1.518731373914391734e+05
1.373316417849842110e+05
5.737121101604726864e+05
1.185306058800189989e+06
7.048215075402341317e+05
3.708335193341062404e+04
2.393926517981334182e+05
4.720315404111252865e+05
7.648215699239318492e+05
1.220566123996166047e+06
7.765869653347778367e+05
1.366900186037163017e+06
8.582278088761619292e+05
5.274282582116172416e+05
4.170477914610553853e+04
1.247700884420428920e+05
2.372050536847570911e+05
1.070456853199898760e+05
1.283470743974458892e+05
3.500547882378854556e+05
2.503795573386202741e+05
1.071315604660998564e+06
1.439808203778483206e+06
1.676251710464502685e+04
6.471577674951812951e+05
3.077565019825545605e+05
1.389142357018008188e+05
9.977217066779508605e+04
6.076890464751642867e+04
6.429699928804038791e+05
1.522961222345000133e+06
4.839688901781921741e+05
1.468186639777280798e+05
1.618318391768904403e+06
2.057132643041347910e+05
2.637362443524636910e+05
4.811640850896860356e+05
8.353001408738555619e+04
7.021137588916346431e+04
1.323995702251557086e+05
1.254392064415318309e+05
8.269600190176798496e+05
1.521278761833022872e+05
1.524137797819309344e+05
2.619862204439327252e+04
1.883739695258211344e+06
1.574466368722283747e+06
3.467649815805233084e+05
4.791366147749999072e+05
5.583805673985297326e+05
1.398315694927335484e+06
1.903012824227524397e+05
2.691191406005109893e+05
8.345059800876667723e+05
2.013886668612025096e+05
3.904082142211782630e+05
2.629107371396193048e+04
1.669242702135111322e+05
3.489740204461757676e+05
5.345228124267272651e+05
8.546378014182549668e+05
2.381558325641671254e+05
1.826655203814192500e+05
3.115163067398186831e+04
1.581083889483474661e+06
5.159270917641916312e+05
3.328205501961035188e+05
1.180092063192711794e+05
1.498279429081959242e+05
3.712567203166781837e+04
2.935198794211448636e+06
5.199536107584921992e+05
1.318374905592807409e+04
1.290459923108532093e+05
1.374822755321607692e+05
5.776198925147937844e+05
1.454336027387975773e+05
4.582410160053386935e+05
3.545597675344267627e+05
2.018939741297697474e+05
5.042284400162550446e+04
1.313683843098429497e+05
2.827742451982385828e+05
3.650919536148131592e+05
2.031219595375556382e+05
4.193463380377082503e+05
3.238803148741705445e+04
1.145441014640467707e+06
5.292361634885335807e+05
1.212861457435249613e+05
1.438161977413815621e+05
1.723891370683934656e+05
1.941883226642791415e+05
5.885523593661204213e+05
5.828726234035965754e+05
1.107860132914282149e+06
6.498847220953453507e+04
2.297082396742958575e+06
8.473164942499640165e+04
2.858703986029486987e+05
8.071477261226528790e+05
3.144940149066788726e+05
5.000451692073617596e+04
8.505928907747410994e+04
7.004680425549024949e+04
4.595097393243065453e+05
9.005636784976570925e+04
1.404726398582096735e+05
9.703475913741523982e+04
3.378220044411210256e+04
1.403121831889912719e+05
1.505147470884645125e+06
9.143099229935496114e+05
2.935632633309735684e+05
2.705868889451560681e+05
3.446942317484453088e+05
2.500046436534305103e+05
4.722844631570015335e+05
2.604950337156686874e+05
8.771206638543690497e+04
1.539570375870169373e+05
2.050438833843240514e+06
1.429089882146273521e+04
9.315468490415846463e+05
7.612218559658955201e+04
1.769968613614967908e+05
3.838787056922730990e+06
5.914459999694747385e+05
2.382727385808064137e+05
2.292457196007671766e+06
9.523939565063633490e+05
2.623209525149398251e+05
6.714111194507784676e+05
8.283822380964081094e+04
3.813728117822782951e+05
4.269961668198815547e+06
6.419659239254142158e+05
2.471102280849918316e+05
1.690502640120265714e+05
4.247483103148041409e+05
2.078299513768263860e+05
4.802296494620985468e+05
6.735419714719901094e+04
1.863382468522623822e+05
3.511722435892898939e+05
4.409458026601990568e+05
4.589732486950340099e+05
4.441171367265151348e+05
1.621421474124876549e+05
1.246818863290631212e+06
9.712712756645165791e+04
3.528505979407703853e+05
7.555415545044700848e+05
2.177787044966439717e+05
1.623145070098126889e+05
7.841296962747812504e+05
9.973545335537417559e+05
5.428996841580640757e+05
2.304736042066359951e+05
1.442862128229165392e+05
4.486307332929955446e+05
4.260502624260880984e+05
1.170342205333214719e+06
3.601710343530380167e+06
8.451688277857592038e+04
9.313381329100937583e+05
1.946842549318072270e+05
7.940858665412463597e+04
9.783915758647177427e+04
3.296451884130919352e+05
2.107385043826391455e+06
3.417847826852334547e+05
1.534185702404229669e+05
4.055065661076653050e+05
4.073486374866432161e+05
2.092234282187465869e+05
1.487699387313275656e+05
7.823547086566231446e+05
7.178892208660987671e+05
8.762932838119241933e+04
9.306314627158599251e+03
1.248367812244077446e+06
2.213577340442733373e+06
6.335026105048102909e+04
1.678591883958573919e+06
2.244137757537621073e+05
1.211785576108994428e+05
3.894235975666733575e+05
1.118088761313872819e+05
1.988012091868209827e+05
2.608528973919352284e+05
7.694166585105644481e+04
1.356306038796365319e+05
8.235532958747707307e+05
2.349385272020981647e+06
6.228419297823188826e+05
5.489822591686997330e+05
4.439772990151173435e+05
2.056434456536095531e+05
1.569622596411606937e+05
6.837088323210547678e+05
3.553583838642661576e+05
1.133292697162368277e+05
2.348450459097209387e+06
1.318039977941079997e+05
9.041585590314461151e+05
4.833714771717686090e+05
5.093491088466419023e+04
8.172918498741895892e+05
1.006614033479675651e+06
1.426406601584670134e+05
3.165407263297892641e+05
1.294628957819690462e+06
7.723872672447053483e+05
2.251125193981912162e+05
4.524759231109805987e+05
5.923956098816104932e+05
1.697618260145422828e+05
1.685253490777781466e+06
9.939475955309369601e+05
6.430880913767005550e+05
6.960656209811294684e+05
1.843121516077902343e+05
1.537768754046810209e+05
5.836892038592903555e+04
6.387289289052695676e+04
1.329487668963041389e+06
2.976636621182425297e+05
5.233446076357147540e+05
9.005654964677894022e+05
2.982643827519794577e+05
9.722714841247003060e+05
2.822316118403225555e+05
9.636418739739785669e+05
5.233648884927278414e+04
2.632282841409036191e+05
5.612572414147272939e+05
6.130934402372844488e+04
1.185135380060648778e+06
1.709251494456854998e+05
9.236369009258020378e+04
1.437628242789546493e+05
3.067818133024509298e+05
1.375774254815195745e+05
1.084995196709152660e+05
7.145671446437614213e+04
5.168220433117124048e+04
6.407384184012074256e+05
2.597822244840747735e+05
8.694540931854402879e+05
6.499813242795140250e+05
2.920069874243992963e+05
4.926563748477793299e+06
4.103971649649408646e+05
2.195028810335389338e+06
4.169073625156161725e+05
4.582653972510722087e+04
1.049272065559413284e+06
1.956596826203899225e+06
1.607907779626954471e+04
1.436794866386835231e+06
6.247894428550361190e+05
5.207025485777418944e+05
5.196750316837058635e+05
7.040614665655436693e+04
2.684926920716226450e+05
5.662977850811855169e+05
7.484286825271783164e+04
2.922836847070837393e+05
8.208637436646728020e+04
5.168067546176325777e+02
2.977529011327864646e+04
6.628501122159372317e+05
9.500295162259574863e+04
6.486548632480266970e+05
6.718559607775589684e+05
5.126817692205128842e+05
9.064769847329823824e+04
9.367422479494036452e+03
2.191369948536831653e+05
3.495087033395391773e+05
9.289687450465046277e+04
5.354029741255397676e+05
1.687193897288716398e+06
4.524329345592960599e+05
3.137086211087924312e+05
1.003898279240309639e+05
2.204015040453618858e+06
5.898886659634332173e+05
1.692718826673395233e+05
2.381984727588502574e+05
2.161823099569164333e+05
4.872499153654891415e+04
2.673552080918516498e+06
4.584852748345915461e+05
5.546776745049567398e+04
3.397705955830151215e+05
8.780201246454088250e+05
1.270221799628360168e+04
5.325889112339931307e+04
8.290263681261138991e+05
8.907586899338765070e+06
6.030174355810638517e+05
8.704500927276161965e+05
1.047640750105319021e+05
5.643061353322610958e+05
6.184765089754362125e+05
9.417278822146555176e+05
4.599110456370823085e+05
1.048607835715781432e+06
6.669136993941701949e+05
4.598974771689408226e+05
1.395782886236583581e+05
4.845134451930702926e+04
1.444910026090922474e+05
9.740022007333775982e+05
8.495065556313149864e+05
3.292666594086877885e+05
1.922255346252818708e+05
1.430843841636428377e+06
6.058375036281476496e+05
1.160364881179332879e+05
1.396197820040697232e+06
1.317657805759490933e+06
5.370839490076836199e+06
1.543706939388283645e+05
2.417307251812572067e+05
2.116653053969706234e+05
1.648692225232734927e+05
2.121852093012207479e+05
1.336133760736194381e+05
4.795032726558246650e+05
1.467744736656500609e+05
7.529221972740559431e+04
1.036193797458480985e+05
6.041621047585237829e+04
1.596862547089946456e+06
4.909829483987992280e+05
9.471971775392477866e+05
4.976037593654673401e+04
9.728751545848341193e+05
6.015701304758364568e+05
1.587133934310907265e+06
2.496623198160272732e+05
3.400834644761406234e+05
3.404654085499498251e+03
8.192565445094349561e+05
1.452059210224339586e+04
7.309244752683381084e+05
6.511368307071976596e+04
5.397970989330925513e+05
5.260394034619128797e+05
5.450395967798143392e+05
1.498651401927300321e+05
8.419277980834481423e+04
1.355866596154904459e+06
1.210134869000915642e+05
3.731283716007050825e+05
4.655881020615247544e+05
1.743499101635649800e+06
1.698607426487844496e+05
1.283318585558508639e+05
1.251531144609910261e+05
1.743007359904838959e+05
2.345477158597115777e+05
8.203950104816012317e+05
2.657904599657271756e+05
2.674651277671931894e+05
2.517152842514657241e+05
3.007790442590155872e+05
5.049514725306877517e+05
2.882239390001082327e+06
6.557908255469280994e+04
2.097162769015721860e+05
5.916316051091291010e+05
1.366008967665194534e+06
2.620770553869483119e+05
4.233895627080835984e+05
3.007991989330562064e+05
7.681170968580980552e+05
1.016793224881111993e+06
1.652363631393822143e+06
1.575872866307128686e+06
7.508915194650761550e+05
1.406165171233249421e+05
2.036415700311861874e+05
3.165092423525727354e+05
1.475869955390129238e+06
1.543183012712811120e+06
1.483245507924116100e+05
6.764260321900117560e+04
4.043016926650039386e+05
5.638295777719822945e+05
4.711154286056704004e+05
3.382615901488804375e+05
5.984521751058141672e+04
5.805997543791075004e+05
3.931774534544996568e+05
8.083811490733438404e+04
2.555353628301017307e+04
6.173373632565070147e+04
1.480343137600374408e+06
4.686133249417411280e+05
3.898237218012101366e+05
1.218413794781105680e+05
5.252936207964688074e+05
6.554402559417272278e+04
1.680403082630401186e+05
2.522749066910821130e+05
3.860343204638144816e+05
1.235101683165310416e+06
1.884382472393384203e+06
2.011055297924825281e+05
3.822631504798907554e+05
4.950856825532143703e+05
1.575626356889621820e+05
2.199492192798037431e+05
1.146092953367422597e+05
1.948591311743783997e+06
7.386704325548858615e+05
8.494751977966496270e+03
9.721416931354484404e+04
2.719259348997137276e+05
2.934464573097063694e+05
8.790092681662122486e+05
1.954601596220296342e+05
7.336808597946625378e+04
8.570941097893249243e+05
9.041277504301570298e+04
1.204715086131512187e+06
1.569946147870257118e+04
4.396274458002730971e+05
6.498259807151311543e+05
6.135912188310612692e+05
1.152842476935034385e+06
1.772901920946994331e+06
4.375452466913153185e+05
9.414801881159248296e+05
1.415665219586331630e+06
9.267580850343777565e+05
1.455379136125629702e+04
1.502492108170435531e+06
2.898909834504414466e+05
1.251926731564899092e+05
4.733136694852911867e+06
1.051714935747627635e+06
5.223339263287194190e+05
3.070670805429760367e+05
1.648702160003089230e+05
5.925811824500931834e+04
1.387893611901236000e+05
4.690076424443347496e+05
4.749414943326592947e+03
5.577996302717664512e+05
4.897306216199169285e+05
3.103948401887335931e+05
5.473817068035239354e+05
2.349533132419329777e+05
2.770483725719538052e+05
1.037900660217075027e+06
6.597682409187003213e+04
1.551632220016460167e+06
1.839818051124721242e+05
1.270532709549259162e+05
3.510948210344555264e+04
4.560994801043056068e+05
1.104762428212706698e+06
1.279404083397095790e+06
5.746710137206363725e+05
5.029588576013434795e+04
2.522816882311533263e+05
1.604175071186342975e+05
2.261375214213831350e+05
2.759314521715827868e+05
1.320429562497354636e+05
1.480687131512555934e+05
1.090907452133231098e+06
6.030639359657894238e+04
5.992803461249516113e+05
8.472088032512479695e+05
7.445993574199108407e+05
2.055953042895947001e+05
1.112092672007588772e+04
2.434388656072225131e+05
1.883268585260296240e+06
1.475333156650574529e+05
7.454468109176097205e+05
1.919393770440091903e+05
4.346688673152492847e+05
1.003820047466931632e+06
9.757009452997414628e+05
1.171128864666855225e+05
2.617971478141328844e+05
2.233810026711042039e+06
1.473635442372795078e+05
5.121611664837787393e+05
4.071012149985326687e+05
2.590517137810207787e+05
9.518596055203727446e+05
4.404755881150152418e+05
1.351281635953182704e+05
1.407309654048056109e+05
2.818231934138340293e+05
3.485777133285946911e+05
3.261842304196663317e+05
5.260112329293984221e+05
5.954071405779622728e+05
5.645393241054450627e+05
5.138727527044969611e+05
4.000409155531347496e+05
7.526771606562985107e+04
3.188916024566889973e+05
1.346979700085321441e+06
2.868597921574349748e+05
5.542438973625344224e+05
2.238771751987649186e+05
7.909314309837121982e+05
4.207871080130111077e+05
2.246703629937944934e+05
4.340920566786654526e+05
