1.708887064201787289e+05
1.875551993528247112e+05
7.952756707324805029e+04
4.623442762357491883e+05
2.630476205067090923e+05
1.563382306593944668e+05
1.997045964311455609e+05
2.124601162802409090e+05
1.145244420396924252e+06
2.914412746965484694e+05
8.036679009780941124e+04
2.503614715561876656e+05
2.512205683052043241e+04
3.465928603728833423e+03
3.017312502135664909e+04
4.733699072706821607e+04
2.695723478920292109e+05
2.122384160570048698e+04
2.059856756616605562e+05
7.962810247464068234e+05
1.417407193364096573e+06
2.870851554373456165e+05
3.343519508460904472e+05
2.531314249689385761e+05
7.310022559821637115e+05
8.506722642769372091e+06
3.305994516361870774e+04
4.169355959165178356e+05
5.004463798201171448e+04
3.299939526772914687e+05
5.785455840100590140e+05
8.667968616694856901e+05
1.372583656444540829e+05
1.935746172523339919e+05
1.349980429550209665e+05
2.023009965157237311e+05
3.492231725386715843e+05
7.520495916568100220e+05
5.617238739797106246e+05
1.099328412939370464e+05
6.437171859890019987e+05
9.158253826225278317e+04
5.520802067064535804e+05
3.866999801593889424e+04
1.630412168636691640e+05
1.126748472143238469e+05
7.770163053723332996e+04
1.781130522308263462e+05
4.733756005660967901e+06
9.734386834197580174e+04
7.016685226779508230e+04
2.929829985398025019e+05
1.594400151572577306e+05
3.198894787144945469e+06
8.956645243063786766e+05
9.699832457812012581e+04
1.758312184560413589e+05
4.177572346638072486e+04
6.279237866978738457e+05
3.084104989085239358e+05
5.923955981241173577e+05
5.153888948530814960e+05
1.327312704716282606e+05
5.879317243700890103e+05
3.159733955457694829e+05
2.212157107552215748e+05
5.854784327539930819e+05
2.121880451677212841e+05
9.259376976391940843e+04
6.820731431763151195e+05
8.627692497847444611e+04
2.933969726863430347e+06
5.217796822561831796e+05
3.645471329275901371e+04
6.877417722670342773e+05
1.419766224570621271e+06
1.865475111223611282e+06
1.153794423515746603e+06
2.565801123522229027e+05
3.643886477927629021e+05
8.678392568299999402e+04
1.567275681495158933e+06
6.506772613970764360e+04
7.833755340040165174e+04
5.383829199913041666e+05
6.490716898771521664e+04
1.180856638277743943e+06
1.411292821581420139e+05
3.068956302788006360e+04
1.531121731556393206e+05
4.620490523419866222e+05
5.594842895686731208e+05
4.392862698911678744e+05
2.684602677175789722e+05
2.625276411396547337e+05
1.548820780269867973e+06
5.197084444660699810e+05
1.248901241419408703e+06
4.912596850980487652e+05
1.982556120572840096e+06
7.449908763668675674e+05
3.027072954022216727e+05
2.402229399574682466e+05
1.762760379486383870e+06
1.004811116125871893e+06
2.364773269700497040e+05
3.962671443076024880e+05
1.390861219147504016e+05
2.817191599040482106e+04
1.071442849960525287e+06
2.315382073928454891e+06
5.946478235402863938e+05
3.399534526525589172e+05
7.228335919763885904e+05
1.528200995058982167e+06
8.086778725377111696e+05
5.183940697458629729e+05
1.857453723611335736e+06
1.853493889775799587e+06
3.002186503598669078e+05
8.655429047038228018e+05
3.035804602345304447e+05
3.282073228028170415e+05
1.759941727806570270e+04
6.016339431493459269e+05
4.677113177004626952e+06
2.256056381445573061e+05
2.220275125947039924e+05
8.650096015492758306e+04
4.486537746406228980e+05
1.566756254586586962e+06
5.535839227536238031e+05
6.173698110911255935e+05
1.828935163612728065e+05
4.052099099258071510e+05
1.541359438449226436e+05
2.978538691814345657e+05
4.616297786508800928e+05
6.761530563124601031e+04
5.935301364576720516e+04
8.192579200161322951e+05
1.073274069500997663e+06
9.054684024065163685e+05
3.200180059609984746e+05
5.166417414136295520e+03
8.083918461013801862e+05
1.250637732736047357e+06
3.208935891724733519e+05
5.036863706790353172e+05
5.407169947031765478e+05
1.472729930257234082e+05
2.047023676868758630e+05
2.478583667640984931e+05
2.234344599346913164e+05
8.069256767321379157e+05
4.060561353998793493e+04
3.850662492024403764e+04
6.032452282519467408e+05
4.823090890220197616e+04
2.089793566394053632e+05
6.848681638108507032e+05
1.525159027643868176e+05
7.725822870789839653e+05
3.258259798148421105e+05
1.164625332090971206e+05
7.421200355587367667e+05
4.758881261323361541e+05
2.468331036907772941e+05
4.735039838072894490e+05
1.117620046746325679e+05
1.040154523210150772e+06
1.748357794702178799e+05
1.407118108936939680e+05
7.659964741506613791e+05
9.593809960073599359e+04
1.821098172223964648e+05
9.519031427695432212e+05
3.780909857087167911e+05
1.971229765713626111e+05
1.628281063116902020e+06
2.367644216517056804e+06
6.564075448028840765e+04
3.521520269531894010e+05
2.003084474608500313e+05
3.459495470915288315e+05
1.340824065587194928e+05
1.611931213522344478e+05
1.149014703916025755e+05
1.091647264350925252e+05
8.644023594972871069e+04
1.674677436799776042e+05
1.026040561092942371e+06
2.240400164165837050e+05
3.700873215799359605e+05
1.174404429895302514e+06
1.329053219867406297e+05
1.251540017411015288e+05
3.443768151288768859e+05
1.056466390649702167e+06
2.798728211395254475e+05
8.049296954758524662e+05
3.932277030863040709e+05
3.786998820969873341e+05
3.907687280587762943e+05
5.888526169099790277e+05
2.034600825260327547e+05
5.085682747244277969e+06
8.884440730602080293e+04
6.677157283229907043e+05
7.696485549081220524e+05
7.095922595149509143e+05
2.694519935519826249e+05
1.882965269579088490e+05
5.727501352586306166e+05
1.048013930073587340e+06
3.718414597974108183e+05
2.471180653346608233e+04
4.949565775620858767e+04
2.885617945286156464e+04
1.648142641258626827e+05
2.338817345831065177e+04
1.233600378708715871e+05
2.168795007297502889e+05
7.915646245837726747e+04
1.857455589052224532e+05
1.281859771004164213e+04
1.322686624187014822e+05
3.240908166650990024e+06
5.669154002584726550e+04
2.760129225459973677e+05
7.770227109953932231e+05
9.587412430787121411e+05
2.199499058247561043e+05
1.213133091333172983e+06
3.195235176145798760e+05
7.368958825975212967e+05
5.948170413950349903e+05
1.005615731171148247e+06
4.888591162910329876e+05
8.187908446962987073e+05
1.951330331586635439e+06
3.263594734876705334e+05
3.890146661601566593e+05
3.198332408361331909e+05
1.272858440301009832e+05
6.828420729812374339e+04
1.846504988660083327e+05
1.618322467821527971e+05
3.238417102504869690e+05
2.142389180774467066e+06
7.855383696799906902e+05
6.573804965979463886e+05
7.129274953439851524e+05
1.117586048214305658e+06
3.644968966012232704e+05
5.757258935988546582e+05
9.933371574908560142e+05
9.590567181327228900e+04
1.907847786541803507e+05
3.124582510078100022e+05
2.047076680514845357e+05
2.168460589338631369e+06
4.080310982946496224e+05
2.134106629126810294e+05
1.570631776210676879e+06
8.265447286494729633e+04
3.990893829705933458e+05
1.604527415382340259e+05
1.387787060752341989e+06
4.343222450938139227e+05
2.279952580955733720e+05
9.918036568589973031e+05
4.641114533933767234e+05
7.987280892040977778e+04
7.198357762962656561e+05
1.752315573692234699e+06
6.478843162534887670e+05
2.355033820256075996e+05
2.520091998307973845e+05
2.810943171105943620e+05
3.816761300467072579e+04
3.728821012060013600e+05
1.225544595672387222e+05
1.029740913719711098e+05
5.536547934894730861e+04
4.873276885390705429e+05
2.082701355389516684e+05
2.675242215124013019e+05
9.748510859853014699e+04
2.146031175598800764e+05
1.350994609474545112e+06
9.380653242705547018e+04
2.646758783111942466e+06
1.084846992815041158e+05
1.497141764272925211e+05
4.231972983709992259e+05
9.776642617084336234e+05
8.158078521066287067e+04
1.355066104151654145e+04
6.488641961448742222e+04
1.262357185918339383e+05
2.080630023759592150e+05
1.167187280693322391e+05
1.222956449531944236e+05
2.558589236820308361e+04
3.868876369386460283e+05
9.031541674969195155e+05
1.427488301258087449e+05
2.477493867288800247e+05
1.318163485947841837e+05
2.092285688470487250e+06
3.020095840083876974e+05
8.560880871536742197e+05
2.535362654475250456e+05
5.584643343510999111e+05
1.144670321852891007e+06
3.070464387841598364e+05
4.301476805157750496e+05
1.160800481775285443e+06
3.007431393565397011e+05
5.193183095900026965e+05
2.319058544218321331e+05
6.311013428452101070e+05
3.573378021467341459e+05
3.088515543156354106e+05
4.694233578361294349e+05
2.401267966545725940e+05
4.875735113884974853e+05
3.566846922589339665e+05
8.840628198023134610e+04
9.433602995233159163e+04
7.007209876127829193e+04
2.613504695256468258e+05
6.036837171396954218e+05
1.002520959277021320e+05
6.287956670274271164e+05
3.069101429944868432e+05
5.086147719060801901e+05
8.731561435451388825e+05
5.733722256115520140e+05
5.414342179600920063e+05
1.153508857637228910e+06
1.035173075347285252e+06
3.383510583848104347e+06
4.028124715579972835e+05
2.835768629385365639e+05
6.561455014765858650e+05
1.678790338287582563e+05
6.627247011429876147e+04
1.281374628917951195e+05
4.195343372283937642e+05
2.087277171929453907e+05
1.386066303419811302e+05
4.056817848062601115e+03
2.577197608794676198e+05
1.598148682618582388e+05
1.377315175832783862e+05
1.357600439855626901e+05
8.788878110112829017e+04
1.416270407643720973e+05
7.893370933203481836e+05
9.920284292416489916e+05
6.669021638069751207e+05
8.103309649070769083e+05
4.822680350770762307e+05
5.958760832533203065e+05
1.761690886520035565e+05
1.085708214340232662e+05
1.128005351307957666e+06
1.219352851420472289e+05
2.779857222929130075e+05
1.430823924488474731e+05
1.180956481364071136e+06
1.738150895559264172e+05
2.485087023212429136e+06
1.618731056514102966e+05
6.128220288178059272e+05
6.004973369651520625e+05
5.626472408840142452e+04
2.220297534833103418e+05
1.449034236745465314e+05
5.227644766906723089e+04
7.031265416422708950e+04
2.651183782750155311e+06
3.275284192475689342e+05
1.313087167384797940e+06
1.128226694173954602e+05
1.345703713473565876e+05
1.300622350852146628e+05
3.435534418440762965e+04
1.103301889798590855e+05
3.221227893887843238e+05
1.851655921426113346e+05
2.390290554692822043e+06
9.593776124907956691e+05
1.190890904294913707e+04
3.063436685673701577e+05
2.098541913598816376e+06
6.240768851316572400e+05
1.864673856791796861e+05
1.607440671943283814e+05
1.223230980688082520e+06
1.187137923624342075e+05
9.261092012327184202e+05
2.614446526815815014e+05
2.290698585992256645e+06
7.688780615561883897e+05
2.478628384843238164e+06
2.016918926890573348e+05
9.684465632535154000e+05
1.723937280087493418e+05
3.780136098935658811e+05
1.572076415089957300e+05
1.635436792797189264e+05
4.671775679542586295e+04
3.228949546394302160e+05
3.404701375605297508e+05
6.152059023450116365e+04
4.433980822664828156e+05
1.993571288154991635e+05
9.170535146625549532e+04
1.162289611786665162e+06
6.037324447422293015e+05
2.412620524254746735e+06
7.682862120247676503e+05
2.662888059186653700e+05
8.006507542001481634e+05
2.671069212382556871e+05
1.023172489979748352e+05
1.581937675304367440e+05
3.669435544730277266e+06
3.198786782206061762e+05
3.318926736046057777e+05
3.408329744829747942e+05
1.326687531912062259e+05
7.574852393020439195e+04
7.948896187023178209e+04
1.495792059917629929e+06
3.509514343007644493e+04
2.467320045811952441e+05
1.527253022622325690e+06
2.345647444927635370e+05
2.240543418883490376e+05
2.533252650689323782e+05
1.976692481974208029e+06
7.023189003211576492e+05
1.352555153335955460e+06
1.231507217266066073e+04
3.667435235897056409e+05
1.506432856826625357e+05
4.367139453217606642e+05
2.366588180121723562e+05
2.898234311745530576e+05
8.130187563812060980e+05
3.137341567617228138e+05
1.073382117745692667e+05
2.112374050422412693e+05
4.064765519784411299e+05
5.863005484301636461e+05
7.151345883574109757e+05
4.309734108492125524e+05
4.594796936271729879e+06
3.859764070180309936e+05
8.734648304567181040e+05
4.181208312034143601e+05
8.092599487452176982e+04
1.117621091487282247e+05
3.776494420453007915e+05
3.496449592083134921e+05
2.353669990975031105e+05
4.604246904934147024e+05
2.946197712158731883e+05
3.101255176991638145e+05
3.230196263745090691e+05
5.245381903268862516e+05
1.059948252299908199e+05
9.742694338354269275e+05
7.971577659871958895e+05
9.290472225927398540e+04
3.267247945411450928e+05
2.130158732449704548e+05
5.728312268900567433e+05
1.506634438058900996e+05
1.675274264888913021e+05
8.352942964357603341e+04
5.093840264815446571e+05
6.807303082443702733e+05
6.407433576453443384e+05
2.264265570179737115e+05
3.173674898579769651e+05
2.016831248393663263e+05
2.195826907622607177e+04
1.300844839699822478e+06
3.011911353186841588e+05
5.005555136830119882e+05
1.552683426916097524e+05
4.691782837813162478e+05
9.740280840572363231e+05
1.968267151149191195e+06
6.297644854746157071e+05
8.707650068363451282e+04
2.533902729767938436e+05
3.576694935383284610e+04
1.001062760289322934e+06
3.328586866765354353e+04
2.386856445249713142e+05
7.270816480967525858e+05
1.883589288160989527e+05
1.681202721355332760e+05
2.270302473231218755e+05
1.025115102163235424e+05
8.363462841778063739e+04
4.998658063272155123e+05
8.378824231410567882e+05
1.590600063780195196e+05
1.642099288258025190e+05
1.527353216981021920e+06
1.673086762503707141e+05
1.304786206588834320e+05
5.073673350012269802e+05
7.435444785377618391e+05
6.069239531499547884e+05
5.512133891779582482e+05
1.097236404237634037e+06
3.397277100961898919e+06
4.602620015892569791e+04
5.021781502334691468e+05
2.312826519270036370e+05
2.944425147333714413e+05
9.278926810358831426e+05
1.473850386500815861e+06
1.012532324890077929e+06
3.462678613335213740e+05
4.664753913400927559e+04
6.672680227078787284e+05
3.590542445841196459e+05
2.433108835039279365e+05
7.069984669549301543e+03
2.045184738747042138e+05
1.808813442787579552e+05
5.709060121891431481e+04
4.305452338603326934e+05
4.194390714418187272e+05
1.461643009560233448e+06
6.424605127410313580e+05
5.128762902313703671e+05
5.173415147516264697e+05
8.013806270066121360e+05
2.281175275061324646e+05
9.630364633561872179e+05
7.247125782014211873e+05
2.683822361107308534e+05
2.144904207294980879e+05
1.082717869517632935e+05
7.297338648163925973e+04
2.214660743483667102e+04
6.589791974038532935e+05
8.329771700171765406e+04
5.533953184248384787e+05
3.170106871835039783e+04
8.996039405238708423e+04
1.730383449684677471e+05
3.486732254681495251e+05
7.935176398378607119e+05
2.458441139783696737e+06
4.183254558476625243e+04
1.770808325735547987e+05
9.011697748947225045e+04
2.564568499123787624e+05
1.281824829579579819e+05
5.749945663049099676e+04
1.327730320704204030e+06
3.682162812469014316e+05
5.381374059668705013e+04
1.142403285479349288e+05
2.449135217636479647e+05
3.519253900310074096e+05
8.161993208816580591e+04
7.258404769268693053e+04
5.078792621164662705e+04
4.557829834733454627e+05
2.729361992140598013e+05
1.295533988522821746e+05
8.806317815485306783e+05
7.035921890281108208e+05
5.905859763623353501e+04
4.305744294007592252e+05
4.078478177303073462e+05
4.742875417293640785e+05
2.081209624147279246e+05
9.115722260569484206e+05
1.059106678261093039e+05
7.493854568713401677e+05
1.125425521742835874e+06
2.013337544892818842e+05
1.733041883551888750e+05
8.196159192358397413e+05
1.339939959021751536e+06
1.476055596552164527e+06
1.270274228474836709e+05
1.151956980672124075e+06
4.861328916121287039e+05
2.284201738983775431e+05
1.948047960515073792e+05
3.050646389047033153e+05
2.509538001198132697e+05
2.076934796982944245e+06
1.123697724409856368e+06
2.328383119985104131e+05
2.781484480373527622e+05
1.694403783696975734e+05
2.193157938494207803e+06
2.631985202850780915e+05
1.750754680977371463e+05
1.611450873311682662e+05
2.866046111939818948e+05
2.082245329705744516e+05
1.179897624249735145e+03
4.692943777105244226e+04
2.120365685969060578e+05
1.531701956573973584e+05
1.099946154454178322e+05
9.808074723499347456e+05
8.395285963536965428e+05
2.196422680124058097e+05
1.294767158580335526e+05
9.263439501556841424e+04
1.283436386693768145e+05
5.748318525619952707e+05
2.293475948910847364e+05
2.167786447287622839e+06
5.021926129645499750e+05
8.566518531598042464e+05
2.829688442969230819e+05
8.396121851276905509e+05
4.617567063740192098e+05
7.317881363859580597e+05
1.488196930338512408e+06
9.489137563134951051e+04
3.673060631517420406e+05
8.294858408972345933e+04
7.605944464481605683e+05
2.795330623418421019e+05
2.882811230094453320e+06
1.255926854299900006e+05
5.132819161599877407e+05
1.422769217254160205e+06
2.057632776294355281e+06
6.817853505303513957e+05
5.114301661501149647e+05
2.356459379307136114e+05
5.813560075963797863e+04
1.117474850551858079e+06
4.341419783579549752e+06
1.514637447694777977e+06
3.905369768895154702e+05
5.309794587765889009e+05
1.879212087133332097e+05
4.157139092866960709e+04
5.644588280399765354e+05
2.324034794932036661e+06
7.318611746839889747e+03
2.214720839532153623e+05
2.479569318749319937e+05
5.903032229932205519e+05
3.031548653311910457e+05
3.144421285424571834e+05
9.240318822664371692e+05
5.220915870834021829e+06
4.233579346415380714e+05
1.016522822910736140e+05
5.992345767517735658e+04
2.572562958616876276e+05
2.478144460982761302e+04
1.229142754159426549e+06
1.662849244582591637e+05
3.913620072102724807e+05
6.530249301448428305e+05
7.099026476020322880e+05
2.819385973976238893e+04
1.509643571143644513e+05
1.371481658830220986e+05
7.448802447848404699e+04
1.137922928134424728e+05
1.178397759886706772e+05
2.003851430196278961e+05
1.978250595741693163e+06
1.883818468814896478e+05
1.546059144328162365e+05
1.257846660270265711e+05
9.627472986194575205e+05
1.396355021725220140e+06
2.647063319084680988e+05
8.851814119815757731e+05
1.132381358284503222e+05
1.364754559205357509e+05
3.979796538947355002e+05
8.246177283904628712e+04
7.040486570583421271e+05
1.294784048340412555e+06
6.147905160874304129e+05
2.812952652310326230e+05
1.981586651219745108e+05
8.475907412934891181e+05
2.103756919187161257e+05
1.494410240568589419e+06
4.011925730953099992e+04
4.071935649832797935e+04
1.701474426067976048e+06
2.269672684887472424e+05
1.314567449532871251e+04
3.823522864306475094e+04
4.212877908783487510e+05
1.879691611463931331e+05
3.072253058978643385e+05
1.057959748299993953e+05
1.516342435808724957e+06
2.573526132099805982e+05
1.712179279004024575e+05
1.854612447634886121e+04
4.682306991044838214e+05
1.843424853649023571e+05
6.120545102948714339e+04
1.645060481682101730e+06
2.548858056447614217e+05
1.158806195393083326e+05
2.758494274018332828e+06
3.302144265841257875e+05
2.541884813475690607e+05
7.442489594132264028e+04
4.800142875011008000e+05
2.521898388220215566e+05
1.535067685943311779e+06
3.514700862615553342e+04
2.246421812113526103e+05
1.611309373653336370e+05
2.748859756595541839e+05
1.744497770277677570e+06
1.677035957955564663e+05
1.704136756201919168e+06
6.737502016427492490e+05
3.277403321162979701e+05
1.654272180307623348e+05
1.811696271522874478e+06
3.722314192887415411e+05
3.571659443408792868e+04
6.851248584915215615e+05
4.628857998274900601e+05
1.120130890499016095e+05
1.784499179514839780e+06
1.071312494162097573e+05
4.329729823090939899e+05
1.479166446908474667e+06
3.881018277822372620e+05
1.501099476470907975e+05
3.418659312270738883e+05
1.144811644658702426e+06
4.814233775573927560e+05
1.066387710318501049e+05
2.639358550033089705e+05
8.839553198886246537e+04
3.269610895378684625e+06
4.293869870878787478e+05
1.227709801214461913e+06
1.741742069855030393e+06
2.169424646023682319e+06
1.038367770528745721e+06
6.322674620522465557e+05
1.806182475407707971e+05
1.333898385778131895e+06
1.096289971039390075e+05
2.209009429866714345e+05
2.841726428517486784e+05
2.238642781237440649e+05
7.209361684208258521e+04
2.081240246862367494e+05
4.801856485525161843e+05
9.621646260696934769e+04
8.522824545350148401e+04
1.798356700574631104e+05
4.339753692342509021e+04
2.531483569525933708e+05
3.216849926181416959e+05
7.687473145910621388e+05
1.335995978907156968e+05
4.693991243518330739e+05
3.698547699159449257e+04
6.916395890530623728e+04
8.168388168979829643e+05
7.285353797155035136e+04
1.374282800156754383e+05
4.388168644939611549e+05
1.637092016131035052e+05
9.247627419310245023e+04
5.069164822642031359e+05
1.210816862063280569e+05
4.533065270565490937e+05
8.877135577627430903e+05
4.595225253901802353e+05
3.176854109296146315e+06
1.066372029357583961e+06
2.852882320165066049e+05
1.295070941709337349e+05
1.160828091369988979e+05
8.518451728125743102e+05
1.097214918428576086e+06
3.323230686948795337e+05
3.193079325573935639e+05
2.417202422714102082e+06
3.447973061074655503e+06
1.094385958017591853e+06
2.831867854260132663e+04
6.464453117012740113e+05
3.976656472016513580e+05
1.806575674320450635e+05
1.472135841886793030e+06
1.929328411231726641e+05
6.847936065260398900e+05
1.242850762772093149e+05
3.239352526943947887e+05
2.325955727456312627e+06
2.451467530461433926e+05
6.670400168104565237e+05
1.289647565957963961e+05
2.462681157604718755e+05
5.885982868218288058e+05
4.109062735296884552e+06
6.530797893107540440e+05
2.340926442436760408e+05
8.987654778751613339e+05
3.460091816175895510e+05
6.830950205597726745e+04
5.644244969360486139e+05
1.713236909680022509e+05
1.024230267752231448e+06
7.951822963617542991e+05
6.267418763113686873e+04
1.008611716295802034e+05
1.196839306441222318e+06
3.530323070274603670e+05
9.328591155001217267e+05
1.219961566803381575e+05
1.088618747410701762e+05
6.096863084791370202e+05
3.251457528210563469e+05
1.034045297087739571e+06
1.992244959862953401e+05
9.595022862876596628e+05
3.127559533279336174e+05
5.645217158000823110e+05
3.119169687806797447e+05
9.303598361084818316e+04
3.321054163573075202e+05
8.314315501511961920e+05
7.414172203238350630e+04
4.674215259342777426e+05
3.901499733454244561e+05
7.508322434215077665e+05
2.238635896859737113e+05
3.273181044738113997e+05
7.412058165908865340e+04
3.821641318045886001e+05
1.464047267579888692e+06
3.150717409146325663e+05
1.043879320212290506e+06
3.192657251260073390e+05
1.112721080285594566e+06
8.131084374172509706e+04
2.932141953847231925e+05
4.182659304196434096e+05
1.110030850495857885e+05
2.845397230330239981e+05
7.999218027242070821e+04
9.370906060672286549e+04
2.034788356732387794e+06
7.114503946817516116e+05
4.673606136837410158e+05
1.342545190785801678e+05
5.715124518116887193e+05
4.757817913091275113e+04
2.767172525852336548e+05
2.413913159213460749e+05
5.839188723874748684e+05
3.533589536236282438e+05
4.309877968645236106e+05
1.085154623867210466e+05
2.588375069270061795e+05
2.917427967390569393e+05
1.534512875270320801e+05
2.754959032628250425e+05
7.694012047371712513e+06
4.671201695569468429e+05
9.536414410892211599e+05
1.957041960213860264e+06
9.825720430047865957e+05
1.222520846314287337e+05
2.071411021959491074e+06
7.898007358747216640e+05
2.016369714005609043e+06
8.379738530055886076e+04
4.916281410486238747e+04
1.149818090519363759e+06
1.265786635298455949e+05
3.117961567535561626e+05
1.290508298663487192e+06
3.237788090518196113e+06
8.004170892370006768e+05
1.223523495333581814e+05
1.726220038890532160e+05
7.020477238167333417e+05
3.333079929664432420e+05
2.427850523697228171e+06
2.258355208026575565e+05
1.796017736734583974e+06
6.136320754302509595e+05
2.853307717986457283e+05
6.438940042286636308e+05
2.997436337394886068e+05
9.129057200573868613e+03
1.849105091112059541e+06
8.806740142195846420e+05
2.804548411582026747e+05
5.502023444294884102e+05
6.515960861566830426e+05
6.716792680905988673e+05
4.637519428444731748e+05
6.599294753193496726e+05
4.282027531589115970e+05
2.194884045622332196e+05
1.161749854469927959e+06
4.123476410053066211e+05
3.077633500337203150e+05
5.814721426729235100e+05
2.270499099814568763e+05
4.413702453459288809e+05
4.174410433453085716e+05
6.901527733160946518e+05
4.803926609584427206e+04
1.103036896452129295e+05
1.714408595048747666e+05
5.905234595781598182e+04
1.222356664367002959e+05
1.016681786854441976e+06
7.703554701837281755e+04
2.563990580556788773e+05
1.363552446051136940e+05
1.113786178083237173e+05
1.262236062365143589e+05
4.259886973822899163e+05
4.800545575189178344e+05
3.822822178650169517e+05
1.732653931544501393e+04
9.274100692425888265e+05
3.017321508801471908e+06
2.117452396548841789e+05
5.774977363722323207e+04
4.272154850936299772e+04
6.316978718901022803e+05
1.203259779135381337e+06
1.137618322189379251e+05
8.187750137379155494e+05
2.958763709208355867e+05
7.908632937508050818e+05
2.767535807453835849e+06
2.289043621671896544e+05
1.576193105773539537e+04
5.332782172856769757e+05
7.933891937506136310e+04
1.309482109404400035e+04
1.369599614384926972e+05
1.755701976041320304e+05
2.743335033682244248e+05
6.693263395744089212e+04
7.032455241452266928e+05
7.786911905960863805e+04
6.283823867464515206e+04
2.410658651782978995e+04
3.277420543101295480e+05
1.107704228244401602e+05
5.154663165176831535e+05
1.238208563359192805e+06
2.135098880196989339e+05
7.679782939633807109e+04
2.991044040726959356e+05
2.776569257954124478e+05
1.633848026762435329e+05
1.496427037061107330e+04
7.680657057121831167e+04
2.974524300927413788e+04
7.514491577595132403e+05
1.056001111676952103e+06
4.145389046826491249e+05
8.274698919551828876e+05
9.477426148857796215e+04
5.424267873978862772e+05
2.490546124867720064e+05
1.358304635013136722e+05
3.741363699709324283e+05
7.856359027436653851e+05
1.025352834652416524e+06
2.279992530088451458e+05
9.962274333147431025e+05
2.763117420206021052e+05
1.307371450303346501e+05
2.399234512178650126e+06
5.081469081695855130e+05
7.433304444121013512e+04
7.782751378998227883e+05
6.134793460505345138e+05
4.165714516381227877e+05
4.764743289002566016e+05
1.226811897086746903e+05
2.625213776309483219e+05
2.244615038494221517e+05
3.321165405527882831e+04
5.595911645580788900e+04
6.452374378539294703e+05
1.399444041112281382e+06
1.129594471295521507e+05
6.736698489503782184e+04
3.583519115929838736e+05
1.916681096082072472e+05
3.262981047684488585e+05
3.248208896217992296e+05
1.674257396940272010e+05
9.939001022055547219e+04
2.955214248628568384e+03
1.439956889235560375e+05
4.502536672273618169e+05
1.614843029916420346e+05
3.342519384930666420e+05
8.101876617986662313e+05
2.272981446406292380e+05
6.556170397240463644e+05
1.031880600451018545e+05
2.822327718034051359e+05
2.799078458475535735e+05
9.969293393586043967e+05
2.218448527040791523e+05
4.993228762485021434e+04
2.492040193980750046e+05
7.124023004813115112e+05
4.073482366625193972e+05
2.986214907836961094e+06
4.519301993582775467e+05
8.532886240025406005e+04
7.982459953506011516e+04
2.395766504282880487e+04
1.814251457844840770e+05
1.141084137476887845e+05
5.279538061819933355e+05
5.169528841949020280e+05
8.983256450517313788e+05
1.570182236580108525e+06
4.113109342205782305e+05
1.104341391966479714e+05
1.971907852782457485e+05
7.599087692175002303e+05
3.291150096421652706e+05
1.688065967012561450e+05
1.538826285228289198e+06
7.399980138518651074e+04
1.076263182619111845e+06
1.947981472027901327e+05
2.982826593191425200e+05
3.894827672491839621e+05
7.523106024777608400e+04
1.721926924324781576e+05
1.476289666535734432e+05
2.190345671656886407e+05
1.222612051484826254e+06
1.547055419965760782e+06
1.176687710505898809e+06
8.258198252944740234e+05
3.206813198761341628e+05
1.485245662188781425e+05
1.310652732019436546e+06
4.156127598348493921e+05
2.883825417309220647e+05
1.906331023493500252e+05
8.622293528945725411e+05
8.191070781645503594e+05
1.222317568040359300e+06
1.643162337774079060e+05
2.810457750937268138e+05
1.287442532092959620e+06
5.626833546424207452e+04
1.509638917207712948e+05
3.046414640474505140e+05
2.516893131381015992e+05
1.260142314029457280e+06
9.296747652127702895e+04
6.110234106097012409e+04
5.854555550416655751e+04
9.477465124255516566e+05
5.060616280610491522e+05
6.725275052703635301e+05
2.002294213324195298e+05
9.101972912462516688e+05
2.211537753431872115e+05
5.121396176384110004e+05
1.178546849620738532e+06
1.980039614861607552e+05
1.445225335638159013e+05
3.971119606067719287e+05
1.334418222865378775e+05
5.438575439668595791e+05
3.314784049507681630e+05
6.120987493223557249e+05
2.902637320772976382e+05
4.793587758698503603e+05
1.189557246649198642e+05
5.201324870653980724e+03
1.600654658751976967e+05
5.293146072181324707e+05
1.192104255508607952e+06
4.461364159278164152e+05
2.801443375615245313e+05
4.230395252417973825e+05
6.544174109637176618e+06
1.628955501944329008e+05
6.369467088526827138e+04
2.169016603915672749e+05
2.317081726545301208e+05
6.942786407313268865e+05
8.106710501805713284e+04
2.186928249826132960e+05
1.754855125637927267e+05
3.768271332935885875e+05
9.225270109190235380e+05
2.052512594388634025e+05
4.296470744620148093e+06
6.059212829018478515e+05
9.840632438833978085e+04
2.418782307306399453e+05
3.128274958733778913e+05
2.649771962834186852e+05
4.531964444358328910e+04
4.637729615552113974e+05
1.621638981925455853e+06
5.346484470729461173e+05
2.481003860968255613e+05
9.423000003838776611e+05
1.724420086405666952e+05
1.030196454452300328e+06
7.305715341890407726e+05
1.180283999776808632e+05
3.078341044052514480e+05
2.857344071781383827e+05
1.025266094172670455e+04
8.019136405117987888e+05
1.591561560637197981e+05
2.866042676975810900e+06
6.194714709950932302e+05
1.823823319350914680e+05
3.795940112313474528e+06
5.423450375464587705e+05
1.144293955396036617e+05
1.075275440773595619e+05
4.570023313276325644e+04
7.697302317382520996e+05
1.589182474651396042e+06
1.619804793575410440e+05
1.610706489805970923e+05
1.040534446859007294e+05
5.858942673060902162e+05
4.051554557835939340e+05
6.873448335269784729e+04
2.256988464722164790e+05
2.199377140109940374e+05
7.010316638733571162e+05
1.307883575268954883e+04
1.627667015767709527e+05
3.232329719174992060e+05
1.426326395229381160e+05
4.108708955354937352e+06
2.300967749093217310e+06
2.739907514770257403e+05
1.819418946498766309e+05
7.484530350752678933e+05
2.291080720323954010e+05
1.262012502551339101e+06
4.725543399444444221e+05
1.874000505873110378e+05
1.981970881442434256e+04
2.177386498512926977e+06
6.612275100564042805e+05
2.750506532755006338e+05
1.286944875328109629e+05
1.083627892288669100e+05
1.267045866170954658e+06
8.418598900629909476e+05
2.036418395447381481e+05
1.078689305473163724e+06
2.961096639889572543e+04
1.528007962541107845e+05
2.581751741230553016e+05
8.241461233766542864e+04
2.476018510043229617e+05
4.230882044123669621e+05
1.838762595590647543e+06
5.642998411081096856e+05
5.803529976690472540e+04
3.958403837857678533e+06
6.331285903533309465e+05
4.406941333534963196e+05
4.617307220747005194e+05
3.461494459673835991e+02
1.330376396102574654e+06
5.381484485673580784e+05
5.169052090076664172e+04
3.133751416004142375e+05
9.362296345779832336e+04
1.779271488579930272e+06
6.936117848901960533e+05
1.613026964500756294e+05
1.017121921988045942e+05
1.364821907970850298e+05
1.166058547856659861e+05
3.003631196089393779e+04
3.314103171694292105e+05
3.739988037127872230e+05
1.606433473139939364e+06
1.277194212524894974e+05
4.322707004819651047e+04
3.302399147166741313e+05
1.311906652770909132e+05
2.469659985236049397e+05
7.564321828300295165e+05
1.760166221043542901e+05
1.452202504045194073e+05
3.101020389450700604e+05
1.008513396328963805e+06
6.503819272396428278e+05
1.377061384532488009e+05
3.938248204586882639e+04
9.865034764097916195e+04
1.743290784083781298e+06
1.332695365008774970e+05
1.726461639916432323e+06
1.516091479169058148e+05
3.864268100118244183e+05
3.047576504124563653e+05
3.136414199821695802e+05
1.640324360390508082e+05
9.979837224836779933e+04
9.859941737532606930e+04
1.569819745709406561e+05
4.738388737065206515e+05
6.885165197262834990e+05
5.492500946068946505e+05
5.953047504314519465e+05
1.119801297655941744e+05
9.983784517832729034e+04
5.490580001644516597e+05
4.345458905992564396e+05
2.688502523964219290e+04
7.531581671028709388e+04
1.497240186212767730e+05
1.370873083184763324e+06
8.617245807445102837e+05
1.348082169347860618e+06
1.604595584111198084e+06
2.854606400617014733e+05
1.092351542565735755e+06
2.883679743521400378e+05
3.290979235367092770e+05
8.886622932437401032e+05
1.518576967550664849e+05
5.674565939990458719e+04
1.967948316007143294e+05
1.399166499892974389e+05
3.601895475353441434e+05
2.648621679823108134e+05
4.374114389711387339e+05
3.444733549543866684e+04
2.257939386915782001e+06
2.107829405846509326e+05
4.981278087578744162e+05
1.618861825318840099e+06
1.313750230654419283e+05
4.175993453867115313e+05
8.768789708071945643e+04
7.198277437732100952e+04
7.172796401774622500e+05
7.923521904186657048e+04
2.331216330147616973e+05
3.068817478594549466e+05
3.735106041040252312e+05
7.529314582996908575e+05
1.495330689218739513e+06
1.191117302676627005e+05
3.654522276946079364e+04
2.787294286459452123e+05
4.440241479980661534e+05
6.195663193350310903e+05
2.363407371405000798e+06
2.226001163093896466e+05
1.632684290288385819e+05
5.932002274866192602e+05
2.567852401199463638e+05
3.450144243452047813e+05
2.859955617062960519e+05
7.922967437284604239e+04
1.199946251346709207e+06
4.000171756255813671e+04
2.514804300268477164e+04
5.085344777290969796e+04
2.362558031931219739e+04
1.600326478378748288e+05
7.783718942986320471e+05
6.009714294890522433e+04
2.195881688360856206e+05
2.560902362248270772e+06
2.348369479773222120e+05
1.052650996166668599e+06
1.131331740031911613e+05
1.310805543992904713e+05
2.932534262545467354e+05
4.630271032210871344e+05
3.620722678858629079e+05
2.639078745563953416e+05
8.335218164174632693e+04
1.224058184738973854e+06
8.436108111669233767e+04
1.376347593592877092e+05
9.269845311597263208e+04
1.026078054711004253e+06
8.141374988458955195e+05
1.911223405839580810e+05
1.485617861974413507e+06
7.508728436962728156e+05
1.628860114673051867e+05
1.424278390993821085e+05
1.051818108615994715e+05
2.146234207526764076e+05
1.690100482795910910e+06
8.484727881455476163e+05
1.671083705525694240e+05
4.446829096246924746e+04
1.602138866093791439e+05
9.886959239145822357e+04
5.377831918327346211e+05
4.616315892822753522e+05
3.649489866183338454e+05
2.599266484598055482e+06
2.059125517393839313e+06
3.489598435924812220e+05
5.392797145025749924e+05
4.577733690933117177e+05
1.579188460029676789e+05
3.706342738741539506e+04
9.501281105340472423e+05
1.027727931375128828e+05
4.692925906497616670e+05
1.384272363531207957e+05
2.026307761088186235e+05
5.392634722608444281e+05
7.725714894344421919e+04
3.489487518854759401e+05
5.187744223419103218e+04
1.552840967209263763e+05
2.649648700105194584e+05
1.168623432545785181e+05
5.353963129831063561e+05
2.161466591165893769e+05
8.434891664633626351e+05
1.609703190300809511e+05
1.691269721732461592e+06
1.268382447652247356e+05
1.729937064832914912e+05
2.966469439338904922e+05
6.084607568569845898e+04
1.775005270662146213e+05
1.857782388104865677e+05
1.166011015552758472e+05
6.858282251154301921e+05
7.187647587022258667e+05
2.438276544241601659e+05
7.661941288722713944e+04
1.536036435992630140e+05
6.323789043898656382e+04
9.212141314050473738e+04
3.271511251709223507e+04
9.781627072548783617e+05
1.149938442182326980e+05
1.305545515342670406e+05
6.591563824610671145e+04
1.137421524632689107e+05
2.069862691889268754e+05
2.838265594911755179e+05
1.204616615944914956e+05
3.615825010925930692e+05
4.284436683576153591e+06
1.200104486064356752e+05
4.305342439894410782e+05
2.131436756998000201e+05
5.841987661546965683e+04
8.311675764624890871e+04
3.737537236443706788e+05
1.340570248708970612e+05
3.600839321751296666e+04
2.140406096062411380e+05
3.287888892787226476e+06
1.098104922566311870e+05
1.266792647813287040e+05
1.941541482037496753e+06
1.456189311307664728e+06
5.204258912037509144e+05
4.005949084554033470e+05
1.488845682101360944e+04
7.299278731877970858e+04
4.145967131137778779e+04
2.466617931611183449e+05
3.009424190457010991e+05
1.600902173317880079e+05
2.916182619993597036e+05
1.567203453666985151e+05
5.096359059751546738e+04
1.859762768766290392e+05
1.468442244447377161e+05
1.111719139572781860e+05
7.078303367987494858e+04
2.701270717023661709e+05
4.608826596395331580e+04
4.907827307343957946e+05
1.646697515348937595e+05
1.821496074439275777e+06
6.401363201625964575e+04
3.017810131311126752e+05
4.126892317983506655e+04
4.399765670883519342e+05
1.778640093868092634e+06
2.197087299090421875e+05
2.770195448921959614e+05
1.205969962507672841e+06
6.754421717787903035e+05
4.929830779954655009e+04
1.281842286702134006e+05
2.708951304902130272e+06
2.517950439845755755e+05
3.929165832825801335e+05
1.995178014053505030e+05
9.596647094967984594e+04
2.689560084869993734e+05
1.273225953473063564e+05
7.872586889630112273e+04
1.533695809441399178e+05
1.475040699793290813e+06
5.120730468340818188e+05
1.024431608826630283e+06
1.354509167724881809e+04
2.723752899767414201e+05
5.694120219300142489e+05
5.441655333516084356e+05
2.106667417329024523e+06
1.148380779462151404e+05
3.739231150361190084e+05
2.440128961724920082e+05
1.482462756443748949e+05
7.641207899526486872e+05
4.578941070706724422e+05
7.329047467510441784e+05
4.581228907195621869e+05
3.644250417450098321e+05
4.759002027514432557e+05
7.326942562214485370e+05
6.663157935053600231e+05
5.809157618236982962e+05
4.407032706793557154e+05
3.740126570036807097e+05
3.266811385064130081e+04
1.279831987237168796e+05
3.214637207241820288e+05
3.682206895347770187e+05
2.344037403691998334e+05
2.516055685101972776e+05
3.591222230034194654e+05
6.502039628806891851e+05
6.017692711187657551e+04
3.273432364466641448e+05
2.226112105176146433e+05
2.505792213638588437e+05
6.481537227193365106e+05
1.806599600556382502e+05
3.075334739923045272e+05
4.033666772359366994e+06
2.346699078695948410e+05
4.552298093146157044e+04
6.855129102278070059e+05
2.286430440507718595e+05
6.369927768640676513e+05
7.751968807314860169e+05
7.158314774674829096e+05
1.002949508652979624e+06
2.642429976643893751e+05
6.689240270673627674e+04
3.886765609066431876e+06
1.649277626124916424e+05
7.314054904619267909e+05
7.211135529930610210e+05
1.111388171343172726e+05
3.014345333483482711e+06
2.643030819022713695e+05
5.368283862097407691e+05
6.239360732763007982e+05
7.284821679414281971e+04
1.352041829120985931e+06
2.661223071687784977e+06
5.200468948303104262e+05
4.224862514260245371e+04
6.709082341914994176e+05
4.214777205682090134e+05
7.348643160302245815e+04
4.485453674659940880e+05
6.986700388241657056e+05
2.149095756628353265e+05
6.091227774022555677e+05
8.607179718829966150e+05
5.016209278864538646e+05
6.929616771925013745e+05
7.279840850279703736e+05
6.017789024719673907e+05
1.402113059741554898e+05
2.692617218460708391e+05
9.763704186814599962e+04
7.028487366229835898e+05
1.965189482446121401e+05
1.801947151296450174e+05
8.014846421496066032e+05
8.700919674453411717e+05
2.810997673617415130e+05
7.339865981227299199e+05
8.832254310241156782e+04
9.509150981005580397e+05
3.187762097632277291e+05
8.157283820945940679e+05
5.165403608354344033e+05
1.581452725468210119e+05
1.403701974414820725e+05
1.307406485336180311e+06
1.154067456785382092e+05
4.361700824604235240e+05
4.563844230666214135e+05
3.263591471408517682e+05
3.455411850992072723e+05
5.019195761375562288e+05
2.235914399313755566e+05
2.870048543544243439e+05
1.611759342301009456e+05
2.005156235847304633e+05
2.389234256404018961e+05
9.197957995509534376e+05
2.476062533276360191e+05
1.139693839754200773e+06
7.935816053586418275e+05
3.275428731436351081e+05
4.488897357816855656e+05
3.716909127381452126e+05
9.450404278977465583e+05
1.423275941905436339e+05
5.232111600375818089e+05
1.084083350665158592e+06
1.793665133286918048e+06
6.683195395422562433e+04
2.778641473241229542e+05
1.318429737897086598e+05
1.043829203072205246e+03
1.866638103477701370e+05
4.370968988293194561e+05
1.582421918598261662e+06
1.784471696499013342e+05
7.368335554843759164e+05
2.681515370462849271e+06
1.257939158344373107e+06
6.197231450659168186e+05
4.219219722753403039e+04
2.043938554807579145e+06
3.643787383792924229e+06
9.712407254864985589e+05
4.090896021583418478e+05
3.258562552224830724e+05
5.571567851524177240e+05
1.610381679744011257e+06
1.652706841915668920e+05
3.075911708598423749e+06
1.617617746535564947e+05
3.613524986109301099e+05
7.770094279933361104e+05
8.192234805136064824e+04
1.501446929464412970e+05
5.989902403468918055e+04
4.791014532864373759e+05
3.082241398956172634e+05
7.803701392744317418e+05
1.475398021012155514e+05
5.494243428184984950e+05
5.320698463569214800e+05
3.227297543354702648e+05
3.467381152970177354e+05
1.220483548500852921e+05
6.465361196603543358e+05
1.071519516135879792e+06
4.294558427765444503e+05
2.392221421840448165e+05
1.970771969179186563e+05
1.489125424787741504e+05
1.667248051788474259e+05
6.094853256756065093e+04
1.188658163707309403e+06
3.402105493337761727e+05
1.610361405028775625e+05
1.872783801430681342e+04
1.748077995445351698e+05
8.569934919612041267e+04
6.268291062905105064e+05
3.361798050142447464e+05
1.957575903758982895e+06
3.163086966264261864e+05
2.309424643719341606e+06
5.923063206927787178e+03
1.046729688054976519e+06
3.864189791403308627e+05
3.718093770984209841e+05
2.761560580917208572e+05
6.196413297960752061e+03
5.548305839224739466e+05
2.642162183228551876e+05
4.256940942858936614e+05
2.213773572361873812e+05
2.777619828963490436e+05
2.140118344012175512e+05
1.290143308348197024e+05
7.140498819406785769e+05
5.670252171597781125e+05
3.947705234789091162e+06
5.115512256227023900e+05
3.420723067643423565e+04
2.419648683543462175e+04
2.538577524153419654e+05
2.366809672949886008e+05
1.229377095710572612e+05
2.789302890335558448e+06
1.804291443559489679e+06
3.225412833657425945e+05
1.395423534550560871e+05
5.415398036086873617e+05
5.931341112409940251e+04
1.078414327825653017e+05
5.356245260394244688e+05
5.644144907320626080e+05
4.257046009470924037e+05
1.249210181238543009e+06
1.402395505433072685e+05
6.758298436315011932e+05
1.688335769163814548e+05
1.280786200836100179e+05
2.460987627275577281e+06
3.802722760120246094e+05
6.583730409510755271e+04
3.247300239403474188e+04
1.429386173301857780e+05
4.272562755501091597e+05
1.137527915949820075e+06
6.529717759889287845e+04
1.899007063944727706e+05
3.967612677768400172e+05
7.104259585245436756e+05
5.541908515376714058e+05
8.379258676783060655e+05
6.264053064693447668e+05
3.981398385593916755e+05
9.052070790406981250e+05
7.592759072487342928e+04
1.190829827493940393e+05
1.151111272482481727e+05
8.636974479798245011e+05
1.691643937356797745e+06
3.550145114370991942e+05
1.616595257512334210e+05
1.878959475504530827e+06
6.484240457699387480e+04
7.816416549478263187e+04
2.654037459913879167e+06
2.464770276272655465e+05
6.183229802224964078e+04
4.400734655186401797e+05
2.516380913199663337e+05
3.177165281104164314e+05
4.953995578433885239e+05
1.322210951876411273e+05
1.782122962007097900e+06
8.224664838926718803e+05
4.610116977247002069e+04
2.591669772746172966e+05
4.318519812232915428e+05
1.639747691853286960e+04
1.597961584072365367e+05
6.082301446342675627e+04
1.818230298023512587e+05
8.205297969359264243e+04
4.514807444108771160e+05
3.077444003788349801e+05
9.294778585149461287e+04
3.407399079473231104e+05
3.548644417648121598e+05
4.628018540811998537e+04
1.236329921724242449e+05
4.355380363245175686e+05
4.746580632415306754e+05
1.429599445295133628e+05
3.603903430074336939e+05
4.051674215485678287e+05
1.395758470868475735e+06
4.440413024484973284e+05
1.264354243542493932e+05
1.878629134791889519e+05
2.230492159087605251e+05
2.472302022767336748e+05
2.129429500978485448e+05
1.791169306742843706e+06
6.917358548036434222e+05
6.962024718253739411e+05
6.960407883554778527e+05
3.783459744131912594e+05
1.081678821270226326e+05
1.851707649088457401e+05
4.188527143603596487e+05
6.662497332022076007e+05
2.236846108080698177e+05
3.371033237687632209e+05
1.013832318203962350e+05
8.772410926403474878e+04
3.958311211349550867e+05
6.808732751179090701e+04
5.213726858093175106e+05
2.913536197358869249e+05
1.306829317468247376e+06
3.176750069826832623e+05
1.438359051691688546e+04
1.992744596221625688e+05
9.243535888189455727e+05
2.652501647456179489e+05
8.337790602260027081e+05
3.661637345707804343e+04
7.363168341550442856e+05
1.862518806980039226e+06
1.748461502295362880e+05
9.363183948108594632e+05
4.594876957067571580e+06
3.244035661732960725e+05
5.092197480561647681e+05
1.656356758900865680e+05
9.851785034540509514e+04
2.476984626800855622e+05
1.223562964674088580e+05
1.608582903836183541e+05
1.598514299874384888e+05
1.508127589381723956e+05
1.169706940319084242e+04
6.985233312718631933e+05
1.712238101272389293e+06
1.225160929787751753e+06
1.467664759646797087e+06
5.712579704555342905e+05
5.579142485185902478e+04
1.856158086631363840e+05
1.283043272365825251e+05
2.090897140292719705e+06
3.916273759679876821e+04
2.367823873072193528e+05
1.323730484224024927e+06
1.245332866521073272e+06
2.117607634455822699e+05
5.268828355234344490e+05
5.463525078388955444e+05
2.006316736609875225e+06
5.023171430428975873e+04
3.279375083006088389e+05
2.045630610631743039e+05
1.881425733607225120e+05
1.141474795216435887e+05
1.042054252979268495e+04
2.902440625616579200e+04
6.953326762786088511e+05
2.011365673746412212e+05
4.936413172963881516e+05
1.288387925472970237e+05
1.645435050790443551e+06
4.356147841887579125e+04
4.553904205848698621e+04
2.062868185690969229e+06
1.528500437121913768e+06
1.446639267017543316e+05
7.168496432304663176e+04
1.908611395134960301e+06
4.538245998631815310e+05
1.680161124085515970e+06
1.949860367503593734e+05
9.282426691719652445e+04
8.240804695788585814e+05
8.592176829684221884e+05
1.183172699006186100e+06
1.391303347819027957e+06
7.297439583772028564e+05
3.092689213670613244e+05
2.566453168551372655e+05
3.330388896489482140e+05
5.363391171010812104e+04
2.681376917037863168e+05
3.573525892690903856e+05
7.235435775406737230e+04
3.745195408196671633e+05
3.173805826330363634e+05
4.442692132051259396e+05
4.162384002919768682e+05
1.625279825175451406e+05
2.757332970776712755e+05
2.066894305087841640e+05
4.351706589241604088e+05
4.344152626753556251e+04
2.052251638949196422e+04
5.505556617050559726e+05
1.557386388917715703e+04
2.478571649911770364e+05
2.830517119219957967e+05
8.383950209102292138e+04
7.079747418962740339e+05
1.108774320826209616e+06
1.488442571230540343e+05
2.581315642260421009e+05
1.396551251034571789e+06
4.139843008508613566e+05
8.016727523783886572e+05
3.910756456668128376e+05
5.129990303486018092e+05
1.729236823334397195e+04
1.232837851436315686e+05
5.120143838319288625e+04
4.321761118815570953e+05
5.041345316378860152e+05
3.744855739360206644e+04
2.587046435149628669e+05
2.611981359415068291e+05
8.791585642952730414e+05
1.404245872375477920e+05
1.540873839877263410e+06
3.572730589837556909e+04
1.597656581025183841e+05
2.837026695199671667e+05
1.653675796868834645e+06
2.169159271166260005e+05
2.197041138668454369e+05
4.152702189066627034e+04
1.710671348052285379e+06
4.588028982572958339e+05
1.215151922443556250e+05
7.761808922668664018e+05
2.285706401998816000e+05
5.994430262457409408e+05
7.244346563884132775e+04
9.491801875287382863e+05
6.410702169816882815e+04
1.246422119505217561e+05
1.154506420830594143e+05
1.913088718563280709e+05
1.902308571096753294e+05
2.957082487212060369e+05
4.871447579038385884e+05
4.073917099137235200e+05
6.651180549721346470e+05
5.801720116721269733e+04
2.268069933910261840e+06
1.403769048097328632e+05
7.914717861721371301e+05
9.035509530580525752e+05
1.648819837111899978e+05
6.403582769760690862e+05
1.118665047012594150e+05
7.485144748622367624e+05
2.354029685821102757e+05
5.538480745019197930e+05
5.772772319154570578e+05
1.371855906297233887e+05
4.079538470453955233e+05
4.006514856399593991e+05
6.145696181167790201e+05
2.401607345957132056e+05
2.889106112567506498e+05
1.085915333465077856e+05
1.967924572563124530e+05
2.361604811782374964e+04
2.371550818548543321e+05
2.898553601256666007e+05
8.273730980751800817e+05
1.060924398980526486e+06
3.239160490540322498e+05
4.668616103040390648e+06
4.858214721477583516e+05
9.322379759823546920e+04
7.040661047900440462e+04
7.275044708500696579e+05
6.308872098474195227e+05
4.760717083260062645e+04
2.180915007103954558e+05
8.515027291091030929e+04
1.597287593008983822e+05
1.801716247595286462e+06
9.895748606288646988e+04
5.967730358836498635e+04
1.187648835540621309e+06
4.493937109420148656e+06
1.147774812853021431e+05
3.229615402301685535e+05
2.593069443210148020e+05
1.609856281577268848e+06
2.878253143740403466e+05
6.176582357169713214e+04
1.225981540739178163e+05
3.747023723922341596e+05
7.963509305586508708e+04
1.724064106689995388e+06
1.781944193542912253e+05
3.637998416608456755e+05
1.495329815769284731e+06
1.402861210240915398e+03
2.793392649495906080e+05
9.901391554446115624e+05
5.958533453773114597e+05
1.456159669422063278e+06
5.325781961881440366e+05
6.247093653334914707e+05
1.138541994468942139e+05
7.392242826622716384e+05
1.870196193914389369e+03
6.726129491121738683e+05
1.017909927983265021e+06
1.795933579759749409e+05
3.304684638033791998e+04
3.367223498980263248e+05
4.810628172749490477e+05
8.087552736941226758e+05
9.755377707514711074e+04
9.317606619705968478e+04
1.607222898503736360e+05
1.241329210962081852e+05
4.011226438714561984e+06
3.990360579639469506e+05
2.809248874021386146e+05
2.882631921857682755e+05
9.955180887401546352e+04
1.054001620482487197e+05
7.639233399006165564e+05
1.282906757220138796e+06
2.094916490269952628e+05
1.744811991496926639e+05
1.080656353246453684e+06
1.063347306194629782e+05
2.137407925772340677e+05
2.400258714686558524e+05
1.805740309602101101e+06
1.057542988660277479e+05
2.277632182542860683e+05
3.801776716452762485e+05
3.711724444781942875e+05
1.377517464895986814e+04
5.702526578959488543e+05
2.075156164936369751e+05
4.418555521242820396e+04
9.164634114524616161e+05
4.611317617517800536e+05
1.867693870193643379e+05
4.485110967408924480e+05
8.767279513538205356e+04
7.131650657105528517e+05
3.570557472874861560e+05
1.260060201853747421e+05
1.884166337032744486e+05
2.454486979145448189e+06
7.103413349506420491e+04
2.515793158389154123e+05
3.801558465440857108e+05
1.085577168344705715e+05
1.582589720246927463e+05
1.467516289600581164e+06
1.413216690339403576e+05
4.638898577369955601e+05
1.757316979883601016e+05
9.067850963558307558e+04
2.296074438264007331e+05
6.661704366164717358e+05
1.893641573226119508e+05
6.336510869261052721e+04
3.055452019856662955e+05
7.628284716248897603e+05
1.838236423721855681e+05
1.191371093023076653e+06
2.151981208763491886e+05
7.581595125544790062e+04
3.401372201380469778e+04
8.072512023912019795e+05
8.764569694954990700e+04
4.323238145702732727e+05
1.741436103895812994e+05
1.448287116339153436e+05
1.362558388196991873e+05
2.541350825959193055e+06
2.435274093560953916e+05
4.366703035337739129e+04
8.554159693460775306e+05
9.049038499617584748e+05
1.176087840659993002e+06
7.674317415521498770e+05
1.119433849062719615e+06
6.070525384965034027e+04
2.813114651542564970e+05
1.946776169809488347e+05
3.965002479104446829e+05
1.531616800326859346e+06
4.432380714086961816e+05
1.768074645473994897e+05
9.846107167168509914e+05
2.325976600282978325e+05
2.221299387775119860e+06
5.271301426062502433e+05
1.192385393749431940e+06
4.876997543820665451e+05
9.592672792022388894e+05
2.986143206795786391e+05
1.070731890294122044e+06
2.605020408762065199e+04
2.429841450751892116e+05
1.621888883075165213e+05
5.667187422448714497e+05
9.560714026319138939e+05
3.885932655920375837e+05
2.689276322485598503e+05
4.519875154561840929e+06
4.862136259468909120e+05
7.631135628223792883e+05
6.386736800185103202e+05
1.850868122360859415e+05
5.731685139864772791e+05
5.594018185866562417e+05
1.638769780899285339e+06
3.208132864509033388e+05
4.634473144499830087e+05
2.063524504782055374e+04
7.181996075879358687e+05
1.758168645680711197e+05
1.149298735008122167e+05
1.900825064343930280e+05
2.027352990779519605e+05
3.502866441679319832e+05
5.009748157786874217e+05
2.025576442691841861e+06
1.911209160245248349e+05
3.725739902979523758e+05
8.959736366718239151e+04
5.420316922180016991e+05
2.091451169460080855e+05
2.182507905449469108e+05
4.567996106198078021e+06
7.056894707587087760e+04
7.420197641959205503e+05
1.272132285882552096e+05
4.817472939597862423e+05
1.094789550374377985e+06
5.466121497899839596e+04
9.314773770189834759e+05
4.452511332893268554e+05
1.449198844823054678e+05
1.476682075879115146e+05
9.480575337150822161e+05
9.701480838699186279e+04
2.744847990799935651e+05
1.486984980852260487e+05
4.120214239081426058e+05
3.160965956736746593e+05
8.159735440072795609e+05
6.361384591323210625e+05
1.553218271435370843e+05
3.724131728521894547e+05
7.981941339499689639e+04
1.048392436650318123e+05
4.522340672569496091e+05
6.052008790989820409e+04
8.076867817524085985e+05
9.032041566049667308e+05
7.876509078202505771e+04
3.073718849358704756e+05
2.473194056672465988e+06
8.328428146280751389e+04
7.720733656480917707e+05
4.396575583579585509e+04
2.579419755292625050e+05
1.839622249422411551e+05
3.076328388985940837e+05
1.613583491401814390e+05
1.030836529705471825e+06
3.194892654603343108e+05
1.899172632340331038e+05
1.452128831178510736e+05
4.380377732927710167e+05
1.243325458541234111e+05
1.162972112646092137e+05
1.142164988325937447e+05
7.914937200314835354e+04
1.019857924794932245e+06
7.128273505866606720e+05
7.909121359806714463e+04
1.068834972064765170e+06
9.507149580754728522e+05
1.688088359067366458e+06
5.661852256288054923e+04
3.010667131308938406e+04
1.075916595752625872e+05
1.424302165420301608e+05
5.031690237777383300e+04
4.226410331591490540e+05
2.230914969287495129e+06
1.709255547972719069e+05
4.154947988462549984e+05
3.685305649473938975e+05
2.739642098517919658e+05
2.649358754045912647e+05
6.134846569299374823e+04
2.207509951369490009e+05
4.652944992949730949e+05
9.168196643410758043e+03
3.084379941196273649e+04
6.261376683393225539e+04
4.766391967974803410e+05
7.944957938247900456e+06
8.553132571696599189e+04
1.510338382449646248e+06
1.780727134466663119e+05
3.843856416503116488e+05
2.557211442506057792e+05
6.308354048525813268e+05
3.296358895408317912e+05
2.140256133832880761e+06
1.492649677739141742e+06
8.368109487368034897e+05
8.981258714830499957e+04
6.081658234517385717e+05
2.714848396702788887e+05
6.744129792452030415e+03
4.759603158716773614e+05
1.266016035909735831e+06
2.320514943699729047e+05
5.405165948493655014e+04
2.738927906268079532e+05
1.514478724388390547e+06
5.589149117022723658e+05
8.330762542554561514e+04
5.691457391244129976e+05
4.387486424463827861e+05
5.765622644372771028e+05
1.291059901666362712e+05
1.187372808717164444e+05
1.808601038937706326e+05
4.428150439649806940e+05
2.890679314615949406e+05
8.254722091933009215e+05
2.159458893747612601e+05
6.868189831130659441e+05
1.265531678584591718e+06
7.379899461688390002e+05
3.221101618834488327e+05
5.488637062198440544e+05
4.054803399722067115e+04
1.150875827060745331e+06
1.541260296422604879e+05
4.934988203890778241e+05
2.392546114760045893e+05
5.026601875977541204e+04
1.113786328076714417e+05
1.633348949522523442e+06
4.019929759282586630e+06
2.049098429819417652e+06
1.052373846363010962e+05
1.057895772695634281e+06
2.460529922184423776e+04
4.318015936867957935e+05
1.121663571227575885e+05
9.272278588038336020e+05
3.066709127116893069e+05
6.065599899837471312e+05
4.407502595725473366e+05
1.092641248465530341e+06
2.946146759656558861e+05
1.027614218155379524e+06
1.002063070794720552e+05
1.078203267837938387e+06
1.787019980368302204e+05
6.641545509492019191e+05
1.727877118476690157e+04
1.573446100039311219e+06
1.861957326772905653e+05
1.079425633643886540e+06
4.607383633588596422e+04
8.212829664272391237e+05
1.176790234406971285e+05
4.890357957531680004e+05
7.463576724631595425e+05
2.902303122489998350e+05
2.171283409406674327e+05
5.354655896240745205e+05
1.398733072255759616e+05
7.377316911043352447e+05
2.034317630780213978e+06
1.560615309014184633e+06
5.952220692867131438e+05
5.832466085017982405e+05
2.157062006768171559e+05
5.366323290561842732e+05
5.638610495536364615e+05
7.042173437246588292e+05
2.022084397757408151e+05
2.047212853513334645e+06
2.491699570751973428e+06
5.715228878666227683e+04
1.051772179914625121e+04
8.549718685788901057e+05
3.071844366229811567e+05
1.857352450198377774e+05
2.106380139467273257e+05
7.352329627261193236e+05
1.548515149352386943e+05
3.250510798707932117e+05
4.302368991813060129e+05
3.941291304479803657e+05
8.133951390034338692e+04
8.869141089379588084e+04
4.708080738129059318e+05
1.055196531200309255e+04
4.560185663547812146e+05
9.674661045531903801e+04
2.015821924665755650e+05
6.412378075662601041e+05
2.098434743905265932e+05
2.149352472301412781e+05
3.353245821051242528e+05
1.563635936073204270e+06
2.521937036620093277e+05
1.322174627470597043e+05
1.093094549738466012e+05
3.509891066969546955e+06
1.116203970478608971e+06
1.679275575154457241e+06
2.051746689290949726e+05
1.760788313945314148e+05
2.611545804432067671e+05
1.939205675526311679e+05
1.107379936199615011e+06
4.100265765287913964e+05
1.798970068970968248e+06
5.110865550748117385e+05
2.021070093693892413e+05
1.035156899288793793e+06
6.859923190851970867e+04
2.633162240235067657e+04
1.532645612550262013e+05
2.907621514500584453e+04
3.490465314715084969e+05
6.368726214104177197e+05
1.321387887798445008e+05
4.735553398851974634e+04
1.278137111537928460e+06
3.492042957063440117e+05
1.941855756236590445e+06
3.099889167638130020e+05
1.364226993606454344e+05
2.192321667741763231e+05
3.965975658855778647e+02
2.886436573768978706e+05
4.062890358473259257e+05
1.160559208363711805e+05
1.204832312812050572e+06
1.729937970005786337e+05
5.019074204784820322e+05
3.617664731759747956e+05
2.950071943520620698e+05
7.100388887940319546e+04
8.353485708125465317e+05
1.263281402907726588e+05
4.004617810435115243e+05
1.246387996152083360e+05
1.820573404961591004e+05
1.692012035768015310e+06
8.248310606724919126e+03
6.361632228534770547e+04
2.358669864590263460e+05
3.241043550695031299e+05
1.688749263769048048e+04
1.694817859162672248e+05
6.551032307612259319e+04
8.822196206378821516e+05
4.418464254446722334e+05
6.980794519137416501e+04
2.897606696003022953e+05
1.788774082654330647e+06
1.840524119005138054e+05
3.796518616661578999e+05
4.936641030531278229e+05
3.799255446287416853e+05
1.111983015548191324e+05
4.526299289137374144e+05
7.978032193411719054e+05
7.287193468010219513e+05
3.618557644672586321e+04
9.754375185786660295e+05
1.075696132530443370e+06
3.183806542119814549e+05
3.744853488439176726e+04
2.335627070990036300e+05
3.683386597774086986e+05
3.521596375605242210e+05
7.463395789479737869e+05
2.812548691944452468e+06
6.541292506938588485e+04
3.729389233099889243e+05
1.345378068220346933e+06
3.774049780217185616e+05
3.988708319838166353e+05
1.278251312674858142e+06
1.867659428395819850e+05
2.759709735240130685e+05
3.558550989572790568e+05
1.567404677447277820e+06
2.009408400327506024e+04
5.059675192947170581e+05
7.325518555957679637e+05
4.072303956490203273e+05
7.072501396065903828e+05
8.720074446423103800e+05
1.587103022257664124e+05
1.480099762367875082e+05
3.459635937978838338e+05
4.980672833070108900e+05
2.658875892136807670e+05
1.202674913288946482e+04
1.041743416412787046e+05
2.019526727315278913e+04
9.715946835922605824e+05
2.358816430595074780e+04
3.118278495784538682e+05
3.326990709492358146e+05
1.065045637877196772e+06
1.110032573461406573e+05
6.593433965821678285e+05
2.073153631772298540e+05
2.818846488732290454e+06
5.825643654217288131e+05
1.184287589089550747e+05
1.543911037781055784e+05
2.052082734389686084e+05
1.940104800614566309e+06
1.080105972561110975e+06
2.383193113081735792e+05
2.621208837875372847e+05
4.535243714359857840e+05
8.982751629870542092e+05
3.901619271681716200e+05
3.858992478892754298e+05
4.071202647279994562e+04
9.221803048178245081e+05
1.091855115505306982e+06
8.433159531030924700e+04
1.210787342804909125e+07
2.171239603204240557e+06
1.005144085152269108e+06
2.056006088948396791e+05
1.273413274803330569e+05
2.420424042362729087e+05
8.688889276639507443e+04
3.634150421962981927e+05
3.667541497366016847e+05
7.472386924531307304e+05
3.157398111372644780e+05
1.702880877653105708e+05
2.569331547749399324e+05
3.829096202554000542e+06
4.107019602591134026e+05
4.145393148914076155e+05
6.070995883856926812e+05
4.171970089231985039e+05
5.834209156164594460e+05
4.799901931189839961e+05
1.253501850361527468e+05
2.118123592545452702e+05
6.422614971332129790e+05
4.842010657757138833e+05
1.233631172345837113e+05
2.870014689268097864e+05
4.100673379950783565e+05
1.147055738148788922e+06
1.424145782563799061e+06
1.741212582766264677e+05
6.109911202215445519e+04
3.276498623123039491e+06
5.471250971019807039e+05
1.465532330929151736e+06
2.651542183114877480e+04
1.608787431093257386e+06
4.374124502440704964e+05
2.723181542209787294e+05
8.362096004785347031e+05
2.347594625039812177e+06
8.843854395144570153e+05
2.000729855740271742e+05
2.734924958357756026e+06
1.954738420888393186e+06
9.567207071285673883e+05
2.310855981289533083e+05
6.893334243795686634e+05
4.150624255504020024e+06
6.140599703663428081e+05
2.218934590757525584e+05
8.882338795614111004e+05
7.959424878684356809e+05
1.042378005943396944e+06
1.887192395793228061e+05
2.222145870161792263e+05
1.401203409003447159e+05
1.492366761311600916e+06
2.725946698396933498e+05
2.768409976049959660e+05
6.398051494286756497e+05
4.733300538547313190e+05
8.285044389774710871e+05
5.205473835649676621e+05
1.924741303875433514e+06
2.243223086059918569e+05
6.799876684492310742e+05
9.885040120245751459e+05
3.934058298079515225e+04
9.669966951246044482e+04
8.431550259201999288e+05
1.026482340475109522e+06
5.966435969900228520e+04
7.782704388460243354e+05
4.249823583232058445e+05
4.862819840360705857e+05
2.696890813504071906e+06
5.978407320882930653e+05
2.758086034718746305e+04
7.832559018562503625e+05
6.598297953593996353e+05
1.749966845701622311e+06
1.070108287916062167e+06
6.038054422950184671e+05
1.692621821505599888e+06
3.187660202555663418e+05
3.570410234536658390e+05
2.931467049386093859e+05
2.537199281572859909e+05
4.768112693188651065e+03
7.705956920373272442e+04
5.005660265719418530e+05
4.410983717585314298e+05
4.813411470615477301e+05
1.614320120384822949e+05
3.055918241852551000e+05
1.703614343340724707e+06
1.425314829895047005e+05
1.293175223939135321e+05
1.492090751610512612e+06
7.188742323592515895e+05
5.709580989753263566e+04
1.480287225093447196e+05
1.179893067781386053e+05
7.492867722570678452e+05
5.613483276920141652e+06
4.704769538752588443e+06
3.465495630181876186e+04
3.188873545985290548e+05
1.038178955045677722e+05
4.155761477136941539e+04
5.168041094446567004e+05
5.330584450429956196e+05
2.642370993690462201e+05
2.946658005618806055e+04
6.256204400930576230e+04
8.722952051090231398e+05
1.564244975659658900e+06
1.079500795938172145e+06
4.206983730952458573e+05
8.769514811402388150e+05
4.560456064352391986e+05
8.712419805084669497e+05
3.068348675403968082e+05
3.963750722831949679e+04
2.908587450615813141e+05
7.525428544357327337e+04
6.104259466536327964e+05
2.322281164807371388e+05
1.182172748600381892e+06
3.080273705571548780e+05
1.991299068648091052e+05
5.686571506197144117e+03
3.930285941695768997e+04
2.024858561155804491e+05
2.257453935809872928e+05
2.489862070871281612e+05
2.357964436023575545e+05
1.631590304970095458e+05
5.498633788145972358e+04
4.308242065469185764e+04
6.601666663830622565e+04
1.015338522733175523e+04
1.560820182417341275e+05
1.449997855645719101e+05
7.613774421057249419e+05
2.028298989877995045e+05
5.795120595442978811e+04
1.951239574720885139e+06
3.879985934564031195e+05
6.635521133781155804e+05
5.152714736950104707e+05
7.702674151182409842e+05
6.558316458981522010e+04
2.219104894473472086e+05
1.425651914412689512e+05
1.413389647562032624e+05
1.058030861081037438e+05
5.415584605895106215e+05
2.821268531934929779e+05
2.014229815433686133e+06
1.481630723614062881e+06
6.298753928219267982e+04
1.300947539575781848e+05
1.116712690800371784e+05
7.045888227075827308e+04
1.731621821336487119e+04
1.744932482036421716e+05
9.769900888354783820e+04
6.677971583306918619e+05
8.236904208945960272e+04
1.345231665237620007e+06
3.110769524324705824e+06
5.488540885846734454e+04
6.053741107176654041e+05
4.528601854505161173e+05
5.156663172393320710e+05
8.000653449458094838e+04
2.137711899520491716e+05
8.055760711945403600e+05
5.143131293854487012e+04
2.121296282590119154e+04
1.164560099251507927e+05
4.691727696898322029e+04
1.315803515458995244e+06
2.089808333112641703e+05
2.377260576702177641e+05
1.649865618294085609e+06
7.112114108586034272e+05
7.747564770722590620e+05
1.286387700133669859e+05
7.333379146657577076e+04
1.922869393922663585e+05
2.923022268922670628e+05
5.023518350523191621e+05
1.381983871619786660e+05
3.101615204956328031e+06
1.121764459626047174e+06
5.744695971574838040e+05
9.475567606433891924e+05
4.757871920988266938e+05
1.687208913683542050e+05
3.426714956820185762e+04
5.379307339715480339e+03
4.633720003291346948e+05
8.008362436282644921e+04
1.059727718567702686e+06
2.132871826416724361e+05
1.982408896409442823e+05
2.734632171619030996e+05
6.047564824257957516e+05
2.520155388792813465e+05
6.237583077933300519e+05
5.321461379904681235e+04
6.750876299214689061e+04
1.099579430252624734e+05
5.399255070772374747e+05
3.476949973572157905e+05
3.033294610336573678e+05
3.460092767216194188e+05
9.640701935822775122e+05
3.167822880110582337e+05
1.951687269893441990e+05
1.178657381354633399e+05
5.107275536736909417e+05
1.646375845137734432e+05
6.692201905057160184e+04
8.022788931039243471e+05
3.297486826271245372e+05
6.493268427770686103e+05
1.546645255339234602e+06
3.959471636566409725e+05
4.495384570812017773e+04
6.057441900510615669e+05
3.815486602333110059e+05
1.352661633756401134e+05
1.060876948870838969e+05
6.962364054351255763e+05
1.172585366307037766e+05
7.167823926882968517e+05
6.006282671436991950e+04
1.934113558555615367e+06
2.209688207268558326e+05
2.955532038506110257e+04
3.758463354900472914e+05
4.133788248130604188e+04
1.689806142839166336e+06
8.122461016895738430e+05
5.937135815478458535e+05
4.149710718941736850e+05
5.866436868757886114e+05
5.670344619055172661e+05
1.422143693685121136e+06
3.397876191622554907e+05
6.890192481537334388e+05
5.015790844364889927e+04
4.281921893593737623e+05
1.648200314644319587e+05
2.814372618183147861e+05
2.917835685027221916e+04
3.029647034226490650e+05
1.942970157908558613e+05
1.938023433047056897e+05
2.119021189600889629e+05
2.442974707686433685e+05
1.968779530410533771e+05
5.064363035067184246e+05
3.203881848692827043e+05
2.163708579678348906e+05
1.167629579039818927e+05
1.292603753220699029e+06
7.771388759576610290e+06
1.997569869539469655e+05
2.785603114481163211e+05
3.465284033185361768e+05
8.048437610199428163e+05
2.878460648420700454e+04
1.541855814415401255e+05
3.437848605249297689e+05
2.727300300232755835e+05
1.208028547537559178e+06
2.347805774914330686e+05
3.615588869681226060e+04
3.709437385455456679e+05
5.227067766056443797e+05
2.891096459417566657e+05
1.507832932230137754e+06
1.257269404903633986e+05
4.420880746913568000e+05
5.264702606264922069e+05
9.707102091421915975e+04
2.482882672945150989e+05
1.047527747522484278e+06
3.650604113495732890e+05
5.552371734030096559e+05
2.630064256572785089e+05
2.966931063360396656e+05
1.262900419497353258e+06
2.172506045717310826e+03
1.189484852420437383e+05
2.964414833859522332e+04
2.474083050615916145e+05
1.269902381350276846e+05
5.697832360267144395e+05
1.970037665885337628e+05
6.056165642340118065e+05
2.534380383561493829e+06
6.007024114834901411e+04
5.343705645483214175e+04
4.427554200652415602e+04
1.942202514495616313e+06
6.709511972498199611e+04
6.458975949451712950e+04
2.677630166466388036e+05
5.982816562016837997e+05
6.054243927480934653e+05
5.639030473319902085e+05
2.163198781610813458e+05
4.367329778935257928e+05
6.424486918088772800e+05
1.812706708018809150e+05
1.630969410326338373e+06
6.245070624467730522e+05
3.751606179080560833e+04
1.320378485300466651e+06
2.809162450393107720e+05
4.507004730579940224e+04
3.951438146516622510e+05
3.833651405677723233e+04
1.728677834421398875e+05
5.650128865727779921e+05
6.232278118270848063e+04
1.121415058882258600e+05
1.668251057661925734e+05
5.678994159874265315e+05
4.581035066085252911e+05
6.829715535629040096e+04
2.481577632616920746e+05
3.908144952636208036e+05
2.745339281940418296e+05
8.866682413797038607e+05
3.172226810741033987e+05
1.165989582749703899e+06
1.586282196111126977e+05
1.458181712795814674e+05
1.523328172455234453e+05
2.544814789934251166e+05
2.508672331069631909e+05
7.527023955073684920e+05
3.798084303508666926e+04
6.572427286522508075e+04
1.019274816441011266e+06
2.090662570221073984e+05
2.160370477409266168e+05
1.572280865025677485e+06
1.516129320242200280e+06
3.004286418993818806e+05
2.090340305038825609e+05
2.444369156930132885e+05
1.447617878071620653e+05
2.534754260008204146e+05
1.098537699114018324e+03
8.051847863520365208e+05
4.120398983491348918e+04
2.514747273456824478e+06
9.339711054490418173e+05
7.667611737370764604e+04
4.106200593546856544e+05
5.452857825950270053e+05
1.758891209331285791e+05
7.406584363152637379e+05
2.676421982963421033e+05
2.864299733272984740e+05
5.693285306619218318e+05
6.774081010762217920e+05
1.016357369817221479e+05
2.451673201024520968e+05
9.854193646581415087e+05
6.671271562692987500e+05
1.901278676292600285e+05
1.050206548181621329e+05
4.611755965553818387e+05
9.900329012150017661e+04
8.700752342520962702e+05
9.760318995312476764e+05
1.270458005794435594e+05
4.953965588622348732e+05
6.459973606331480551e+04
1.864534924289630435e+05
4.319178768742560642e+05
9.007737100629652559e+03
3.398664429347356199e+05
1.122958631146616535e+06
1.776238670170241967e+05
1.865141301738112234e+05
3.698328482581046410e+05
4.050417200831011287e+05
5.550259699423576239e+05
2.818832399620450087e+04
3.607396832657986670e+05
7.366419544743690640e+05
3.188656529572556610e+05
6.507551204602680809e+04
1.833563383376595797e+06
2.315661038627027534e+06
4.767308356413867295e+04
3.496527883164640516e+05
1.875369335319651873e+05
7.425022761656106450e+06
3.459071803190270293e+04
3.743215276944931829e+05
7.673612541776937433e+05
3.852433867918469477e+05
1.877030612710939487e+06
2.657366193736109417e+05
6.966914722258072288e+04
4.843449947943482548e+05
1.072496015610149043e+05
2.906332604684114922e+05
5.638417173026835080e+05
1.195301444416813552e+06
5.133413206842218642e+04
1.566344946830441768e+05
1.380818252312063705e+05
5.196406177120594657e+04
7.703610156282670796e+05
5.331565143083459698e+05
3.267577195524854687e+04
3.947364553447066341e+06
3.927341599617819884e+05
4.403040325710314792e+05
2.357197541094881599e+05
4.028709532538081403e+05
6.160481467556105927e+05
6.255888170816722559e+05
4.495592397094000626e+04
1.244180637871236308e+06
7.862776790172444889e+05
4.248881295103317825e+05
2.216734419416975288e+05
1.102335558575782692e+06
2.776567892533665290e+05
9.598114285070968326e+05
4.433209739023341099e+05
2.178658489138900477e+05
1.894245309844036237e+05
3.787913836225636624e+04
7.819043256654298166e+05
1.649619562139711707e+04
5.801676125207268342e+04
4.612921114547316683e+05
3.937052113048381289e+05
1.253385272680576425e+06
1.262595424398264149e+06
2.075382511147418991e+05
4.847595645701114554e+05
9.194996918400219874e+05
1.096979751355129702e+05
1.912507735637947335e+05
2.083755891014467343e+05
7.093549131503743120e+05
6.299451107469779527e+04
1.151988765921315689e+03
1.093939211565767910e+05
5.466496230339824688e+05
2.321359676840716274e+05
8.653688252585900773e+04
2.033302955529094441e+06
1.121150936868790071e+06
5.385728652132647112e+05
6.022542045316902222e+05
6.392634849568328820e+06
1.169444548338421446e+05
2.842179213475997676e+05
1.258508605549961358e+05
1.193401636836463877e+05
2.339590590249779169e+06
5.003309060385237099e+05
8.146437687914314447e+05
2.096935546839639137e+05
4.673967176319004502e+05
2.270039788490655774e+05
6.899403757702186704e+05
2.294729361830698326e+05
6.818601492124276701e+05
1.543714143722048902e+05
2.554695085431300977e+05
4.258138638211324724e+04
3.226001963266530074e+05
1.050179885919548688e+05
1.442810395210960880e+06
6.284887735877835075e+04
4.601010313163627288e+05
5.070385660839933553e+04
6.008401581150112906e+05
8.243456160040893883e+04
2.460262731059642392e+05
3.341652338601484080e+05
1.015789364401933388e+06
7.130291778814569989e+04
1.283515089828176569e+05
6.683730663974012714e+05
1.193379014993392339e+05
2.384327724155891920e+05
7.787444287074446038e+04
7.005430288193648448e+05
2.768141174667936866e+05
2.196463290075978439e+05
6.597961773647790542e+05
9.413471626750477299e+04
9.751463043954918394e+05
5.712537488822715823e+05
8.635771667011209065e+05
2.767618598966398276e+05
1.033721807908703340e+05
3.924639190201199381e+05
9.741208512456122844e+04
3.650070495206977357e+05
5.191346250552921992e+04
1.811446919036880718e+05
5.469672789325746708e+05
1.258351551883571316e+06
6.380218687981518451e+05
4.846415152572177467e+05
4.844499473146361415e+05
5.333459344692451850e+03
3.475323349030843819e+05
5.317279023144404637e+05
2.496248997540136625e+05
1.307089244030512345e+05
6.125005111134046456e+05
1.356424318931399845e+06
2.794677438736188924e+05
3.671207788750674081e+04
2.889541365524359862e+05
8.334258315174863674e+04
4.081483494932405883e+05
1.211761928824715316e+06
5.761723812744127354e+05
2.272497429099758301e+04
1.568202608197853842e+05
3.082036577838917146e+05
7.365018251743231667e+04
3.303044982373313542e+04
4.588791008461093297e+05
1.297434623892834934e+05
2.578067762937285588e+05
6.960745374339019181e+05
4.100725729399391566e+05
1.458658649275293574e+05
2.000947228069498902e+06
4.676172973700418370e+05
1.964754201708782930e+05
9.114528953081686050e+05
6.964544410099439847e+04
2.459342251024918165e+06
2.811574975552093238e+05
4.011139870370954159e+05
6.023480798422922380e+05
9.151092866944115376e+05
1.379527624275798153e+05
1.912970769673400791e+05
1.991254411390196183e+05
1.361896245998234081e+05
1.120820959069479286e+05
6.163369044899584260e+05
4.346941594778544386e+05
1.054224526669020706e+05
1.561209938105299661e+05
6.783850400274861604e+05
1.736711282512747275e+05
4.395707361002914695e+03
3.679264833058688091e+05
3.851018304640718852e+05
8.329264025283567025e+04
1.826559002296882973e+05
2.735506664640858071e+05
5.062075074696337106e+05
5.738399263492862228e+05
3.037327766095371917e+05
9.159064385565079283e+04
2.163703193702504504e+05
4.657672301451493404e+05
5.241860309111662209e+05
3.108903264195075608e+05
6.112115705888685625e+04
2.418052877880522283e+05
1.973647474590719794e+05
5.180443398977270408e+04
2.389709680622094602e+05
1.257393780355049676e+05
1.363369902150107082e+06
1.306217002088789159e+05
2.700851668753644917e+05
2.439527722554019128e+05
3.067297118694829405e+05
4.552895804910241277e+05
4.105673324334069039e+05
1.069485579512087133e+05
