7.605835041655065725e+05
8.839319966987563530e+05
1.795825420294692158e+05
1.229841008106634545e+05
1.174582010000695707e+06
1.054324938839544920e+05
4.755847939547633869e+05
1.163701529780148412e+05
2.459586378944907046e+05
4.087860934289530269e+05
1.777904183377297828e+06
1.892756082548497710e+06
1.273371394396594842e+05
1.030241318817506311e+06
2.161642714973042312e+05
9.096448869700268842e+05
3.069370262815679889e+05
2.339350802346288692e+06
2.367896676708481391e+05
2.904379542701829923e+05
3.143924415277433000e+05
8.988252681763973087e+05
5.223135347909388947e+05
7.865430518761680287e+04
9.321788567202567356e+05
1.696030060382434167e+05
2.210730849507992389e+05
7.832330171099468134e+05
2.378854519719364180e+05
4.492755724919782369e+05
9.293309308933474822e+05
2.395171540954815573e+05
2.679698100064233877e+05
1.260663884410510072e+06
9.399582508331318386e+05
3.874338256538765563e+04
9.709433355767416651e+04
6.928425480957761174e+05
5.962260853586458688e+04
1.344326510794647271e+06
2.794507606986511964e+05
1.199623296991583775e+05
3.486350260144062922e+05
1.639828466213741631e+05
6.202941441243229201e+05
1.059894145789994393e+06
1.721218762826523744e+05
1.923699386123167351e+06
2.838379136852679658e+05
1.927011638025324093e+06
8.734215683433914091e+05
1.236907070964210667e+06
5.639579663622881053e+05
4.863723800026586978e+05
9.168048569003650919e+05
5.495431907744540367e+05
1.040065109516874654e+06
2.110988731028379116e+05
1.040240281129345181e+06
1.740642966490165563e+05
1.978510534787799406e+05
4.822910979935756186e+05
2.245990000857313571e+05
2.866290682815490291e+06
4.466938370543404599e+05
1.508073363715971063e+05
4.306637201957355719e+05
1.908104375079361489e+05
5.167414018912700703e+05
1.021220536413065420e+05
6.979467571283917641e+05
4.895161103177582263e+05
3.956333984943871852e+06
1.424705803255164938e+05
5.574622500800193666e+04
1.508119183358535869e+06
1.799591455712788447e+05
1.214106412673571846e+06
1.957204825089816295e+05
3.332730322976003401e+06
1.292719962662251666e+06
9.572150266166479560e+04
2.283894327071544249e+05
1.009177196756370133e+06
3.295890423862604657e+05
5.967997130350916414e+05
3.828349120144687477e+05
3.467695794764443417e+05
1.945022090388109500e+05
2.089503597760605917e+05
4.285655829260637256e+04
1.950803856674360577e+05
2.961558929332849948e+04
2.413661937015601434e+06
8.030607503765295405e+03
6.513828171908188233e+04
3.380972998830006924e+06
1.159838162937711459e+06
6.147984140154945198e+05
6.324993104612988827e+04
8.370999006242975593e+05
1.649813823410185287e+06
2.027127323366143683e+05
1.372089319145710208e+06
3.798255300279516960e+05
1.335371635404813569e+06
9.522148801270466065e+05
3.904772942882488132e+05
7.436795146254013525e+05
2.418890656912863778e+05
3.733384998861792847e+05
7.665197011606585875e+04
5.685177169349464821e+05
1.116846778218140535e+05
8.919237560624617618e+04
7.921644478028702724e+04
6.277548330498422729e+04
2.658956128128939308e+05
1.854191236289024819e+05
1.839001736654219567e+05
2.091109086099399137e+05
1.194072281498445431e+06
3.062534474618293461e+05
1.026859277859802474e+06
7.343890910961738555e+05
8.397112686966366600e+05
4.021845867992035346e+05
2.503004314908641027e+04
4.815383398760453565e+05
4.132446315246906306e+04
3.775183692613110179e+05
4.214828561779641313e+05
2.017932778717848996e+05
8.277997800453178352e+05
5.383768163201840362e+05
1.720379347019072884e+04
8.432505445500076748e+05
1.122690774997165136e+04
6.857632349765089748e+04
2.210501320062864106e+05
9.433426691690828011e+04
3.303089736094260588e+05
1.339823693596234545e+06
1.430482455675543053e+06
2.016436740978020011e+06
1.088599651515578444e+05
3.683156504914893303e+06
8.289606733636194258e+04
6.394583376165204390e+04
1.483722126619858318e+05
2.538717127943053376e+06
2.167307796387509734e+05
4.626985040944466018e+05
3.543708914381904760e+05
1.005388624147171853e+06
3.089178946091638645e+05
1.321694100953989546e+05
2.542830320495292253e+05
1.865174374139777850e+06
4.637856555005541304e+05
2.808794266000248608e+05
6.262460091552479425e+05
1.636776658465785731e+05
1.444449505316474242e+05
2.386679091856541636e+05
2.421184551188791811e+05
1.150635643346343655e+06
6.619720421851655701e+05
5.058011650044212001e+05
4.122778943190044956e+05
2.329946453261941497e+05
2.575621030025289510e+05
1.147901640427941456e+06
1.316480318107934727e+05
2.520595258799363859e+06
3.108753265053101932e+05
3.435058827568550594e+06
3.186549995380970067e+05
5.643232423724695109e+05
1.846679443293621007e+05
1.928360976282817137e+05
7.157932417967040092e+05
1.161704148916097125e+06
2.944561995427304646e+05
5.316812289653226035e+05
6.003091811858652363e+04
4.464911061042730580e+05
2.958709086152349482e+05
5.796100663755970309e+05
9.048302222336813575e+05
4.059308891602953663e+05
3.849560049300047103e+05
1.622642873446745099e+06
1.720824629743581871e+06
1.569110124899002723e+06
2.097411030203266128e+05
5.221464019146953942e+05
1.174262310874330069e+04
1.128126819399173546e+05
1.292354501894280082e+06
8.486088356549925811e+04
2.514595885592061968e+05
1.031908239626285358e+05
3.759360130983587005e+05
4.830366760239967844e+05
4.596691405026523862e+05
2.270970371163794771e+05
1.793472479747484322e+05
2.403046058082797390e+05
4.256273178220358677e+05
2.765303638873529853e+05
1.662229953564657830e+06
4.128093259195103892e+05
3.087139492217754014e+05
1.262915995535113761e+05
3.754234119789385586e+05
7.195203338383593364e+05
2.220866802261603589e+05
9.092690214805192954e+04
4.297448031186129083e+05
5.047438423433389398e+05
2.909995085217923042e+05
1.829907551718812319e+05
1.977924865104782395e+06
4.068650136072972673e+05
1.727862937926507439e+05
9.935601157602744934e+04
1.224683464592052405e+04
2.047700712150145555e+05
1.455602911412769463e+05
2.731964009376782342e+05
8.164307167737828568e+05
7.795845052167753456e+05
8.374316960684825899e+05
1.240477482081777853e+05
1.331384590967441036e+05
5.899042028866134351e+05
1.350939413357586134e+06
2.857786876594999339e+05
7.279841993473659968e+05
4.665035831696071546e+05
1.806446090364201227e+05
9.811466092413874576e+05
2.264673614487987943e+06
4.059762197120208293e+05
4.924398222762580262e+05
3.077438635516141658e+05
5.667692461549196159e+05
5.120754674383760430e+05
1.374987896852109348e+06
4.160062844539075741e+04
3.294326352396370494e+05
2.020881613381731222e+04
1.260720749265644117e+05
3.718742877950375900e+06
2.845743150568425190e+05
5.931211685287212022e+05
7.222498673079401487e+04
6.170853546096582431e+05
4.313525104799190885e+05
5.899617276168919634e+05
3.672781453896539751e+05
1.900512830293283099e+06
1.316311097388926661e+06
6.323052877881720196e+05
1.750208080900783825e+05
1.735373352628563880e+05
1.434131811704756692e+06
1.944735091163572855e+06
2.238350196986432187e+06
1.442558865238406288e+05
6.088282831253423356e+05
7.342275550254335394e+05
2.276026131084068678e+06
1.171862419953434030e+06
3.446216206685808720e+05
2.971381404460821068e+04
5.126579273342347587e+05
1.869545371952429196e+04
1.378020458723760676e+06
2.700308021999289631e+05
1.151088155821032124e+06
8.035864835398651194e+05
9.085540289409045363e+05
1.624672486193016230e+05
5.254077646526716126e+04
4.275190054792618030e+05
3.982305190967311501e+05
1.105804200514115073e+05
1.133139420221861219e+05
4.950268097804914578e+05
1.233963696390642435e+05
1.848936576947396970e+05
1.405981952725032461e+05
9.598482178353522904e+05
8.507117683770500589e+05
8.867750440977275139e+04
3.301111019979644916e+05
3.065687899204125279e+05
9.071776077818564954e+04
8.615958503892819863e+04
8.774890288842591690e+05
6.338562386778600048e+05
1.122566911071710289e+06
7.125706956455126056e+04
1.049630864280149806e+06
1.389615803570983699e+06
7.061945666250275099e+04
8.859692335754615488e+04
9.418185469892307883e+05
5.517082373270383105e+05
4.440907235598692205e+05
3.889559676050377311e+05
5.579392947003586451e+05
1.503156807421593403e+05
1.184831880721029738e+05
9.534012606790564314e+04
8.716090287931157945e+03
4.321130295198649401e+05
5.501889327238112310e+04
3.263029287626795704e+05
9.706388483180236071e+05
3.328946806941264076e+05
1.206516860346116300e+05
6.303819024856777396e+05
7.061617689368617721e+05
5.854110032476427732e+05
3.381177096781517030e+05
3.723022866030514124e+05
6.049487207718977879e+04
1.203571372063005343e+06
1.102563746558553103e+05
3.923956656342580682e+05
1.586077182675029035e+05
2.449446351519619930e+05
3.491852890673108050e+05
1.208577611722993315e+05
3.416276114248783560e+05
5.643624909624702996e+05
4.901980116045142058e+05
2.838172500343162756e+04
4.522687315527627652e+04
2.542878444827586063e+05
2.002455419679269835e+04
4.190987465228919755e+05
2.809054661749303341e+05
5.108449297425320256e+05
2.532286369333486364e+05
5.981555613207750721e+05
2.082374753409654077e+05
6.568110911689602071e+05
8.343303512446428649e+05
1.659574126362209790e+05
2.518383791812002892e+05
3.317134261040600541e+04
1.095138557026514085e+06
2.434352295817635604e+04
8.077683493760433339e+04
1.014036437836374535e+05
3.739936447844071663e+05
8.724938546790891560e+05
5.372213834651279030e+05
2.972618331689275801e+06
1.314676905533728655e+06
4.798684612977838260e+05
2.033725498959539400e+05
4.979270512662377441e+05
1.646306737150277477e+06
7.406370272667901590e+05
3.825492533669344994e+04
2.602345202277039934e+05
1.733330376318595838e+06
3.727642420561841573e+05
5.025719044947020011e+05
1.612721655151273126e+03
8.713007121831063705e+04
3.131550272522362502e+04
1.906511368429314345e+06
2.870059912134783808e+05
1.313130668852420291e+06
5.171819519367379835e+05
2.032652911791276885e+06
1.072747489780240227e+06
9.877925943932537921e+05
2.086721073342541931e+05
3.975253647751818644e+05
4.090465955799237126e+05
1.342145301554065081e+05
4.689231210589396505e+04
6.975725282889496302e+05
3.444699612307942589e+05
1.769815563912880607e+05
5.940495748405627673e+05
5.883497654234122019e+05
4.956205691953034693e+04
3.293580774237006553e+05
2.227938878633450713e+03
1.215335652724863321e+05
2.662111475675159018e+05
2.763215503633706830e+05
5.664067204154336359e+05
2.213695643253355520e+05
4.811836865134513937e+05
1.502119017164752004e+05
6.259709962040317478e+05
1.663673726584016695e+05
2.717218523342277622e+05
2.000278971517565195e+06
2.979401618144713575e+05
4.551543719934108085e+05
3.362807279036224354e+05
3.213053168226742418e+05
1.254406793374018307e+05
1.194098126443828922e+06
5.376871933919546427e+05
4.445830839538789587e+04
3.399282389781561214e+05
9.133763329145025637e+04
1.037961413046006637e+05
5.555294684061168227e+05
1.464104531586411409e+06
2.344614468312306330e+06
1.080537400694795419e+06
3.943607994007302477e+04
4.809858295146539458e+05
8.526351010225084610e+04
4.827019205409283313e+04
5.459909908070139354e+05
2.221431824873431120e+06
4.183185857234491268e+05
3.486677993044014438e+05
4.137785998948042397e+05
3.411537731751001556e+05
3.829694597060055006e+06
3.245367941539564636e+05
2.018348245030543476e+05
4.138434924575687619e+05
1.488911702171704383e+05
4.043363549343954772e+06
7.885692050414707046e+05
1.206535837595956633e+06
1.159075167099664250e+05
1.269516002857354470e+06
6.510495273206738784e+04
2.710039969932744862e+05
5.607923446572469547e+05
3.591271221229337389e+05
4.041838627417987445e+05
2.700827225852435731e+04
9.949652579035224335e+04
1.903085376997082494e+05
2.121702128205024928e+05
7.966654955488702399e+04
2.070849845841238857e+05
1.898485053673548682e+05
1.322040949948097405e+05
3.524488563824621961e+05
3.799960097490003682e+05
2.891951200794859324e+05
2.056684460276958707e+05
1.394321811256730463e+06
4.083675004997923970e+05
1.467123922451945255e+05
2.478605943690994172e+05
7.471792634254827863e+05
1.588591182254608138e+05
3.093147696113038692e+05
1.030751298519350676e+05
5.064396448101446731e+05
5.080488845577354659e+05
6.230042016019891016e+05
2.113818755627592618e+05
7.328272527869758196e+05
1.696552540469651809e+06
4.246086593965616194e+05
7.425297333505989518e+05
7.988593969491940516e+04
6.791555979017283789e+03
1.068508730439858191e+05
2.288462209167804976e+05
2.798394653895503143e+05
9.873088370656943880e+05
3.817286330501461052e+05
2.752047143611641950e+05
1.699105430152990448e+04
2.117615421858395566e+05
3.486517546826247708e+05
9.528874419727424392e+05
4.375836259933217661e+05
6.123010793629879117e+03
1.766501536889967276e+06
1.934121212279268075e+05
1.280234914453739766e+06
8.527486248997619841e+05
2.438418208635974675e+06
1.923069627683455474e+05
5.886720812701039249e+05
1.172779613214411802e+05
7.765051996944332495e+05
5.145256896447685431e+05
5.085695826784244855e+04
7.745311223018651071e+04
7.953130002470451873e+05
1.474951940911395242e+06
8.292432456051329791e+04
1.983914155901825288e+06
7.228300993383863242e+05
2.146643987920678628e+05
7.301662036214444088e+05
2.624231970119138714e+05
4.080866304695597501e+05
5.553380801496460335e+05
1.128444486488092924e+06
5.766516690122653963e+05
1.919047612528510159e+06
1.427562012880335897e+04
1.604545148803672346e+05
1.033408785039662733e+06
1.794275570986412349e+05
1.136147413398762234e+06
1.906383273042152869e+05
2.777728734351706225e+04
5.391017064703631913e+05
3.819810559499767260e+04
9.144516127827432938e+05
1.252725698843131075e+06
1.883075722824924451e+05
8.768987964654011885e+05
3.269740651789238327e+05
3.743056302702457760e+05
6.455560191238058906e+04
1.748634444642785937e+06
3.358590297279637773e+06
1.309312888026954461e+05
5.205770981367018539e+05
9.912736128301228746e+04
7.806871862801576499e+05
2.353310636659861193e+05
1.294138666901028482e+06
3.397539212860651314e+05
1.870232292063377798e+06
5.317626466700441670e+05
5.038683870918942848e+05
1.454598507583173458e+06
3.280374031331317034e+06
2.848016831436235861e+03
7.072587781361486996e+05
7.283314454484336311e+05
9.573718449948795605e+05
1.722661363798763778e+05
6.728292354162206175e+05
1.782646089539298788e+06
2.942269177709232463e+04
5.444069703495759750e+05
9.646269916810630821e+05
9.538137976348506054e+05
2.552979697970329435e+05
1.073270041097919224e+06
5.501673699796614237e+05
3.120550854674219154e+05
4.290381450537400815e+04
3.672464361871490255e+05
7.693089966532721883e+05
2.268906817874292028e+05
7.480673724445162225e+04
1.699608535764004919e+05
3.332441640049981652e+05
6.232652081900944468e+05
5.980995035214155214e+05
1.561280107000126445e+05
2.915175421812204178e+06
3.729243874353668070e+05
3.924561950392149447e+04
6.137279701895281905e+05
5.490308339700228680e+04
1.579355946535148541e+05
2.990858266624846729e+05
7.710143186320168898e+05
2.480103089645007276e+04
1.972949909927896806e+05
1.962334328274532745e+05
9.977414305386882916e+04
6.122461006321934983e+05
6.342852052878682298e+04
1.112786550971037941e+05
6.962947882206075883e+04
3.012546775138920639e+05
4.451885863919211261e+04
5.795041141180242994e+04
3.099263231749382103e+05
8.063245579258092039e+04
4.139945499960493180e+05
4.957296944860254007e+04
3.752991334006115794e+05
1.140179493853125023e+06
3.781699789832319948e+04
2.284562434764158679e+05
9.061275117634181515e+04
5.151097898077318860e+03
1.231849327234575758e+05
4.883939320006974740e+05
2.236544154139655584e+05
9.453313305057149846e+05
3.063009272827174282e+05
2.142837083983465564e+06
1.069211023076877929e+06
1.245074571256994270e+06
1.467440828431538306e+06
4.110771372184046777e+05
4.902335724404013017e+05
2.331817924736788846e+05
2.572063934131909627e+05
1.284460341954259347e+05
3.531470416565728374e+04
4.943021531985875336e+05
1.190224254649938783e+06
5.405066578184317332e+05
4.937120899098927621e+05
1.229927246942910133e+06
1.305454870287960395e+06
2.265410889270872940e+04
4.367054082409905386e+05
3.935299491738814977e+05
2.388686125562649104e+05
1.484309125381099875e+05
3.497301046859835624e+05
1.704125590844846447e+05
1.170572344247289438e+05
1.562551301001417742e+05
7.892380859244599706e+05
2.590336285321371630e+06
1.282086916231941432e+05
1.362211144285768096e+05
1.083701310325541708e+05
2.473900847553680651e+05
4.067437036178140552e+05
1.091101113096712652e+05
3.166575691812400240e+06
3.123941305742051336e+05
4.650542287841880898e+04
4.967668190177474025e+04
4.701072333309561363e+05
2.344578484146017290e+05
9.269822691855761223e+05
2.743991811835113331e+05
8.304645229035613738e+03
1.942757630936364003e+05
2.452392624672642269e+05
6.304506139213503338e+05
6.326609762916414766e+05
4.180905068941332866e+05
5.514192964630281786e+05
5.466628302216521115e+04
9.448911110932826705e+04
1.456810197683057049e+05
5.227346016569664935e+05
3.824733924895023229e+05
4.994547846562114137e+04
8.067034647236564197e+05
6.793985084005896933e+05
1.222010495536634699e+06
1.488538436497847142e+05
2.259226255345876561e+05
9.852471816479355330e+05
3.543585704570765956e+05
5.116206643713637604e+05
4.301386119722200092e+05
4.670478007232885034e+02
2.519164929960732115e+05
3.130030300482127132e+04
3.340782260781755758e+04
2.260685143594977271e+05
9.630417785004411126e+05
2.719150600871524148e+04
2.204958203236796908e+04
2.755927129078194266e+05
3.433858050233789254e+05
2.644626169616251718e+05
1.569831640664267798e+04
1.068791691233570891e+05
2.093080044112862670e+05
2.170466298540142365e+06
6.253884431103100069e+05
2.630629698788346723e+05
8.435799923714360921e+05
4.432772795840054168e+05
1.472687596626696642e+06
5.947066469818036421e+04
2.231474289841394420e+04
7.716671918260263046e+05
8.579708636015257798e+05
4.772017559749634820e+05
3.737216906005247438e+04
2.521645005337183538e+05
5.062795633142613806e+05
8.145998276137630455e+05
3.302906714986190666e+06
1.741818955997018493e+05
1.177718250900493440e+05
1.196701165251851548e+06
2.290190760806421895e+04
2.346263859495002835e+05
3.976736995073218131e+05
1.175995469973806321e+05
3.972123063080608263e+05
9.236130299997277325e+04
6.781749353539940785e+04
1.866515842316819821e+06
7.724704397175725317e+05
2.268352466027036135e+05
5.627970608835542807e+05
1.971283475437465313e+04
1.680877072019510961e+05
6.688936378041686257e+05
8.515942071965906071e+05
7.157390919956805883e+05
2.101622349344381946e+05
2.681697452815624420e+05
1.217655696576504502e+06
1.074570457124796085e+05
6.253609703944440844e+04
1.906556606681343692e+05
5.469013496333478543e+04
8.649995287654080894e+05
1.658966277507533378e+05
3.567575818943913910e+05
1.268807198620049458e+05
1.403697442285043187e+06
3.324128281323914998e+05
2.294635659186405246e+05
8.302905083212652244e+05
2.788298421170533402e+05
1.275398194925949356e+05
1.070704141436405371e+04
8.732069069831559900e+05
1.861427843650685463e+04
7.485481990701031173e+05
7.322634481943839637e+04
4.306464124985255330e+04
2.147503971127639816e+05
5.598585002028261079e+05
3.314630097546849283e+05
3.085023867228016024e+05
1.281832402643043606e+05
5.022534852595340635e+04
3.215358543981965704e+04
1.489689982176840422e+05
9.401091025459449156e+04
3.186071348795329104e+05
9.672148155779567314e+05
1.346421339011534117e+06
4.400536789035841357e+05
1.828117212873462413e+05
1.969145546653112397e+05
1.086319072110912995e+06
5.230298681671094528e+04
2.573384386033741175e+05
1.452171212041279941e+05
1.575155823322538636e+05
2.315183012859973824e+05
1.885992973009564157e+05
1.932161659844536871e+03
1.047548216838858207e+05
5.742411432899946813e+05
1.534845404938782849e+04
1.571482815431863419e+05
1.237001177247235086e+06
5.551977428286785726e+05
3.203889608617058955e+06
4.757671146612344892e+05
3.673607185593892355e+05
1.816618583613182418e+06
6.935107201289978111e+05
6.486931217510941206e+05
2.243489617779489490e+05
6.250995750964281615e+05
5.221190035787681700e+05
4.874345319798984565e+05
2.868497888850889285e+05
1.937257936899651831e+05
1.299720196876511764e+05
9.049963084249190288e+05
6.914467136825572234e+05
7.393312946417523199e+04
1.217660564536768710e+06
4.371612281997792161e+04
3.972848998352133785e+05
1.662386516307754209e+05
5.751521746585764959e+03
1.705966146689654852e+05
7.886651559313116595e+05
5.147790751164700487e+05
4.973009979493518767e+04
4.886153528641351149e+05
3.781423046349413344e+05
3.932093434922796587e+04
5.770827867009429028e+05
5.436295597398025711e+04
8.804623578516645648e+04
3.981388794119308703e+06
3.581515075032158638e+05
1.185456213469212671e+05
9.364057917549848207e+04
3.381704023444766062e+05
1.723509537918434362e+05
1.552961150977704965e+05
3.619114894972441252e+05
4.189132360482729855e+05
3.086503737603593981e+04
1.517157991502874647e+05
1.256547461757409910e+05
1.437936611622431665e+05
2.973417567470748909e+05
3.444469903850019909e+04
1.059877355031385523e+05
4.103923259651369299e+05
3.253561565987712238e+05
6.507001272370639490e+05
1.278611658674540522e+05
1.998477779286803270e+05
7.388827961120660184e+05
7.832218308273790171e+04
1.131768253215998411e+06
6.830367251145024784e+05
2.837098896862441325e+05
6.858240298672774807e+05
4.944855832904838026e+05
6.571675905249178177e+05
5.988643400455432711e+05
7.177263190777165582e+05
9.470375567197707715e+05
1.607959656770737143e+06
4.329323063506557373e+05
3.506785923716542893e+05
7.596375578088585753e+05
9.059605758820365008e+04
3.226696614762298763e+06
1.788500012552782893e+06
1.977518695832896992e+04
1.002557389485086896e+05
1.172313274535485310e+06
5.123132043828952010e+04
1.409093016842929137e+04
3.594279028829001472e+05
3.511829849406657740e+05
1.650990760556157620e+05
1.062408036827024716e+03
1.570427764227424341e+05
1.335214817856710870e+06
6.383316298021804541e+05
2.778688504463683348e+05
4.455521277841178235e+05
3.663345840604666737e+05
2.049456322156042152e+05
4.916914928786234814e+05
1.479439372356501408e+05
1.433541838885113830e+05
3.617125481825308525e+05
1.557930409295060963e+05
4.359279911757188966e+05
6.474318040011128178e+05
3.797291908189894166e+05
6.326975710475400410e+04
6.883948489261374343e+05
4.130151201215037145e+05
9.690883716246542754e+05
4.515364954842277803e+05
8.805974778283380438e+05
3.248596271390496986e+05
6.443003038011572789e+04
2.394940982053714339e+06
3.249469328603798058e+05
6.249134758212422021e+05
2.520992697127480351e+05
5.621818492178040324e+05
5.192891065378971980e+05
1.438177551849953132e+06
3.604896110359421000e+05
1.054297801252116551e+04
1.246394861406181939e+06
3.308080057491010521e+05
4.651427122230500099e+05
3.250033679242861690e+05
6.609132251439724350e+05
7.756696473586508073e+05
3.035024041199912899e+05
1.450893773847361561e+06
4.817278166004613740e+05
7.900964633478471078e+05
1.990889638108372164e+05
2.248758755923827266e+04
6.152183628031641274e+04
1.814941028840352665e+05
1.828954987858855384e+04
8.783935692680586362e+04
6.518468895838186145e+05
4.571834141587623890e+04
3.621083600880142185e+05
3.441081881105332286e+05
4.453560599731879192e+05
4.239640239717380609e+05
1.886595103722946078e+05
4.228197399578111945e+05
6.543962000077972189e+05
4.565352782880063751e+05
3.557511582605914446e+05
2.612733574280703906e+05
1.110839423417882994e+06
1.797508912727252173e+05
4.669149211405305323e+03
3.010248906140059116e+05
2.310203288212152547e+05
3.526357445775360102e+05
2.885259993391238386e+05
3.537218721146190073e+05
4.113050614924089517e+06
2.516215086294024659e+05
3.026415463329420309e+05
1.305141227344027902e+04
5.158198206425163335e+03
7.037421253526055079e+04
7.027966846557094250e+05
1.013609589359694859e+06
5.051295975457704626e+05
3.826685553752349224e+05
4.104691799945165985e+05
3.133957513178210938e+05
2.054812273652077129e+05
1.537319808338440780e+05
9.389850765625462373e+03
1.619446438148974208e+06
1.100956511317119468e+06
1.417211573788519891e+05
1.792936307176446135e+05
1.344301402721384540e+06
9.279834196914808126e+05
2.571250109230204835e+05
5.438361586816288764e+03
1.912077618100105901e+05
5.672363660424050177e+05
1.617307120871894527e+06
2.554845352113193658e+05
2.052566592101494607e+05
1.128618838350897713e+05
3.215246866133062867e+05
2.220165739116468467e+05
2.601353211053697451e+05
4.611059551417711773e+05
8.153357093461265322e+04
2.276135605268697836e+05
3.814217641933186096e+05
3.189378940145571250e+05
2.462679325875925424e+05
5.642341246674032882e+05
1.293893135459093755e+05
8.045217400880658533e+05
2.416701478982998524e+05
3.459872895792071358e+05
3.375095996053426992e+06
9.416162193163092015e+05
5.923390292713675444e+04
5.293663950945286779e+05
5.473797166383799631e+05
7.786169510547853133e+04
4.444920931965336204e+05
3.435070970866403077e+05
9.102937275455078634e+04
2.879069787233180832e+05
4.091267946283834171e+05
9.502196068429479783e+04
8.488960873733019689e+05
1.004086387832587207e+05
6.393848821863096673e+05
4.847919854396351147e+05
9.955245905753404368e+05
3.495171530061064987e+05
1.417231899856281932e+06
1.270354469594594324e+06
2.920018555488555576e+05
3.652695380912077380e+05
2.037877144280346809e+06
3.169494617177973269e+05
1.566752299654082162e+05
8.378364894456931506e+04
6.606562669834561530e+04
1.249889660851916997e+05
2.773363427355063614e+05
1.545816681501412240e+05
8.358774466661188853e+03
1.621154413518203422e+06
1.774998396123774291e+05
2.324678166006157699e+05
5.040641831160298316e+05
2.139523625077097677e+06
1.214453883918601321e+06
1.866678056835188545e+04
1.338335555416080169e+05
1.913833698252948816e+05
7.898256543851050083e+04
4.402293164026604791e+04
1.898535745331380167e+05
8.602128036713380425e+04
1.109040529064694711e+05
2.946135185160081601e+05
2.194186753973381128e+06
1.722753457361040928e+05
3.733169589163594992e+03
1.132260495944470400e+06
1.263817775765285187e+05
9.851844362622525077e+05
5.204090443424449768e+05
3.490798494424012024e+05
1.358652895633968583e+05
5.527192537614994762e+03
4.618412817926259013e+05
2.181018153196994681e+05
2.780494672510251403e+05
7.272642804258207434e+03
3.700909304240802157e+04
6.045396287356509129e+04
2.742516520231403993e+05
5.883319651428317884e+05
6.101637760695802281e+05
1.435796591868016869e+06
9.261832153577731224e+05
1.628815971566094668e+05
7.926434288264226052e+04
2.908562618537250673e+05
5.352979286440149881e+05
1.191884264536872972e+06
2.245693934498018643e+04
3.592172012296710745e+05
1.966504735889613512e+05
3.865859539022792014e+05
3.567152829236359685e+04
3.518205659959727200e+04
5.169644087015020341e+04
4.077958665077852202e+05
1.559544275530447485e+05
3.012664241443710125e+04
3.491705140246259543e+04
3.444272738803176209e+06
2.635662088572382709e+04
2.175473262717753241e+05
9.456246194478568214e+04
5.660967971219397150e+05
1.468119934790970292e+05
4.085355325465800706e+05
4.462528568210994708e+05
2.343850498998942203e+05
1.013985378587131156e+06
1.306151083222171437e+05
6.544195134167063225e+04
1.661791684766377148e+05
2.594495694719580060e+05
6.652916792744032573e+05
2.984208673106941860e+05
3.705995442170317401e+05
5.767919832581826486e+05
3.200878260752885835e+05
2.067858085553155979e+06
1.074011314310693415e+05
2.469313065761700273e+05
3.226686790038640611e+05
5.873764011644573184e+05
1.013478336939834408e+06
1.372979484275280265e+05
1.739594430653463933e+05
6.195990440128651971e+04
8.008687736339805415e+05
1.200458588161483640e+05
4.041286661144344253e+05
1.374661494945788523e+06
6.765709119160288246e+05
3.479554431828406086e+04
5.778422711011910578e+05
6.459334083059782861e+05
4.052369968031625467e+04
4.348523891123014037e+05
6.100650171071332443e+04
5.144290501532956114e+04
1.012288643747797614e+05
4.885893897774386278e+04
7.675518286952229682e+05
4.854220182501060190e+05
4.090400817035915097e+05
7.732903967510254588e+05
7.960539867451080354e+05
1.088223611300082994e+05
1.023270711114685750e+06
2.735380972087673144e+05
5.943300983630801784e+05
3.774157028295075870e+05
4.341898452934246743e+05
1.982617256349801028e+05
6.314388201926075853e+05
2.976225592320043943e+05
8.311456974126871210e+05
1.559763736126660078e+05
2.384459154581296898e+05
2.450300460849806550e+05
5.082631118294080807e+03
9.086906765854499536e+05
2.742393169737390126e+05
1.617337958309697860e+05
1.820282496594848635e+05
2.070934935625062790e+05
5.135778234002359677e+05
2.654501523820291623e+05
5.450047176791667007e+05
3.475439812862894032e+05
4.206674698289430817e+05
3.678546646660296246e+05
1.198130664538134821e+06
1.746961012724912434e+05
2.045000206468818011e+06
6.812607339912802854e+04
4.752188708610373578e+04
1.694385127642021980e+05
2.542156173389137257e+06
6.414532119001827668e+05
2.230230040899612650e+05
1.505804743506480190e+04
3.577890642411215231e+05
6.621180643943019677e+05
3.982473144858298474e+04
1.122849899541020750e+04
3.157759051520490320e+05
2.345630949254001025e+05
1.926563851941427856e+05
4.072796295190411620e+05
2.497224229745908233e+05
3.064741527850902639e+05
1.163517591686655505e+05
3.684086424271701253e+05
3.929634101026860299e+05
7.317994446728471667e+05
2.455654771755112160e+05
4.576530211547934450e+05
2.562095678726858459e+05
5.939788569585668301e+04
8.562438530288237380e+05
4.441069287757699494e+05
5.652892631886189338e+05
3.752011458542785607e+06
1.274239083414549474e+06
2.585582009868072812e+06
7.882322876309600542e+04
8.974802289319211850e+05
4.637200504312691919e+04
2.287796780819138512e+05
3.433448062320966856e+05
3.003577411200140341e+04
2.575417664784663793e+04
3.719600620361574693e+05
3.036283506704921019e+05
9.549030069094408827e+04
7.432137148131510476e+05
1.477608532346158172e+05
2.147031786395307281e+05
7.204869642343949527e+05
4.417433842789917253e+05
6.016632321095130465e+04
7.071231947340619517e+05
3.084513651532567019e+04
8.529731502504440723e+05
4.287439306650366052e+05
4.740732414423829177e+05
7.034565051673286362e+05
1.337410480753952579e+05
1.259093765030464157e+06
6.083762783786936197e+05
2.085515286162283737e+05
8.875420877157206996e+04
2.888452564122329000e+06
1.894582303897820530e+05
2.028219430905196932e+05
1.777012925017317757e+05
5.793548401796073886e+05
1.583862201133806957e+05
7.465179133621712681e+05
1.570856447977245989e+04
2.629381493935059290e+06
2.668036614138858858e+05
4.246001186753815273e+05
6.640989030022167135e+05
9.871473886439466150e+05
2.109719718474637484e+05
9.721475538941090053e+04
9.316314002135983901e+05
7.824566473431529012e+05
4.627629032220445224e+05
3.282640959707865841e+05
6.126171787211379269e+05
2.212947282431130297e+05
8.787663348553889664e+05
2.420081039847260035e+04
2.139747927386762240e+04
1.140767440978268569e+05
3.544816610342912609e+05
4.082675543310964131e+05
1.318027860673617397e+05
2.888805947707219748e+05
1.093799220977786928e+06
9.847034165435564937e+05
7.657963052441307809e+05
1.240449799820430344e+05
2.601512625635980512e+05
5.000895617014595773e+05
1.899250564905461797e+05
1.599480976511196059e+05
6.799818173609148653e+04
1.447615755590090528e+06
3.641770412443275563e+05
2.177347968562035239e+05
1.938816451301412017e+05
4.254248278134337161e+05
9.673991828550822102e+05
4.668685656872417312e+05
1.007082090116014297e+04
4.277429146979715442e+05
9.810081951842029812e+05
1.532360975903483806e+06
3.962490239967343863e+06
4.818036964265706483e+05
3.763456206861576065e+05
4.257193481819098233e+05
8.240321895009386353e+05
6.167071607843849342e+05
1.544491184909115836e+05
1.399359541176609637e+05
2.157808837936230993e+05
3.293827419383692904e+05
2.819014095171350054e+05
1.025546633011927188e+05
3.314844982931947452e+05
7.014553837783311028e+05
1.383200467662690244e+04
2.831043129842543858e+05
2.025715782988445135e+05
4.821202061594944680e+05
2.464870251417484833e+05
1.799522190863052965e+05
4.979637792542129318e+04
4.234590360663666506e+05
1.708961785895826761e+05
8.009771515668163775e+05
1.839000516235227224e+03
1.207791220431954025e+04
2.298423445210880891e+05
4.849184467097139568e+05
5.898346680939938960e+04
3.412085077230295283e+05
7.218944438437358476e+05
2.298460452911026950e+05
3.581786552269629319e+05
8.870271235141368816e+05
6.669586553149869433e+05
2.833074519004208269e+05
6.844873724542950513e+05
8.162166191332563758e+05
4.620266243350218865e+05
1.801376561910624616e+06
4.431159632658517221e+05
5.731058938090107404e+05
8.236000147326070874e+04
1.362146756037688116e+06
5.278538198719065404e+05
6.214095890789700206e+05
2.600315300513058610e+05
1.181208811543189688e+06
1.363893756437879056e+06
1.202926694251120352e+04
1.945426857198778016e+05
5.662144546412620693e+05
2.771573331197067164e+06
6.450220788795630215e+05
3.301684565506823710e+05
5.482424464612851152e+05
9.093281122532974696e+05
1.251916487365601817e+06
7.301569552736362675e+04
7.555417830610591918e+05
6.219145924536185339e+05
3.752396752654295997e+05
1.806510871005484369e+05
5.940784584020900074e+05
2.420070462552192621e+06
4.040829148935773410e+05
1.493063440073841950e+06
1.580282857904038392e+05
2.339172133028348617e+05
3.932384831222412759e+05
2.757653042896120678e+04
2.658270310566943954e+05
1.181691329056572722e+05
5.863887486808417598e+05
9.327107804791946546e+04
6.252054926598658785e+05
1.898838610417032323e+05
4.035888545824526809e+05
1.279201961176431796e+05
4.042447791090547107e+05
2.020940943957567215e+05
9.202442246944110957e+04
2.587743788934159675e+05
4.347213670837107347e+05
4.666768722232782166e+05
1.738027003008193104e+06
1.563763342679525667e+05
4.499077793796393089e+05
3.455774694587645354e+05
1.399757760882389732e+06
1.862366786805515585e+05
2.587196371796083986e+05
4.279209806041038828e+05
1.988634351406738569e+05
6.324996875544586510e+04
2.038711233452647866e+04
3.978197303301071952e+04
2.686490956818588078e+06
7.910389301524884067e+05
1.802403490338071788e+04
1.213816873490703438e+05
1.256747821599351882e+05
6.551955080179181095e+04
5.256248116565605160e+05
1.658503517404278740e+06
9.867369814833004493e+05
1.807331926516048377e+06
7.852329446659291862e+05
2.110995897741483350e+04
4.605045951261797745e+04
1.270531285946240532e+05
3.921964469142736052e+05
5.383837786569339223e+05
6.105250479192816420e+05
2.418098572071819217e+05
1.742719740409255901e+05
2.454545794697811361e+05
2.490387751262258680e+05
4.348040177094179089e+05
6.015983165435856063e+04
6.413500358796716901e+05
6.545971547771053156e+05
4.978691568606889341e+05
3.077961867146392469e+05
4.820550495445909910e+05
2.854535805626611691e+05
1.123374287033131113e+06
3.314522127628061571e+05
7.805047549494921986e+04
2.457671793132576859e+05
1.213425109683926130e+05
4.808208808486689813e+05
2.495787893973428872e+05
9.464271107879013289e+04
8.025150173833897570e+05
8.311290217479565763e+04
4.849154274200640502e+05
3.314719763128468185e+05
3.890873465545847430e+05
3.759320780853745528e+05
1.522872384359964926e+05
4.426677297992994427e+05
1.332486221195514372e+05
6.154060957923969254e+05
1.221201114429674199e+05
1.007260953445557039e+06
8.940765512952227436e+04
2.206260851863635471e+05
1.592983016306442441e+05
1.490297503796126402e+05
4.147943380389064550e+05
1.725215907098606694e+05
1.064161221813929267e+06
1.421890280711957021e+05
2.608487014368290547e+06
4.847093229709865409e+05
8.171233165563401417e+04
9.402869249366755830e+05
5.670275991342520574e+05
5.223247035845836945e+04
5.440048162599410862e+05
1.769307495724381879e+05
5.946852094275538111e+05
3.532016145394748892e+05
7.951101968452153960e+05
2.198833632593328366e+05
6.417991250156272436e+05
1.749539301913252275e+05
6.582875094302168582e+05
1.077111619335859083e+06
1.788102362725939834e+06
2.923602215632873704e+05
7.231759400389305083e+05
3.303595706536214566e+05
4.704146048485675128e+05
8.875556982341838302e+05
1.721866861656350011e+04
2.119220637343040435e+05
2.435310368082349654e+06
1.255744536778637412e+05
1.241141070556111663e+05
2.954464596718426328e+05
1.949292289612951223e+06
1.070862085025271954e+05
3.678536374078328372e+05
1.443229530675304413e+05
8.223597628975000698e+05
5.378588878671046114e+05
7.915081142950736685e+05
7.559705185152124614e+04
1.147849253974406020e+05
9.849236237919910345e+05
1.225902663210646017e+06
3.735970528125650599e+05
2.638921296228253050e+05
2.266384595928341878e+04
7.015920762963333982e+04
4.803246884714983171e+05
4.408155390351837268e+05
7.618511902938717976e+05
1.666302315766212123e+05
1.305089247006526421e+05
5.374370582306345459e+05
1.936183793536986632e+05
6.308697336158970138e+05
4.205047456231823890e+05
5.284661975201043533e+05
2.957380084364098730e+05
3.933983775534314918e+04
4.981481815633996157e+05
5.629071778230707423e+04
1.200645833249891148e+05
1.472619046760126075e+05
1.226326341064503416e+06
2.016579243403987202e+05
3.719238796285820426e+05
3.208030253737785388e+05
7.351119509740252397e+03
3.379562281429861207e+06
1.431138965215171920e+06
2.919826776091230568e+05
8.664023360266593227e+04
4.927170074909138930e+04
3.099995116802878911e+05
8.703139016412351339e+04
1.621699253233036725e+06
5.472322358699525939e+05
7.731925756968089263e+04
1.831794117327377317e+05
8.411814213830829831e+05
2.708428843838289031e+05
9.481034610312493169e+04
2.927709998453512671e+05
6.423244979640912788e+04
1.789659516962294292e+05
5.323530796123699984e+05
1.352507559138612822e+06
6.300947831351098139e+05
1.101124186710412032e+05
2.433746031164667875e+04
1.691797657874339784e+05
3.773833096437660424e+04
2.191721297779375687e+06
3.481280624686353840e+05
1.567655678488262347e+05
6.545332629062911728e+05
1.295550433822648920e+05
3.131469224839023082e+05
3.002983144272405189e+06
3.161967463296518545e+05
9.181862082283559721e+04
1.020810513762972696e+05
4.402327565971304430e+05
1.222760015512511891e+05
1.332553434885442548e+05
1.045630558210781237e+04
4.583229877140640747e+04
5.419542993258128408e+05
3.149233845901092514e+06
2.433499125948298606e+05
3.707112879668416281e+04
2.702148913874316713e+04
3.731777947679813224e+04
4.835585832156115066e+04
8.809156118659969070e+04
6.584207947151049739e+05
5.373177353671335150e+05
2.873554556114957086e+04
1.038307415611463133e+06
6.278823662942399969e+05
5.224102645267023763e+04
7.688073287641248317e+04
8.782139152048116084e+05
9.806244035847188570e+03
8.108402627719427692e+05
5.491811897103851516e+04
6.514381725685455604e+05
7.924066998179802904e+05
2.048629686686362838e+06
6.206999302749980416e+03
8.412351217884480720e+05
3.761924560926163686e+05
3.938793181829493260e+05
1.224763889273755049e+05
3.626915634356642840e+05
1.115504011188400909e+06
3.107443446473356453e+05
5.735863983134464797e+04
8.473304207650301978e+05
8.577140940861754352e+05
7.398826303197208326e+05
1.135989005734580132e+05
1.443319625038490922e+05
9.846502373800640635e+04
3.288387260952284560e+05
2.145937195733210247e+05
2.305322406375136692e+06
9.147835117238446837e+05
1.458757499767235131e+05
1.152548311345409136e+06
1.221569729854554171e+05
3.124127364315468003e+05
1.122111973169198493e+06
3.702359302919706533e+04
5.750450037934449501e+05
1.577136826444814214e+05
2.285969754981794395e+05
2.648111755032793153e+05
4.869503483058431884e+05
2.983535432347775786e+05
1.939731925898090005e+06
3.482812403996080626e+06
1.880697497921274589e+03
5.197148178865724913e+04
1.502445303174658329e+05
5.668780567583875963e+05
1.510752440247053979e+06
8.624638316117816430e+04
9.772408722028261982e+05
8.565785080692672636e+05
1.908212082322214337e+04
6.168393989574065199e+05
6.831469467878047726e+04
8.448253815895039588e+05
1.691213851948605734e+05
2.150922035227651068e+05
1.798364757457983447e+06
2.024790299696637885e+04
2.864943267091022804e+06
3.072251611723948736e+05
8.970113759517422295e+04
3.389037901820366387e+05
3.533922290423854138e+05
1.365314657037255820e+05
7.484201038028511684e+05
7.806101873645924497e+05
1.191354668547514011e+05
1.574814340322242933e+05
4.704646387251688866e+05
3.497851716651454917e+05
9.019907460700424854e+05
2.006140778808605319e+04
1.671533172332455404e+06
1.513305068365353160e+06
1.340932189381478354e+06
1.129112405520052562e+05
5.789482978170919232e+05
9.816540197592523182e+05
7.412950562681983865e+04
3.105484030004876549e+05
8.260842414753050543e+05
3.359897445169296116e+05
4.138414636783644673e+05
1.546070656474898569e+05
1.253274760766412364e+05
9.622647634465321607e+04
3.071931487126369757e+04
6.539706937821543543e+05
6.832515166584869148e+05
9.752297446324063931e+05
2.704576914847122040e+06
1.656783190506881510e+05
1.236424835430307576e+05
1.796961922812799457e+04
1.802023965565146646e+05
4.018601602840100531e+05
1.231523818234783364e+06
4.366618580669895164e+05
5.960213642081281432e+04
6.351300124488557922e+05
6.169478754557559732e+05
5.184912216750113876e+05
2.361597168498689309e+06
1.974385614327563962e+05
2.662599059956194251e+05
1.163538897384950687e+05
6.934910886808480136e+05
4.419556954072277877e+05
6.201372040026398608e+05
2.192450036886432645e+04
5.303341766735820565e+05
1.031912158016636153e+06
1.158143369979295647e+06
1.375818737029952463e+05
3.711454005329543725e+05
6.570839948538849130e+05
7.090623067747185705e+05
4.071388223195956380e+04
1.649711330215028720e+06
3.893062369300631690e+05
5.549614774416764267e+05
1.213401532042957260e+05
3.699665883758436539e+05
3.535400386364813312e+04
2.323319792329057527e+05
2.002808978748349909e+04
8.672231757480857195e+05
3.810435832700819592e+05
1.650333280118013034e+06
1.311447139736023499e+06
9.310268813650477387e+04
7.480032931917485548e+05
3.462992440769714303e+05
3.546152942021914059e+05
9.252931149943292257e+04
2.626768315540952608e+05
1.329728581490049371e+06
4.735547931032764027e+05
1.547040518596088048e+06
6.411864120963551977e+04
1.311115457587226294e+06
2.073371293577325414e+05
5.089243431633622968e+05
1.902896558640987132e+04
4.576510817346362164e+05
4.154616649038742253e+03
3.461289521916654194e+05
5.641225192514687660e+04
1.275929090191509604e+05
1.168495650116420875e+05
3.492054083240259206e+05
1.423872859748680785e+05
6.103679545949380554e+04
8.636526784610162722e+05
6.368157582274818560e+05
9.818649879611894721e+04
5.806509560193501966e+04
2.233976177481590639e+04
2.557010484009333886e+05
9.953628649651852902e+05
2.010173574662678002e+05
9.318775619681463286e+04
2.531376191117077833e+05
8.397628552771694376e+04
2.037229630325958351e+04
4.225009983235556283e+05
2.329939970704726002e+05
7.249866984657596331e+05
2.050059480171713512e+05
2.336424103515715688e+05
6.988818111372711137e+05
7.504977336833003908e+06
2.290822552929818048e+05
7.706502510770050867e+04
4.391412709619789966e+05
3.531177553144142439e+04
4.502090555325901951e+05
9.232564367515043123e+05
3.969543873551473953e+05
3.318844790739240125e+05
5.738892418624617858e+05
5.991836372475514654e+05
7.286139158088864060e+05
8.382170531779182056e+03
2.164834406629909761e+06
1.596371062942060234e+05
1.166277400072662858e+06
3.087952829400330666e+05
4.854033978016984474e+04
5.443577730431862874e+05
2.531090786653429968e+05
3.197499952937289490e+05
6.097161395199404797e+04
3.104623750608740957e+05
3.443373412660566973e+05
8.053079494011567440e+05
2.119938075421747635e+04
7.218910380047736689e+05
3.035217261913043913e+05
3.892315656304070726e+05
4.043931398303932510e+05
1.088793614764860366e+06
7.089380694614977110e+05
1.286989454262745799e+06
1.663560202074405679e+05
7.890833377571153687e+05
1.582156401529548020e+04
7.897124749062678311e+05
2.009629233344697859e+05
6.664299821541937999e+05
1.075694570869062445e+05
3.270612071176896279e+04
3.193057176020257248e+04
2.252917158355938154e+05
4.060940666683883755e+05
2.076170787739299994e+05
6.203712438706241082e+05
3.864381246048241155e+05
9.617297696106528165e+05
3.734127738953589578e+05
6.022322756808934500e+05
3.614731276583883446e+05
3.361785467024017707e+05
1.606697595546183584e+05
5.305022115441481583e+05
7.664369758288422599e+04
4.562365324035019730e+05
1.009625236073728767e+06
1.043446860719862627e+06
3.520107387348279008e+05
2.603350302424279507e+06
4.109824435148871271e+05
4.999258867094898596e+05
8.671518912791608600e+05
1.243747712416609575e+05
3.108896793094236054e+05
9.103422094808322436e+04
8.399824044328059244e+04
1.819581774168040836e+06
5.384815930297399173e+05
6.664231854387957137e+05
5.592890239637024933e+05
1.518936861243385938e+05
4.614146989845420467e+05
3.414833940835729591e+05
2.965732668048462947e+05
9.653028617497427331e+04
2.108833227456454188e+05
1.432254332524775993e+06
9.668514613294167211e+05
9.063363855327728670e+05
9.571627517859066138e+05
7.451287856881149346e+05
5.365199470882737078e+05
2.824221856817770167e+05
1.700584811132929826e+04
6.861828388328602305e+05
3.357395305928434245e+05
2.003090591576425650e+05
2.469009552522783924e+05
1.379817134326864267e+06
1.241651705981218256e+05
1.507959949724083999e+06
4.012038649255414202e+04
1.563437667846716009e+06
1.531200240216318634e+05
3.906152482442990295e+05
2.241125436106724956e+05
7.632404499675758416e+05
2.116557075009305117e+04
4.060245381407042150e+05
1.667101017133844085e+06
4.736274345822010655e+05
1.493115864992077986e+05
2.031316613711362006e+05
2.013348386770463840e+05
2.881724292192033026e+05
1.701354875611505704e+05
8.118046948843802966e+04
2.094556559310074081e+05
4.414017405791437486e+05
1.528467509208119591e+05
1.387084391023322823e+05
2.923707559557680506e+05
2.076243570005231595e+05
8.761419352501341200e+04
1.171076607386111573e+05
1.202656920968569815e+06
2.609303307444059174e+05
1.460818201869638870e+06
1.576573534478534712e+05
4.631839349804413505e+05
1.240300680478081777e+05
1.382680619737061672e+06
2.924239033124539419e+05
8.799282197732389614e+04
4.095186058923668461e+05
1.071103838060270529e+06
4.763269371336771292e+04
4.417776945014495868e+04
7.333849341351569165e+05
7.387745835956199153e+04
5.705865653923762729e+05
5.355859208783210488e+05
5.996711216473216336e+04
1.545540796434305958e+05
6.153847577975768363e+05
2.051006932882318215e+05
3.632745332097309438e+04
1.872668140797560103e+06
3.624127106824545772e+05
3.211275535516074160e+05
8.399633639465539018e+05
9.083440002529376652e+05
6.979315253191684606e+05
2.598443570742360898e+05
2.613914584404073539e+05
3.853228974245850113e+05
3.433345386591622955e+05
1.414709708740637579e+05
4.491482238308725646e+05
2.013798659756566340e+05
1.192697776252829790e+05
1.573827261077405419e+05
5.785887553167454898e+05
2.753399745503688464e+05
2.443912275617571140e+05
8.330981537846706342e+05
9.104492219022546196e+05
9.267651528699635528e+05
1.360609299706493912e+05
1.135281992550194496e+06
2.804064558627842925e+05
7.371207728613371728e+05
2.123091644474265922e+05
3.052939707585466094e+05
2.245732086125282804e+05
1.947025848014606454e+05
8.038091712932103837e+04
2.807216759830457158e+05
1.904875250172728265e+05
4.399890935352411470e+05
4.933389635406519519e+05
3.203946379510977305e+06
3.219879601068592747e+05
7.330225586098632775e+05
2.275878705852307845e+06
1.635824160739544895e+05
3.452702551760743372e+05
2.456616833851418050e+05
1.604455864444245817e+05
1.986746386174171639e+05
6.155351684709403198e+05
2.111029187220750900e+05
1.887885972838416346e+05
2.714075478547555977e+05
1.048862181023626355e+06
1.803669431006840023e+05
1.095135597426243592e+06
1.957058325375802233e+05
2.786922718562721275e+05
8.445336453530805884e+05
5.725436116553456523e+05
6.225649451031474164e+05
6.025281901102942647e+05
1.037722425577386748e+06
1.986186005770562915e+06
2.622758065325201023e+05
4.309412832823459757e+05
1.081902902887093602e+06
8.694950679753026634e+04
2.466137752419681929e+05
8.066165507844630338e+04
6.085342197361103172e+04
3.860036925288273487e+05
6.887881110540326335e+04
1.568475032495295454e+05
5.537496763231661316e+04
1.138914005071691645e+05
1.626329534155194415e+04
7.128016252555918181e+05
1.236921003193648939e+05
5.063721685775498627e+05
2.736709575144599658e+05
3.427704482292155444e+04
2.040218966168699844e+05
2.611454141797532793e+05
6.889669522121605696e+05
1.234570953556368826e+06
3.881121330865730415e+05
1.270586952093072934e+06
1.743550092514091870e+06
1.104602813897763612e+06
2.566323850536983518e+05
1.290414542009313591e+06
6.458544431904699013e+04
2.437569399379582901e+05
3.165752413621808519e+05
3.141535277439669590e+05
9.875468917547199817e+04
7.582034316339621910e+03
3.339736720319237793e+05
5.440877544311241945e+05
2.948099010481213918e+05
7.607594132018678356e+05
5.122347549546485534e+05
2.882842273954756674e+05
6.193667409393946873e+05
1.103735805669690308e+05
1.711264015921804821e+05
5.002720625464137411e+05
5.881150408732839423e+04
7.644700030564420158e+05
1.118967366880159592e+06
5.732908601862244541e+05
1.344024620273328852e+06
1.246659939487355732e+05
2.708166258809062128e+04
3.084576875044645276e+05
5.155582519107042463e+05
3.780021789990468096e+04
4.131065091437568190e+05
5.434142928688706597e+05
2.670710485463926452e+05
2.038135574649837217e+05
9.523180389664482209e+04
1.158137234805319458e+05
4.188922868346111500e+05
3.901231775731288944e+05
3.959126671032787417e+05
8.241421737942520995e+05
8.099497472011513310e+04
3.358774204434279818e+05
1.366616109617529437e+06
3.934652847210986074e+05
5.594521656066510332e+04
4.328632688627925236e+05
2.493500032891158844e+04
3.744136934928536066e+05
2.657381035607818048e+06
2.364966423959349777e+04
4.761224807778759860e+05
6.284506439922457794e+05
5.658008294087955728e+05
1.205779838307910832e+06
1.051254566415598820e+05
6.742158681402239017e+05
1.763507779704370478e+05
9.336352176671960624e+05
3.460995968257198692e+05
4.791328034506016411e+04
6.990641619994331268e+04
3.192266790466046077e+05
1.246332452683057345e+05
2.182310697311430995e+05
4.032724963426114409e+05
1.456687933223297005e+05
5.332671723495972110e+05
3.813030354146461468e+05
9.053765733576432103e+05
8.679930468552139064e+04
1.774183701042718021e+05
1.786027839852700243e+06
4.448434851657673426e+04
2.142711618536948517e+05
1.041234949805902783e+06
6.813221474565822864e+05
1.131783997021055548e+05
1.493310525565337855e+06
7.677104927555986797e+04
2.472459266498963698e+05
2.100159519634106837e+05
8.541079648651074967e+04
1.127902990016270196e+05
1.366995986344696488e+06
1.441812345630080905e+06
5.519588260885782074e+05
6.828651774495864811e+04
2.636216215923877317e+05
1.663197051292108081e+05
1.968184457872405474e+05
6.666178778922093334e+05
9.856649709250078013e+04
7.461159904011526378e+05
8.553493819326708326e+05
8.169156599129467213e+04
2.777424668234571582e+05
1.199307483050680021e+05
1.982219482510274975e+06
9.924853765277935890e+05
5.369287896914074663e+05
8.396001591732122470e+05
1.965734061661984597e+05
2.332600638105908874e+05
7.643316726122589316e+05
5.118235868586908909e+05
4.216354453809022671e+05
2.302213302640067122e+05
6.151097288127840875e+04
7.058545133922549430e+05
4.492860252327963710e+06
9.563510805934015661e+05
1.068752183006383566e+05
2.804616520273301867e+05
8.328881540004370036e+05
4.111977221126750228e+05
2.536579629650627612e+05
2.044661871448551246e+05
1.371653850025877182e+05
3.775866067618670058e+05
1.958201210902850435e+05
5.210181029928324861e+05
2.231824950595049653e+06
3.979568070622163941e+04
2.915202692538643605e+05
1.792802926443497883e+06
1.183364638206292409e+06
4.314244935150062665e+06
5.612273843466803373e+04
9.357791543451767939e+04
3.804297620116046892e+04
1.053070197272478435e+04
4.506699149362801109e+04
1.388915873198868358e+05
4.696735923788646323e+04
4.391657159683484933e+05
3.039726703931121156e+05
1.966360736423805938e+05
4.547849573467039590e+04
2.191544297890127636e+05
1.241515676978920965e+05
1.117897464140289463e+06
1.476757027095861267e+05
3.345756698690511985e+04
2.068625180076184915e+05
1.557974051298797713e+05
1.029852669364299363e+05
8.790608430614764802e+05
1.793145662268939195e+05
1.740163677613286127e+05
5.948804743968674447e+05
7.785623918430185877e+05
1.172678947643199208e+05
1.920547882454055070e+05
4.737681668706734199e+05
1.253291880167732481e+06
1.818318206312690381e+04
2.676190191620200407e+06
3.636750214870594209e+05
1.273366862616068684e+06
1.255566812117680907e+06
4.104180228608835605e+05
3.221657107957877452e+05
4.644314305367748602e+05
2.540284249147256371e+06
1.674931487719069992e+05
2.863001977691407665e+05
8.285423359772772528e+04
1.182350597944214940e+06
3.601184925559301628e+05
9.080319461177453923e+04
8.269484317945514340e+04
1.129370839710769709e+06
5.365863362728806678e+05
1.092241089767366182e+06
1.868255865951459855e+05
3.149015808075921959e+05
8.153168093243649309e+03
6.588381125416728901e+05
8.794660501578153344e+03
2.875696521308687516e+06
2.091217939176727959e+05
1.104069331333163194e+06
2.873522875602642074e+06
3.209975319105764356e+04
4.768908198472795193e+05
4.274811343137688236e+05
2.387083318420280702e+06
1.158491875790943857e+06
1.170839932477393595e+05
1.934632089467640981e+03
4.460479886356865172e+05
5.755929905288248847e+04
4.521744209611203987e+05
1.236664547049514018e+06
1.857731766807407839e+05
1.922580883441829064e+05
2.227665322843828762e+05
1.093970249771938688e+05
2.538481625327403890e+05
2.460831468482065538e+05
7.240676467375978245e+04
6.843829676062389626e+04
1.547024827755663719e+05
9.810880644700042903e+05
1.970749285952043254e+06
1.299191220487083541e+06
7.479862271290273638e+05
1.191253949592641293e+05
4.140002078417569282e+05
1.219542021075211524e+05
5.479745302749070106e+05
9.164920857639456517e+04
2.729118269903547480e+05
1.693341645039044088e+05
5.381756569168867281e+04
1.006396477610582951e+05
1.485874580511597218e+06
2.407055344614339119e+05
1.117123597220689990e+06
4.746487920969537663e+04
7.369754421501858160e+05
1.152690591766681318e+05
6.038763881081853760e+05
5.998360856617187383e+05
3.036550628952883417e+05
1.037605852685063728e+06
2.265720998368881701e+05
1.556379528928742220e+05
3.966530817522358848e+05
2.280716605331459548e+06
1.303748986597972224e+06
2.109890838344319782e+05
5.409609485943631444e+04
3.751745877831465332e+05
1.325190217855002265e+05
4.153182932907421491e+04
1.637173403544877074e+05
8.965639415057577426e+05
1.578080103634072293e+05
4.646424003925693105e+05
3.348067341366158798e+06
5.593821215599994175e+05
2.922283443032036303e+05
5.308442162910129409e+05
3.037752685088627622e+05
2.602922974937293213e+06
2.662460878542886931e+05
2.501231888712496730e+05
4.349985434080437408e+05
3.282408402357588056e+05
5.337405252303184243e+05
2.547993807613551035e+05
7.249165546284234151e+05
3.049318030954278947e+04
1.107973115186376526e+05
1.738148335865397006e+06
3.110178817654171726e+05
1.608918842174346093e+06
8.663425163535919273e+04
1.519788552360008471e+06
7.270560986023265286e+04
1.205514035979558947e+06
7.495547884819351602e+05
7.931770596780977212e+04
2.689878902006606222e+05
1.826675364314889885e+05
1.305142310476557119e+06
1.493617349167005159e+05
1.003135487051647506e+05
1.804459312316527357e+06
1.433620967467551585e+06
1.621422195629681228e+05
5.164899313099680003e+05
4.780922475829086616e+05
1.969787961368534307e+05
4.189769087836337858e+05
1.519900155044771265e+06
6.283836882266412722e+05
1.458311076633452612e+05
6.869434915534897009e+05
3.040895162687097327e+05
4.934433910245906445e+05
7.853961437903578626e+05
1.376282654389684321e+05
1.613466557284116279e+05
9.005034146737956326e+04
5.100811038950197690e+04
1.328246619052032009e+06
2.301274973805801710e+05
6.128794804681179085e+04
1.709041493503510021e+06
5.623237074886756018e+05
1.435419153970045591e+04
4.312206605154579156e+05
2.120832678259653039e+05
3.887544557583536953e+05
2.339686327513377910e+04
2.317230958693063585e+05
1.433891450410082936e+06
1.270747517091735062e+05
1.256130302490009199e+05
3.866703641198407859e+05
1.964940890438904171e+05
5.457199204351326916e+05
1.307977475594820426e+05
1.059169514903358417e+06
3.797049483914321754e+05
3.209670390824299830e+04
3.053039765981934615e+05
6.819347784187766956e+04
2.190018505318925017e+05
4.685287203243836120e+04
1.370505144833757658e+05
4.779981292101604049e+05
2.698268626961432397e+06
2.523852604123742320e+06
4.335650857576507406e+04
2.699978393648725003e+06
9.410950471033036010e+05
2.823767435035039671e+05
3.546270882323621772e+05
8.142980668075085850e+04
5.916648038815339096e+06
1.010521051348263863e+06
8.744446439631979447e+05
1.081840216234813910e+06
2.234264973656202201e+05
7.668361475268955110e+05
1.927169219455688493e+06
1.506399030951767054e+05
6.446333617018408841e+05
2.002924305844161136e+05
7.865668985041618580e+05
8.140307663880743785e+05
6.740514319238190074e+05
1.812590125082511513e+05
3.807609895322685770e+04
1.071064604382707039e+06
5.723703871950010071e+05
5.542220416924211895e+05
2.267693861773181416e+05
1.684022875621016719e+05
3.767665693649265449e+05
5.894036121496769920e+04
8.181790588496971177e+05
4.890557260214409325e+05
4.988125592242681305e+05
4.364381087145784404e+05
9.233788001105890726e+04
3.340095875333603908e+04
5.649145912819157274e+03
2.155152675094468868e+05
3.023490340602262877e+05
4.436097183355218149e+05
1.097416250737930386e+05
5.935740512135002064e+05
5.332433937770822085e+05
2.338055927688861848e+05
3.582934600898039062e+05
4.389427871389161446e+05
2.924031094994087471e+05
2.213076060086417710e+05
5.152102082919961540e+05
4.365538189981355099e+05
1.236444503317348863e+05
3.830650086310485494e+05
2.390071909553235164e+05
4.176865243450818816e+05
1.322680897982135066e+05
6.190295929238920799e+05
9.193144354860247404e+04
3.118904143828586093e+05
5.158048216229648096e+05
1.407549954614411807e+06
4.081092221809763578e+05
2.322866156917047920e+05
7.920765631486746715e+05
9.006794463477263926e+05
1.949151866456686694e+05
7.495449937882071827e+05
9.623681609261746053e+05
3.479142028601226048e+05
4.491343328159715049e+06
4.632557090934232110e+05
7.873060191276874393e+05
9.988597975282918196e+04
2.250316408672017569e+05
6.227220406539997784e+05
2.119285776971260086e+06
2.162254312650105567e+05
2.144848981080077647e+05
2.330645477224677743e+05
2.986798899240945466e+05
1.796965528105760459e+05
5.857996945362599567e+06
7.041804830076367944e+04
2.031869186653353972e+05
4.458464921129031427e+04
2.611092676199007255e+05
1.849692650050535332e+06
5.815697415792195825e+05
4.084852162517246325e+05
1.372610158418445790e+05
4.354406928465632722e+06
7.450285088969637873e+05
3.117732899812326650e+05
2.909008696061060182e+05
7.564618356719310395e+04
1.084718529306505370e+05
1.888890228514171904e+05
9.941913718558629043e+05
5.696249344812367781e+04
3.862548701918502338e+05
2.858010704386234866e+05
2.258560236946439254e+05
2.925210992388585582e+05
3.081242493620853405e+06
1.652601142499150010e+06
1.951290498769909027e+05
1.333790401013944065e+05
1.502723612676410121e+05
2.020401572952420684e+06
5.621103887591961393e+04
8.633344318420941709e+05
8.560389531423164590e+04
6.041316148789362051e+05
7.121522194628814468e+05
2.377364934394733282e+05
3.716245094369870494e+05
2.614274227698314353e+05
2.725652596124407137e+05
5.070686057838014094e+05
2.520247541442054498e+05
4.473062920116585447e+05
1.304295752208143240e+06
1.679171139375317143e+06
4.457630072466447018e+06
3.907540645042867982e+05
5.924015720329641044e+04
7.635386293907327345e+05
1.853577580548844766e+06
1.390721689962627424e+05
5.464735396420684992e+04
1.064909625330982264e+06
2.128950188783816528e+06
9.398137709786630003e+05
2.025586291566748987e+05
8.889986199346611975e+05
1.494323511989956023e+05
5.342852086959495209e+05
4.033401453729650239e+05
2.289301972035879269e+06
1.348077563565211894e+05
2.537192638765422453e+05
2.356540364300252986e+05
2.613462731577247323e+05
2.062242858230720158e+05
4.503100282422064338e+05
1.400615523171500536e+05
2.412196642931911047e+05
6.127181450142930262e+05
1.053389989413141884e+05
1.931292207728958165e+05
2.776434296882366762e+05
4.981042728750475799e+05
5.744093837180098053e+05
9.335366530141433468e+05
5.666317260995570541e+04
4.910309422178266104e+05
5.709418680056501180e+05
3.403662445663604303e+05
3.971586210976269795e+05
1.092934135955565376e+06
2.275189941768053977e+05
1.660785337754147360e+06
1.912958216013508209e+05
1.398646725423271128e+05
4.586399317605494871e+05
3.025311637739241123e+05
2.281028920331252739e+06
3.812579040990767535e+05
1.294276417813302833e+05
5.999415409933944466e+05
1.864697566153164662e+05
3.806939034402206307e+05
3.228914372346732998e+05
7.417535474261577474e+05
1.113202155538269319e+06
4.909488108645819011e+05
3.178835081201232388e+05
5.292265276831393567e+04
1.272827318159813440e+05
6.657524554935387278e+04
1.003319590751851938e+05
4.341815670146700722e+04
2.479999851172978815e+05
4.302015229273647419e+05
2.131199310800432286e+05
6.116752060635361122e+05
2.450450476809820393e+05
7.310582911355516990e+04
1.574231663041574393e+04
1.709693851549871732e+06
1.353149196560653858e+06
6.256735932272979990e+05
1.136506509790702024e+06
4.439275446414001635e+05
3.296262161064499523e+05
1.634238227137370995e+04
1.479865833884083666e+06
3.232479411570712109e+05
2.347702006211867556e+05
1.297441621643879218e+06
1.425974846368932340e+05
1.331613517261824571e+06
3.207650331938647432e+05
5.780864053265511757e+05
3.851032337352693430e+05
2.331629202071333129e+05
3.566765607113059377e+05
2.453124074847597629e+06
4.944626102815424674e+05
1.371458279006038792e+05
5.427062061230231775e+05
6.696153999063677475e+03
7.270114221758594795e+04
5.985329666384567972e+05
5.670576098788235686e+04
1.160001555798256741e+05
2.418111428453202243e+05
2.156917482057393354e+05
4.866196120398031198e+05
8.240030809662570246e+05
3.371024189468583209e+05
5.079256966417710064e+05
5.916100990717216628e+05
4.007928906009813654e+05
2.593216356159819756e+06
1.256250688781519420e+06
2.718162926680887467e+05
3.420115545816806261e+05
4.762897144947421621e+05
1.118884757292205031e+05
1.161006964557499159e+06
2.942688899841933162e+05
4.617604172411808977e+05
9.797056340306643688e+04
1.984428771999787132e+05
5.667403805679834913e+05
8.978390209219623648e+04
8.484297399336770177e+05
3.667425966718951240e+05
1.622612038135105395e+05
1.364456189438011497e+06
3.767681629174682894e+05
1.050375901585287211e+05
8.291362837319631944e+04
9.625406042888680531e+04
2.605767015977606934e+05
2.552730436623563583e+05
1.003735243724245462e+06
1.128889794599669694e+05
7.798185301689537009e+05
1.453096094705777941e+05
4.964035579748605960e+04
3.104606573499035439e+05
9.780528661799243127e+04
2.337007921504075639e+05
8.618607882806507405e+05
1.979456132939747069e+06
3.302875627889856696e+05
1.325157064853298943e+05
1.238579665802182863e+06
4.222196293396700057e+05
5.515924125891723670e+05
5.382249224448614987e+05
1.557224757814712066e+05
1.100838575699719600e+06
1.047483428343557462e+05
2.466913444917710440e+05
3.633060795138931135e+05
4.759539880315459595e+04
3.478121983928334666e+05
6.274818892153186025e+05
1.347235781814228394e+05
6.519009329372975044e+05
7.013304084213300375e+05
2.879229750048320275e+05
6.441153473768130643e+05
7.721051483448013896e+05
1.996455386191975849e+05
3.864717601357361127e+04
1.872268773159265766e+04
1.031053719555067713e+06
1.186595820364437968e+05
7.681342350576349418e+04
6.730584286416363902e+05
4.156222877952578128e+05
4.323458861433242564e+05
2.371295236315600632e+05
1.802152372413351841e+05
5.337934385491386638e+04
4.468551246646217769e+05
2.443724707764231425e+05
3.040199548281804891e+05
6.606906180824416515e+04
8.590503856204159092e+04
1.877614740179539891e+06
1.360464149233183707e+05
8.606166465181926033e+05
7.607473742696965346e+05
3.748445108870776021e+05
3.479792314610115136e+04
1.815405949447898020e+05
3.157203045412848587e+04
1.575171557395511481e+05
1.685747970419748744e+05
3.828702804387678043e+05
9.634291652348373318e+05
5.339995391036664369e+05
3.370238654196358402e+05
6.219004559629537835e+04
1.040968301095200237e+06
3.065868309998305049e+05
1.467158627901029540e+06
6.392215360759722535e+05
4.804987373478373629e+05
3.850853224677291000e+05
1.018078896197372116e+06
1.167708725099344505e+06
3.604669340007802821e+05
6.428078797957792412e+05
9.067906199207003228e+05
1.470704110564356379e+05
3.211319057203046978e+05
2.177256863480008033e+05
1.733449463039815892e+06
2.475556156788261142e+05
7.130565796211414272e+05
1.177905606320438237e+05
1.577101371013871161e+06
1.181913989931708667e+06
3.183841154510650667e+05
5.017599321279894211e+05
3.781022233096139098e+04
3.387322773551234277e+05
2.405297500464589102e+05
3.138138493997671758e+05
1.004978696978628577e+05
1.959413439773808059e+05
8.777135608108233428e+05
1.105888980189919006e+06
1.134478878676536551e+05
6.373886086842694931e+04
6.881608806297637057e+05
1.516037113544320688e+06
9.631056563604093390e+05
5.571216282823164947e+05
9.367507262735622935e+05
2.647817223429164733e+05
6.847242479891759285e+04
9.598746152774529037e+03
1.015933736989398836e+06
1.865185734554664697e+06
4.313276460544049623e+05
8.716669063545177924e+05
2.915729751322469208e+06
1.164104844624734978e+05
2.254741917119943537e+05
1.975875904792635934e+06
2.688653797567894799e+05
5.724190113212675788e+05
1.661639164190637530e+05
4.108142648161089164e+05
7.806343151151758502e+04
4.783240977320272359e+05
2.682446910259903525e+05
1.230936181971531914e+05
7.622776935606434708e+05
4.162272360993127222e+04
2.614950093531745370e+05
2.119681745748738293e+06
2.404912456864872656e+05
1.906976639626152755e+05
3.837561957019442925e+05
1.781975737352153810e+05
5.897453260813616216e+05
2.289893756314558559e+05
3.831301964353709482e+05
9.267650946637595771e+05
2.350596838868525228e+05
2.459562923108696938e+06
1.280377853375241684e+05
4.530791186375521356e+05
8.809790559285493800e+05
3.692836318696983508e+05
2.254629907256908191e+05
6.196035385639936430e+05
7.289526220640412066e+05
4.720770908775578573e+04
7.951254654098215979e+05
5.950108613633608911e+05
3.045261906105125672e+05
5.113537732840891927e+06
2.141958756964611821e+05
8.134296233676474076e+05
8.704875367037000833e+05
1.244698847661073087e+05
3.280231247867416241e+05
1.561224113646858605e+06
1.049259505935019988e+05
1.265608867655664915e+06
1.240725110719561344e+06
2.342448374796202872e+06
1.329211078780740499e+05
1.195632573219112121e+06
2.324341067394033962e+04
6.667693588038440794e+05
3.289603564146275166e+05
3.041304897569389432e+05
3.302319727577386657e+05
4.211420783875033376e+05
4.482309674117960967e+05
1.402477568212599726e+06
1.204666450236852514e+06
7.700449416498098290e+05
1.326500103774904273e+05
1.953357171836594644e+05
5.162575687739236746e+05
2.907117785330052138e+05
1.590746410082550719e+05
1.544016446294356138e+05
1.533407730573569715e+05
1.228281481400772231e+06
4.043981729564755806e+05
6.314830232295466121e+05
7.196658117005795939e+05
2.420282648728898785e+05
2.874702315586165641e+05
8.661323570215635118e+04
1.040236153062031808e+05
1.009224341416402021e+05
2.537133421796994226e+05
1.663120853497818753e+05
3.648652563429741422e+05
2.610473195594314020e+06
1.785457991184768034e+05
8.843400134225019719e+05
2.350559479332012124e+05
1.240082964063776657e+06
8.416485317193317460e+05
3.719242712638583616e+05
7.586000546051894780e+05
1.677730799803715199e+05
2.605593872175005527e+04
6.628806779872959014e+05
2.788184584526055260e+05
3.441161923306762765e+04
3.607419142556206498e+04
6.887407083971915999e+05
2.063634001668717829e+05
3.426689387143768254e+05
1.676051603278011899e+05
2.064286382472784317e+05
1.892829910297051538e+05
4.817888816800547647e+05
9.597651324546155520e+05
2.666822678476771398e+04
3.350123635227623163e+05
6.047087211491117487e+05
4.092512435516244150e+05
4.315306271324510453e+04
2.116864029829449952e+06
2.799309334971276112e+05
2.428040871931925358e+05
8.693948878241091734e+05
8.627092481311970623e+05
1.411082881226710160e+05
8.239351631567288132e+04
6.350523768244343810e+05
1.032494835851560463e+06
4.661094547174326726e+05
1.505690740925860009e+05
2.290389568482773378e+06
6.843004293637718074e+05
1.010642845999732235e+05
1.278793074978511548e+06
4.428477098926026956e+05
2.641590134135354310e+05
5.580867799444268458e+05
4.287381348807170871e+05
5.667007792838953901e+05
6.237374084515310824e+05
1.832931005797819933e+06
2.039768887848676241e+05
6.630371830784899648e+05
7.071909308651565807e+05
1.327590969290389447e+06
7.192924739473647205e+05
2.821168266023524106e+06
2.459929273858784290e+05
2.285716450033326691e+05
9.810150790806032019e+05
1.076434078191905428e+05
1.746555985648084607e+05
1.140644741683056578e+06
1.593382968140666344e+04
4.785725135388406925e+05
4.395293720716911484e+05
1.085633053444891411e+05
4.696497556594035705e+05
1.249835227846108610e+06
6.711265817536521936e+05
1.277932263076227100e+05
2.329293522890325985e+05
3.554513827085134108e+05
1.557454358334487188e+05
2.764660894953641109e+05
2.174094198834749695e+05
3.955097348835357116e+05
3.761610768404252362e+06
3.271377768880524673e+05
8.944878331161593087e+04
2.914975196128099342e+05
8.767961973328616295e+04
4.123829124491098337e+05
6.779759359986480558e+04
1.506995896215143730e+05
2.770600074530423735e+05
2.118186527948069270e+05
1.959569366875876905e+06
1.093539397007759690e+05
8.914034281966339040e+04
2.365733205478598829e+05
4.101048595849347766e+05
7.941067330044350820e+05
9.545444382053628215e+04
4.087058717659373651e+05
1.638871615515701997e+05
1.139509384089698084e+06
5.925090488495354075e+05
1.969276491705529625e+05
1.957560318786163814e+06
9.413569180929677095e+05
1.810910730701305729e+05
2.318899703226941638e+05
7.297833286462221295e+05
6.151386310562749859e+05
8.640289472193017718e+04
1.015489321781984472e+05
1.286273630335270718e+05
2.129888296835276415e+05
4.499811654236537870e+05
7.851681359931248007e+05
2.024512332584900723e+05
9.365510987765986647e+04
3.575909618977869977e+05
8.733651448951561004e+06
3.922068496859664447e+05
7.811830574576100335e+05
5.968753189181041671e+05
1.844967783301087329e+05
5.956930172967413673e+05
1.199130647257420700e+06
1.161361777892043581e+06
3.542414764368025935e+05
2.289501111231791729e+05
5.307650513027741108e+05
9.867594823912091670e+03
2.240002510177436343e+05
2.173057891330276907e+05
1.749060389950944809e+05
2.517056878494972480e+05
2.498107172842248474e+04
3.426429968434897019e+05
2.879016948241136270e+05
1.721951682115856092e+05
7.923591013656245777e+05
2.563343713037714479e+05
7.412519839522119146e+05
8.128006051712583285e+05
1.696519555123913568e+06
2.897895400433002505e+05
6.865880595454168506e+05
4.449684156996572856e+05
3.841407407080211560e+05
2.545646142692196008e+05
5.491411565398740349e+05
4.047324114858981338e+05
6.011765547475281346e+04
1.078697327909589745e+06
3.754227326164136757e+05
1.215935268316403963e+05
7.404949959121807296e+03
1.205677248177950969e+06
2.663016095752288820e+05
1.455445472268468984e+04
6.148120157840100583e+05
3.827184580830355408e+05
1.304512403643724974e+05
3.446676864369352552e+04
4.255307614345205948e+05
9.834547512172036804e+05
1.001218700248144916e+06
9.364378717464853253e+04
2.391288911540736444e+06
1.526307595263519092e+06
6.437025986411162885e+05
1.361795460253899801e+05
3.342381793102179654e+05
7.844228456632475136e+05
1.545460039101388073e+06
1.776652554625578050e+05
5.335231626929014601e+04
1.201891850200548215e+05
1.919801938445194100e+05
2.674330475891617825e+05
9.137889278759941226e+04
7.944066220140331425e+05
5.510577016176965553e+05
6.167610389301722171e+05
1.601742783487989218e+05
5.953132977754106978e+05
5.263280854416495422e+05
1.167910336438324885e+05
2.801465665202222881e+05
7.413761795432642102e+05
3.238986421656715102e+05
3.384330869513219805e+05
1.461510892582522938e+05
8.714007514583559241e+05
1.513082649129495025e+06
2.412819445068275672e+05
1.315470021634290242e+04
1.813851177153010794e+05
5.731894987104421307e+04
4.813605445801569731e+05
1.053151827558209654e+06
1.672438689120323979e+05
3.805988557245531119e+05
2.171480463356085529e+05
5.790389303660666337e+05
1.222451274620906479e+05
8.575912320175744826e+05
6.048793588600115618e+05
3.093066669074901729e+05
5.185218458508370677e+05
5.472470692127577495e+05
1.804873222658887971e+06
2.798309688707640162e+05
1.537454992266109039e+05
7.168777799989569467e+05
1.290404864306386480e+04
1.580106594021789497e+06
2.274044958933390444e+04
3.225677845510747284e+05
3.409899764280866366e+05
2.313663342543697800e+05
2.766513633765649283e+05
3.508363416183739319e+05
1.541083983434630791e+05
1.083713514935111627e+06
3.649338167133201205e+04
1.748030683456059312e+06
8.556113500846358947e+05
8.000407618111025076e+05
3.231553936084265588e+05
6.061402645190612384e+04
1.552161581243691326e+05
6.666792890615630895e+05
2.973969166372423642e+05
2.337067937524643785e+05
