1.210768955459601479e+06
1.074634756741871824e+06
4.733713314526482136e+05
5.512811113424006617e+05
4.554660234959411900e+05
1.290894674646993168e+06
6.609675224579729838e+05
3.905281467666904791e+05
9.521112024521899875e+05
8.489497437606579624e+05
9.216844684330889140e+04
1.797234049726525554e+06
4.716246341408354929e+05
3.921224678202372510e+06
6.404323243442405947e+05
3.729097077008492779e+05
3.777408474951329990e+05
1.455244112806135090e+05
6.834994017429591622e+04
3.759595180828107405e+05
7.255987434144548024e+04
2.500317895424666349e+05
5.402453184302354930e+05
1.278622899603647238e+05
2.884703930754638859e+05
7.449015056429202668e+05
2.376373386312895746e+05
3.422041339700574172e+05
1.689757786305253685e+05
1.545363622042211064e+05
4.531581271669008420e+05
1.380475784977778385e+05
7.730271896157935262e+05
2.709388885140249040e+05
6.838687864327584975e+04
2.962476260674729012e+06
6.921518710757700028e+05
1.406942904656816507e+06
3.296315314540164545e+05
4.564734488706731354e+05
4.392138925341146532e+05
3.250190438867648132e+06
2.632362920892999973e+05
1.433384968998114055e+05
3.095049943233866245e+06
7.526550979482084222e+04
3.579669384745805874e+05
3.839288309552021092e+05
4.760222379633387754e+04
3.818499902237677015e+05
8.045940390797867440e+05
3.416380894451670465e+05
4.521877271197949536e+06
7.807218981992064510e+05
7.990333413983619539e+05
4.546458040231224004e+04
5.763638948652509134e+05
3.638614102172911953e+04
7.051956418243024964e+05
1.513481782369501423e+06
5.970251414534730138e+05
4.318861910644931486e+05
1.780590861018988362e+05
6.433944654439964797e+05
2.744640410506020766e+06
6.096029020098674111e+06
1.103978150015999272e+05
3.290310869644591585e+05
1.613269718107782828e+05
1.047569252352973708e+05
5.885240645548711764e+05
4.389738409438746748e+05
9.040913464430634631e+05
4.971341666403064504e+06
3.484524867918099626e+05
2.997368799260293599e+05
2.780613819324059878e+05
2.176637039907721919e+05
7.686403440057958942e+05
4.281660546767098131e+05
8.026803889085463015e+05
2.370679366040083114e+05
9.651412944798958779e+04
1.313682624206124106e+06
9.811729675864902674e+04
5.251019984688090626e+05
2.640273932980709942e+05
8.775259635836699454e+04
8.405195266369989258e+04
6.536302876524241874e+05
8.950715251868807536e+04
2.389557069459077684e+04
1.866267474077884108e+05
1.860558573105329124e+05
7.282109113954617642e+05
1.822536605136010330e+05
1.134756391130534612e+05
7.906663279682204593e+05
2.918577251322010998e+05
5.708321425671285251e+05
1.111814919605036848e+05
6.543091142551181838e+05
1.318474438502562407e+05
1.029341944115034421e+05
4.506769203529386432e+05
4.469489576825573458e+05
4.307205746159480768e+05
2.538705972356991377e+06
4.214925986928655766e+04
4.302506065599611611e+05
4.345580499365274445e+05
1.419820433408305107e+05
2.847023511194046587e+05
7.044830984983476810e+05
4.883253555518561043e+05
6.323356860322325520e+04
4.268023458192717517e+05
9.777248599348263815e+05
1.234772645329291408e+05
1.410210040757110692e+05
1.438079584425834008e+06
6.316772052981635788e+05
4.476980930196961854e+05
1.855425057248274388e+05
5.801203114183379803e+05
3.273664012364475639e+05
7.754160377313784556e+05
5.213127354592531628e+04
2.361514142819072877e+05
5.693124466497980757e+05
1.333378026630409877e+05
2.822590357329812250e+05
9.385204864115912933e+05
6.764736803526964504e+05
3.743436233735623682e+04
2.072914784801435657e+06
2.556441819300635689e+04
5.788279427342447452e+05
1.655759982787027024e+06
1.290601153301653976e+05
7.950830266052780207e+05
1.197254102199754707e+05
3.210964915457307361e+05
2.270537109463219240e+05
3.011982333134162240e+06
9.495772264851040673e+05
5.026190171251293214e+04
9.023124437184706039e+04
1.954720644743768498e+05
3.955041693084498984e+05
8.454202686999337748e+05
1.775566613522248110e+06
2.662512634745051037e+05
2.134713577925575373e+05
3.652080062786451308e+05
1.359365269842088674e+04
5.043986289764734684e+05
1.375775901455683634e+05
6.296821235846895725e+05
2.819957015967622283e+05
5.995521646774079272e+04
2.763050220180039178e+05
8.078787012423092965e+05
1.322624231089247041e+05
2.133787618273572065e+06
1.841270082444699365e+05
1.260561314475533436e+03
1.806171532584671222e+05
4.096809485912885284e+05
1.421435943621082406e+05
4.488269984123387258e+05
1.886745485480010393e+05
7.262856578113212017e+05
1.432684209770837915e+05
8.430696829057697905e+05
1.461210837909214315e+05
3.032834000188088045e+06
3.202967479291103315e+06
7.904742833581700688e+05
2.061796076030043769e+05
1.304491472368388349e+05
1.724150287097349064e+05
3.738504423982849694e+05
1.847633508779424301e+05
6.095193696291946108e+05
2.823753175064162497e+04
3.211281934938257909e+05
4.849123111589220352e+05
1.248344346143376315e+05
1.544277388228155905e+05
3.500919810479087755e+05
3.350466038019866101e+05
2.419914788333152886e+06
3.674756261127272737e+05
9.953258375559902051e+05
4.285224576303065987e+04
7.700204224184713094e+05
4.615015030521386652e+05
2.021888115722105722e+05
6.001709967765978072e+05
2.011879356702443329e+05
2.954897434232082451e+05
3.302677900125351152e+05
6.783710005695020081e+05
3.334070986936428817e+05
6.200631929486283334e+05
7.981160902158546960e+05
2.060296274409209436e+05
4.260153584231641616e+03
2.163493660896673391e+05
2.850086714854059392e+05
1.926786791560392012e+05
9.458650689498365391e+05
2.524570863471127232e+05
4.833031879962245584e+05
5.086130306504163891e+05
2.865326681799482321e+05
9.847250338734418619e+04
1.610661465559481876e+06
9.015108357613484841e+05
8.459788305758399656e+05
5.332334418898286531e+05
6.356228523270514561e+05
8.663202459132482181e+04
7.277598018007700739e+04
6.829560086118946783e+05
1.149892402687894413e+06
1.072829208927087719e+06
2.318249674732841668e+05
1.703939476833904162e+06
2.557088486249486596e+04
7.515851411981921410e+05
1.581723134776380612e+05
4.485890120740213897e+05
3.173645733354748809e+05
4.849444016196752782e+05
4.038043540970913018e+05
1.848833158594337874e+05
4.876813716838890105e+04
7.950541153853245487e+04
2.456069355097289954e+05
1.007000326038737112e+05
4.061780561699738028e+05
4.223063779886817210e+05
4.580674417848674930e+05
7.325816738183277193e+05
1.356758616983118234e+06
7.123699990157827269e+05
4.570108394397505326e+05
8.720718685373534681e+05
1.118916961236208444e+06
4.120225465313635068e+05
4.370336359159457497e+05
1.801031535679238732e+05
1.053545883579314395e+05
9.689990169295479427e+04
2.452712785090180696e+05
5.878908719781455584e+05
1.063546820875747508e+05
4.473566989571787999e+05
2.765790005071658175e+06
3.901053932486402802e+06
9.663590609444788424e+05
5.557933504535014508e+05
3.152632309647013317e+05
1.131728390042033861e+05
3.514076906110377749e+05
3.429418141465882654e+05
4.708767454860951693e+04
1.084787592968602112e+05
8.782900174190058606e+05
3.210005062181635294e+05
1.106372111657864880e+06
8.437915304757879348e+05
6.016198705561643001e+05
3.066234759714347310e+05
2.495565821512975963e+05
1.447548291783675668e+05
3.027859639512659051e+06
6.965660269976507407e+05
4.150070438902419992e+05
1.284551309991798189e+05
7.506905886668209860e+04
2.138558688084090245e+05
2.232442731947260618e+05
9.112744780435340945e+05
5.734279886716258479e+05
9.651719997822624864e+05
1.740199482308338163e+06
6.064420395651549334e+05
4.277499867651708773e+05
1.815448706812486285e+06
9.365915160265633313e+04
4.717253842592150904e+05
4.756473379882674781e+05
1.786490406380885979e+05
3.097379563366957940e+06
5.123046565810376196e+05
2.108127611471431446e+05
7.139130703682135791e+05
1.236812585658820579e+06
3.010345266294426750e+06
3.155444746307957452e+06
4.140907105312344502e+05
2.053491949759497365e+05
8.005051253208597191e+05
2.477702272484380228e+05
3.064075133110557217e+05
7.443206703860049602e+05
7.152293585115567548e+05
5.521729560533277690e+05
4.246968509437461034e+05
4.519634428584909765e+05
3.393419263056842610e+05
6.449320643327080325e+04
2.443493586765723303e+06
1.574291784731449734e+05
2.235099424357943237e+06
4.408311490008604596e+05
5.321332515079763252e+05
1.831185116228449915e+05
1.894918168011746893e+05
2.566004361157846579e+05
2.201513940568288090e+05
2.334616993022809911e+05
3.119187722685371409e+05
9.344483083635829389e+05
7.256014806637901347e+04
1.865328301414343005e+05
3.116074480099999346e+05
2.844319310480859131e+05
4.314013994304444059e+05
1.438976459956819308e+05
3.105683353416955797e+05
3.112989973174641374e+06
6.953783972922276007e+05
4.712875079161619069e+05
6.367940685113185318e+05
1.828381594933694287e+05
2.743481865360590746e+05
4.471332036267488729e+05
7.380972263854926859e+04
1.848198102484440024e+05
1.747597168287420354e+05
1.482570944130824682e+04
2.926528080856663291e+05
1.283504463578084251e+05
1.061566815228771738e+05
3.614725643798353267e+05
6.195212557845617084e+03
3.077617194555948372e+05
1.305361234552013775e+05
2.356419728771392547e+05
1.367104888366712257e+05
1.623926363611753331e+05
1.518814621536067687e+06
5.172057120986383961e+04
7.151536853288019774e+05
1.781649844008401502e+06
7.570278414141508983e+05
1.137019110901617212e+06
2.563450665356652462e+05
7.017962408593601140e+04
2.797008742569905706e+06
1.384497469282999518e+05
2.521270401718124776e+04
2.034187293655838293e+05
1.237829730029355560e+05
1.088165433297477430e+06
1.150792830427252920e+06
7.792159710583025299e+04
1.413631783389064658e+05
1.699826965295012633e+05
8.250182855556206778e+05
1.070064201887520263e+06
1.016725593504527060e+05
3.137516809218556591e+04
5.379782936260473070e+04
7.779877972965840017e+05
1.592463567143048625e+06
8.749283890571369557e+05
5.619583865351238055e+05
1.100882161173377826e+05
9.648444856019454310e+05
4.518871695468742400e+05
9.715804796490840090e+04
7.134473234529533656e+05
4.626903704295472708e+05
2.410848660984251183e+06
1.677537294689823175e+05
7.050585723162643262e+04
8.349872798444277141e+05
2.041694438962686341e+06
1.716231199251412880e+06
4.065906757032262394e+05
1.691847523298580927e+04
1.494065443490292877e+06
8.796978300751317875e+04
1.872692327642442615e+04
1.992306164456676692e+06
1.474428327469334938e+06
4.438376748588250484e+05
1.177366128286672058e+06
9.648813906620185298e+04
3.544183877071498137e+04
2.075542689468317840e+05
3.600753135267295875e+05
6.695663104401568125e+04
9.445939835700723343e+05
1.907937206570939088e+04
4.410676394808934419e+05
7.398977216073541204e+05
3.316907111470546806e+05
3.116624137550060404e+05
3.896116253795110970e+05
4.983560458302319050e+06
6.327493034434802830e+05
1.230440083902541519e+05
3.052117838496772456e+05
1.392904751403862145e+06
4.897268525284411153e+05
5.447772368749608722e+04
2.282710945318474434e+06
3.533149505320648896e+05
6.533922878560617100e+05
4.421031892625722103e+05
1.198309932512706146e+05
2.187038139161341242e+05
4.021550751198029029e+05
3.176002543229786097e+05
6.513277612041208195e+05
4.451234123539337888e+05
1.367200312242540764e+06
2.454300303047371854e+05
4.955056441088814172e+05
1.180350409682276222e+05
2.006251306335462141e+05
5.321748824122436054e+04
3.019180597860774724e+05
2.460264122762045590e+05
2.615461838919231377e+05
4.081812631955836550e+05
3.123335322600973886e+05
2.474041845587452699e+05
2.036798983492872503e+05
3.738994040711183916e+05
1.708405106833904865e+05
3.377095802645338699e+04
1.096569501654288069e+04
2.607788078020208515e+06
9.358110074103609659e+05
9.362118036541604670e+04
4.188919947691359557e+05
1.808592072111686924e+06
1.258331451536183711e+06
6.534779376159865933e+04
6.723406770587997744e+05
1.389907027231242275e+06
2.827453329660713207e+05
3.510079061583596631e+05
3.241576671241225558e+05
1.353287864717453194e+05
1.879383659059038619e+05
1.762031739796937909e+05
9.942546737148005923e+04
1.519075627176272974e+05
7.606397610217552865e+05
3.802905818173832726e+06
1.901818421699881088e+06
1.713177887039732013e+05
1.320600201130259782e+06
3.758536415829845355e+05
2.050778534901372914e+05
3.550537201625088346e+05
2.913150314833320444e+05
1.113428286986417661e+05
1.016663594673460029e+05
7.511122475701985240e+04
5.172700622786917957e+05
1.693538203157335229e+05
6.428282578459032811e+04
1.088667093337515835e+06
1.316102669568106066e+06
1.188104941361618461e+06
1.266505948301454919e+05
7.592144280347388121e+04
4.536113236355853733e+05
6.290730557991183596e+05
1.155309514618204703e+05
9.991074209250320564e+04
1.058190076434145449e+05
5.825426950934508204e+04
5.796679949095036136e+05
3.466460122246007668e+05
2.013806895821708313e+05
2.659534409758791444e+05
2.401445985459271469e+05
2.224340822432038258e+05
1.015091554994234932e+06
3.296613609112048871e+05
8.746583666076047812e+05
2.719264578134758049e+05
7.260179152482072823e+05
1.499457032644694846e+05
5.926872746030825656e+05
4.722381890843927249e+04
1.846130786126600113e+06
3.176960890270759701e+05
5.490887201260721777e+05
6.744444254949183669e+05
4.744470586989544972e+04
3.197456226306127501e+05
1.505287166141190100e+06
9.535821052389741817e+04
3.540631932743385900e+06
9.613169923287683632e+05
3.719982280265766894e+04
8.091758624798947712e+05
2.641188058035197901e+04
8.022830625251336023e+05
6.592054074278514599e+04
1.755581553652201255e+05
1.493668847526808167e+04
1.775403795233847923e+05
1.563876655425353674e+06
3.177819747546518920e+05
9.354411426880149520e+04
7.207133792245066434e+04
1.224969532084249891e+06
2.660701807572625694e+05
7.946247465038398514e+05
6.961209265947763924e+04
1.613982062396141468e+06
1.343085133806475787e+05
9.075430235062249703e+05
1.817415913848855052e+04
5.680348259942621371e+04
1.260403086519213393e+06
2.799044612778029405e+05
5.941162844250323251e+05
2.401967026590440946e+05
1.410119679970336801e+04
1.064583871360324556e+06
5.434793177178215701e+05
4.899965634563076892e+05
1.883722619486448821e+05
2.603742856991028239e+05
1.252611895320796873e+06
2.941257686300157104e+06
5.891849936176101619e+04
6.659151607696927385e+05
1.009827389816388750e+05
7.549258987304850016e+05
2.341939943970395252e+06
2.808770870839155745e+06
1.469917471137746470e+05
2.442455217633299471e+05
3.298503775255060755e+05
1.183930665489448729e+05
7.835458142031567404e+05
1.523167438827927399e+05
2.442902482931517588e+05
6.903437014684587484e+05
3.490720492210638477e+05
1.261661680379200261e+05
8.051457101001165574e+05
4.787528242377210408e+05
2.430706216692926537e+05
1.319889527548892889e+06
1.544560764758900041e+05
6.013895165548225632e+05
5.126680998616729630e+05
2.063620240863095023e+04
5.685239132644230267e+05
2.066400218113193987e+05
6.804253674682311248e+05
6.395778924555223202e+05
6.562621688781480771e+05
6.156726709162527550e+04
3.026090213129193871e+05
7.369399568276298232e+05
9.023809669829101767e+04
1.100305819859975891e+05
1.348094154663617956e+05
1.738500370373123151e+05
2.874246675319389906e+06
3.085058894630752038e+05
6.849331266042394564e+05
1.355788277451238828e+05
2.906767020957883215e+05
2.532977942950919096e+05
1.514951616451380542e+05
3.849631629200823954e+05
5.448134456331310794e+05
1.450441281691821350e+05
5.444981192366769392e+04
1.634725370939062559e+05
3.046082724964494701e+05
6.990380489607189083e+05
1.861695143183007895e+05
1.933551097360104613e+05
4.522429162165505841e+04
7.555497431494614575e+05
4.548295204578520497e+05
2.991234716755865375e+05
1.884204520590979082e+05
2.037483013562576380e+05
1.962777149721819442e+06
6.674469458389735082e+05
7.868321390171110397e+05
2.083864783585474070e+05
3.946677959186400985e+05
1.837787226724886859e+05
2.331975303605899215e+06
3.088281083203819580e+05
1.667364490064324928e+05
7.648267853768252535e+05
8.516787251015648944e+05
6.442156521043322573e+04
1.471132927082826849e+06
9.991909851063879905e+05
2.668118003169984440e+05
1.119165360760190088e+05
2.538459186708962370e+05
5.018231806783377542e+05
1.027245267924697400e+05
1.559168526786613220e+05
2.388212567497731943e+05
1.586415568418925395e+05
6.458810238237668091e+04
2.092834108326338173e+05
5.341284765173679625e+04
5.036313610036324826e+05
2.590449461318113317e+05
2.167910117563733947e+05
1.150441827405098593e+06
1.503830404449718480e+05
1.258864514111492317e+05
3.802757574101145728e+05
2.047491160688081291e+05
4.963077967043535318e+05
1.099379055940216931e+05
8.603797504071894800e+05
8.028290662287767045e+05
1.275193581967850041e+05
1.376208631189205451e+06
2.988161056221970357e+05
3.959538393167417962e+05
1.007913147712856415e+06
1.022518552134316065e+06
1.969941365991945204e+05
7.033775453222271753e+05
5.247961372317800851e+04
4.486901822765979450e+05
2.125937895108059165e+05
1.043218912483550666e+05
1.883287568076460739e+05
4.968863119903488550e+05
5.622683884011814371e+05
1.158716980013873108e+05
6.958961729553382611e+04
3.151374752172735985e+06
2.145308676231290156e+05
5.833106584316444059e+04
4.697081286759363720e+05
1.240628985976706725e+06
6.303325093406620435e+05
5.135552254291306599e+05
1.352576379993050068e+04
5.474389048358101863e+05
7.642350372715298727e+04
2.970842593775949354e+04
1.683112247485292028e+05
3.384122361510067713e+05
1.393332042326800292e+06
2.011323561238452967e+05
1.499601833062427584e+06
2.068190479162077652e+06
3.199373909559776075e+06
5.483730062581602251e+05
1.883342772724817623e+05
6.844737163425319595e+05
6.086567572047933936e+05
6.242345008584312163e+05
3.446203848107954254e+05
2.904378777562356117e+04
3.207748326034416095e+05
3.608713728176038247e+06
1.963545078939340310e+05
4.305093125678009237e+05
5.498288500256058760e+05
2.891896827851911657e+05
1.626854686820596922e+06
1.971428149677289766e+05
7.877335929753679084e+05
5.954131351266312413e+06
1.593525188996277866e+05
5.296413729857397266e+05
2.613597345729560766e+05
3.241412474354248843e+05
7.138939539636133122e+04
3.247735467526126886e+05
3.909041758099557483e+05
2.021305452568902168e+06
2.672632751420982531e+05
3.370725227005763911e+06
8.590721104290860239e+05
1.747913356281394081e+05
3.194518226506444626e+05
7.646517444353107130e+05
7.219817408453217649e+04
1.171835886844847118e+06
1.490607147151169484e+05
1.911922561650125426e+05
6.601119205712052062e+05
4.969501499902739306e+05
6.608533890873704804e+05
1.595653168412524275e+06
5.791133815584291733e+04
5.573035261481070193e+05
1.202410911736189883e+05
2.733613097762828111e+05
5.097052743983139517e+05
3.670240759608576773e+05
4.458383841809072183e+05
9.052868250514229294e+05
2.554825586283231387e+05
3.574824495876604342e+05
2.309324560647941544e+05
8.486697538102514809e+05
1.694288965269571869e+06
8.485784392830080469e+04
1.255718317289412080e+05
2.061176284251116740e+05
4.739415694994579535e+05
1.088227757587556262e+06
4.157036869437770802e+05
6.777197033722304332e+04
8.079071292550654616e+05
7.808668139360468194e+04
3.212250915893185884e+05
1.693024729802348593e+05
3.038313649668066500e+04
6.262669817535908660e+05
9.270001867191410565e+04
9.738383627288951539e+05
2.301419803872917546e+05
4.303532179238456301e+05
3.252764056386315588e+03
8.636598614112766227e+05
6.005980920169883757e+04
3.821679211499623489e+05
2.056844232790115639e+05
1.156318993639060995e+06
5.589241878130695783e+06
1.993707984285148559e+05
3.029071100440358859e+05
2.985542688050629804e+05
5.719893858062813524e+04
1.849203488602438592e+05
1.493530139878577320e+05
1.522418730840077915e+05
3.198457435562874307e+05
9.194621518979617395e+04
6.016934244622047991e+05
2.866591726544624180e+04
1.126891403589693364e+06
3.889521759463336202e+05
2.656783604412736895e+04
7.249620558700502152e+05
1.616507333132108615e+05
5.416194024288773537e+06
7.377609706379942363e+05
2.543040278990046354e+05
8.323295642001392844e+04
4.321467559783409815e+05
4.792755937363779522e+05
1.293296880271128030e+05
2.372694652532215696e+06
4.075455088833494228e+05
1.456748244548514194e+05
7.014676460630936781e+05
3.474250317203165032e+05
4.390557137333546416e+05
1.305784929877636954e+06
1.829404130108977843e+05
4.101763045836760430e+05
1.039531172740113921e+06
1.079079463358336361e+05
1.351879943076648051e+05
8.366212128514845972e+04
3.907914603183637373e+05
9.434845577678106492e+05
4.608322669150870643e+05
1.166638021955641918e+06
4.836017029689968331e+04
8.460603084223835322e+04
2.302136721638857562e+05
2.802290127088343797e+04
3.459367729237868480e+04
9.209656286405281571e+04
1.592454214106394211e+05
1.347382357830571418e+05
3.557651484919796931e+05
2.520275455671120435e+06
1.129494587455183064e+05
3.403244445738705690e+05
1.684755243679801468e+06
1.706585920180648565e+06
8.409565543209016323e+05
2.968526213425600436e+05
6.197631872724087443e+05
3.306661057131907437e+05
4.825523886902631493e+05
3.234029896610645810e+05
2.576785931182976055e+05
3.353034896025063936e+05
1.730186179191269912e+06
2.742345323424442904e+04
1.301895689530059462e+06
7.645413655628841370e+05
1.431060947689224558e+05
4.429073624950823141e+05
5.989339216724742437e+04
3.930142027607883938e+04
5.635234331113732187e+05
2.494969800391287718e+05
6.329080329617370153e+05
9.030339585436859634e+05
1.113145449875437189e+05
1.735630704948009225e+05
2.421364193668374501e+05
1.636618774647490936e+05
3.200163585972174769e+05
1.711449780193293467e+06
4.335271693347584223e+05
6.274756341380536323e+05
6.580370492684046039e+05
2.123477132953889668e+05
2.445703872518502758e+05
9.622326584274293855e+05
7.455763739536612411e+04
2.308350822885653906e+04
1.437434236067372607e+06
5.416168707136355079e+04
5.563263267685563769e+05
8.563188930635338183e+05
2.567188397500284016e+06
2.279319513963441714e+05
2.141793282808706164e+06
6.863852810764990281e+05
2.455120551292818564e+05
1.656374215570814267e+05
3.826677728062174720e+04
3.530299939143290976e+05
6.899807831402975717e+04
4.277823851380833657e+05
1.404291589542494854e+06
2.482870580751270463e+05
1.405747131908647425e+05
3.921590045818042476e+06
4.174497609901207499e+06
7.494380820062896237e+05
1.336567437409172126e+05
2.148989027792640554e+05
1.171191994439987611e+05
3.284818921812356566e+05
2.152261415023139270e+05
8.232208357081835857e+05
4.579489607080013957e+05
1.026784025859362009e+04
8.451648025511290180e+05
1.147467347304285504e+06
1.767285557059209968e+05
2.749226803602607106e+05
5.443153572904411703e+04
4.226964292338907719e+06
1.221650167746001534e+05
1.853783741651648597e+05
5.278450921388989809e+04
2.093314668812640244e+06
2.036953382421408314e+05
1.679307333337607852e+05
5.423764862131747941e+04
1.441695797859223559e+06
1.028273673092785757e+05
2.723696563130740542e+05
9.242557868053648854e+05
1.191919661782139447e+06
4.093796539252923336e+06
2.107610995775280026e+04
1.128932553431715351e+05
1.333240882276502271e+04
3.649186314912873204e+05
6.702234677473029587e+05
1.798814725377513969e+04
1.703667794214256573e+05
1.833569509547269263e+05
8.617588068460785144e+04
5.375967036988705513e+04
2.891299634163799346e+05
1.512057613552045368e+05
2.775189209682497894e+05
7.741942142290682532e+05
1.152897056891187560e+06
5.982586346860042540e+05
5.255409215689519187e+05
2.186889933895411436e+06
5.292111800630688231e+04
3.806929887342519942e+05
1.685183601006229874e+05
2.675699364174950169e+05
1.773175456102716562e+05
1.251541080850383732e+05
5.154870002565520117e+05
2.487477229591117706e+06
5.833495924445806850e+03
3.593523327729270677e+05
1.044135529325963435e+05
1.595710281895477383e+05
1.390910436296856264e+06
1.224216429720624146e+05
2.729561659786520177e+05
1.415351617739495996e+05
4.691203354739050264e+05
2.764485206714501837e+05
1.554489426649681118e+05
3.154468292412123410e+05
1.035690385532218614e+06
2.515559202071566251e+05
4.876328951885213610e+04
2.671843389667985030e+05
4.569357852414017543e+05
3.846652678120955243e+05
1.178992538387985202e+06
1.594548406418054597e+06
1.718386251092559905e+04
4.805470358373699710e+05
1.910330609133285179e+05
5.556200983921363950e+05
4.759567850728846970e+05
2.495515433623016579e+05
9.720406655198344961e+05
4.671545325139859924e+05
2.820481315871039405e+05
2.480260099248870742e+06
5.985599625904935237e+04
3.060539636641581892e+05
4.398967125324642402e+05
3.547058011594523123e+04
1.423812859045052937e+04
1.363706738046744140e+05
4.569057528504321235e+05
5.206612750718142488e+05
6.358938709605737822e+05
7.568893708623499842e+05
6.461431522331729066e+05
1.668234330109801609e+06
7.307365597341566172e+04
1.221032070178140275e+05
2.437944389797420881e+05
3.619576114984819200e+06
2.494979484827221837e+06
6.248342735218807502e+04
9.480343687727842189e+04
1.426874561324828828e+05
1.240044303748502163e+06
9.219652389967826894e+05
6.197020381678026170e+05
7.948260967526988825e+05
6.019778729943959661e+03
3.400854972088864888e+05
3.359263499863581383e+05
4.429672565253810608e+05
7.988927324303875139e+03
6.324635374914892600e+04
1.277183732436690480e+05
5.683509603289837250e+05
1.339502763671633438e+05
8.891576982325641438e+04
4.645404442630413105e+05
3.056243955224812962e+05
7.525564031058386900e+05
6.744736403863361338e+05
5.004411507216927130e+05
6.487132014037910849e+05
3.477961482112914673e+05
6.111130267013558187e+05
3.025256324388593202e+05
6.831586909424967598e+05
9.126924047404377779e+04
6.388200397925595753e+05
1.969404744825702161e+06
3.103177335359222707e+04
1.049617560668262158e+05
3.012806620395800564e+05
2.324281286201689800e+05
2.020955545858951518e+04
5.154465970110445633e+05
2.501556513599413447e+05
2.101660933057873335e+05
2.695469124279701500e+05
1.826233496243297704e+05
1.033328849671656790e+05
1.624097444988357136e+06
2.437740299011716561e+05
2.174314040671102703e+06
5.050908895136516367e+04
3.982735079851424671e+05
3.809011583561470616e+05
6.349188737121988379e+04
2.184748810215156525e+06
1.668195763867005589e+05
1.675892275458643271e+05
1.964116828237582813e+05
2.112367915128287223e+03
5.482420907651872403e+04
1.947566060800609703e+05
4.966621405379987555e+05
3.819224737450393732e+05
9.596039142810625490e+05
2.998490622019840521e+05
8.139135154822234763e+05
1.094897571862569544e+06
5.901475793130761012e+05
3.504160976189473295e+05
9.344707558347850572e+05
1.276102557876858860e+06
4.129805305410405854e+05
3.305664388535788748e+05
3.181102094077924849e+05
4.483101289543289458e+05
4.326731100646503619e+05
4.116312576020533452e+05
5.872268097899780842e+05
1.993113690374391736e+05
1.091442349625726638e+05
1.020143001612569438e+06
1.227952424320298014e+05
9.996653684351798438e+04
1.587650247263644123e+05
8.481553482206121553e+05
1.238133932604370348e+05
1.101692782241193054e+05
2.181491549053347844e+05
9.499438041051288601e+05
6.741085153801925480e+04
1.214108384056886862e+05
5.818533956746269250e+05
8.003506192332645878e+04
6.252779606941407110e+04
1.488477155565651832e+06
8.515061642143003410e+05
4.240238009496009909e+04
1.500148760958136409e+05
4.907461065185688203e+05
1.499766052632433129e+06
2.481266235268297140e+06
3.729247894623054308e+05
2.306936552245255152e+05
2.466848461529923079e+05
8.234731366376920778e+04
3.307311592873675982e+05
3.895554630423960625e+05
1.685067910167159280e+06
6.526992031073362887e+04
1.627372371921068756e+06
7.648332056732936762e+05
1.358093979716182686e+06
4.388867284090729430e+06
4.595394416275407420e+05
1.625408247414291371e+06
4.741035229255139711e+05
8.805398234614482499e+04
6.362630558090613922e+05
1.314885228824253893e+06
3.107808410380992427e+04
1.221471625873845915e+05
1.970693557291202305e+05
1.016972952176778344e+05
2.357845808710189012e+05
3.482191758974074037e+05
2.738475805251450511e+05
1.001792480504020350e+06
9.252561307235945424e+04
1.405854331784550101e+06
1.584436376469973940e+06
1.787742348551575560e+05
6.771275245288551087e+05
1.192779166827497829e+05
7.239262741927637253e+05
1.758744499678870663e+06
1.561586413319843821e+06
4.601929314983385848e+05
1.507849875459550822e+05
1.393377896734264796e+05
1.912044937261555111e+06
1.903799362438267330e+06
1.208064821369044716e+06
1.287524341824552976e+05
5.304023829129014630e+05
5.054330217094479012e+05
6.464738870718403487e+05
1.794403480263673409e+05
8.598196485039696563e+05
4.545851915255200583e+04
6.405404299510720884e+05
2.340264632923557889e+06
4.452683156820538570e+05
1.960569010343392147e+05
1.442493764633432729e+06
3.030052134804830421e+05
4.562894286346741137e+05
4.090612703653532662e+05
3.378566711153439828e+05
3.396345585825713933e+05
1.221207347379916813e+06
3.964576036385720945e+05
4.487452995236266870e+05
4.059728766040392657e+04
2.014651247419166029e+05
1.362739684569666162e+06
2.601967085705883510e+05
3.601383023227824015e+05
2.915238874934347696e+05
7.498651938425775152e+05
1.992509710437929607e+05
2.898044231984858634e+05
9.045057851539192779e+04
1.084801933526515204e+05
1.025909937318581360e+05
6.558130365158851782e+04
1.044933585766730102e+05
7.853913524562394014e+05
3.966905194784694468e+05
1.587051950782035710e+05
1.382821751911923522e+06
7.590307392982409801e+05
5.925259823443318019e+05
3.587625974212484434e+05
3.358601927458108985e+05
4.126238312068761792e+06
7.341919683634832036e+05
6.343982707167289918e+05
3.434354538321870496e+05
1.418075690001009207e+05
2.404508494854816818e+05
2.508257700810060487e+05
1.619131067049222765e+05
1.410968110119335470e+05
4.260958133385509136e+05
4.299873711662424612e+05
7.239888016926159617e+05
2.293217569871428132e+05
2.563276823629633873e+05
5.308803147924302612e+05
1.453879990543797612e+04
2.915821922595663462e+06
3.541950002882391564e+05
1.451940829375228532e+04
1.823078602303256921e+05
1.356913989235924091e+06
3.169362842734726728e+05
3.707541340904945973e+05
3.211464133264278062e+05
9.861040729256862542e+05
1.138751337697739800e+05
6.182431648903648602e+05
5.819407217979677953e+05
8.042888416956475703e+05
2.181650568419529591e+05
5.276187637436063960e+04
1.728025000258384272e+06
1.820557208490365883e+05
1.367201590977043670e+05
7.177290299007226713e+04
1.130853844243421918e+06
8.324754069544890663e+05
1.045617405948944972e+06
4.825889653648431995e+05
1.360817427113829181e+06
5.975580773292497033e+05
2.251055819354631240e+05
5.998683195970929955e+04
1.947843466603041161e+05
1.886168427485192078e+05
3.243454231060033271e+04
2.144568454520839623e+03
1.430755649210541451e+05
1.498688370028842939e+06
9.169733896459985408e+04
2.398199520759909356e+05
1.971458901606607833e+04
1.636702795666262507e+06
4.039753553789191064e+05
1.110011261950717308e+06
6.062344615182685084e+04
2.638576548982334789e+05
1.604112001577397343e+06
1.567472490777660627e+06
4.558426062921771663e+05
3.970641115545592766e+04
2.419429137251564243e+05
3.891988594217377249e+04
3.808240005717872991e+05
1.545470120130384574e+06
1.587086479708163824e+05
3.095153997993142693e+05
7.976253077237468679e+05
5.580170693934969604e+05
2.358951005774977675e+05
1.947995814210945973e+05
9.228710507073592453e+04
3.570128147745119350e+04
4.595370364068356575e+05
3.678793374870680273e+05
1.404883333240690175e+06
1.633040859777991427e+05
2.016368553661926126e+04
6.407268501333842287e+05
2.046365098002535524e+06
2.727649057515806635e+05
1.377615313782195153e+05
1.959300494148620928e+05
9.373841441967210267e+05
6.034457653630718123e+05
9.065244909626294393e+05
2.206734307566060743e+05
6.099467337068104098e+04
3.119456567397922627e+05
1.959261960141918826e+04
5.305551019558029249e+06
2.327660807108096487e+05
2.990936213889382780e+05
5.338295634326095460e+05
5.450311428320019040e+05
2.211474733357127756e+06
1.456260127106436121e+05
3.232604402246659083e+04
3.226761806677765562e+05
1.078642219956447516e+05
1.621343462315950892e+05
5.773737707102778368e+05
6.568557768920129165e+05
4.706917041000981117e+05
7.818205633012538310e+05
1.816671618497081799e+05
3.981874180536265485e+05
3.101040217699811328e+05
8.534182769353045151e+05
8.685553336109132506e+05
3.027529735932303010e+05
6.390461041171284160e+05
8.659699614960496547e+05
8.260780699231121689e+05
1.401902633984538552e+05
3.811567398131507216e+05
8.126045545419270638e+05
6.394529338726456626e+04
4.033005848804571433e+05
1.151706340211681090e+06
7.152257746005561203e+05
1.035390931683429750e+06
1.026393853657655563e+05
9.343736526672397740e+05
1.140991463023002492e+06
5.804238220619882923e+05
4.241345440966599272e+05
7.014626898294387502e+04
1.121372216289193893e+05
7.638435220444030710e+04
3.290669546552590327e+05
1.062490146757807815e+06
2.564865770556119387e+05
1.430059287019802723e+05
2.450603029480350669e+05
1.695268303553673322e+05
4.476133347822468728e+06
2.306279207105326059e+05
1.812983471608144231e+06
7.278962814946493017e+04
6.356135399003370549e+04
2.368228979395105562e+05
6.719511224555269291e+04
3.289862080732680624e+04
4.340645264514578739e+05
3.404254097869261750e+04
8.030038750056392746e+04
3.211498078239799361e+05
6.389626708271642565e+04
1.012348967957030167e+06
3.577721995127750561e+05
1.038167612688905210e+06
5.362968583520734683e+05
1.188306295141812589e+05
5.500322155502378009e+05
3.144920357995894738e+05
1.701847271056797181e+05
1.439230562879803358e+06
2.278007861849742767e+05
3.125875327265146188e+05
6.180718208402001765e+05
4.854018009768349002e+05
1.508356886841588130e+05
9.376339926647118409e+04
1.111948655622200342e+06
1.176922840532773407e+05
9.178615179858493502e+04
1.260962117405696481e+05
1.018935083570163813e+06
1.252755029207575863e+05
9.866743637679814128e+05
1.539661697464787576e+05
1.453859913249619422e+05
1.830424341415387171e+05
5.474829488266003864e+03
2.051935479780898022e+05
6.828946175056996290e+05
4.956686575954281725e+05
2.106021041368707956e+05
1.057524195587559516e+05
5.536491304283408681e+05
8.510436213267709536e+04
1.456505249242937425e+06
2.207975310046975210e+05
2.521627104744485987e+05
9.581330527104099747e+05
7.073369156387104886e+05
2.051706192742476414e+05
4.756335020481128595e+05
1.592974945176043781e+06
2.107058609935322311e+05
1.395121701239797694e+05
1.195761313468780863e+05
1.285893242189866141e+05
9.349141771858802531e+05
6.833586545005309163e+05
2.294952722253573302e+05
2.262555984795417171e+05
1.900517603293982393e+04
5.750877033755428856e+05
1.328431862756189366e+05
4.099992924252049852e+04
1.295547901198974869e+05
1.521529042915629398e+05
9.216114800646153162e+04
1.089325729963963386e+06
2.244536479548632924e+05
7.506778578909665521e+04
1.207448768315899419e+06
7.514822397961872630e+05
6.506463321393228398e+04
2.838579506617732695e+05
1.187329440004439559e+06
4.057929578382968903e+05
8.465593643473044503e+05
1.153236069015951362e+06
6.434745389356082305e+05
2.479151352286073379e+05
1.081505266227634711e+05
1.338352349220890028e+05
6.456734735135933151e+05
2.412414570721671626e+05
2.148242065010702572e+04
2.554994332060847082e+05
1.605999792269870522e+05
2.362310261253856879e+04
9.101092610154555587e+03
5.908861396523665637e+06
7.262952849676354090e+05
3.521709328611852252e+05
3.881250178317230311e+05
6.487541601775040617e+05
5.501635616781841964e+05
7.395109980235329131e+05
5.952602749516251060e+04
2.276511578662684187e+06
8.434042076885640854e+05
3.158026791121953283e+05
2.514438519227931276e+06
1.828057479304888984e+05
3.668336996011112933e+04
9.634078628504688386e+05
2.122120187797880208e+05
2.147642359807606263e+05
1.652451109615103051e+05
3.329083875584772904e+05
2.453207300935003441e+05
1.685362875450560823e+05
4.957395070803307317e+04
3.829002485340063577e+05
1.384939604641127400e+06
4.100980539098228910e+05
4.667443469367950456e+03
6.434698051303060493e+05
5.979810533613635926e+05
3.166149694768449408e+05
1.322954364880253852e+05
1.085105992934501497e+06
1.121118220178791555e+06
8.145114177992122713e+05
7.395458441439087037e+05
1.885619049116345122e+05
6.573310151540938532e+05
1.395991580340483924e+05
4.708097030429377337e+05
2.767433629115911317e+05
6.074096373733557994e+05
1.732777231565268448e+04
5.159829770859038399e+04
3.619507829562131083e+05
1.171489999088251730e+06
2.887979183917516275e+04
3.895033940944352071e+05
3.337114369800661691e+06
3.085812923160095233e+05
6.845125899537107907e+05
1.344398635581264680e+05
1.977950229021081759e+05
1.950658427441111766e+06
8.870267238350404659e+04
3.821595509715902735e+05
8.572193761355194729e+05
8.782749387724067783e+05
2.309640711153085867e+05
7.985939005809501978e+05
5.099483822429698776e+05
5.417880402661128901e+05
4.465693168569713598e+05
9.573877800003653392e+05
2.458484544297099346e+05
4.125500887462472892e+05
1.259190489140351565e+05
1.215493313734566560e+06
1.904447826762895565e+05
1.933032487603778136e+05
1.492140005212689284e+06
2.054485424561699620e+05
7.237603120673607336e+05
4.712844393189575640e+05
2.753234825133058475e+05
2.948881901324563660e+06
8.313241887613942381e+05
1.583016164725151611e+05
3.465253692659814842e+05
3.464583611946952878e+05
9.696082500589242045e+03
3.440880849974444136e+05
1.336550016400608001e+05
7.279235480725745438e+05
1.186921141963387345e+05
1.875042256818737951e+05
6.610543186735392082e+05
1.709558716339210514e+05
1.671089882816303871e+05
1.441069167724144936e+05
5.740921799344815081e+05
5.450769447707555955e+05
1.378050295751779806e+06
2.417014126406955475e+05
3.457564862707408611e+05
5.663917377962066093e+05
2.101840770393087587e+05
9.661425118041889800e+04
7.592340897658421891e+05
2.697714173682177789e+05
4.365685991772623966e+05
3.781602318152939552e+05
1.637309000701890327e+05
9.617861201408553825e+03
3.893058815451260307e+05
2.101974247153782926e+04
9.800561171426320216e+05
2.281237160415679391e+05
2.052743005525791159e+04
9.687360700278241420e+05
9.734073300296413945e+05
1.051215769090725953e+05
4.111808576703254948e+05
1.162946617771766614e+05
1.744327161799932073e+05
1.015049291095121589e+05
8.022681998852449469e+05
8.494265063260125462e+05
5.620790552566727856e+05
1.640920888566198060e+06
7.427534764801968413e+04
1.208230304369353456e+06
1.651824342547446955e+06
1.211988655164535885e+05
1.262245336553127418e+05
2.860257316942941397e+05
9.486080859441127395e+05
6.620845528187151067e+05
3.039672763827144518e+05
8.751189351215716670e+03
1.177859386199815635e+05
5.220210246965013794e+05
8.900643593912797223e+04
5.721599872188719019e+04
5.472569698127718875e+05
5.206583271551856160e+04
2.105702680519786372e+05
4.678628684052882018e+05
7.115243446934383246e+04
1.072895462527641648e+05
2.626892101084454334e+05
2.238132729304334498e+05
1.432788585015089484e+05
1.573679709540248150e+05
1.217951960002821143e+05
6.428127958384152589e+04
1.642816508027882082e+05
6.690709321983142290e+05
2.791447800955465063e+05
2.568081891465625085e+05
1.411151391341025592e+05
5.605282768004354693e+03
1.209556008395521436e+06
5.595172846898075659e+05
5.657205658775680786e+04
1.574314234413659724e+05
4.293236630447751959e+05
1.313171158803825674e+05
1.893525009095784335e+05
6.902473612394363154e+05
4.905286894145943224e+05
2.116325897878975666e+05
1.164661674083373218e+05
1.434966511912502465e+05
2.134691756454684073e+05
1.116388577635003458e+05
4.723408917855106993e+05
1.122647816613633186e+06
3.627538435218534432e+05
5.183474586609955295e+05
1.017365603564723860e+06
3.759200787731025484e+05
4.977633204764028196e+05
3.323298367932553519e+05
4.171290154003877193e+06
1.383953649279902456e+06
4.890298633593881968e+05
1.131888385106172791e+05
4.716903789580388693e+05
7.086916022117099492e+05
1.292566209804941755e+05
1.751201496846666560e+05
1.730309539052572800e+05
4.709765907533020945e+05
4.493929190410220763e+05
8.317327340074609965e+05
2.837428590801196406e+05
2.253176216656246979e+05
4.086517328195424052e+05
4.248851837255403399e+06
1.396260898111149145e+05
5.663799100362502504e+05
8.989275708407700586e+04
2.782359156396824983e+05
3.578067461070909048e+05
3.167536955636344850e+06
7.601092772984945914e+05
2.229244318329539092e+05
3.870952801578062936e+05
1.407391949122205260e+05
1.811383024488654046e+05
9.908664360906869115e+04
5.750473935824969085e+05
9.165069550111033022e+05
3.707058968064078363e+05
2.664812858654361335e+05
2.839440125598797458e+05
2.129072885296698078e+05
4.381657032234464423e+05
5.622752479639912053e+04
1.738639726135741686e+06
2.849558796033588587e+05
1.924920086517132004e+05
7.979332503914555127e+04
5.494213352734765969e+06
1.087102572585489135e+06
8.465853376063460018e+05
1.884146729414037254e+05
1.108440819951874582e+05
7.308285248402436264e+05
3.711543388070735382e+05
2.032950007233412762e+05
5.482272387386549963e+05
1.652264169701144856e+05
4.561379208837178157e+04
2.645453202577247866e+05
5.807864661523811519e+05
1.554383931338397961e+05
7.321072080363321584e+04
1.478626697034366953e+05
4.242633520526664506e+04
2.640635417721627746e+05
3.140177119414663684e+04
2.858755751432186298e+04
3.209680437487625983e+06
1.999459024346380902e+05
1.005861022833983880e+05
3.167629058292092304e+04
2.844822655008612201e+05
1.124157483396832395e+05
3.541035171487092739e+05
9.523609878431077814e+05
1.733315263697282178e+06
3.922248160122037370e+04
7.543257690847603953e+04
2.841526579341731267e+05
1.474867775268310215e+05
4.399313968105142703e+05
4.213243040762064629e+05
5.902767884770932142e+05
1.110128167491898348e+05
5.700355628779812250e+05
1.061073981444347964e+03
7.391114851446918328e+04
4.777951705479076736e+03
5.086696632869705354e+04
1.067424971723948373e+06
1.108772364433762268e+05
7.457985397745326918e+04
4.880492591861559777e+05
1.059926723037979827e+05
1.709991450337520509e+05
6.692379573450845201e+05
4.467971592186761554e+05
2.174143164385327254e+05
7.515857677286299877e+05
2.477352802222202299e+05
1.280328764521771809e+05
2.586634827322966885e+06
1.506510094424616545e+05
6.044850227311208146e+05
9.211509442041991279e+05
1.336419118486772641e+05
2.115154427539978933e+05
1.437902727469322039e+06
5.569215407341691898e+05
4.595878417494251335e+04
1.319945833719949878e+05
1.297014061803429213e+05
9.350094338091384852e+05
2.014363151374956360e+05
4.257655283826121595e+05
2.367314062451160498e+04
1.766446331716632412e+05
7.845623232946845237e+05
7.805387199984284816e+05
1.782075941557726823e+06
2.181487919337092317e+05
3.475917429483657470e+05
3.406948469760273001e+05
1.444259270637178270e+05
1.590222482599868672e+06
2.378641732739266299e+05
8.308611162076218170e+04
1.304406045732039784e+05
8.277875855380126450e+04
3.148723181683391449e+05
8.523974060367836501e+04
4.535477364424140542e+05
2.487841308908046340e+05
1.222267101323808776e+06
5.227158990741294110e+04
6.259100383401303552e+05
5.410231733752071159e+05
2.594788018245151616e+05
3.647186264172771189e+04
5.449396316194758983e+05
9.644639146177390649e+04
9.007238818633905612e+04
1.019611658120994805e+06
1.855674458275228099e+05
3.246508448924595141e+05
1.792318654774943367e+06
1.387942434626345057e+05
3.124111640013957513e+05
3.153611831323255319e+05
5.726001688281174283e+05
5.425942248673748691e+05
1.501073088689824508e+05
5.443078500309078954e+06
4.295984036990136374e+05
3.822403021224315125e+03
3.253006035712750745e+05
5.499209623969413806e+05
1.487164162909774575e+06
3.069750315636874293e+05
5.510112421000056202e+05
2.667190434264804207e+04
3.327938953896076418e+05
7.222679639431135729e+05
9.617021400573744904e+05
3.363130354520300752e+05
2.389120547802422079e+05
1.283684621666008374e+06
6.480905105010895059e+05
7.686254165689593647e+05
3.111839729851863231e+05
3.695735150876949774e+05
2.417530048452444316e+05
2.296319565829746716e+05
3.463972873651771224e+05
1.921027385051895108e+05
4.393150971314720809e+05
1.175151741134128533e+05
1.295316170199814806e+05
7.013758900235063629e+05
3.474964699714491726e+05
7.064165728732083517e+04
1.410140923756968463e+06
1.445270005863182014e+05
3.463176579212929355e+05
2.889916062680627801e+05
8.216768064256830257e+04
1.316678760331095546e+05
3.412100753880056436e+05
1.594197570338427904e+05
5.118826778946262784e+05
1.256395274716886634e+05
8.124584326614112360e+05
1.660072808117557783e+06
5.110607174012968899e+05
3.600977988239390776e+06
5.814926610980634723e+04
2.376060361538579455e+05
2.631683345849629259e+05
2.413126824842299102e+05
1.707213154845616737e+04
1.026069254743247293e+06
1.426570773878853361e+05
8.370757880215927726e+05
2.437892774007247644e+05
2.337436445586584741e+05
2.699737704433324980e+05
1.296712512765019899e+06
6.829779239282780327e+04
9.047979936531515559e+05
9.502186400525036152e+04
6.565309196465677815e+05
3.914245457619312219e+05
4.768937431785784429e+05
6.974649076642256696e+05
1.656701863889256492e+06
1.577828539502548985e+06
4.557587876739957719e+05
5.901781558341297787e+05
1.457012022245142725e+05
2.491749613700397022e+05
9.293994984386314172e+04
2.011857561551715771e+05
6.627807318002550164e+05
5.021196544781642151e+05
2.327617186517094960e+05
8.352969823486503446e+05
7.743568132077557675e+04
2.763716745474418276e+05
2.648542788651356241e+05
5.445271064841821790e+05
1.385454761705231853e+06
6.666843695148493862e+04
5.417154307293905877e+05
2.606321002529577527e+05
6.166967508670605021e+05
5.771958114522345568e+04
2.932878723869946407e+04
5.860671841564767528e+05
2.559875752520213369e+06
1.186761626317446498e+05
3.854884067446739937e+04
8.849075060070300242e+04
4.069507644309278112e+05
3.698876391261963727e+04
4.287032276980559109e+05
7.328836511776621919e+05
3.261709744941113750e+05
2.356637511111094500e+05
8.341874812962595024e+04
1.903046440858374815e+06
2.038574402912955964e+06
5.248482709797549614e+04
2.550391015113354078e+05
3.233837184577320659e+04
3.788889948571839486e+05
5.479486559953804826e+05
4.024072885256927693e+05
2.595452075970508449e+05
8.146542170134763001e+04
1.261779297843852546e+06
6.792587111039817682e+04
3.819754793509090086e+05
3.125975072694714254e+04
5.982740805956670083e+05
2.001723397965664044e+05
2.016506572040918400e+05
4.362994779925632756e+05
2.872539403464248171e+05
5.086239486973476014e+05
3.977085479214168736e+05
1.734289141434999474e+05
9.306363128787362075e+04
6.362786522014164802e+04
3.289706784602744156e+05
4.748169202263985644e+05
1.669577539134304679e+05
1.832476682833686937e+06
1.532895655165915960e+05
4.477047000878330437e+03
5.567892682580208639e+05
1.072306843671163311e+06
1.074327682751323795e+06
4.356269773017351399e+05
3.071181892162819859e+05
1.483218494470750447e+06
4.192529090006045881e+05
6.802258995122695342e+05
6.254106740989305545e+05
4.421342577506387897e+04
3.752452638919557794e+05
1.079949410209800990e+05
3.608616383687067428e+05
2.788012929151435383e+06
6.782401851025057840e+04
1.002934936585716787e+05
2.454049565621346119e+04
9.663867610463830642e+05
3.523108367767793243e+05
1.754905203029777040e+05
6.637445774676790461e+05
1.693775462205716642e+06
3.223161424940642901e+05
2.255369630240121041e+05
1.627000533702973626e+05
2.411629126852423069e+05
1.749125559518543741e+04
1.010037435617603129e+06
9.541821078276826302e+04
5.007336943220436224e+05
1.896377476067067473e+05
1.479999863403815310e+06
3.975663175908965641e+05
8.883659646752119297e+05
1.032028899304231018e+05
2.951863515497220680e+06
1.266126209051406913e+05
1.507097120248633437e+06
1.040639541953113512e+05
2.791962538459512871e+05
2.913022147585734274e+04
2.907692652149793576e+05
2.687561178454907611e+06
3.057316245524931583e+04
8.505071834238097072e+05
4.181499015557239181e+05
1.120727986344587756e+06
6.215298075153319951e+04
3.268707927574302812e+04
1.801069347269875580e+05
5.710264000007522554e+04
5.412044220237234840e+05
1.763837394216165121e+05
9.971690176413206791e+04
7.323436834920686670e+05
2.126063408396755112e+05
8.290486367875341966e+04
9.084211440453940304e+05
9.541447077355466899e+04
2.406214542839975911e+05
1.335500709745663626e+05
5.726151292882391717e+05
2.660555432948647533e+06
5.032343439754594001e+05
3.319294113498158549e+04
1.749597954434247804e+05
1.225785587426741142e+06
9.491893513798726781e+04
1.742909821630204562e+06
3.042456452122610062e+05
8.105118925980619679e+04
3.448658955682620872e+05
2.728159264559166040e+05
1.153654571123323112e+05
1.404940612027773168e+06
3.092902266943579307e+05
5.676371945258608321e+05
1.342624208367530722e+06
5.060653711914861924e+05
1.196023723701263225e+05
1.148579578689444461e+05
1.668839259540874627e+05
7.509742102001182502e+04
9.519037160321509873e+04
8.894251959908621211e+04
2.220042788319080137e+05
7.650325931709076394e+04
5.634121742078040552e+04
1.054851852511037723e+05
5.251255533426161855e+05
5.702347211932161590e+05
1.053664558855376672e+05
7.994526792551207473e+04
4.211919897694287647e+04
1.687250141306319856e+05
5.528354788186349906e+05
1.231770981239737157e+05
2.080313354801092937e+05
1.414007060425080592e+06
2.789759007454658858e+06
6.686714652855501045e+05
9.070749944772361778e+05
5.147056231721479562e+05
6.127414011827305658e+05
5.009956306549022556e+05
5.435002047784009483e+05
5.014804096820267732e+05
2.047860057882287074e+05
3.259312951567593846e+05
4.006821678090626956e+05
1.767339094347253849e+05
9.317964041612639267e+04
2.710466423791619600e+05
5.994213286308344686e+05
9.263670957732751049e+03
2.616710712883336004e+06
7.047035991904494585e+04
1.191430663120232493e+05
5.670070898113797884e+05
1.309572807939792256e+05
1.381120147091375256e+05
2.346875192119784770e+05
6.389183086598501541e+05
9.504613484485582449e+05
1.650565482491353177e+05
1.856959565441634506e+06
4.403390146645573550e+05
3.998790056254406809e+05
3.804709110514628235e+06
1.106552186706840293e+06
2.363852622709391871e+05
2.236318429634438362e+05
1.034078323328428814e+05
2.634365453632986173e+05
3.922899967159607331e+05
7.432090055508100195e+05
1.757806876842109486e+05
5.720989013871722855e+05
1.036570187136639447e+02
2.813088124720841370e+04
3.045697394365750952e+05
3.840595368265827419e+05
1.615653061042152112e+06
4.785584449923497596e+04
8.889775234279899450e+04
2.402669565490907698e+05
3.567019784213334788e+05
2.255536924955626891e+05
2.050349480016473390e+05
3.274798823830957990e+05
2.992553615701462841e+05
1.685690621873284690e+05
6.542826426941655809e+05
2.419386689491812649e+04
1.326064718096047407e+06
3.345338960535103106e+05
4.426474281813394045e+05
3.935467540827300400e+05
4.487967008433109149e+05
3.719153510324580129e+05
3.747676908292836160e+05
1.637951548970564327e+05
3.526805092325718724e+05
2.787324083679470732e+03
2.731033826401757542e+05
6.096367572391146095e+05
1.034832304489244008e+06
1.963051119066381070e+05
1.724761002871671226e+05
1.350170863182540925e+05
1.714907530506791372e+05
1.100082284195474815e+06
1.280599033402414294e+06
4.160709888564310968e+05
2.239836185974131804e+05
9.707297714922687737e+05
1.193162459917379165e+05
1.330388054653656436e+06
5.205376011431088555e+05
2.534761742514599580e+06
1.438377344173126156e+06
3.952172204673385713e+05
4.058849759889567940e+04
1.177445383739885729e+05
1.358398884610226669e+05
1.079492251799085061e+05
2.989678588314309018e+05
8.219038101533619920e+05
4.619258201848477474e+05
1.446793791802502528e+04
8.562898305859614629e+04
4.962602382345832884e+05
1.184289126224416541e+05
3.549537106662006117e+06
1.419931810442968563e+05
1.329064566437311703e+06
8.499684643092860933e+05
3.266010170601099380e+05
4.246452490424331045e+05
2.592386500310571282e+05
1.958437940520326141e+06
1.200193840579383774e+06
3.042318374439611216e+05
1.554038471301326063e+05
1.530820500480349001e+05
4.812422931353353197e+05
1.721018590350552695e+05
1.019040608610857817e+04
3.235890305895530037e+05
1.278895963054473832e+05
1.484146904008630954e+05
5.409125205678646453e+05
3.650722023644994479e+05
2.442476100709470047e+05
3.704915219369985425e+04
1.659753330766645493e+06
3.869591127764997655e+05
1.031967490995820262e+06
7.803572371640780475e+05
1.880818935059941432e+05
4.304190530308167799e+05
5.869113786434987560e+04
4.203652988697940600e+04
9.216890221047912200e+04
1.340778540548087767e+04
6.808323654235735303e+05
3.615329989635190926e+06
1.228116629073974676e+06
3.118240542794877911e+04
9.093805532893080090e+04
8.190065753178740852e+05
1.674648665318998101e+05
8.954704839330668328e+05
7.958491818875691388e+05
7.060949769291387638e+05
2.536633398369024217e+05
4.091849712464072509e+05
3.534582372011160478e+05
1.543055911538898727e+04
2.785477304281146498e+05
3.501483800606786099e+04
3.351619258083105524e+04
4.237981925947076525e+04
1.717480894087444991e+06
6.662123001173250668e+04
1.475710574429296830e+05
4.624691448733668949e+04
3.497451348224878893e+05
1.448217678381886217e+05
2.169506611134022009e+06
6.883194027066465060e+04
1.364336235194626497e+06
1.519036457352535799e+05
1.621465523250726401e+05
8.610724196058722737e+04
1.697023514990907861e+06
1.617021490135504864e+05
5.721230042790449224e+05
1.235481445910565322e+06
6.821659173875428969e+05
1.295793762515677918e+04
3.902441078131818213e+05
7.656915017628595524e+04
1.745061773161630554e+05
4.947143152836646186e+04
7.167605633622524329e+05
1.777359105042944138e+05
5.267679502739246236e+05
4.256826801415659429e+04
1.352267707722376326e+04
1.769954007654535526e+05
5.123554147103462019e+05
1.178458254053778655e+05
2.125971916194342775e+05
2.701872951366846100e+05
4.191109209334108746e+05
4.241928400287898257e+06
6.149646474366707480e+03
1.614280802195059950e+05
4.444606541583713260e+04
2.069717951002051996e+05
1.293518243336332671e+05
1.727874495586961857e+05
8.578727825545433734e+04
1.177195026299231686e+06
4.677270374820064753e+05
1.679177802340893249e+05
3.647882880914561101e+05
1.227985730636782944e+06
3.709513748118316755e+06
2.040667745867420672e+04
9.553319786818608409e+05
3.981669132753713056e+05
1.125786758378776722e+05
9.162444117455558444e+04
1.845260734522205312e+06
1.609787310340165859e+05
4.691538220271374303e+04
2.982472212968353182e+06
1.921223566327174194e+05
6.421884986025373655e+04
6.323625398887512711e+04
3.270065343925616238e+06
2.783281507271392620e+05
9.106032390780706191e+05
5.491283755951088388e+05
2.716284348222489352e+05
1.012530983637396566e+05
2.160599584675152437e+05
2.259401395396168518e+05
2.975204006355247111e+04
1.468981461750899325e+05
1.466919394507744815e+06
2.028934035455103265e+06
1.139740085994922090e+06
2.165239776929498476e+05
1.108047182992076996e+05
1.459817776757656247e+05
1.908854813263910764e+05
8.855884330555008492e+05
7.409375059935310856e+05
1.095638864619914093e+05
5.747364625848578289e+05
4.980026618293060455e+05
8.441804077856089862e+04
6.858399385495133174e+04
8.066334517341649916e+04
1.109078145031436870e+05
1.479444599627729913e+05
1.821446580205723410e+06
3.660079190570298815e+05
3.820870831160263624e+05
4.282983964937215205e+05
3.325235618907479220e+05
1.222364143370793900e+06
2.009698084993700613e+05
7.562758781308366451e+04
4.037364716874085134e+05
8.479727066859274055e+04
9.160013040620166576e+05
8.368539707729583606e+05
8.046773473514440411e+04
1.274346750951982336e+06
6.066692531470672693e+05
2.209225359810449008e+05
1.334060707846836187e+06
8.996230653859047452e+05
3.348236338753906603e+04
5.994065426295390353e+05
2.908193156326206517e+05
1.401209550464587519e+06
2.689510466037013684e+05
6.744287506843555020e+05
3.797225713742327061e+05
1.667690973959118419e+05
6.992658508648196002e+05
1.590182190033287916e+05
1.858223275818442344e+05
2.848187400013965089e+05
7.072973543031583540e+04
8.351202971328306012e+05
1.075636272123625735e+06
7.963658070731470070e+04
1.249689761713979300e+06
1.971800423747394525e+05
3.847520675280675059e+05
1.126417019004412869e+05
8.968893271721339261e+04
4.208078163533765473e+05
5.488512452278890414e+05
6.438611592407085700e+05
2.671410821849440108e+05
1.113299914311000321e+05
9.484060163558885688e+05
2.820305824415842071e+06
8.765187285559158772e+04
6.598632203216027701e+05
5.349099771416489966e+05
2.839324535084001254e+05
6.655298947249385528e+05
2.737071860400213627e+05
1.496030960351615213e+06
2.167292341264944407e+05
2.709099519569872064e+05
2.635307629398987629e+05
3.070600389093162026e+06
3.051154120034346124e+04
6.297100385994791577e+04
6.367159218330628937e+05
1.653874409763256554e+06
2.455363678969448956e+05
6.144163448944260745e+04
9.780615834494341398e+05
1.639985695811996120e+05
1.100731074584761402e+06
5.385571315817962168e+05
2.640892538446069811e+05
1.530516950061051757e+05
2.224950210876167694e+05
3.233173433067067526e+06
2.030782685219464591e+06
8.481782958247041097e+04
1.661247822482328338e+05
5.441550965608052211e+05
5.112961455192236463e+05
1.139690587597503327e+05
5.054508659935065079e+05
1.692072447578904394e+05
6.003107928980616853e+05
4.309393260632858728e+05
9.461304838493057468e+04
2.420266530066466366e+05
1.594666717671626066e+04
5.458930301706386963e+05
1.258557539161538298e+05
2.908969618681839784e+05
8.003059169980097795e+05
1.919978211223580583e+05
1.281244249775651610e+06
2.109201661419976444e+05
8.675901169429853326e+05
7.993868429701714776e+05
2.080287638592437375e+06
1.454562924746292701e+05
4.037859417342784000e+05
1.902250366018375382e+06
3.090028570947838016e+05
4.893389852359250654e+04
7.754380979089821922e+05
1.788842797755739884e+05
5.731356759406171041e+05
1.364586597398657468e+05
2.147881168683197466e+05
3.954538081405162229e+05
1.597351922888246190e+05
2.028530753690981655e+05
1.399914432032110926e+05
9.211379104744133656e+04
3.251677979681103025e+05
4.067924866761501180e+05
3.689052992188388016e+05
2.208575843787160702e+05
6.356395928745797137e+05
2.531938286538499815e+05
4.972981150047049159e+05
2.807905017512562335e+05
2.505426928320376028e+05
8.099114674599301361e+04
1.168480884949228959e+06
6.647470262166262546e+04
2.287541061845259101e+05
8.844717400070025178e+04
1.323887533543628815e+05
3.759112896071776049e+05
1.323734863355617737e+06
1.016804866404175758e+06
5.512210547732021660e+05
7.132924135994929820e+05
9.855281791929539759e+05
2.431362385693908669e+06
9.568837949454503832e+05
2.807862666702868883e+06
2.083437032654884038e+06
2.245346968705347739e+06
1.353582606705543352e+06
1.053989823770633229e+05
5.693674231687048450e+05
7.292123712671225658e+05
1.545777679564712744e+05
3.068569677059233072e+05
2.431841767117408162e+05
4.512780611357145244e+04
1.801560107917006535e+05
1.674767049588256341e+05
2.215265371965945233e+05
1.175323794894430030e+05
1.409853408949664561e+06
1.726731847104904708e+06
3.453169410441851942e+05
2.260577496115177404e+06
8.553828748960035155e+05
6.279824386325806845e+05
2.304144066413778346e+06
6.764602471781874774e+05
2.690030140210450627e+06
2.110128683077094611e+05
7.119321576237482077e+04
1.386095325502179097e+06
3.265795882052098168e+05
2.396826704929084051e+06
3.858589716589156887e+04
9.368962735828254372e+05
3.196909097068310366e+05
8.360112544229748892e+04
1.239933524793566670e+06
2.562463049887004308e+05
1.007795004739422584e+06
1.479346990121969720e+06
5.638505554661452770e+05
1.429027508981661638e+06
1.604964391062201466e+05
5.317925240417591995e+05
3.235244158849384985e+05
1.877392314221877023e+05
7.028129454195424914e+05
4.115110121744046337e+05
1.565636064810132666e+05
8.305523355626187986e+05
2.441318454242987791e+05
4.150916851305948803e+05
1.505201388110344997e+06
5.648467590864881640e+05
4.533943056601015269e+05
1.819078102343437262e+06
1.261787417543927440e+06
1.946262996874873352e+04
8.476430633613608734e+03
4.122105799260268686e+05
1.219108600141842617e+05
3.195641708710714593e+05
8.716156199047935661e+05
1.714555902015727770e+05
2.262115842022775905e+05
5.776761295650509419e+05
1.518421190487275890e+05
2.223704532652602938e+05
1.407761459487650136e+05
3.416064707112268661e+05
1.338595266777061042e+05
8.645230607139206259e+05
4.365160373468485341e+04
2.835682440796290175e+05
3.081251942041860311e+05
4.610533571695461869e+05
2.720686006119720172e+06
6.543365698891119246e+04
8.401424438847244019e+05
1.017238916414586455e+07
1.856966036000973836e+05
1.892298365436833410e+05
1.909700826247539371e+05
6.091352103910755832e+05
2.712834960298819933e+05
8.920109997076072614e+04
4.015476073687879252e+05
2.945501471498504397e+05
2.179151914855623327e+05
1.290214957624603529e+06
3.900176870984254638e+05
2.823316475932720932e+05
1.593821915713489871e+05
1.248520071508388646e+05
4.791048525473198388e+05
8.775912717930981307e+04
1.282399140487983677e+05
8.099622505277181335e+04
2.463591562522887252e+05
1.624616586883424898e+05
2.733653745917193010e+05
3.187441040685595945e+05
3.755628791155914223e+04
8.217716287297144299e+05
5.145002644338977407e+05
2.120360118080167565e+06
2.191809680524798110e+06
1.696979735501971445e+05
4.478914582147024921e+05
6.432866743840377312e+05
5.325237884344827762e+04
8.826991123138470575e+05
1.039787690343580791e+06
1.120981480582748307e+06
5.802659573003220139e+05
1.925112702682985109e+05
1.309725627817644709e+05
2.452970494520356588e+05
2.674797189725789358e+05
4.956412150092323427e+05
5.977244739168313099e+05
2.549468024072810076e+05
1.584466163475009962e+05
8.957561000040320214e+05
9.836694820749345236e+05
3.722137668892937363e+05
2.489883454156184234e+04
3.460047690201068763e+05
1.195719913157839095e+06
2.293503755686928926e+05
1.000815525824956130e+05
3.821525795497874497e+05
4.451415031705825095e+04
1.772186634673769004e+04
9.254899290875542210e+05
1.614681715366801945e+06
2.131223157936853531e+05
4.559672462846178678e+05
1.713010282993325498e+06
9.621161690241232282e+04
1.799787370251603425e+05
3.535310331858926220e+05
5.303983227110209409e+05
1.611889471512105374e+05
4.636951958084792132e+05
9.268451724399946397e+05
1.430963634992497973e+05
6.150268437806730799e+04
3.518054908716900391e+05
4.359266308560124598e+05
1.028160962572417106e+06
2.225152996180939372e+05
5.935459412777471589e+05
8.808555164399441855e+04
1.317464477186742472e+06
1.223095443774345564e+06
4.446505230962887290e+05
3.437437295512335259e+05
7.668485795694612898e+05
1.114381499885918340e+06
1.449785023280658643e+05
4.033479402891761274e+05
1.199703761711397441e+06
4.213596502677103854e+05
3.896688777521426673e+05
4.459832606674830313e+05
7.160158163873819867e+05
1.344824183824353677e+05
1.986795242704220291e+05
1.063306017660791986e+06
1.774934955524100515e+05
5.107042706133431057e+05
2.056442009256114252e+05
3.234957153877439559e+05
1.710950625933997217e+05
1.606535982886818238e+05
1.441452193195104366e+06
7.836620534624696120e+03
2.769372209462213330e+06
6.509519023915372090e+05
1.853459667190173641e+05
1.736890499209579866e+04
1.155521525847199082e+05
4.750203363961207215e+05
9.770423894950617978e+04
3.113435357384441886e+05
6.725482875181623967e+04
6.950806390809761360e+05
4.544736009998739610e+04
5.192691616790868284e+04
1.836440256982278079e+05
6.377213863110614329e+04
4.961297705284169875e+06
1.572822423699768260e+05
3.707330556820883066e+05
3.565199769160825963e+04
2.810472849738197401e+06
3.495843814452853403e+05
6.593260537015777081e+05
8.706529011445418000e+05
6.444298949114190182e+05
1.768951203127313638e+05
5.019126318924687803e+06
4.823010274757447187e+05
1.519126153521886736e+05
1.536893683151913865e+05
1.340600141324770811e+05
1.385007095668937545e+05
5.516382105687410804e+05
7.389509788756743365e+04
2.058001121772344923e+05
1.422903947529310361e+06
3.319966473321920785e+04
1.123505227121239150e+05
3.344941106495391577e+05
1.919498646195184556e+05
4.900905513068280416e+05
2.057032909455836125e+04
3.593437803319545492e+04
1.195113656078753294e+06
5.537601916068918072e+05
6.633921765804963652e+05
1.365258367460411973e+05
1.758201258249087958e+06
9.009039362699453486e+05
6.120775990670389547e+03
2.624222255490412354e+05
1.222917159853580670e+05
1.938786512987810711e+05
1.573520140948464687e+05
2.045371077957584639e+05
6.868250859654665692e+04
9.234640705047504161e+04
1.168556928731633117e+06
5.352090500182203250e+05
1.369992443193577346e+05
3.845322071896083071e+05
6.612844157501361333e+05
1.022631766389226192e+06
1.009972156873701955e+06
3.435848569023127784e+05
7.439858393977337983e+05
5.285106211407426599e+04
5.126699683407536941e+04
1.802991233654120006e+05
2.406339118751859351e+05
1.908060052966457151e+05
1.320998820145293430e+05
2.782794736438871041e+04
9.560697501529665897e+04
1.780310689278618083e+05
4.327516316919173696e+05
1.668654510035596613e+05
1.177165853454638738e+06
2.296897091888844443e+05
3.396699932891288190e+05
4.562094944355512853e+05
4.651185265675446863e+04
2.161216593074958655e+05
1.001229593878962041e+05
8.638054648700862890e+05
4.309218365303937462e+05
2.346662812267054105e+05
1.294371564628160559e+06
6.941691018140537199e+05
3.578618761253465200e+05
2.939939953778797644e+05
2.185207020475302706e+05
1.441929303403067635e+06
1.937573865332524874e+05
1.203861941263245681e+05
2.698347745320814429e+05
1.608423979660485638e+06
3.582012444974320824e+05
1.790732162116402469e+04
4.389093949769706815e+05
3.500097691257494153e+05
4.946419934655515826e+05
3.604813237862819806e+05
1.733907725269033399e+05
2.413030359321608266e+05
2.332586630474843259e+05
8.713985148704681778e+05
6.990682469086496858e+05
3.843434341626683017e+05
7.955004459709796356e+04
1.385107297608247900e+05
8.676492057044100948e+05
4.808663147073215223e+05
1.664314663253427017e+06
6.179742636322663748e+04
6.601947742034804833e+04
8.765678955937643768e+05
4.149203639496721444e+05
7.191398779479532968e+05
1.616669328103257576e+05
4.381265688160323407e+03
1.123198464160492149e+05
6.317907273921883898e+05
8.307550142466501566e+05
2.590406026253393502e+05
1.891253600747698511e+05
3.379510968606278184e+05
2.669562809569141245e+05
2.870977253962831674e+04
1.607997574698188342e+06
9.004394475054594222e+05
2.963322735510285565e+04
5.651722160537897144e+05
1.106249466120389989e+06
1.440310726622916758e+06
5.190408197231998201e+04
1.239446035253554001e+05
1.827367609572255053e+06
3.036813905531498021e+05
2.909512607847696054e+05
2.837487134925570572e+05
1.458902300082446774e+06
1.746790033193729687e+04
4.246969445675882744e+05
4.893497448359428672e+05
3.680258471743317205e+05
3.167368650031443103e+05
3.029722012011762708e+05
1.587168700769437419e+05
7.284879472369285068e+05
9.840964642636179633e+04
7.079679645103361690e+05
1.001739983531724138e+05
1.655704135254935536e+05
5.487365865986001882e+04
2.747644495207441505e+05
8.709568563581490889e+05
3.328644756223044533e+04
7.677284698624783778e+04
6.986293560829982162e+05
9.542244680044519482e+05
6.647453425287383143e+05
1.781762757061616867e+05
1.079839421439234575e+05
9.099534294276559958e+05
7.024371918854769319e+05
1.693352908006214420e+05
6.512759589276079787e+05
1.317571391399116488e+06
1.558119858615534613e+05
2.290852711951865349e+06
3.475819239685352659e+05
1.375558781890901271e+06
4.336498355314994114e+05
8.615483044029954181e+04
1.542259825241146144e+06
2.000144682552143640e+05
2.292472794212821755e+05
1.151062187666746468e+05
5.689280987051691627e+05
2.139892621598001278e+05
6.400214336828044616e+05
3.682389962675558636e+05
7.049719219529790571e+05
4.343349605009194347e+05
2.506578708966995473e+05
8.127734919194785471e+04
2.841164312869916903e+05
3.827111373866449576e+05
1.382832018030154286e+05
7.721139597602430731e+05
2.791079478938668035e+05
6.709542434574921208e+04
2.541770022852582333e+05
3.399920612089965143e+05
3.302374625654424308e+05
7.510414639048317913e+05
1.762751090275760216e+05
3.297447317341179587e+05
4.893941120999293635e+05
4.351301952910568216e+05
4.199238880995506188e+05
2.311684016669320699e+05
1.215838202029296081e+05
4.000658348689546983e+04
1.205855509510879756e+03
7.974061792154065333e+05
1.183284386311267881e+05
3.118083099528907769e+04
3.777119280513844569e+05
2.823708253012314672e+05
4.417892139736768149e+04
2.206360234478472266e+06
5.308242950210750569e+05
5.718326697035327088e+05
2.152038172042180377e+05
8.652153174676755443e+05
1.515021912584284437e+05
3.740980365315488307e+05
2.674102059309619362e+05
1.683284500508496130e+05
3.718080399715928070e+04
4.530533961095291306e+05
3.333350331095278380e+05
1.538037827330941800e+05
1.188626362814536551e+06
4.784457851739679463e+05
2.135089453668598726e+05
8.865228391085139010e+05
4.339083318703302066e+05
6.956173515795102867e+04
2.460947411215328611e+05
6.289447755824790802e+05
5.485352999192694551e+04
7.400137947695307666e+05
1.146036270123007242e+06
1.548856425627323915e+05
1.884711577286265790e+06
2.109046533880806062e+06
2.412190806267196895e+05
1.206912185743507143e+05
6.291289541150638252e+04
4.242633561646545422e+05
9.922113673211528221e+05
8.442480928510022350e+05
4.396290849994881137e+04
1.532045424685497128e+05
3.083827988362283213e+05
9.991265086651101592e+04
8.651281466353102587e+05
3.120946310110199265e+05
9.069056912260047393e+05
4.183416830352620455e+05
4.783292106666018663e+04
9.596259019997445284e+04
1.567063705936547776e+05
1.115382955404980312e+05
3.387250555631573079e+05
9.306958797239970881e+05
1.448518010055834660e+06
1.524795400240835443e+05
7.811412952981968410e+05
9.256792137975765218e+04
5.789676543605772313e+05
4.020233825536287623e+04
7.894645427335662534e+05
6.350995540013120044e+05
5.005776158514306881e+05
5.325159600528512383e+05
1.501381429521477912e+04
3.645609547801702749e+06
9.544672971725385869e+05
3.721347330497550138e+04
5.611730045196848223e+05
2.263579155041342310e+05
2.966792903090732871e+05
1.380359991903166985e+06
2.798964310497540282e+05
8.369548565251376713e+05
1.137952521481879754e+06
8.509567432853876380e+04
1.809272199767033453e+05
6.795169884681556141e+05
2.736652985627190792e+05
1.961510696071957063e+05
2.948681360150120454e+05
6.388187955201556179e+04
2.972907676927339635e+05
5.167208861495703459e+05
1.765744950772241573e+05
9.082382759830680152e+04
3.679051025166514446e+05
9.609072293823293876e+05
3.368134923449405469e+05
7.859418433149335033e+04
5.423096664017268922e+05
2.380696628180649423e+05
6.829717683130275691e+04
4.921795542035731341e+04
4.126851536572728219e+04
1.704262223713273648e+06
4.232976001353314496e+05
4.119610677481307648e+05
3.964793587473925436e+05
1.189900384886799846e+06
3.254455749474198674e+05
1.570929849550467450e+06
6.157502722824094817e+05
5.239945110751016182e+05
9.344017240624548867e+04
1.582404167712019698e+05
2.614620042831661412e+05
7.770438155536176055e+04
6.785325492223746842e+05
2.381962441370456945e+05
4.120694449617795763e+05
2.351560654605844466e+05
1.916712025610266719e+06
2.363745085175809218e+05
4.100469330287238699e+05
2.056348981592881901e+05
1.921725980605872581e+06
5.107042604778298992e+05
5.850267976409875555e+05
1.290523969745514216e+06
2.327968368874816224e+06
1.277359184155699564e+06
2.828352610549402889e+05
5.020594058418333880e+05
3.097674069118553307e+05
6.671875211172907148e+05
1.502757663927960093e+05
3.107850629992086906e+05
1.403574868415753008e+04
5.363525293358226190e+04
1.001977676914006588e+05
3.649484743608495919e+05
4.277518776028887369e+06
4.613236302865919424e+05
2.926821149338770192e+05
1.840315764829788532e+04
1.039019755842447630e+05
4.966840998657410637e+03
1.820080059630518081e+05
4.775097072176039801e+05
2.188979594419307075e+06
4.311834996769541875e+06
7.471170324656910961e+05
1.054594289586623781e+05
1.836617380597036565e+06
7.063047353925307980e+05
2.266047476193704060e+05
7.376230953808679478e+05
3.218401920803216053e+05
4.685799165652199648e+06
2.592860713764286600e+06
4.494655681512593874e+05
4.448986984291322879e+05
2.198082837952334376e+05
1.743372306824655680e+05
1.136248799160830968e+05
1.945409831367932493e+05
4.539077805139306583e+05
5.929570989452566719e+05
1.277554076406940731e+05
3.895032500779448310e+05
3.400166903892373666e+05
3.091301888552302262e+05
8.031386247817686526e+05
1.145016302655740583e+05
6.089407896401442122e+05
4.501529513336970122e+05
2.714240882181205088e+05
4.195627511333123548e+05
7.211322409653115319e+05
1.000300689927997417e+06
1.033156275914900179e+05
2.134093573890934640e+05
3.612426604624963948e+05
3.459625820124205784e+05
2.335148507319405326e+05
1.776388248889356328e+05
4.996209491163570201e+05
2.737194918275340460e+05
8.083325867027525965e+04
4.567681940483266371e+05
3.325524822369255708e+05
1.148838295521442080e+06
1.173649018225760228e+05
1.492449262174632167e+06
2.013264210781992733e+04
2.882440950642002863e+05
6.542073157865743851e+05
2.640813997555166134e+05
1.395367224784341670e+04
2.597607841297058912e+05
3.455393610309709911e+05
5.735206726775560674e+04
6.709100438824439188e+05
1.827368702280898651e+04
2.143829845787643571e+05
6.569732264008910861e+05
1.829367733540456393e+05
3.277262135826103622e+05
2.915554037724403897e+05
4.365160193429305800e+05
2.155556439042650163e+06
1.738675561750761117e+05
5.783322807356902631e+05
8.273048852967666462e+05
1.832686259583097883e+06
3.739168689098663162e+05
4.111468298830210697e+05
6.748555806964332005e+05
6.142628323595587863e+05
4.756245565080731176e+05
1.195836661772539665e+05
1.654040341202749114e+05
2.802463633252822794e+06
4.055707123840034474e+05
1.086136425466934219e+06
2.609798202467883530e+05
3.220027370771924034e+05
1.571867693993143039e+06
2.732820786845177645e+05
2.074566918945749057e+05
1.906860096290016314e+06
1.336554474879778922e+06
1.160068792641739565e+05
2.889409464556002058e+05
2.199846692631003680e+05
2.417553811225752346e+06
5.368513378249448724e+05
3.394348338134228252e+05
6.172552507149871672e+05
3.654381572837479180e+05
7.483264392069747555e+04
1.509617144835982472e+05
1.846217525281052804e+06
5.318836623789884616e+05
7.753064521175788250e+05
1.301966240228525421e+05
2.126627720395512879e+05
2.100164397586306091e+06
1.778906142821520916e+05
9.547616760567489837e+04
2.390972073727755051e+05
8.143746845213719644e+04
1.659252042824533302e+06
2.415475842754126934e+05
1.962422341313866782e+05
1.822410434767565690e+06
1.311707002545762807e+05
1.978366809465714614e+05
7.734156093534561805e+05
5.601293139696163125e+05
5.897115119521990418e+05
1.031981475648783235e+05
1.055702740330852801e+06
1.509184515578359424e+05
2.901811394897749415e+05
9.653545796629205870e+04
6.204290754311995581e+06
1.753499553829961806e+05
1.456682960404425103e+05
1.131435028772313854e+04
2.803223785010105348e+05
2.859892433839123696e+05
3.209809105017789989e+05
7.255348776707901561e+04
1.583008410017848364e+05
1.809562090635943692e+06
1.112047969161541201e+06
1.048341064524061163e+06
1.182782326346715447e+06
1.901209391978447093e+05
1.381192217236223514e+05
5.875705308121695998e+04
1.233730329041747900e+05
1.988777947305619891e+05
8.331980285116060986e+04
1.022595523053952202e+05
2.755334633244048455e+05
7.355445971645835380e+04
1.613484264676971943e+05
1.612027828442947939e+05
1.686154790093817748e+06
2.681012876044861041e+05
2.891623277790168067e+05
1.220389767728640436e+05
8.647835072837867483e+04
3.401679567380907829e+05
4.201163172719065333e+05
1.838437490846362663e+06
1.721155839672080183e+05
7.669093641036673216e+04
2.699152811457872158e+05
1.908051084646293020e+05
2.409163643310289772e+05
5.644917539001391560e+04
2.353043901515048055e+05
1.824513592852129077e+05
1.449018326134273957e+05
6.194943882788405754e+05
1.474705974884841358e+06
1.378845560022950405e+06
2.055146642658504716e+05
4.065099688161135418e+05
7.050347417569532990e+05
4.745973486302520032e+05
2.400131918436283013e+04
1.546540512892155966e+05
2.343924670947937993e+05
3.924389250444268109e+05
6.627353246292994590e+05
1.095870905874820310e+05
1.483093401644273428e+06
2.603749656916401582e+05
4.815537034400833072e+05
4.441136869266053545e+05
9.995153109830509638e+05
1.471788999705512309e+06
3.190153215223723964e+04
9.146910817368485732e+04
8.578876842256306554e+04
1.608606359493760101e+05
4.417985320519039524e+05
2.144581896042742010e+05
2.064655448780572624e+04
2.549747653178652399e+05
4.812216688482866157e+05
1.959440160197371733e+05
1.456319973907510284e+06
1.260456151794962498e+05
8.825093893551598303e+05
3.591680090890911524e+05
4.750236198408524506e+05
1.645919129788033897e+05
5.052024254711408867e+05
3.259277716909602750e+05
1.388570716819954105e+06
5.563934395597841358e+05
4.387527157186433324e+05
1.817208378401415888e+06
9.366226603824996855e+05
2.858598997390453005e+05
2.562069553348488989e+05
7.488033121682351921e+05
3.602021697928067879e+05
1.444947050538794138e+06
1.531055912891221815e+05
1.135988980163650820e+06
8.042777344773572986e+04
1.669960732414543454e+05
2.098579816673507157e+05
6.802037271570548182e+05
9.297474590242744307e+04
2.170297476805367041e+05
8.349518286761984928e+05
3.776563060412863269e+05
1.063159265003121458e+06
2.394748157609855291e+06
5.347283936513486551e+05
5.421753826561606256e+05
