2.181963817281744559e+04
4.069250788095499738e+05
1.422018538036257029e+06
1.101521254045053152e+06
6.632083438431888353e+05
2.861063386852299445e+05
6.169612315100595588e+05
4.786486908352224855e+05
3.686864538179265801e+05
8.203171917233959539e+04
5.966128718598600972e+04
3.123349664624705911e+05
1.800488725197892636e+05
3.053711719851337330e+04
1.789666733615150733e+05
8.597412120275341294e+03
2.708644809390183073e+05
1.101998436315596919e+05
1.436011708868205606e+05
2.974673726417636964e+06
8.414468644234746171e+04
2.904404663758121387e+04
1.310686306274516974e+05
2.940478207466008025e+05
5.610208536499477923e+05
5.724831597086912952e+05
1.589332163915565761e+05
9.720542877631213923e+04
3.069687480311392574e+05
6.382181049608805188e+04
2.082376943463323114e+05
3.513800990136390319e+05
2.374054879778488539e+05
1.091999646692263428e+06
8.797209170286402805e+05
2.030088671594967600e+05
6.852333873479462927e+05
1.215293379119723802e+06
1.289372361279851320e+05
5.257777666678441456e+05
9.138456573170633055e+04
3.097401951042304863e+05
2.978685874007851089e+04
4.262235133092722390e+05
2.777355162322413526e+04
2.674488235358770937e+06
1.382376718579228909e+05
3.074532341695140931e+05
3.425580634830481722e+05
8.816088112586835632e+04
4.924285477243225323e+05
6.571851053329627030e+05
9.860361404372540710e+04
1.135638307143086102e+06
7.333448998785413569e+05
5.970988681381618371e+05
2.763284169966290356e+05
3.774749504841874004e+05
2.078533749313593580e+04
5.255059875917955069e+05
5.011445962308440357e+04
6.903468497627201723e+05
1.468691343389621179e+05
1.134616225529028598e+05
1.145156549383302685e+06
1.710727600402866374e+05
7.384668095282149443e+04
2.831749398224217584e+05
1.896432513264070149e+05
5.878160051937970566e+05
7.624640826637079590e+04
1.248402499569582142e+05
1.706860608676527627e+06
1.339746662531866925e+06
2.866502911900756953e+04
5.737602952092324995e+04
8.866398814672882145e+04
9.893271919115827768e+04
4.591907089612411801e+05
6.204893440095444676e+05
2.935313049924292718e+05
2.773932652663803892e+05
4.559402751469456707e+05
1.795395514447274763e+04
5.756223440135712735e+04
5.898579694281398552e+05
5.386568062982446281e+05
4.692754050643055816e+05
1.142460127411897702e+05
1.021867192975086160e+06
2.749446744556570193e+05
4.818352486734603735e+04
2.449469403094775626e+05
4.788218083384297206e+05
6.540970078204042511e+05
1.369146399684877833e+06
8.268219755061183823e+05
7.840421747124055400e+05
1.404236907284782792e+05
2.858088374770719092e+05
2.344688004989232868e+05
6.981011832406251051e+04
7.692862471676687710e+05
4.581645268849161948e+04
4.337291097016189451e+04
5.914528590881065466e+05
1.739569930406939238e+05
1.059381028921982215e+05
1.503607227603468054e+05
7.837861113065427635e+05
5.076647095333370962e+05
3.815348166144950665e+05
8.352527208741435315e+05
1.524690279841934971e+05
2.696039369350204943e+05
4.630150988099505194e+05
1.553353707800334087e+05
6.694634413622054853e+04
1.231987767970499350e+06
1.979240990551160066e+05
6.841935223418833921e+05
1.166293651883987244e+06
1.787932791266087443e+06
1.665414339672437927e+04
2.384238319326832891e+06
1.297925673271964333e+05
5.205732817323144409e+05
1.490258378860311117e+06
2.549931001337112859e+06
3.905996001204653876e+05
1.297443701024626149e+06
3.586532024670709856e+06
2.034820149431652389e+05
3.194146430099240024e+04
5.189569002085421234e+05
2.415845135787765321e+05
2.483732783681974688e+05
5.140899113100832619e+04
2.352947483071251481e+05
3.017594913650167873e+05
4.367721502295903047e+05
9.243286273625445319e+05
3.054504025557307177e+05
1.977630512936659507e+05
6.493270965663839597e+05
6.487759206616698066e+05
1.026457364259990980e+06
9.236223999171887990e+05
6.320746740034385584e+05
7.892323034105098341e+05
2.483635770478214836e+05
8.215700049237257917e+04
4.933844953761718934e+05
3.123533957602708251e+05
1.170047652475135983e+05
8.249079565650479344e+04
3.275881847367088194e+05
4.576099820379949051e+03
1.522553189613307768e+05
5.198041796875317814e+05
5.374964130885501072e+04
1.810229399745787669e+05
7.713390272978281428e+04
1.386824933614721755e+06
1.409539010792565998e+06
1.303211335235546110e+06
4.338927595447672065e+05
1.157369186755394767e+05
6.704635483834774932e+05
2.594829176360513666e+05
1.689834336372063262e+05
9.686700427689220523e+05
4.551902165456825060e+03
3.380125940541534219e+05
6.352715417492145207e+05
5.426578450471851102e+04
2.544216994101576274e+05
7.705536983953289746e+04
3.103011691360562108e+05
1.290754456778644351e+06
7.953031507934592082e+04
1.574551312550727162e+05
2.311125922121705298e+04
3.310812343146273866e+06
2.411912456598329358e+06
1.486228217300436692e+06
6.105671986621697433e+05
1.207613793000874284e+05
1.604443588924623618e+05
2.321296246299364429e+05
5.282011221011264570e+04
1.526089257581488928e+05
6.770268874073124607e+04
3.180916045286380104e+05
4.326522802370388526e+05
8.999328804129215423e+05
1.226279997325594886e+05
4.689178621707365382e+05
2.542528745236063842e+05
1.238382115732039558e+06
2.242735894593184639e+05
1.417369704320229066e+05
4.415318447869404918e+05
1.833797153089422791e+05
6.266740639416769845e+05
2.651899389319475740e+05
1.070611930714172311e+06
2.125904662318438350e+05
8.862073005122752511e+04
3.976104769350597053e+04
5.804677469602547353e+05
2.118978116920721252e+06
4.677105753609656822e+05
1.145460780985605903e+06
2.239540413241307833e+05
6.763018621120092575e+04
3.747635574191685300e+05
2.175529935642208729e+05
4.086738776905794657e+04
1.278874683466159913e+05
3.239326837775949854e+06
8.286454733452168293e+05
1.395600531259880227e+05
4.063630888881275896e+05
3.091140779400637621e+04
2.741638495991820237e+05
3.199285780584834283e+05
6.405013469660500996e+05
3.663301975655568531e+05
1.394053891019804287e+05
3.776776791250502574e+05
1.032358238716291817e+05
1.373770611369578168e+06
7.505568887687287061e+05
1.612870162065927288e+05
3.115226391227804706e+05
5.056140328507069498e+05
2.790570668155784952e+05
2.428603076301098918e+05
1.819454040910838812e+05
5.358177101165299537e+05
8.239725210582477739e+05
1.478754309389010596e+05
1.273401383999940008e+06
4.141917792302857852e+05
3.284881196725107729e+05
5.555632798831868422e+04
9.260584379454146256e+04
1.849232256068318966e+05
1.391084955299916619e+05
4.634169250634175260e+05
4.005759083075622329e+05
3.556763486669065314e+05
2.131203069616825087e+05
5.132065418155362713e+05
2.053121057156422758e+05
1.339661477430125698e+06
4.807325642691141111e+05
3.657562553562785615e+05
8.865082474864367396e+04
1.539184276604469051e+05
6.847975475636870833e+05
1.458793137993984856e+06
1.667773621491707163e+05
6.228774818430218875e+04
1.163840584292707266e+06
6.843813501417576335e+05
1.522858716133230366e+06
1.538021293151595164e+06
1.104594463968523080e+06
2.508950142020588974e+05
5.583706750588401919e+05
1.504551072713731322e+06
2.150370994860672363e+04
5.921605051484062569e+05
4.908016530820237240e+05
7.016706634979173541e+05
3.662259858658577286e+04
6.619632255054681445e+04
3.810969216137257754e+05
8.377463946146388771e+05
1.207416398743838217e+05
1.565707627277332940e+05
3.902824595351188444e+06
8.963041659959850367e+05
7.453795424342364640e+03
3.071667061082634973e+03
4.521544464852681849e+05
1.351782580031969585e+06
9.562476952908210456e+06
1.777170432228235877e+05
4.596425490835976670e+05
5.731076859217554738e+04
1.532452962821510446e+05
3.212072124154552002e+05
2.556311295448676683e+05
3.363529009153060033e+05
1.848267536027328752e+05
4.130717898257582565e+05
1.508006592916330323e+06
1.648030573409772187e+05
4.935983070611067233e+05
5.210939148668397684e+05
1.188482963958453387e+06
4.130762564802091802e+05
2.695225572937888210e+05
5.526683789726676187e+05
6.350868773760371841e+05
1.420667384395903500e+05
3.061827931389263831e+05
1.278119559513438726e+06
2.075351281512679416e+05
3.124798282203687821e+06
2.033770338561342214e+05
2.934004584245695150e+05
4.274339287598027149e+05
3.863414886134771950e+04
4.319510304464154178e+05
4.588769880073302193e+05
2.817347024096092791e+05
2.940941845495974485e+04
7.031716071157418191e+05
9.089610469738721440e+04
6.576841939428523183e+05
1.972728599137293349e+05
1.158513750698905933e+05
2.021382179794850061e+06
9.856062542544178432e+05
4.302015623826195952e+05
4.542109208742884803e+05
2.458243101517360657e+06
5.705289378235391341e+05
1.151999267394769238e+06
8.173130529217226431e+05
9.232320597107430513e+04
1.888269861581011908e+06
1.491666297613859642e+05
4.442812216766719939e+05
2.300032656563225901e+05
1.654139770437588915e+06
6.043774524517757818e+05
3.960231884526960202e+05
4.313551980033101514e+06
1.147348942863998527e+05
1.736258583849129500e+05
1.930861729475019674e+05
5.448461518814802403e+05
8.037607624901522649e+04
1.976876126081150724e+05
1.676351349388992239e+05
4.211344178284562076e+04
4.156767201075333869e+05
4.705080937047046609e+04
9.475321555591514334e+05
3.758460733967089327e+05
7.878565684147238790e+04
3.316070951916362392e+05
2.016098206152000348e+05
2.587044729185246106e+05
3.573117147618287127e+05
2.786501623940771970e+04
6.251358536243953276e+05
6.000821690950950142e+05
1.224316853080798610e+05
1.106584881982363731e+05
4.988334962454539491e+05
5.008050259235789999e+05
3.075220668354029112e+04
4.656036531014077482e+05
1.012306074487240548e+05
4.590242214514547231e+04
8.505263257795801619e+05
8.322663923277154099e+05
4.853107994835719583e+05
4.838639060637775401e+04
6.230155644719748670e+04
7.119516283844252757e+04
5.008779004224264063e+05
1.910322380561092868e+05
1.232318447369172703e+06
9.921929716107436980e+04
1.403979415697520599e+05
2.020991076556628395e+05
1.682167571378535649e+04
9.383864081113664433e+05
2.515695382149773068e+05
2.042860781344575516e+05
4.251750244104003650e+04
2.465641837832615711e+05
8.021389722024966031e+05
5.522513953392574331e+05
3.074392613350682659e+05
1.603801032987156184e+06
9.046044922449691512e+04
3.159276150808067177e+04
8.019028673719309154e+04
7.033598029891814804e+05
1.641890185300964164e+06
2.005075862744661572e+05
9.752417807616530918e+05
6.330676274013963994e+05
8.848699485188041581e+05
1.740556168725794414e+05
8.337793747467151843e+05
1.921643739254850661e+05
1.166951840750492920e+04
3.180867909166893805e+05
7.007301596847194014e+05
1.202720962108269596e+05
6.380980805515780958e+03
9.746865838570176857e+04
8.683196106901095482e+04
2.747221613375865272e+05
7.233382666935162852e+05
1.151371878752899211e+05
8.444960869808138814e+05
1.661116281247152656e+05
8.075599940529706655e+05
2.042761473628321255e+05
2.845860977139414172e+05
4.076144659708658583e+05
2.426619675739446029e+04
1.911078945110380009e+05
3.133954400466163643e+05
2.610090512354179009e+04
7.928303872766038403e+05
1.942251214516710606e+05
6.182500395415400853e+05
4.082701304927916499e+05
8.229328719673383748e+05
6.298836568241504719e+05
1.429323350049725850e+05
2.997326801809351891e+06
6.984901788852673781e+04
9.014299840615592257e+04
1.128874058321769553e+05
5.692086649157637730e+05
5.063950920845753280e+05
3.308062375004622154e+05
2.262768278424892575e+06
1.477475844455568586e+06
6.353174917882798472e+05
2.360498522586555628e+05
7.564967661137627147e+04
1.037215548802711768e+06
1.075147613260699902e+06
1.297519530193214305e+05
5.880133514369436307e+05
7.474968770514534845e+04
5.029353585118229385e+05
9.629301686263300944e+05
1.153034899874877447e+05
6.656087771018600324e+05
4.263052458531969023e+04
3.996165083537165629e+04
5.600996227516832296e+05
1.528565429268456064e+06
1.339121066513331025e+05
2.231568727831082884e+06
2.715954954175776802e+05
3.438798205527722021e+05
6.757714587528998964e+05
1.224698450013868132e+05
2.572380882077912102e+05
4.812627035535631148e+04
4.942310571692678495e+05
2.379992859902431082e+05
9.467136180221283576e+04
2.688065776904593804e+05
2.356920783570379426e+05
7.791585505198550527e+04
1.347465271350395924e+05
1.597621130715442123e+05
2.785463371478746179e+06
5.701613831540592946e+05
1.145921101559414965e+05
6.436610219039823278e+03
4.808765978437894373e+05
2.843661919854893349e+06
5.285636752373564523e+05
1.965134773855074076e+06
4.856146048144558445e+05
6.000830706737128639e+04
1.886555490007699700e+04
2.228550529761315556e+05
2.603829761253312754e+05
4.336964092188625946e+05
2.866785942767751985e+05
2.077089931965958676e+05
4.867612289716200758e+04
2.087673078267076926e+04
6.670672219753362006e+05
5.476496717853345908e+05
1.372251877980144054e+05
3.829106919586910954e+04
1.464882789704945637e+06
2.266699669344931681e+04
4.930634757707148674e+05
2.142411349912350124e+05
4.045583291879874014e+04
2.498223168282883998e+05
7.643222106857797189e+04
4.948786268311045133e+05
2.114231648591400299e+05
8.978344303946317814e+04
2.599771959985114881e+04
1.438781246633582981e+06
8.516691427499912679e+05
2.813572741891730693e+05
6.015339674767562246e+04
5.436263632015916519e+05
2.169579961126060807e+05
1.045270384454238345e+06
3.077829495135747493e+04
2.066933855409658572e+05
1.072990671139154583e+06
7.117766814156594919e+05
2.963235883846901124e+05
2.554335894941654988e+05
3.801381727309988346e+05
5.965370314587039175e+05
1.092533385085024638e+06
1.243072748491785460e+05
2.549251580127351335e+05
9.392938229277777718e+05
2.014360335110126180e+05
1.050569996000632178e+06
4.717578163569920580e+05
2.002569708676731971e+05
1.666417530166065553e+05
1.098768353218534758e+05
1.977031655615457334e+06
2.902771744427193189e+05
1.482583225691300759e+05
1.192474854007978924e+06
4.750901912072487175e+05
2.203449980368220422e+05
9.981897097712568939e+05
1.211958820500455768e+05
2.174813553693508147e+05
3.543380608872587327e+05
5.006006543399822549e+05
4.922022208365899278e+05
1.629410493672607699e+05
2.271492279454810196e+05
6.952127708145871293e+05
7.321972417061782908e+05
2.682414149539429927e+05
2.789020487309780583e+04
3.653189185197423649e+04
1.503433133475106151e+05
1.023295739837886766e+06
1.536834889773029368e+06
2.627619662473104199e+03
5.234810151655073860e+05
4.915346288081512321e+05
1.441015411908480746e+05
2.114509545738269298e+04
1.473675689917403215e+05
8.016265537436471786e+05
9.789523061551239516e+04
4.551310409086534055e+05
2.436694360109989997e+06
1.995356630824027350e+06
1.407829384263807151e+05
4.118239952566928230e+06
1.286961750184941338e+06
7.515286887986386137e+04
6.158278763748309575e+05
2.435658770173673984e+05
9.997885587006037822e+05
2.490994215392412661e+04
9.269002553107441636e+05
1.398644538956290053e+05
1.449329592215081910e+06
7.044060392934875563e+05
5.427403479157723486e+05
7.969151747422070184e+04
4.544206575335173402e+05
3.695873079520720057e+05
2.394662183463920155e+04
3.277340216560573899e+05
5.612237777260728180e+05
6.419343944580202515e+04
3.290859889260409982e+05
1.734026670220971937e+03
6.446000580765518826e+05
2.117878119112185203e+06
1.957328933589032094e+05
1.464358530339344870e+05
1.177653162383062299e+06
4.525262181887204060e+05
3.347085498571388889e+06
3.433991019212304382e+05
5.432646145999326836e+05
1.692735115634161339e+05
1.031548685633692890e+06
5.871016256817786489e+05
5.311323046132994350e+05
3.475375097371414304e+05
4.217861222255341127e+05
1.301428246691578097e+05
5.708003693182027200e+05
4.091646335104036261e+05
7.542388197313768324e+05
4.115063140528748045e+05
1.022947794444106694e+05
1.550819851468186243e+05
2.397644441646993509e+05
3.689886176098667202e+05
4.791399326880383887e+05
1.336518481857297244e+06
6.093222425317910966e+05
6.408145976275266148e+05
2.993098913442749836e+04
1.377283693516188068e+05
1.046274499819743360e+05
1.258051300902208750e+05
4.309447385899673827e+04
7.623782931215754070e+04
4.668420537984506809e+05
1.522326365242036059e+06
7.643581148146388296e+04
2.591091163294067956e+05
6.235605808728117263e+05
6.294209458140926436e+05
3.288109800664569484e+05
3.744843771007703617e+05
9.228344663121998310e+05
2.009170268816579483e+05
5.281213493066702504e+05
1.262087432410617126e+06
2.707209176041557221e+05
5.635961397134709405e+05
4.019044112778344424e+05
6.164309125092851464e+05
9.973899691467919620e+05
6.418651141004669480e+05
2.960753537150748307e+05
1.680565314628312190e+05
1.342345040106414817e+05
4.946432572905860725e+05
3.273871448190509691e+05
1.510857365994200809e+06
9.225218518340215087e+04
7.079156662109369645e+05
1.307329579893452028e+05
1.025577966387773777e+05
1.660444546189477667e+06
1.839070999234508199e+05
1.947075993231854809e+05
3.477553119744257419e+05
4.796247712041960767e+04
2.602526986870357767e+06
3.886733330925571499e+04
1.176136226202869555e+06
7.332551979275973281e+05
2.525734492014249845e+05
1.107016233949766960e+06
2.103674171805254009e+05
2.642496412598702591e+05
7.883253200969926183e+03
1.013557779579341877e+05
1.329783991747845430e+06
2.752396182196258102e+06
1.658146714314688928e+06
1.199506846105038858e+04
5.786653205553628504e+05
5.678227658814507537e+06
3.090566413928065449e+05
5.871589336004174547e+05
1.001260496792446065e+05
1.637356054361572315e+05
5.197130913260618108e+05
7.524713688275226159e+05
9.945231571372759936e+04
1.275813067621443479e+05
2.849712172179108602e+05
5.876814060535216413e+04
3.496184937108210870e+05
1.325774098062929697e+06
1.281619560199264670e+05
2.650234590059448383e+05
3.712322228148332215e+04
9.767771845337522973e+04
3.475134846712333965e+05
1.651633739322419278e+05
2.104026042907943192e+05
9.835380528655499802e+04
7.637940359009400709e+04
3.534949286757032969e+05
1.665922860400596401e+05
7.399993302267349791e+05
3.522529412383860326e+05
3.093962649060257245e+05
3.044304340786238317e+05
4.109836943295357196e+04
6.260398366424480919e+05
5.911333395945421653e+05
3.541552724184872350e+05
8.324159328063052089e+04
6.092974794750708388e+05
7.521595390821808542e+04
5.182537366174070630e+05
1.825968849361239118e+05
1.635889547544283560e+05
1.533684949196758680e+06
1.060211290173843154e+05
1.972869409333135700e+06
1.391800613712131279e+06
1.811108439867219655e+06
3.422218832582597388e+05
4.530137213834147551e+05
1.343249165643114829e+05
2.098999990264417283e+04
7.098203390873806784e+05
3.703784459538331139e+05
3.575724216077778488e+06
3.225472199680116028e+05
1.083710831292790128e+06
1.146989458648474421e+06
7.231871944072846090e+05
3.407487717129972298e+05
4.368669184905951843e+05
3.010765136270368821e+05
1.631939498893441632e+05
1.276365701528110512e+05
1.100735252924444387e+06
3.899551077516123769e+05
7.415785426115042355e+04
9.930141087843391870e+04
8.116606679928308586e+05
1.425228003285216691e+05
6.853071003162187990e+05
5.125230912117107800e+04
8.886944000381085789e+04
4.418518549365198123e+05
6.056142092081457376e+05
1.892292253328991646e+05
2.900784066436504945e+05
9.405566298915448715e+04
4.869566729977285722e+05
4.263944770708609140e+05
1.359495043479194632e+06
3.175119906337138964e+05
8.945034324831378181e+05
1.024291540079889819e+05
2.055249702722388902e+05
2.876919936000437010e+05
4.505097071470660740e+05
5.749245290564189199e+05
4.522505818148417893e+04
7.953588116987222747e+04
3.239147387961672503e+05
5.001488217330049338e+03
3.357064578332453966e+05
1.638529973026682565e+05
4.806999240549114766e+05
1.554246097661733802e+05
1.370849599194344191e+05
1.436511440004110103e+06
5.120071422563719534e+04
5.490270370437038364e+05
2.261044997389887867e+05
8.393356753488668473e+05
3.403290916913156398e+05
3.376117431152110221e+05
6.336117857523589628e+05
1.325266033589177823e+05
4.873027034123897320e+05
1.185712423319567926e+06
1.547772308725177427e+05
3.773357233230218408e+05
1.853760784808844794e+06
3.064131893064351752e+05
2.814318773748326348e+05
7.186019138221981702e+05
2.455976452327822626e+05
2.273655833774596686e+05
3.678091872907926445e+05
1.901119570351410075e+05
3.375711195134105626e+06
3.817983129598529922e+04
2.478832901449847966e+06
1.588723492899277480e+05
1.126406787359986687e+06
9.313150262498081429e+04
8.119659993511437206e+05
4.159439194131636177e+05
1.880353279364216607e+06
1.394700256529658567e+06
6.292613330869862111e+05
1.232138475817910861e+06
4.087617577307195752e+05
2.853911183276179363e+05
5.267871331469349388e+04
2.637560274248088244e+05
1.982604378730398021e+05
1.172864091026782698e+05
3.438347839708850370e+04
7.332029161596526392e+05
1.905386693023371045e+05
2.579590959839600546e+05
1.951860676961277146e+06
6.782142043057031697e+05
6.109088273834623396e+05
5.967878158059697598e+05
7.334376359840065707e+05
6.772765739126759581e+04
1.728614959056513151e+06
5.373614475812627934e+05
1.251287126359049464e+06
9.318847363858128665e+04
1.736609254288617012e+04
3.311301464024690795e+05
9.729602188511961140e+04
4.553587461999148363e+05
1.385978649290692993e+05
1.090773565553884720e+06
4.185027072645527078e+05
8.888022367957269307e+04
5.007366898294452112e+05
3.156137151252569631e+06
2.735757114437458222e+05
1.311465301545726135e+06
2.706201444564065430e+06
6.032654088375482243e+05
1.910492868026538054e+05
4.270986841083437903e+05
2.425057502008092590e+06
1.928160741892181570e+06
4.866414896976901800e+05
1.539162010218572104e+06
4.769645786087252782e+05
9.366895409498689696e+04
3.856136257641622215e+05
1.881094080867763550e+05
5.033337849932115641e+05
1.288752043951081869e+05
1.808336499235101510e+05
5.569619224708079128e+05
1.029113443430698826e+06
2.389916645117277221e+05
1.855427480037082569e+05
4.026463669104215660e+04
8.491316374515279313e+04
3.650360603992818506e+04
8.984134595798938244e+04
2.844292243591186125e+05
8.530746376465534559e+04
1.092078579903201608e+05
7.673585196201284416e+05
2.359906477746584278e+04
3.568893520717592764e+04
2.342685314691498643e+05
6.144152799714420689e+05
8.055852851311374980e+04
6.194516220137543278e+05
7.650064237072168908e+04
4.374592099699295941e+05
6.785278166058271891e+05
4.993723035623271135e+05
4.637211055255100364e+05
4.568441630553422729e+05
1.647465596988450270e+05
7.653629355342150666e+04
8.677427696109491808e+04
1.001365225734622218e+06
3.855999797986763297e+05
4.378591567089157179e+05
1.199465868562304240e+05
2.253640804070062295e+05
1.456093402815434965e+05
9.316172924821281340e+05
4.389543822436434566e+05
8.047533855884052173e+04
1.840450225442057999e+05
1.985926281684489688e+06
1.011128188275976718e+05
1.002183270946937613e+06
4.377938080492249574e+05
5.872281349080005893e+05
3.650192912760497420e+05
8.859233762666617986e+05
8.474577293157064123e+05
3.471530058000985300e+05
5.829373956082914956e+05
1.896680992695853638e+05
1.192170384312924929e+06
3.525341076161555829e+05
2.672690156723759137e+05
3.804329803849387099e+05
2.162019324687137734e+06
3.962422255080201430e+05
1.806036742526335584e+05
8.292787186636035331e+05
5.405989181407045107e+05
3.411361058307632920e+05
1.765540356350894785e+06
6.959801276340141194e+05
1.298650478596696667e+04
9.603342604922039754e+03
2.847868844356199261e+05
2.730138140148254461e+05
2.412225228702636086e+05
9.856164816040248843e+04
4.736053720327185001e+05
5.002797917555330787e+05
1.431841312918495678e+05
4.716597353652318940e+06
1.539498437824243680e+06
5.262336795854537195e+04
1.383861742541493732e+05
2.326415139333824045e+05
5.594912015233503917e+04
1.143862543957889720e+05
4.958182757467441843e+05
2.120988499787494075e+06
3.955867347876476124e+05
6.286853639635064173e+05
8.681580845052598743e+05
1.572099353453818767e+05
1.811253170428917510e+05
3.822950636710568215e+05
5.815946475031826412e+04
1.821422551909882750e+05
1.762737535981615656e+05
1.435255227358924691e+06
1.515676644423576654e+05
1.685857108686577412e+05
2.775470477502151625e+05
8.828615695901331492e+05
5.788712603350419522e+04
2.176677794087330112e+05
4.075833514781294507e+05
1.032399808859693294e+05
2.079213642729684652e+05
7.522514961601691321e+05
1.583241044285076205e+05
1.134421037056207715e+05
6.506974227143061580e+04
3.094940156887250487e+05
2.011333915725267143e+05
1.284459785324014258e+06
4.695913453919899766e+05
4.836579978192030831e+04
3.030698808625117526e+05
1.488648272201814922e+06
1.830795941941901809e+06
1.566967304122850182e+05
9.156727840633948799e+05
1.716751936892796366e+05
8.927348437204497168e+05
3.752956864361938206e+05
4.346393725656749448e+05
3.712258152805133723e+05
1.756670849892690312e+05
3.889696690498096723e+04
4.387230289431042038e+05
4.926622328911559307e+05
3.366212872593319626e+05
2.001763407826927723e+06
2.240258365687958139e+05
1.092895266483473359e+06
6.092940029228698404e+04
1.469068968713993308e+04
3.522845671425721957e+05
5.044877059058889863e+05
4.791571185389909078e+05
7.973842041109628044e+05
1.754954208807058749e+05
9.425080062259042170e+05
2.099609959477807861e+05
8.335574078684505075e+05
3.550734156287334627e+05
1.448888828655563120e+05
5.051742823960056994e+05
1.296477159828922886e+05
1.066407691621581325e+06
1.016391603783501341e+05
8.906666024703541189e+04
3.901152786810057296e+04
2.307849767686993582e+05
7.306311587986048544e+05
1.538744920941298187e+04
3.714321472797930473e+05
2.475798716512052633e+05
5.249087367218865547e+05
2.109803001471438620e+05
3.103863964447484468e+05
1.991053826982227038e+05
2.326189055951400078e+05
4.372427064779903158e+05
1.076019068001052830e+06
4.304823322205024888e+05
6.927492841336159036e+05
8.655685325419079163e+04
9.515952538567701122e+05
1.111240270183556713e+05
3.842325029556816444e+05
1.784562523586679599e+05
1.440157506923328037e+05
3.792146888485157397e+05
2.301693209773229901e+06
8.550120499696264742e+05
1.038245952167577809e+06
6.247797160814427771e+05
6.869531877564832394e+04
1.462424269815853098e+06
3.217901313099954277e+05
1.005672615491429111e+06
1.246889891889243445e+05
5.036757468748803949e+05
3.106062522509093396e+05
5.276186421614687424e+05
1.419290761254485369e+04
6.750347345707403729e+05
1.610184983344789543e+04
6.882772534734749934e+04
7.965239088403638452e+05
3.727232278377199691e+04
1.152056767231090635e+05
6.910113657496344531e+05
3.064736972699923208e+05
7.015804707273629028e+05
2.784406285998563399e+05
7.382297455035087478e+04
1.613060094502169639e+06
4.315890351990218187e+04
5.025335724063338130e+05
1.812967112327420327e+05
3.763973618920756853e+05
1.052716951399347512e+06
8.242717510702732252e+05
1.977480331587487308e+04
1.370997827722881688e+06
4.017834729032824980e+05
4.705596184094155906e+05
3.461012399046537466e+05
2.267895107446322800e+04
1.319963722565039061e+05
2.590531837985082238e+05
1.935121251071941224e+05
5.057554750799124304e+04
1.524193575892696856e+06
5.013412838570821914e+05
3.579088958179656765e+05
3.513914422112490283e+05
3.623838255444592796e+05
5.237995327912369248e+04
7.123294617569422349e+06
4.637648849517655617e+04
8.676768109288172855e+04
1.840321118278013309e+05
5.563448260384517926e+04
1.096566765450519044e+06
1.320386217857820739e+05
1.303768453303811839e+05
1.069201108020246029e+05
1.154201728291008854e+06
1.245573627597037936e+06
6.294177655374769820e+05
2.026107825748478528e+06
1.423133838361198141e+05
4.716650817120734137e+05
3.618819604723586235e+04
1.622210962369957415e+05
3.219800828779001022e+05
2.098401586669235257e+05
5.710070350958651397e+05
3.738183023914942984e+06
4.404929113766347291e+05
7.137594821408122079e+05
3.036947814652131638e+05
3.102258937294150237e+05
2.258765523631539254e+05
1.335298805069688933e+04
3.755713088515522395e+04
5.669121009472094476e+06
2.464629739222320204e+05
1.974211533627307508e+05
1.735110112089049362e+05
1.430788052480899729e+06
7.393066523501791526e+05
5.983545363175229868e+05
4.375897108543729410e+05
4.374683484163552639e+05
1.607840023488053412e+05
2.650180956436151755e+05
3.828312779713549535e+05
4.952055302164005116e+05
5.288127880053023109e+05
1.718455088812951290e+05
1.640097664611916698e+05
5.109200711938026943e+05
4.668400913180386997e+05
4.576217448304808931e+05
3.967624400638242951e+05
2.307533182258213055e+05
9.259577350342154969e+05
4.276048065564343415e+04
3.644032801172412583e+05
2.321934409486444201e+05
3.221939323007788062e+03
1.291784527015833446e+05
6.408941392390061810e+04
4.758999830532273336e+04
1.071404428713643691e+06
1.208277465138416970e+06
1.341139121420939686e+06
5.803470625174025074e+06
8.452425904532603454e+05
1.971281918690509701e+04
5.885475072997331154e+05
3.681157202033392969e+05
3.519167577007865184e+05
5.982839804018706782e+05
3.397603573879167670e+05
1.844470377547726966e+05
2.498384757145749754e+05
1.629167318832803285e+05
3.412205577063099481e+05
1.947631121906979941e+06
8.781859594099669484e+05
2.576838302495938260e+06
1.429504989340982866e+06
6.806762918848014669e+05
4.405598346056351438e+05
1.739157333236429840e+06
5.274508441723469878e+05
3.766604129813433974e+05
2.043766035527907370e+05
7.619802193063589511e+05
3.999341563141698134e+05
1.557315522460573586e+06
2.796410617003625375e+05
4.045585173541597906e+05
8.530509633065037197e+05
1.607012273025987633e+04
1.643290804928666912e+05
4.808844512831959291e+05
2.271113035072812054e+05
4.762746228098820429e+05
2.322214298383325804e+06
1.288651431548105757e+05
5.175760968750097090e+05
4.550380923641680274e+05
5.826913911966435262e+04
1.521867191312387586e+05
5.153178777776989737e+05
3.958801309615151840e+05
1.145706920891262358e+06
4.407083950001143967e+05
1.867902506495017151e+05
1.231034006029622979e+05
9.094813875168198138e+04
1.011926201823861338e+05
1.079522597349984862e+05
4.842676950972408522e+05
4.765927588365492993e+05
1.571109326292344776e+05
1.045115310293619987e+05
5.644309571005768375e+05
1.444878121551257558e+06
5.029501214119267534e+05
6.576542614034548169e+05
1.255936733064970467e+06
2.393752834793631046e+05
3.829375798344679060e+05
1.119421507910391549e+06
1.400597814817508217e+06
1.601821059811086452e+05
8.125902645687829936e+05
2.008246933194368146e+06
1.008290977256006445e+05
1.221553893556285184e+06
1.638992879061901709e+06
2.297450397621011871e+04
4.627695675608208694e+04
8.548833098310497007e+04
5.538076765607248526e+05
1.947951832466353881e+04
9.743393443036025856e+05
3.050168892157988739e+05
3.262316009167185402e+05
1.118471562211303244e+05
1.904393262422451517e+05
7.753486651014131494e+05
6.873205333138053538e+04
1.050325278439634945e+06
1.277754710002518026e+06
9.477135217327965656e+05
7.230168404933060519e+05
6.376908995732306503e+05
4.301721447869958938e+05
2.436068537955034059e+06
3.254466210612094146e+05
4.470440301322017331e+04
3.357990012515667331e+04
7.534316809307797812e+05
6.689798187319938734e+04
3.005832055140035809e+05
7.910101141461546067e+05
8.070721948464276502e+05
3.378092209594361484e+05
4.255759819518074510e+05
3.069340889789560460e+05
1.364285065820699965e+05
8.137519497646125092e+04
1.740859734297844407e+05
3.928175573270691093e+05
4.766053252773162676e+05
5.158420796100689913e+05
5.446148034392669797e+05
1.395050217804090818e+06
6.015267812424165459e+04
2.420910430261792790e+05
1.587097028418076807e+05
1.254835201393148309e+05
3.103190284993460518e+05
6.379472148382446176e+04
1.742710194879578194e+05
4.772563804068853642e+04
5.748139264835618669e+05
6.618427925477764802e+04
3.027503894655962940e+05
2.255672647012153757e+05
1.291566801712065790e+05
3.830050710783773568e+06
6.121104246232310543e+05
2.507968682087587367e+05
2.634740420900713070e+05
2.813012058986884076e+05
1.488396539531392918e+05
1.430092862967925903e+05
2.739373720994975884e+05
2.412063766012732405e+06
5.837780739999304933e+04
1.518086858214096865e+05
2.029789328390464943e+05
1.413862738689605379e+06
2.740412300987835042e+05
8.143730856139335083e+05
1.228711422862194158e+05
4.877513423115960322e+05
5.866229554387485841e+05
9.856917834097172599e+05
4.907394198561849189e+05
6.655060208166099619e+05
2.874780805808889563e+05
5.313666676777112298e+04
7.158711830076745537e+04
1.425395035524217645e+06
1.078562357544824918e+05
2.509208684745455394e+05
6.863434046776875621e+05
3.141246503362513613e+05
7.154004194282036042e+04
9.168067788619683124e+05
3.444672402791688801e+05
3.960803625735308160e+05
9.998189126111813821e+05
4.421849880248636939e+06
1.452136796244709403e+05
2.249729162217089906e+05
4.495476625948126311e+05
2.510727287901247619e+05
7.303835312542562315e+04
1.442162609260698955e+05
4.471477704931718181e+05
5.181905584890227183e+05
1.234302741779464297e+06
1.546351967273872287e+05
1.450471238665805722e+05
2.541296713869252708e+05
1.958911743763537961e+05
8.083409735236776760e+04
1.266113252042194596e+06
5.251341872486968059e+05
1.303005043719981622e+05
1.532333871514498489e+06
1.637093261576244840e+05
3.251576251013705041e+05
5.594651110297138803e+05
4.396686471188217402e+05
8.436401996864543762e+05
5.612998799204342067e+05
2.104247865406023047e+05
2.476999531398330582e+05
1.548906310867693683e+05
2.049375257709710393e+06
4.711933856374559691e+05
1.360566917053798097e+05
2.201257502077037003e+06
4.708420972354500555e+05
2.511536901504522539e+05
7.480013962812511250e+06
1.638441017893085373e+05
1.575971358502974268e+06
5.574556325637457194e+05
4.409355243486053660e+05
3.193513886112591135e+05
6.964731241960742045e+04
1.786842053123198857e+05
3.183218123628977919e+05
8.565800537528442219e+05
2.230208409999359574e+05
1.141492136667249870e+05
9.749539167747154133e+05
1.275036648891232675e+06
2.222898083715681569e+05
1.889702407750045240e+05
1.220470124944300856e+06
1.958001348249224829e+05
8.810522134341225319e+04
1.320334159216709901e+06
4.171471432371645642e+04
1.291272787450901087e+05
4.697231818955038034e+04
1.535952013920464553e+06
1.622744419884005620e+05
1.001932560033924819e+05
4.786532132643637597e+05
1.811864662505036977e+05
5.603100836118247826e+05
4.100951340181683772e+05
5.298714948859813157e+05
9.256962424553156598e+04
8.213703146868254989e+05
3.325549151435923995e+05
5.173367011026177555e+06
1.080571660911219195e+06
1.468776957554243505e+06
7.580854672760815592e+05
7.071900825743988389e+05
2.927150141142760403e+05
3.036254487222436001e+05
1.925301575900589814e+05
2.371612980986951152e+05
7.369253402399465267e+04
1.615563469882060017e+05
3.152214453148202156e+05
1.833464519481543393e+05
1.809185256910462922e+05
2.810110411218163790e+05
3.711955694142904831e+05
1.354708554519991740e+05
1.060883290285919065e+05
2.139822797056908021e+05
3.077982483711057575e+05
1.817244402331936872e+05
5.058560409959614626e+05
5.844282396555484738e+05
2.964210360047603026e+05
3.414615987399749574e+05
5.437836623486450408e+05
1.594219211007754493e+05
9.390239582766022068e+05
6.342732637770175934e+05
6.330963539819173748e+05
1.959129802215745440e+05
7.031209848560907412e+05
3.737719125474982429e+05
2.071585367235719750e+05
2.813729651258470258e+05
2.538061637333609106e+05
4.645491159882357460e+05
1.115465149658125665e+04
6.503087608609918971e+05
3.156266040157957468e+05
6.346189439622072678e+04
1.366335045947126055e+05
1.209643552606580488e+05
2.433536996486030694e+05
2.524370305859706714e+05
2.517221950313261477e+05
2.417524319703512010e+05
1.207806960949807108e+05
1.183497139310375322e+06
6.440557933571186732e+04
6.908484424894412514e+05
1.445506296550132101e+05
4.871271994825181901e+05
8.293743498262268258e+05
3.006521976110883988e+05
1.434832686645551352e+06
3.104126604191605467e+06
6.931317911541458452e+05
1.319515368933122605e+06
2.567444964955970645e+06
4.151567896178047522e+05
1.247902613466422074e+06
1.753303828319964232e+05
1.415916680002865032e+05
1.934211130053256056e+05
5.672277866591591155e+05
5.655336738385168137e+05
7.412946890011768555e+05
4.844828406969598727e+05
7.708710144590802956e+05
1.767882747530534398e+06
4.033930124406113755e+05
2.959748114120990504e+05
8.249428083012844436e+05
4.235161205833863642e+04
2.915055408882949268e+05
2.463494636556238111e+05
2.006251715342187672e+05
1.814781159516188200e+05
2.883584408932455699e+05
4.955074408169567469e+05
2.948321447489237180e+05
2.218789746103626094e+05
4.288283475868069800e+05
5.634966211881614290e+05
1.914388543915256741e+05
4.287432868982348591e+05
2.268460496410600317e+05
6.770640555961513892e+05
3.013542706317038974e+05
2.230113303537059110e+05
8.036136738860358309e+04
2.285344276222719927e+05
1.327863471939943556e+05
9.825162002088576555e+05
1.148756335467087105e+06
5.741674728832967812e+05
3.153575685989143676e+05
3.819726211349121877e+05
7.658583844624785706e+04
2.440760215611348103e+05
7.456071310410441365e+05
8.179812230353620835e+05
1.172966838109176024e+05
6.270411901854605821e+04
4.186880611986550502e+06
3.726303741754695657e+05
1.855540308771852870e+05
2.072151730186576606e+05
2.889653389579671202e+05
9.420617993572798150e+04
1.333178527906002710e+05
1.581355604466526711e+05
2.463961188794208574e+05
4.544953655296154902e+05
4.067053687419788912e+05
6.696870005342476361e+04
1.053201198937651061e+05
1.361789749689380405e+05
5.002691895246891072e+05
9.572219721570037073e+05
7.220204413329244126e+05
3.177324243790569715e+06
3.894982206483404152e+05
7.549378128025075421e+05
1.036836482854974602e+05
1.153288444139009109e+06
4.357359199008261930e+04
1.785132623888278031e+05
4.134298943765197182e+05
1.096547851431278978e+06
3.049362658625243930e+05
1.269191443732306128e+06
1.849198435364920006e+05
1.347716141591418535e+06
1.052055899271145463e+06
1.629441324190674350e+05
2.739167528450685786e+05
5.491423773677650606e+05
4.766454097201751429e+05
1.275464042993167968e+05
1.725570969033789297e+05
1.042533786404248385e+05
6.018738048228340631e+04
1.473878887361772126e+06
5.643901261571695795e+05
7.453117591992149828e+05
5.143292608449194813e+05
5.504748942840239033e+04
4.981458393781111954e+04
9.762064652596510714e+05
8.349181971669915947e+04
3.917854040173161775e+05
4.948404143855260336e+05
1.102683263157813053e+04
9.343569472487869207e+05
3.887381764216471929e+05
4.565341938045606366e+04
5.439852146793396678e+05
8.474455383908583317e+05
5.055868371930716094e+05
9.159646012350138044e+05
2.453802188862813928e+05
1.122838758383847307e+06
2.751404695397755713e+05
9.134941266788794019e+04
2.182915300050492515e+05
1.937300106656728778e+06
2.671793496522948262e+05
1.041769114480769495e+06
4.239908016052122111e+05
2.685399468822624767e+05
6.065647448418592103e+05
1.378210151837154292e+06
3.241459920139698443e+04
5.577319081166764954e+05
3.720861693481040857e+04
7.849073741382089793e+04
1.010365981018644961e+05
3.991517731466660043e+05
2.141692742751237820e+05
1.495212886337742093e+05
6.592489172377552604e+05
8.316935051561030559e+05
2.448250451277174288e+05
9.881728210813509068e+05
3.614429945646896376e+05
3.878539792229796876e+05
5.866282120643985691e+05
4.546270580294371583e+06
2.872621806681928574e+05
1.023656869547480746e+05
2.706687729833886959e+06
7.069753710717144713e+04
3.104214478760430939e+05
9.234842525194258196e+05
2.200622056922117190e+04
1.813338158148659160e+06
2.268596666668048056e+04
3.242457597908464231e+04
4.303259936786066392e+05
3.689594426013424527e+05
4.294913422435387474e+04
1.846954721563730272e+05
1.393471725885772146e+06
5.015767224444831372e+05
1.438238463035717141e+05
9.117654227379935037e+04
1.523433306131510471e+05
2.293364578099462960e+05
1.163420365927801904e+05
6.742928003174568294e+05
2.264884987845715659e+05
2.764266536724764737e+05
8.350058283143483277e+04
1.367816144336262485e+06
8.087854447174784727e+05
1.322859790712515533e+05
1.349207740527619608e+06
1.012832041625163547e+05
6.726101834798790514e+05
5.065262630105534568e+06
4.859461818574398058e+05
1.318351756684857828e+05
3.585278423270668136e+05
1.682767963073814171e+05
1.120144681507859641e+05
1.912939376891759748e+05
1.627415625055842102e+05
7.654725114323868183e+05
5.510244973555917386e+05
1.344182825655457564e+06
4.920428895226247841e+05
1.909705219379705610e+06
4.101497692439386738e+05
4.496354864778453484e+05
2.700478446804177947e+05
2.102697035955516330e+05
1.537888946575575683e+05
2.308552135490197688e+06
1.201069781966385490e+05
5.423372774304581108e+05
5.381970339288777905e+05
6.826692681272539776e+05
2.561106973182587535e+05
3.862048630462427973e+05
1.567404192617561494e+05
5.403620533584493212e+06
5.995361120338516776e+05
5.803480906299974304e+05
1.056929729515729414e+05
3.030188335731769330e+05
4.194031253790929448e+06
3.147916708503737464e+05
4.583940073014065274e+05
6.185887103703195316e+04
3.139903841155603062e+06
4.269090326107678702e+05
3.815418492126782076e+05
9.411169867866056738e+05
3.420353697316583130e+05
2.256216106688842643e+06
5.548280101831184002e+05
3.024103875096520060e+05
9.074682189449924044e+05
3.933999093598359032e+05
8.558009525068421499e+04
2.061711855450917210e+05
9.521123655098362360e+04
5.483607781881216215e+05
1.817122818437732349e+05
3.149490723795908852e+05
8.906116532870256342e+05
1.231071548080905632e+05
2.917767493958590785e+05
3.677170862153659255e+04
1.420361593475772534e+05
2.736725853802829515e+05
8.104506425445465138e+05
1.176266779349358112e+05
2.424381193797280139e+05
5.025092410331348656e+05
3.994875107738242950e+05
1.297258475740614347e+06
1.480777410822018981e+06
1.687057876838168013e+05
2.097533135773361719e+05
1.765805501063351694e+05
4.130906353540885029e+05
4.182560396282704896e+05
1.629948673443275620e+05
3.986374037499737926e+06
3.268569923244757811e+05
3.689085660155441728e+05
1.172224193442974472e+06
1.715038057294484752e+05
1.176530988664598670e+06
6.634082471123847645e+05
1.933375250535127707e+06
5.134054939739634283e+05
9.418840464294792037e+04
1.445176931723894086e+05
2.958641737701245002e+05
8.337684308270849288e+05
7.901768074247454933e+04
5.533162870326633565e+05
1.459213526668572449e+05
1.420891569025090430e+06
1.611130957921261142e+05
4.914742417050176882e+05
4.829267743602184346e+05
6.884727450869699242e+05
7.001552040186341619e+05
2.548967810941860662e+05
1.370995978763556341e+06
2.332139387843079399e+06
9.656211890590697294e+05
1.788502845655900601e+05
3.696612728055446059e+05
6.571700919445847394e+05
1.344371476754867181e+05
9.868065399593780749e+05
2.246343309660570521e+05
1.962191961004678451e+05
1.639607232990473742e+06
3.169069174361576443e+05
1.014681745654166152e+05
1.928847219343244215e+05
1.943640301960145123e+06
1.358683412209872040e+05
7.365153412999984575e+05
7.559421055883762892e+05
2.658353182165420731e+05
3.958104860950240982e+05
9.622044676752036903e+05
8.739298770765748341e+05
1.752794284570182208e+05
1.611496601705369831e+05
9.627049097532314772e+04
3.305540550623150193e+05
1.834196079461478395e+06
1.627749970302461879e+05
9.865283428052283125e+05
1.673813014230310684e+06
1.367415815790255088e+06
5.216604845694270334e+05
2.419700983352856711e+05
2.382854808311381494e+05
4.439668430598933810e+03
7.986471150497486815e+04
2.742483623976732488e+05
6.132198496391106164e+05
5.439365261221872643e+05
6.542807363486177055e+05
1.533849256870944810e+05
2.084845157394707203e+05
9.012819886809159070e+05
5.419708338555622613e+05
7.163477249153290177e+04
5.773891062744077062e+05
6.574453944778899895e+05
2.715865656349459096e+04
1.705489295760881796e+05
4.529025785458041937e+05
2.740738468306303257e+05
1.304202067633014085e+05
1.079775534836882143e+05
3.294055282900625025e+05
2.225278406442376217e+04
3.968570321430606418e+05
3.242067280931300484e+05
1.008384557630135969e+05
6.261577055908556940e+04
9.110463408543540572e+04
3.856514397868794622e+05
5.997572880700142559e+04
2.192903900512305263e+05
1.216701996110868058e+05
1.184050206423508935e+05
1.657537139074299193e+05
5.224767483721763710e+05
3.150569511086446000e+05
1.251231769780110044e+05
9.160588215689305798e+04
4.577748762831705390e+05
2.361369023115885211e+05
3.621664896673525218e+05
6.714987735941170831e+04
3.384680345179894473e+06
5.414963831612403737e+05
1.368097517151627108e+05
5.639861192152929725e+05
7.190942317252514185e+05
2.566369525199603231e+05
1.078332025578545436e+05
3.252231641317731119e+05
2.251738939893009374e+05
6.106181985988130327e+05
1.397923959831658576e+05
3.741412665499104187e+05
3.536911878018970310e+04
1.677382187416624802e+05
2.508256215056749934e+05
6.042069936312872451e+05
6.210181779115980025e+05
1.076557198498712620e+06
1.352201457254047506e+06
4.932834945643553510e+05
5.586864337427761639e+05
1.175314965428972937e+05
4.369504590692855345e+03
6.626859099584838841e+05
4.807334456917034462e+06
4.922519949787520454e+05
2.815335690731856972e+06
2.245498095127079869e+05
9.237111274088174105e+04
1.555753884651417029e+05
7.351646700316015631e+05
1.459030328355554957e+04
1.606636601635292871e+06
3.702234014676691499e+06
6.223547702429365600e+05
7.624495639841571392e+04
2.284335462168442900e+05
8.867872730002633762e+04
1.500385981171246967e+05
1.377652656749247340e+06
1.425734543357285205e+06
1.597471178275764687e+05
4.676603391090058140e+05
7.877920445269050833e+04
1.861672563637400512e+06
1.309105741843124633e+04
2.689834534434222151e+05
3.648209581143519026e+05
6.255979998403070203e+04
4.447136408413685858e+05
1.452380797991852509e+06
1.364848403581453720e+06
1.841416730916632514e+05
4.532693164563341415e+05
1.059916716256101499e+05
2.712993967780431849e+05
2.111402419129407208e+05
2.976839659557721461e+05
2.087648586717416183e+05
3.725691102407603175e+05
6.251556876482050575e+04
3.316527456473032944e+05
4.710135736437195737e+04
3.843161339089331886e+04
1.936037164164698625e+05
2.519106170702605741e+05
4.641894292017371481e+04
3.031609963801060221e+05
3.086062170242001303e+05
5.157512206739886897e+05
1.314046237337400438e+06
9.027292680527828634e+04
5.354791794961718842e+05
6.458453809604225680e+05
1.050647107832825510e+06
3.361725036421810510e+05
2.272977947669374989e+05
5.918496086453336757e+05
1.989319047763688723e+06
6.578491970919753658e+05
6.923568335845981492e+05
2.861078170997487032e+05
9.745224750695736147e+05
2.103692754089188238e+05
5.695838247224789811e+05
5.639524820639910176e+05
1.513477343624018831e+05
3.691878080642391578e+05
1.501313798811067827e+06
5.820659990448848112e+04
5.769783287284178659e+05
1.531454856223502895e+06
3.144769055116479285e+05
3.290672405548670213e+05
4.164539331620655139e+05
1.248443350088433363e+06
2.097950126301491982e+05
1.784350435691646417e+05
3.263098253804416163e+05
1.556071343441913603e+06
9.749489348827964859e+05
3.387615234321146272e+05
6.924066532278828090e+05
5.067781391756270896e+05
1.134268757904795697e+06
8.866208775305704912e+05
1.455273705696270801e+06
1.706395070163445198e+05
2.416422500872221135e+05
4.269945068889129325e+05
2.617115678375841526e+05
4.952218693120106473e+05
8.682834900805121288e+04
2.434172872648329067e+05
1.788566146547389682e+06
4.099497803916879348e+05
2.294774031838913652e+04
7.106500004480488133e+05
7.475195614472845045e+04
4.809994583104738267e+05
1.337930347825604025e+06
2.606164887980889529e+06
5.056712606412604218e+05
4.608151654900223948e+05
7.413622080944522750e+05
9.477242638963616628e+04
1.360192376551450870e+05
5.799666096845825668e+05
1.474351561358196777e+05
3.913610643320935778e+05
4.155279177017181646e+05
1.309300975348187640e+05
3.355994455195138697e+06
2.312644958012572897e+05
1.265611540615770718e+04
4.174065746876965859e+05
1.267458663669930073e+06
1.846555429791994102e+05
6.556187112359392922e+05
1.411322004411130911e+06
8.279054714798310306e+05
2.734844397483479115e+05
9.756156808250578251e+03
2.237211878854543029e+05
5.052546705268168007e+05
1.001789583995082212e+05
1.197105220166341402e+06
2.852547709269461338e+05
7.651514129586001218e+04
5.133952782446982455e+05
4.014315449512432679e+05
5.608498286609847564e+05
8.818692133368140785e+05
5.077346986921114149e+05
3.546287890745658660e+04
1.133853390401997371e+06
4.943754011053452996e+04
5.121305664560140576e+05
1.526032887366974493e+06
1.010742795493385871e+06
9.868770393005259393e+04
4.413666144332194235e+05
1.581137526980569353e+06
4.707988908718628227e+04
2.871192263668443775e+05
1.291180496287810383e+06
2.169094553481015901e+05
5.757656078768429870e+04
3.581190481164468802e+05
5.075364148085064371e+05
3.331419574015561957e+05
1.251762872201044112e+06
7.905058584391334443e+04
1.025489866398773738e+06
1.827128315560846822e+05
1.105072135967406211e+06
1.143692148145224783e+05
6.786813428508589277e+05
8.673487987018698186e+04
2.958176991421105340e+05
2.298578078527433536e+04
3.096103587490480277e+05
1.811452175867623300e+05
1.921239641897656256e+05
2.445133904666713788e+05
1.897893883679094026e+06
4.470148809600323439e+05
4.978863830661115935e+04
1.503001470771429595e+05
2.203371060536692094e+05
1.829986422587944195e+06
1.253740656999878847e+05
4.641247153231315315e+05
4.484777661286671064e+05
3.235268597074017744e+05
1.484108149516361998e+06
1.578598960765229771e+06
2.498708552158784005e+04
6.589800402319133282e+05
2.511710705849915757e+04
1.531352206561544212e+06
1.322355300134400313e+05
3.938324432999523124e+05
4.723729422467359691e+05
8.961162328963620821e+05
1.226546169997238321e+06
4.401900246765397023e+05
1.079737581093382760e+05
1.157975360983512073e+05
1.330985412716021237e+05
8.135125849879548186e+05
5.509834085373448906e+05
6.624842025006038602e+05
1.667408520934996486e+05
1.641795995735537144e+05
5.403607612725493964e+05
4.825266470682873041e+05
1.186481696181530424e+05
4.431515244847876602e+05
9.884699287533141905e+05
4.538266353959414409e+05
2.215052230830868240e+06
1.573486337367806118e+06
3.739876540682548657e+05
6.192218933801390231e+06
1.660102605494635936e+05
6.681963626320831245e+05
2.422500614024990064e+05
1.581317796513272624e+05
1.398027601410965202e+06
7.428128116375215177e+04
1.275577018392130965e+06
8.874766930478392169e+04
3.071696657976318384e+05
3.358122161900360952e+05
3.206679174575656361e+04
1.714345827216264093e+06
1.351212115705226897e+05
4.368855446148429182e+05
1.674120134288699483e+05
9.011302999414122896e+05
6.826968352264906571e+04
4.624044382513684832e+04
3.966137256292406528e+04
5.104645352004725137e+05
3.092671365508923773e+06
7.908843183006227482e+05
1.685752818235320156e+05
6.742642523761192570e+04
1.668441419601918897e+05
2.630224977448507561e+05
1.455633944148024057e+04
1.015508960490469239e+06
5.457303918888872722e+05
3.717385847775181173e+05
1.405107579145010095e+05
7.317929026225995040e+05
2.590197922205301875e+05
7.859797800927227945e+04
6.654275164458535146e+05
1.057029993235695874e+06
1.262636328457600612e+05
4.717715013320504222e+05
2.816969929224880761e+05
1.805986705321149784e+05
6.532721131551250583e+05
2.379474504662235267e+05
1.367579981470563216e+05
6.108050081318879966e+05
2.693508828417003388e+05
1.109717022413926898e+06
3.648030129692673800e+05
9.762879177811190020e+05
3.692827985470188432e+05
2.522355061465534382e+05
1.638918392619270599e+06
4.400494905425539473e+05
6.068194638003832661e+05
4.884480114093906741e+04
4.115858130797971389e+05
1.274049937072968343e+06
5.607515357895848574e+05
2.888684309919216321e+05
4.362245376934347441e+05
3.335975331212156452e+05
7.981584360420948360e+05
1.220748567645420117e+05
3.413755772348323953e+05
9.589492894778600894e+05
1.964276293199714855e+05
8.119894527738213073e+05
3.918677594558624551e+05
1.197841750377428718e+06
1.492969465785196808e+05
1.200395600347182626e+05
2.265172828576099128e+05
1.135101552794625517e+06
3.050545691611339571e+05
2.872208122108060052e+05
6.441359627582738176e+05
1.346049488366233418e+05
5.841037499541769503e+05
6.094221973103455966e+05
2.820804020136406180e+05
1.977357762082418776e+05
1.534058049999606097e+06
1.058594479909061338e+05
1.018373318506408832e+05
1.960649209172923584e+05
2.355967742897534627e+05
2.606900456430446648e+05
9.596438242828454822e+05
2.082585390737622802e+05
9.676417488983747317e+05
4.091691206294882577e+05
9.674837521594196733e+04
1.814166905954981339e+05
5.995670687963175442e+04
1.799680083172027371e+05
2.134790031576166512e+05
4.614443023961084691e+04
4.686436163565865136e+05
4.922272158336079156e+04
1.287426904775653384e+05
2.419026284685473365e+05
1.618032602228084288e+05
5.410209152360106818e+05
1.710008528591455542e+05
9.710421555268988013e+05
2.967736290560337948e+05
1.093237233506785997e+05
1.862782273691560840e+05
1.068430981124304672e+05
5.336751301580326399e+05
5.506364523154069902e+05
8.411185422572179232e+05
1.181219985308798205e+05
4.901733581197527819e+05
6.531809064296481665e+04
4.792255604686435545e+05
1.222938006779454881e+06
3.577377654164628475e+05
6.337292451796323294e+05
3.069702455729038920e+05
8.042234458793315105e+06
1.196501796798191033e+06
1.436022793970500352e+06
2.718867467694418039e+06
4.635879303408369888e+05
3.523838869522637106e+05
2.322272668927072082e+05
2.171177841389935056e+05
3.672108461673107231e+05
3.242168747155113961e+05
6.473166217679997208e+05
1.119654826518290211e+05
9.906859506265445089e+04
4.935523527763513266e+05
2.132901037362907548e+06
2.104791980419711035e+05
1.057003694127597992e+05
1.002599244202978327e+06
1.431030313882979390e+05
1.847978208413979446e+05
6.365123612876383122e+05
2.395439665645463858e+06
1.547541068339013145e+05
4.790272781103926245e+05
2.280405219013377209e+05
8.755221672670234693e+04
7.859680573517251469e+04
2.858561804023748846e+05
3.171466641871425672e+05
2.109364881577513006e+04
1.642051080356214195e+06
1.044671429343975382e+06
5.587251485441235127e+05
1.522717183842163940e+05
4.425022092439526459e+05
5.512495313103127992e+05
1.884573240665064077e+05
1.198725525814293214e+05
2.046533991049625620e+05
4.895794330768986256e+05
4.722230348909516470e+05
5.957407690943083435e+04
3.247315609356506611e+05
1.484401628738171421e+06
5.084421713312756765e+04
2.115394493675620470e+05
6.954616082164392537e+03
3.884454513643145765e+04
1.930487150311824807e+05
4.281310821776284138e+04
6.885937803944038751e+04
2.797017756844614632e+05
2.653494996227172087e+05
1.041117912878058851e+05
3.045917574670456350e+06
7.935285946276350296e+04
1.154575587554879021e+05
5.059641771228691214e+05
2.405335462356883800e+05
3.354111682808763580e+05
1.991020113187839161e+05
4.446636026996622968e+04
3.868513758662415203e+05
4.875108636176758591e+04
2.713234561750086141e+05
3.147668376106727403e+06
8.099360801040378283e+04
3.124627884045050450e+04
3.830692260985680623e+05
2.495626451395306503e+05
2.673668225245275607e+04
6.883162216531610466e+04
1.206145377077388112e+06
7.187633268813497853e+05
1.666120834702255379e+05
4.799108835778196226e+04
6.533522397150929319e+05
7.197136322685808409e+04
6.008485999882192118e+04
1.058288752669807291e+06
4.813407477425227873e+06
2.028181800598555128e+05
7.425574655220046407e+05
1.387740196123907808e+06
6.695490867848013295e+04
2.045331238180490036e+05
4.381425895654209307e+05
2.079440755042766687e+05
7.332953051215739106e+04
5.836824496230266523e+05
1.803701983030720148e+05
6.165814805240674177e+05
6.478247149562566774e+05
1.316870622516686271e+05
2.091722036617639242e+05
3.266931009455092717e+06
3.537654132769850548e+05
5.121743617587100016e+05
9.847048772269865731e+05
4.466023397742306814e+06
5.632328869472912047e+05
2.111962447725741076e+05
1.176090728085667215e+05
1.639487706785832415e+05
9.445495374148010742e+05
3.684008818012580741e+06
4.241934044718850637e+05
1.252475160465336376e+05
1.884006430430349719e+05
5.273795447846561437e+05
8.895854014266288141e+05
6.497886883767114487e+05
6.845929898417706136e+04
3.186175350612620823e+05
1.365385693986411497e+05
4.524722853104079841e+05
8.118669072677247459e+04
1.337168854255202692e+06
7.944423396460387157e+05
2.112823822339319449e+05
5.879294132695483277e+05
8.390857928790157894e+05
3.235538125503297779e+05
3.420387381587075652e+04
2.844317889689678559e+05
7.013422692281948403e+05
2.260670415870317665e+05
1.116654766660152236e+06
4.525591057383329608e+05
1.398821893792763585e+06
3.354979755327095627e+05
3.767424605056031141e+05
8.517379725440084934e+06
1.371890729245360126e+05
4.217490464490429149e+05
4.628529069272973575e+05
6.234430219523251290e+05
2.794846992123955279e+05
1.261712872928539990e+06
1.850115251522408507e+05
1.823267638931557885e+05
4.262663675626937766e+05
2.390075146745944861e+06
4.559018328575361520e+05
5.654410227527242387e+05
2.228899527819204668e+05
2.485576467134006089e+05
9.112948118629283272e+05
1.556976063150396221e+05
1.106216227408208884e+06
1.712396240326122206e+05
1.821821084456199780e+06
1.075749525000860012e+05
2.084278539701404748e+06
3.183769537784893182e+05
4.886424857486868277e+05
5.678263745476864278e+05
1.467867251053994405e+05
2.035283306408046046e+05
1.539761225849010516e+05
8.754120721042322693e+05
7.494139008793642279e+05
1.839304629051842203e+05
1.061949069225826068e+06
9.200893079565325752e+05
3.624179813900654553e+05
4.298797096469566895e+03
2.277496835436177207e+05
2.913640576099945974e+04
1.160561654555491405e+05
9.670090764600455295e+05
1.199767031013594678e+05
3.724323972945380956e+05
6.091774260749818059e+05
8.864226245825976366e+04
1.891688238443043956e+05
5.993059195760907460e+04
3.329247507589675486e+06
2.110304985033998964e+05
9.288474295871189097e+05
4.045726529325029696e+05
2.193085876367178746e+06
1.353917943315535667e+05
4.259656015889625996e+05
6.431057764991101576e+05
1.790798518581061391e+06
7.638785060301674530e+05
2.349488208810518263e+05
2.559105972541031952e+05
1.157324038363003201e+05
2.248790865499109495e+05
8.387526006069534924e+05
8.304440677506006323e+05
7.214079117772954050e+05
2.001993674116357288e+05
4.769710390703700250e+05
3.786256713355972897e+05
9.937133679528667126e+05
3.894585781126460060e+05
1.321101573083593976e+05
4.602831613871867885e+05
2.895375852197913919e+05
3.612779150133720577e+03
4.523554632380802068e+05
3.413085561597958440e+05
3.013551363232876756e+05
9.565043075555341784e+05
1.468872332741088932e+06
4.877728966652756790e+05
3.250650828392017283e+05
4.491454384696205379e+05
5.707293225601364858e+06
1.810120721156776999e+05
9.125106746622669743e+04
3.804036359160579741e+05
3.287271063798259129e+05
7.551449728664659779e+04
4.519335048893393832e+05
9.406994155240183463e+05
5.158356245616496017e+04
1.323962891435047204e+05
2.384090091502433934e+05
3.050658482981028501e+05
7.316046854048920795e+05
1.121892297700122290e+05
2.406529509244822548e+05
2.154147864450914785e+06
1.018564552298785420e+05
2.034588159494079184e+06
1.041442254433927446e+05
2.893714439093494439e+05
1.149588253243644023e+06
1.450949640729235485e+06
4.416789316165358177e+05
6.842421820027106442e+05
8.456284256762157893e+05
2.229686568852016062e+05
8.112346195456268033e+05
9.469781191558185965e+05
5.632914635660616914e+05
9.613656286499148700e+05
6.188867356430513319e+05
4.708161021669161710e+04
4.315906651336344657e+05
6.231050893933731131e+05
9.148453801039264072e+05
4.712261858842024812e+05
3.264754533524415921e+06
1.004323071930595557e+06
3.466484656513514929e+05
1.944206834369670833e+05
4.692930564445550554e+05
7.841671947729012463e+05
8.059301326961385785e+05
1.880869468510832667e+04
7.142340874076773180e+05
8.441719083723437507e+04
2.467528585332515358e+05
5.604760488163196715e+05
2.760756500210182858e+05
3.187424424390224158e+05
1.232847915455319453e+05
4.885356885807147046e+04
2.315776277256132162e+05
1.479055723688794242e+05
2.404370299657727592e+05
4.074299211002664524e+05
3.696155561969608534e+05
1.352481432884962065e+06
2.206381569219012163e+05
5.177838544232785935e+05
5.620226195041659957e+04
8.013673844710253179e+05
9.391465994800821645e+05
2.917087139614771586e+05
2.085722639083490067e+05
1.962386874297871836e+05
3.977097694894697051e+05
2.361184755901135795e+05
7.155038268006430008e+04
3.114770294209544081e+05
9.979735517818289809e+05
1.127309367064472986e+06
7.630669034413287882e+05
1.603628175676070619e+06
1.510068358518472640e+06
9.286671684990184440e+04
5.315916407019062899e+05
5.296684667496616021e+05
1.568060297582402825e+06
1.782349007613675203e+05
7.717121569660845853e+04
2.468327344625412952e+05
5.641107510235008085e+05
2.649757807609665324e+05
8.244384140829548705e+05
2.271781404658363899e+05
6.737593204249928240e+05
3.731618344555888325e+05
2.628308100900523714e+05
1.163632387569704093e+06
1.832765830558404850e+05
8.312121312015175135e+03
1.032998741371142329e+06
1.183111603184606356e+05
7.252425926244769944e+05
9.986644391399274173e+04
6.597067806897913106e+05
5.345771782605407061e+05
2.209581698114772735e+05
4.581202367400954827e+05
5.765342341616725753e+04
7.171656653173578670e+05
4.191241499551379238e+05
8.354414526848623063e+05
2.241738588040930626e+05
1.912579923889520578e+05
3.360197245867374004e+05
4.331157476072955178e+05
1.378034115774784586e+05
3.562025666353236738e+04
4.815212222377407306e+04
5.535919840554296970e+05
1.816780586715105921e+06
5.265509969400535192e+04
9.937347662527674111e+05
4.675989944982121233e+04
4.978001208708703052e+05
1.907923988060519914e+05
5.935048068949867229e+03
4.116751081715726759e+05
5.357867035707533360e+05
3.658099842771996628e+05
8.010011873628312605e+04
9.982018690445687389e+05
7.628896376512650168e+05
1.032776946045389050e+05
8.007613194682619360e+04
9.913025154785242921e+04
2.328587920738780231e+05
4.562726622565779253e+05
2.446457817845580284e+05
8.583972171330754645e+04
1.190496723879991332e+06
7.915409696884274017e+05
6.954397887486536638e+04
3.304107572174930247e+05
3.859219371502552531e+04
3.656780647228691960e+05
2.516452668312386086e+05
1.006766719315541442e+06
1.308559352149649349e+05
3.297626060701933457e+05
3.615567577455952414e+05
2.185851327130791033e+05
1.178854936039892491e+06
1.324811456783841422e+05
2.489248501997395651e+05
8.065396759589122667e+04
9.699560834754887037e+04
4.747228170448843157e+05
1.809513912157882005e+06
1.069898268346915138e+05
2.761281554460952175e+05
2.774941604533168138e+05
8.768911768817272969e+05
2.222319629399848636e+05
3.441302664272650873e+04
5.079261909589706338e+05
5.692081348071605898e+05
1.767723717156932922e+06
8.817092480931201717e+05
4.866836168060005730e+04
1.215665043736314547e+05
9.439743884764144605e+04
2.252175358490269573e+05
5.958810914843534556e+04
1.590945511478206026e+05
2.309860817528613552e+05
3.269597806530173330e+03
4.953096762360271532e+05
9.808921110607240116e+05
1.008012396538247936e+06
1.875969524503849971e+05
4.091949299680620607e+04
1.433696626679493929e+05
4.470131077104407013e+05
1.187736595587066375e+06
5.679912762196923140e+05
5.434648814349445747e+05
3.431192856102286023e+05
1.604522225594992633e+05
1.407359673188018845e+06
2.067962548379343003e+06
1.267467524553017458e+06
1.818566183178809297e+05
9.748709216133668087e+04
1.613086199068053975e+05
5.844084740544037893e+06
1.045313955410566647e+06
1.517523130579787221e+03
6.124161129159150732e+04
3.351764250761584262e+05
1.388580581455342472e+05
2.547536498337417288e+04
3.158908699750426458e+05
1.200614416820605984e+06
1.387717067144833854e+05
9.173811448723637732e+05
8.599273702068227576e+05
4.243923544684880762e+05
1.805836950286401261e+05
2.819230919326714356e+05
1.233146157936930191e+06
3.612329822959522717e+05
7.168996927285217680e+04
3.869341549428594299e+05
5.716517246954306029e+04
1.084691908873181965e+05
1.178705862441638717e+06
7.299545760985960951e+05
1.220611797354415467e+05
9.542142535535694333e+05
7.784780214297929779e+05
1.388106253506916692e+05
6.289137100426500547e+04
1.619260385928100732e+05
1.771328241211716551e+06
6.919174645716277882e+04
1.557412207615866500e+05
1.189677126359671354e+06
2.278146253047506325e+05
2.323630717268628650e+05
1.068971081969063962e+06
3.516988710237509622e+03
2.970316438731541275e+05
5.186024214427424158e+04
2.501447322633798700e+06
2.951816059076618985e+05
1.160699542440529185e+05
1.640135483874149504e+05
5.562959150697786827e+05
1.730479626211232608e+04
3.341563502742315759e+05
1.252992585092078371e+05
4.571885566965215839e+05
9.123625518539761833e+04
2.346079052830814908e+05
3.194355642776407767e+05
1.070305884039345401e+05
2.889669894356545410e+05
5.286107037183045177e+05
8.454352608428220265e+05
9.054925339952288195e+05
2.389725078493012406e+05
3.355682618391390424e+05
2.974889497711001430e+06
2.010280243521188095e+05
2.516184674987597100e+05
5.024811336425321060e+05
6.352510701260835776e+04
9.000120342809925205e+04
3.572057020165644935e+05
1.141250688047453295e+06
1.108991999277053837e+05
2.707509851878872141e+06
6.770318037556956988e+05
2.602144332160582999e+05
4.187651032292872551e+05
3.204595732034447137e+06
4.862982908337840927e+05
5.636952543367267353e+05
1.359192007985372329e+05
6.428550967010682507e+04
3.239634969729994773e+05
1.796184216509338003e+05
5.247437214725736529e+06
1.560879051405694801e+06
1.053175964317637496e+06
1.865179006992584094e+06
6.176089462993451161e+05
7.422332137165070744e+05
5.933327664422828238e+05
1.376006123758267495e+05
3.029803356135517242e+05
3.814063472858645837e+05
2.115384673863566059e+04
6.110321078797592781e+05
9.633168178620499384e+04
2.531980192557939445e+05
3.709966021485751844e+05
8.476787567073728133e+04
8.055481891663114948e+04
1.125020060753364582e+06
8.858773671780030709e+05
1.041987899530600262e+05
4.638242326237623929e+05
3.624513891313413624e+05
6.830418836984080554e+04
7.546247086560676107e+05
1.556470935138659843e+05
6.829906836311862571e+05
3.433967546452448005e+05
2.075450042529492202e+04
8.289428158372658072e+04
2.487004810687607678e+05
4.773917955586787430e+05
1.888757958955111215e+06
4.949349722405013163e+05
4.552374559018022410e+04
5.539694360255275853e+06
3.355637209300226066e+06
8.173568572760479292e+05
4.893892654443175998e+05
1.957232369130792795e+05
1.425338595763398800e+06
9.807771094091325358e+04
6.068616274676411413e+05
3.338732414326600847e+05
1.582961682525117067e+04
1.965689784530363977e+05
1.315493910694868537e+05
6.999549740519534098e+05
6.759106264788832050e+05
3.469935812497612205e+05
8.219072931359363429e+04
4.213018562645952916e+05
5.314171460819095373e+05
2.349705874876838425e+04
2.654671824395446456e+05
2.258614133021107409e+05
2.613496071448350267e+05
2.199628068625307642e+05
1.734586930224293028e+05
5.489536564343920909e+05
1.121791438734955853e+06
2.912608280340818223e+06
1.608850400258319278e+05
5.683569858017259976e+05
6.328367622737742495e+05
1.205903501086419448e+06
1.339168795245343354e+06
4.464243604037800105e+05
1.755873628078823094e+04
4.873580610421235906e+05
1.426858602233911806e+05
1.255921768384080351e+05
1.744473237609475851e+06
2.992673771513677366e+03
2.405987246758456167e+05
3.436761763184079900e+05
6.540293074704972096e+05
4.721653436943537090e+05
8.261632402338196989e+05
1.504524689256777987e+06
4.133145686906703631e+05
2.889269431680194102e+05
9.440334381156875752e+05
1.432599024939255323e+05
1.621760834019650938e+06
5.983709789889829233e+06
8.993385590339241026e+04
5.226302062161400099e+05
1.395029337134155212e+05
4.347126891661130940e+05
1.996127119108166080e+05
3.702965300915173138e+05
9.710430359574298200e+04
2.838366717032153974e+05
3.918056541975621949e+05
1.321414013774224441e+05
1.499580704614165006e+05
1.143473832813419634e+06
1.194747815984695451e+06
4.133360355462926673e+05
1.375020150682154112e+06
1.181735932861210080e+06
5.287458901409868849e+05
4.445536337052138522e+06
2.086225775071679091e+05
2.636963950532217859e+05
9.109545605624589371e+05
9.995938663819508292e+03
1.282705458158260881e+05
4.039908979566423222e+05
3.630296615264738793e+05
1.601442566628622881e+05
7.548478778470433317e+05
2.665038664620933123e+05
9.880013167325281538e+05
7.438554684214728695e+03
1.040229079088024679e+06
6.884365049296889629e+04
2.117398592807903478e+05
6.343925404189176625e+05
5.241644153356245806e+04
2.875754007568502566e+05
3.225891493137796875e+06
1.442041939685323741e+06
3.816313090639677248e+05
2.207525557205266959e+05
4.600358831660504075e+04
3.720585869071268826e+05
1.422699218854245555e+05
9.710703033529079985e+05
2.114467707647520001e+05
2.624329155164823402e+06
5.245538753003802412e+04
1.946437347169840941e+05
3.659181553273753962e+05
1.297665825748835487e+05
1.646841558624747908e+06
3.149043629713592818e+05
1.773481723916783521e+05
3.130358665737279225e+05
1.544856325825641688e+05
4.708885801457231282e+05
7.535310006823783042e+05
2.760544452842950821e+06
8.704763980768967886e+05
4.690320137339537614e+05
5.464859942413491081e+04
3.930842673932607868e+05
9.617327475659664196e+04
4.046436194224273786e+06
4.471108242722867872e+05
6.226934311713933312e+03
3.929965850765634677e+05
3.721921897811223753e+05
3.646670354268415249e+05
5.448137357683799928e+05
7.666026740526278736e+05
1.033493984646686004e+06
3.984060011275167926e+05
2.653598318344084546e+05
2.149491609928441758e+05
1.300934429028109444e+05
3.660586620824090787e+05
3.115475680861913133e+05
2.003017228663598653e+05
1.155300274451533041e+05
4.488059641757130885e+04
3.570257434002566733e+05
1.231658894474694971e+06
6.328651336452416144e+05
3.513679989209491032e+04
2.324148365389321407e+05
4.619325126611494343e+05
3.013332856946825050e+05
7.078512557639247971e+05
2.795129571028506616e+05
3.962719511281215819e+05
2.404403832024065196e+05
5.912870376219006721e+04
9.315579664953186875e+05
1.181948346293905779e+05
1.840074486751060002e+06
4.244202930459008203e+05
5.607308378891092725e+05
1.320277772077684931e+05
3.981372895260435180e+05
1.654124518594280817e+05
1.991224642716655508e+05
1.483663206796895247e+05
7.619343612877198029e+05
5.929140034518188331e+05
4.845128408442569780e+05
1.813089451158687472e+06
5.400418987325066701e+05
7.970769141244863858e+05
3.696809169939439744e+05
3.890070776056437171e+05
4.493325044698383426e+05
2.936506589714089409e+06
3.000272574007347692e+06
9.910669267241972266e+05
3.782575193773480714e+05
3.298952425898571964e+05
2.222685753924867458e+04
5.145733492894002120e+04
1.259091427425762231e+05
3.554119640379620250e+06
1.982811719155321189e+05
1.455475162734001933e+05
1.896845205660058127e+04
3.300330452238993603e+05
1.702706250028974609e+05
7.970828019337503938e+05
5.524884748450118350e+05
2.307842264834707603e+05
3.540995488049637643e+05
1.608534520848724969e+04
1.571668312752543716e+06
1.152974412226762252e+04
4.981224569231983041e+05
2.668997316643713275e+05
9.628635456332550384e+05
4.288269376053192536e+05
1.686539695133310452e+05
1.552024587419533600e+04
1.563309880422086098e+04
1.157514181116717955e+05
2.858389761216532206e+05
2.108047336150057381e+05
2.264089036299558647e+05
1.948838913972226728e+05
7.267356703773745103e+05
4.159529786405008635e+05
5.700373096080259420e+05
2.715028946780566184e+04
4.474265109682781040e+05
7.527928337982566154e+04
3.396858115985093173e+04
4.883041285338065791e+04
4.218452824285465758e+05
8.744069286794542568e+05
1.417624644023086876e+05
3.450910233204999822e+05
5.722560453234042507e+04
5.165466803918672376e+05
1.437837230888054473e+06
1.792918386414257402e+05
4.603053173343747039e+04
6.307724183016479947e+05
1.473899016528321954e+05
9.916065227491528494e+05
3.701287148617398925e+05
3.919633659142367542e+05
2.330515857349375263e+06
2.005778957167134504e+05
5.471107405837586150e+06
6.467031272332182562e+04
2.250536010594409308e+05
1.589803565571750805e+05
5.394673398429573281e+05
5.211826519414620474e+06
6.096165052343885327e+04
8.730013072307095863e+05
1.986282330566471908e+06
1.857180290676541626e+05
1.450263132313577225e+06
2.896457762746721972e+06
3.069939087605602574e+06
8.211366976555934525e+04
4.061865398422959843e+05
2.246559092447893636e+05
2.072808415842717513e+05
5.144000303138708114e+05
1.062076538729066728e+06
3.938227087947721593e+05
1.192250921077751555e+05
5.142242703982917592e+05
8.741649170661296230e+05
5.638180135280295508e+05
1.453024351362430491e+06
4.783400110845527379e+05
3.929652261479680892e+05
4.057319662547438638e+05
4.222066404484908562e+05
2.678702460059227888e+05
1.306175065855390625e+06
8.604263983304431895e+05
1.132020145673658262e+05
2.288274170269799652e+05
8.041934761130503612e+05
3.500317670504050329e+05
3.136795026002837694e+05
5.584636953761946643e+04
6.443414192855283618e+05
1.017614708843570406e+04
6.159403502782536671e+05
1.801621334513588343e+06
8.346962164503870299e+05
6.386711821691528894e+05
1.264082169666301925e+06
1.940469954473088146e+05
2.335414963828309556e+05
1.367651737351603224e+05
1.823962111890603264e+05
2.734195374258969678e+05
3.433577263838494546e+05
5.637937734757182625e+04
3.884338344239370199e+05
1.279307630052750610e+05
2.938203726181873935e+05
2.100207342473888129e+05
9.554026588247613108e+04
2.264693223107254598e+05
6.569152818515866529e+05
3.143574925660378067e+05
5.078749680919666425e+05
4.454678840055545443e+05
1.281516337961207610e+06
6.052842409504697425e+05
2.585587375897324178e+06
1.536876441492083250e+05
2.057010306260320067e+05
3.011127294671505806e+05
1.271493059940099192e+05
5.191907960339650162e+05
4.925665508856617962e+05
9.795732406583850970e+05
1.162385617997254158e+05
2.872750530148934922e+05
2.093522563675287238e+05
2.304711431894559937e+05
1.733159176763705676e+06
2.162632843988090171e+05
5.392406957242521457e+05
1.756093471819535480e+05
6.262475322943129577e+05
4.484614113999385736e+05
8.031018883957442995e+03
7.394224123762021190e+04
9.143505032665522594e+04
1.409196832362620917e+05
1.192713846595220268e+06
4.278777834568905528e+05
8.372659204498643521e+05
8.390083224610789330e+04
8.867416611954872496e+04
7.588190346946347563e+04
9.073762291899818229e+05
2.990107796085911832e+04
6.522113570412820263e+04
4.875514864013168262e+05
4.816425069130626071e+04
1.046385323724120535e+05
8.583904457201612240e+04
6.819736386072979076e+05
3.479678836558918556e+04
8.032452278443309478e+05
2.041286573461860185e+06
5.394182786557222717e+05
5.258913572959818339e+03
5.636071338930180063e+05
3.378438670886042528e+05
4.115056396753067384e+04
2.510735314934506314e+05
2.421882351893415907e+05
