8.143771462863043416e+05
1.255576855248943670e+06
6.099717076586117037e+05
2.027362041646443831e+05
7.897052825669735903e+05
3.199069371325036045e+05
7.488747585634890129e+04
2.381674009644764883e+05
9.177900738531605748e+04
1.354906842370707309e+05
1.185296914847165608e+05
1.601800595492367866e+05
4.621430254624551162e+05
9.505427723303160747e+04
2.523021963392290490e+04
2.485680607676086074e+05
1.297633139732634882e+05
3.599239570675863069e+04
4.031778554156648461e+05
5.420997594226819929e+05
2.779855037925175857e+05
1.723584092408092692e+05
7.547409975816897349e+05
4.085211853945225012e+05
4.624775423521285993e+05
1.693206750616659119e+05
3.957884558083068696e+05
1.408453104068425891e+05
7.741801313663187902e+05
8.378909181587438798e+05
4.702148141671454650e+05
1.622873567796984280e+05
7.601257227204266237e+05
7.941621266939993948e+05
2.238537568487313110e+05
3.483717583088262472e+05
3.392108707849017810e+05
4.564891433225973742e+05
2.076198517521067988e+06
2.548933537199028942e+05
3.184342699296465144e+05
2.196655922932531685e+06
1.280854830961285770e+05
3.366583069698806503e+04
3.939459868549251114e+05
4.396338684604783339e+04
4.091844107631065999e+05
6.877508778843601467e+05
2.884822129350085743e+05
7.587240690519177588e+04
4.223055940638219909e+04
2.091461388102172408e+06
2.520790630197761056e+05
1.911429229757574794e+05
1.128100521981748519e+06
6.323984565517195733e+05
4.256007909816012834e+05
4.254531153020547354e+05
1.284886043503290712e+05
2.372307661093755742e+05
3.672142883802379947e+05
3.576762951852751576e+04
1.042403344926714635e+05
7.220188345590030076e+05
1.259244668304672930e+06
5.220066830602166738e+04
4.639918475302526494e+05
1.202073023124886909e+06
4.156916812623446458e+05
1.166790755510254239e+05
1.373627638634292816e+04
3.724100339969745255e+04
2.226732154579239068e+04
1.164473391846891609e+05
3.257084812155973166e+06
3.574474378312011831e+05
1.036204561025104951e+06
4.070822624455819605e+05
4.145824764038809808e+05
1.428898864899534732e+06
3.342206455779366661e+04
3.287646153421038762e+05
3.399186653266080539e+05
1.166734750515236752e+06
7.886498627433463698e+05
1.505651247061010508e+05
3.796983302023822325e+05
1.143653743912984937e+05
1.367544942505075887e+05
4.626490845400174730e+05
3.041569735485354904e+05
7.613789928766244557e+05
2.714032577183098765e+05
1.271745235748683335e+05
1.997409054552090820e+06
7.168958320342524676e+05
6.920765752312242694e+04
8.315519657189968275e+05
4.801989305490636034e+05
1.663806475977784721e+06
1.638678037857129704e+06
1.323987476525255479e+05
6.687502561371729244e+05
2.870548216343896347e+05
4.046364858102517901e+05
2.691683046114269528e+05
8.707400288126891246e+05
1.196473562810326112e+05
1.947156634598082164e+05
4.562486195319931721e+05
7.805049121084088692e+05
7.826880402903880167e+04
1.256739390473277308e+05
9.547510179037056514e+04
5.360556539085493569e+04
3.601178154205700266e+05
7.894684455618768698e+04
6.364891231242573849e+04
3.846229592508062487e+05
6.104142204365386860e+05
9.977897755293160444e+05
1.034090002642534091e+06
5.187916640728108177e+04
8.288477430047874805e+04
4.121631675332552986e+05
7.937487011044456449e+04
2.325797136812091339e+05
1.202035151807673043e+06
2.531617644817905675e+05
4.379556573378179455e+05
5.803636100145280361e+05
3.886849169132155832e+06
1.246227530097785057e+05
2.111339100104216195e+05
3.409710445973547758e+04
1.174326692279339622e+05
1.044479802497714700e+05
4.960011283946255571e+04
1.377454334689959069e+05
6.264292904546018690e+05
7.887422996396180242e+05
2.190169361540147802e+05
7.645766774659486255e+05
4.551452315743318177e+05
1.334209792509389226e+05
2.201567310915599519e+05
8.778267203637695638e+04
7.164919399573479313e+05
2.834812344069572864e+05
1.313838397602564655e+05
2.241873143090308644e+06
4.287066042638752260e+05
1.014025569566400256e+06
2.963705589112427086e+06
4.006412339237728738e+05
4.610411767969278735e+05
8.984994137931294972e+05
9.154504372936827131e+05
6.095355294522729309e+03
3.495054686924707494e+05
1.066918336885183235e+05
1.680111792795101879e+06
3.815124740377821727e+05
2.488162526517877704e+05
1.345502733849393844e+05
3.443819424837545957e+05
4.025251776617900468e+05
1.149073956130594481e+06
1.444381457661545137e+05
5.946185507463885006e+05
9.780134841299483087e+05
1.386892369540828222e+05
4.430813939062663703e+05
4.829308008354332997e+05
3.152605688247875660e+05
1.129503614850095182e+05
9.103550752046310809e+05
3.567616388966959203e+05
6.187959162375739106e+04
2.275039683158700354e+05
5.059720939744073257e+04
2.453460285450703930e+06
8.644495659880420426e+05
1.119957274000488396e+05
2.222044270546320477e+05
6.221764657469412778e+05
3.219804734789119568e+06
2.512936469353523280e+05
1.077432521753049456e+06
5.347194369113738649e+05
1.001237159934378869e+05
1.052762134302002669e+05
6.005785986973732943e+05
1.418114128610637563e+05
1.093112143491914496e+06
6.465733005700202739e+03
6.148293447235036874e+05
1.224001341815296910e+05
3.174053951080386178e+05
5.996664636983620003e+05
8.145655271318960877e+04
3.766493088130081305e+05
3.281532656627808698e+06
2.152282361395854387e+05
4.658583727697943687e+05
3.556146971009366098e+05
5.583920627666946530e+04
7.762683320527703036e+05
1.175250828526872938e+05
1.100470566634609277e+05
2.884071388137620525e+05
1.427719214836462634e+05
2.229423041634093097e+05
1.109951963301619049e+06
1.970536328529092716e+05
3.804111847503109311e+04
5.334639374017005321e+05
3.273715458973194938e+06
9.474152207057242049e+05
5.195491420484296395e+05
6.011392637044594157e+05
1.889359794314576138e+05
1.377554644926168257e+05
1.491871646887978073e+06
9.567463318835737300e+04
1.434796805208339356e+05
2.344986878021161538e+06
1.296318305855023791e+05
1.505525833839348343e+05
1.287899899693578715e+06
4.889884402651202399e+05
2.094395178139982745e+05
7.090100025331277866e+05
9.301297457773309434e+05
2.040628844431935286e+05
2.138056328376577585e+05
1.671213560454565799e+06
2.527500479329673908e+03
2.912482217900760006e+05
9.064347573918296257e+04
1.045588853086091985e+05
5.434318823107745993e+04
4.523371494803759560e+04
3.701587976758689620e+05
2.022448367914490809e+05
1.252275112393898889e+05
3.614391182739263168e+05
2.210136891634810017e+05
7.209409943054897711e+06
7.452692153729237616e+05
3.932227382909487933e+05
2.648011565349022276e+05
1.184103012297823559e+06
1.184270561828422069e+05
3.215778760563964606e+05
3.128219732309890096e+05
2.032014492589037109e+05
9.097796423661503941e+05
6.406936064663820434e+05
1.538246427300337236e+05
1.537024354532139550e+05
1.129309970876292064e+05
4.169563546772897098e+04
3.016157527773246984e+05
1.035245891331693128e+05
1.217505970348652918e+06
6.080009853519272292e+05
7.453580518009834923e+05
5.807977475076864939e+05
9.891055440079129767e+04
3.260139007211332209e+05
2.275439939414219116e+05
8.676898036954736745e+04
1.394662363090660656e+05
6.661118312938382151e+05
2.646714683352945140e+05
2.701270385646058130e+05
2.007983436382441432e+05
1.321477283707878785e+06
3.730115584121489665e+05
1.631583639213338320e+05
5.036690332879855996e+05
4.999378059061045496e+04
2.624610699442134937e+05
4.397526609707216267e+04
7.654085666007841937e+05
2.526876066345901636e+05
2.101601081259991333e+05
1.847381870805930812e+05
9.605931591116555501e+05
7.494009476993614808e+05
1.173158395500748185e+06
2.442552828082820051e+05
1.660447550351919199e+05
1.397594192725806963e+06
2.522590580220000411e+05
2.727679890872538090e+05
1.097016016037978465e+06
2.354409188508456864e+05
4.012734541988998535e+05
2.557904372663038084e+05
1.125343682394404459e+04
1.610633254322525347e+06
1.125575117712953943e+05
1.688745491133498435e+05
3.848873450642123353e+05
1.359287551976221381e+06
5.765115653168578865e+05
6.120746722799640847e+05
1.426543379874192411e+06
4.259781872004814213e+05
3.201340400046372088e+05
3.410476062155558029e+05
7.935519357169364812e+05
9.703089455680177780e+05
7.128851594107279088e+05
1.038896324051243253e+06
3.850556811188525753e+05
2.784670168154779822e+06
1.107133930195797700e+06
1.065902162308479194e+06
2.115348156641591340e+06
2.072269145733446348e+05
2.210924941469578480e+05
2.695192030026665889e+05
4.399659653207956580e+05
1.344258309325752780e+06
8.237781599185613450e+05
4.587702590279388824e+05
3.945899672101061878e+04
1.323556645226119690e+04
5.553613377568113356e+04
1.180976214653837495e+06
2.020005100003638945e+05
1.700994589595631114e+05
9.226968955769311870e+05
3.350442201435578172e+05
3.955785922426804900e+05
2.728045582954864367e+05
4.412899864011348109e+05
4.306519706387029728e+05
1.207761546881551389e+06
8.485611451531561033e+04
2.424305322915746947e+05
5.112380974500550074e+05
2.301030378495485988e+06
9.506491237893469224e+04
2.585427130220489635e+05
1.631496148457316682e+06
5.262975864459030709e+04
1.078520725513950689e+06
1.225126914532045368e+06
6.978686797665911727e+05
5.852264598238788312e+05
4.161868520399038243e+04
3.584658177290929016e+05
1.463450414684910793e+06
2.030582340881853888e+05
1.897446512206451443e+05
2.907357383244246012e+04
3.185099401531195617e+05
1.383788116593932034e+06
5.627378910505203530e+05
2.447377360759492731e+05
1.746161505912988214e+06
5.460303299472345971e+05
8.958164149170498422e+04
4.521257972955411533e+05
5.544850143420771929e+05
9.885624152802494355e+05
1.005579636619180237e+05
3.264388465623354423e+05
1.636455996538009204e+05
5.576611795204090886e+05
1.086676250760488765e+05
9.735922769549783552e+05
2.803137145935439621e+05
5.137391902134145494e+05
2.806424063560572104e+05
4.981978660214788979e+05
8.324928287054177781e+04
3.729048731298950734e+05
7.020481879356012214e+05
3.540736583015035721e+05
1.016406568294440745e+06
1.044830442218267475e+06
3.217153800909077981e+05
3.478759938957580016e+05
2.541357703793233377e+05
3.138549705847831865e+04
2.904446362317886669e+05
4.510120146942423307e+05
4.280760452988533070e+05
8.318671525418715319e+05
1.696222712314190343e+06
6.320648420798035804e+05
9.876544360536724562e+05
2.967150321507437038e+05
5.953594415947573725e+05
2.583988298416880571e+04
1.187484125842731009e+05
1.382557038941832725e+05
9.670449794771986781e+05
2.459186883337199979e+05
2.319235437312050490e+05
1.146689683139264816e+06
2.063616231334238546e+06
2.922273637152627343e+05
3.731794720151097863e+05
3.838439241882087197e+06
7.391356194594289991e+04
2.052927342610998312e+05
5.939318532646656968e+05
5.329511777125456138e+05
1.114061558372045256e+05
2.929623788225745666e+05
3.579033469670962659e+05
7.352700197833296843e+05
9.994455819631322520e+05
5.866891747502519283e+05
2.295495253354977816e+06
4.202603322023901856e+05
1.036386158098621090e+05
1.598986498069856898e+05
8.051913884092308581e+04
1.865532829714874679e+05
2.867967666780076106e+05
3.840313720076293248e+04
3.257550301662810962e+05
2.168955397335061571e+05
1.570743529486229818e+05
1.191859778623402352e+06
5.723756949259667890e+05
4.539583815709998831e+06
2.086696896888756892e+06
7.282726336103405629e+04
1.368353715637829155e+05
2.425648630966376368e+04
1.888987154175304750e+05
5.640126597566379933e+05
2.824921935132942162e+05
1.389530747914158856e+05
7.411616941989464685e+05
1.545904632847234025e+05
6.844807776513520366e+03
5.334138778552240547e+04
4.659065756219945615e+05
3.258748038996366085e+05
1.441663506573246792e+06
1.652734933411505481e+05
1.638625420442165341e+05
1.277312868144321837e+05
1.083293058440386812e+05
4.437090320334924036e+04
7.585591543228864903e+05
7.744443742256428814e+05
7.756602396795515961e+04
1.254046537190063624e+06
2.806879945148035767e+05
2.467917761877041776e+05
4.242627406325906049e+05
4.345780304697989486e+06
3.784991196697705309e+05
6.790888669711224502e+05
5.688075561639628140e+05
4.788889002403334016e+05
7.992409208611726062e+05
9.079861753548283014e+04
5.343766859453289071e+05
6.437322904203971848e+05
6.837276592480015825e+04
8.782801682790298946e+05
2.721297849427346140e+06
2.371127197330629453e+06
1.492149498607859423e+05
3.647342021819707006e+05
3.458748334639285167e+04
9.414013816963937134e+05
2.495825797463617928e+05
1.074816594982438837e+05
6.164389801820074354e+03
2.360154755628890707e+05
1.220727007711517654e+05
4.764898531295847351e+04
3.497928842615410103e+05
5.389236722649387084e+05
1.294223972072538687e+06
1.954981015389118344e+06
7.014283803060416540e+04
6.224382909055995988e+05
2.471588679594829155e+05
2.511858084340578062e+05
1.841626137786789332e+05
2.370264735949825845e+05
1.595629677230580419e+05
6.935256201943372434e+04
5.480716857938518515e+05
9.372954647038846451e+04
2.615474677125497838e+05
9.431975028046824445e+04
9.016830475134450535e+04
9.239232758544370299e+05
3.977894864890275057e+05
2.238585194677618274e+05
4.838587270840866258e+05
5.347772581240355794e+04
1.730334103624616546e+04
1.492593782151586784e+05
3.215860335852482822e+05
3.181824883829094470e+05
3.365540218992702430e+05
5.503200182313224068e+05
3.568796160265417420e+05
1.015647557380934712e+06
1.798971007132555242e+05
2.203626960707243998e+05
7.608053218187617313e+04
4.232514706438784488e+05
7.265836576250247890e+05
1.775733452910862630e+06
1.942708320674286224e+06
8.597165519320243038e+04
1.251315953105402441e+05
4.292307784338775673e+05
8.356356524301707977e+05
7.962858525870527956e+04
8.287055675362679176e+05
1.053509253276874078e+06
1.005437683000781399e+05
1.337141406376146944e+06
8.312502353901921015e+04
3.054502923870275263e+05
1.553014896827014745e+05
3.984228729946282692e+04
4.118179215321029187e+05
2.900914438488007290e+05
1.634798154578699323e+05
1.922033250413855130e+05
7.360027386087535415e+05
1.359636355402487970e+05
2.945468745149091410e+04
1.112645527418627535e+04
4.996266785708274692e+05
4.896362227507929783e+05
7.449380588895179098e+05
1.630859364001183712e+05
9.578941223545934190e+04
7.084606127757512149e+04
4.991215863852684852e+05
3.373897934018208180e+06
8.689195867271717871e+05
1.873726767500896240e+05
1.290619369410849409e+06
2.930386818169640537e+04
7.190454652370833792e+05
4.174935585835589445e+05
1.955009677007123828e+06
2.874298472405834473e+05
9.816758790122937353e+04
1.624826619958265219e+05
1.758413668656280497e+05
2.974558007790445699e+05
4.843404656871032785e+05
2.621998703352042940e+05
7.753345416625984944e+05
1.617973558246787288e+05
4.844371608407954918e+05
1.244623925788095221e+06
1.493948732108440250e+06
9.011378660829656292e+04
1.786544763070909539e+06
9.296592582848540042e+04
4.863776484355930006e+05
9.569238000979460776e+04
1.860060055929542577e+05
6.969812909849529387e+05
6.420995486860998208e+05
4.856147853353414102e+05
3.998475419780272641e+05
1.246474811331586912e+06
8.822993904410123650e+04
2.115306625787890516e+04
2.518134414151934106e+04
2.411115487730928871e+05
3.580488992108639213e+05
4.298991045113215223e+05
4.541027096368366037e+05
9.316085588477076963e+05
5.796451212561626453e+05
6.449506759230812313e+05
3.016463565504469443e+05
2.869699563766932115e+05
1.676957216785134515e+05
7.537389335613213188e+04
2.156370306234759628e+05
6.193820937593730923e+04
6.588066959252227207e+03
1.535230110028801719e+05
6.474543796185302781e+05
3.031247695103624137e+05
1.441834656989445793e+05
2.760343743224913487e+05
5.946468283287130180e+04
1.056559696533455746e+06
3.532501939004748710e+05
7.842751262568496168e+04
4.105184767178621260e+05
4.378748141871079570e+05
3.310603758713798015e+04
2.224777404731026036e+05
7.727386668647124898e+05
1.148286942626754608e+05
1.631573647413374565e+05
4.542644670501907822e+05
1.714192089851257624e+05
2.372026205213014327e+05
9.364762692395913182e+05
4.695746948807187437e+04
1.927342937405869132e+06
3.950575124111883342e+05
9.460244708094568923e+05
4.323314675695037586e+05
1.952092916915048845e+05
2.044600130592019996e+05
4.931322816977278853e+04
1.326332831492063589e+06
7.643377171807893319e+05
2.680213142375634983e+06
2.706852961368048564e+06
2.074502957949565607e+05
2.474379009603164741e+05
2.822688971190282027e+05
9.828107655083725695e+05
2.545166885003185598e+05
2.931320967217579600e+05
8.579191224002608215e+04
5.314512615084133722e+04
1.519331874111774843e+06
1.075718286605258938e+06
2.484544238998784684e+06
1.902950142372635892e+05
3.041581658669698299e+04
4.579617924671345099e+04
2.449930272973962419e+05
1.556835958513299993e+05
3.075030457644814742e+05
3.625255986321114935e+06
2.334838943285582936e+05
2.239255133511074746e+03
2.690417622558451723e+06
9.455683793718841625e+05
8.070803935181914130e+05
3.431018387163770967e+05
6.839163233936714823e+04
7.942520698919147253e+05
1.575919421086094808e+05
1.057744130382105941e+05
7.697579250359423459e+05
7.293388031865231460e+05
3.996274517160252435e+05
1.422178366638651351e+05
4.462830510812644497e+05
1.122818232335252222e+06
6.803040863857313525e+04
1.746767254398382502e+05
1.082148861787925474e+06
1.681118196555769246e+05
5.498240573173600715e+05
2.829324791106658449e+04
1.503123675607251062e+05
6.255922383615948638e+04
2.950319392667359207e+05
2.386036919492679590e+05
1.116772060465502145e+05
1.746576121636359720e+06
8.563747433189185336e+06
1.320577216172047192e+05
4.898905338152979384e+05
1.738569458810843353e+05
5.118059808713519305e+04
4.420037109285864863e+05
5.010594676587234426e+04
3.797568198365000717e+04
4.841497965522030136e+05
4.099910955360091757e+05
1.312592584660935390e+05
3.059593715884178411e+06
9.495325099932894227e+04
4.964177485404777690e+05
2.138361398021693167e+05
8.724101401068570558e+05
9.431251110764266923e+04
9.913797731744750636e+05
1.556630089707703446e+05
6.898535755189182237e+04
7.350786472792505811e+04
6.152884029953400022e+04
3.498669447359503247e+05
6.183964050360649126e+05
5.326992458434748551e+04
3.736357591281055938e+06
6.380513053925600834e+05
2.542909510650568409e+05
3.740625630647878279e+04
3.763716175921668764e+06
1.419741299569658004e+05
2.265467478658019390e+05
6.850665366420119535e+05
3.613483241513151443e+05
6.584020934298594948e+05
4.810678771575703286e+04
8.672624987606598006e+04
1.300000999645627162e+05
2.878210153519152664e+05
4.152029092854862683e+05
2.539842749963596929e+06
1.622131935793019366e+05
4.195526167447656626e+05
1.905659175301357172e+05
7.448340034220974194e+05
1.391703606172320724e+05
2.564109380795051693e+05
4.923423611041330150e+05
1.617062474475280615e+06
2.962707356197538786e+06
1.084934059952192183e+05
1.095503741092771234e+05
3.399073794815954752e+05
2.644385715038364870e+05
1.265977287518654717e+06
1.117189224644883536e+06
1.992899824094934957e+04
4.581086506880664965e+05
3.957164855242844351e+04
5.777584501703465503e+04
1.358928243489600427e+05
2.456318826863697541e+04
3.222577312118426780e+05
1.129863550319798669e+05
3.460964192987474962e+05
7.947571928090418805e+04
3.230956173958193976e+05
1.388899686892702710e+06
2.557176091781459108e+05
1.108441699333298486e+06
1.755133869469788624e+06
3.714289670742619783e+05
2.488296462492711726e+05
1.502765520912109932e+05
3.522828486134687555e+05
5.986089238930342253e+05
3.496084710036545875e+05
6.837660126716419472e+04
1.452609551854276797e+05
3.594585893753962009e+05
3.806880929257596144e+05
2.634582368811027263e+05
2.070859414942474570e+06
5.613288223150392150e+04
9.387922797284318949e+04
2.683902839015109348e+05
5.112914622581302683e+04
5.901727600171000813e+04
4.710308245116964099e+05
5.233160630256183504e+04
7.070695503251119226e+04
3.059534251394292223e+05
1.265856553770080907e+06
2.066952977511264326e+05
3.517486429160835105e+05
3.232999332912071259e+05
5.077085038654833916e+05
2.112785173966138100e+05
1.826919484749709954e+05
4.821754781567500904e+05
1.736941353047922603e+05
5.059447891164848697e+05
2.058709790570343379e+06
1.925172228655928629e+05
1.585720656523482176e+06
2.324999401294582058e+05
2.927534395481804968e+05
1.617092562606517226e+06
9.017104107431166340e+05
8.542565833248808049e+05
1.092189097003088566e+06
2.197849903690101928e+05
7.649566140189460712e+05
8.733400097897537053e+05
3.937265636925408035e+05
2.198842616124415654e+05
1.642892587037610065e+05
9.686631681237368612e+05
8.123354983285590424e+04
2.832469795057825977e+05
1.371165479396521114e+06
4.378002421734506497e+05
6.753247063136913348e+05
2.053330369906319247e+05
7.878176652225590078e+05
3.087149819341665716e+05
4.823383686257114168e+05
4.247392797938760486e+05
7.070105797575359466e+05
1.928407043758978834e+05
7.791987257583141327e+05
1.388821363223864464e+05
1.573561267637534766e+05
2.492069792019806919e+05
3.514698233208064921e+05
1.333437340590191307e+05
5.807887173667795287e+04
1.056404926989281317e+06
4.224377822180340299e+05
2.252068676569932140e+05
5.057866620919994602e+04
5.447339428727953928e+05
2.067679111819834507e+05
1.232304365702835377e+06
1.111909707124800771e+05
4.308244893120508059e+05
7.707641356790671125e+05
4.989531168149741716e+05
4.531802646224157652e+05
7.329104011837370927e+05
7.623590549498246983e+05
1.265582357926981524e+06
3.357157405564747169e+05
5.304907506523352349e+05
7.121643812955485191e+04
6.417667488487895025e+04
5.111224563387711532e+05
4.136052302831927664e+05
2.642263660110978526e+05
5.783022413590241224e+06
1.097859507490843302e+06
5.457235823103419971e+05
6.677958458678780124e+06
3.797122150954803219e+05
2.082369131383941567e+05
6.621158029046369484e+04
1.269299137094342877e+05
1.200160766724721296e+06
5.093108272608945845e+04
1.509715823340775969e+05
1.932600738218757906e+05
1.911938923015842156e+05
1.395271105211784306e+05
2.163845587376829353e+05
5.407685139287273341e+04
4.962390094592050882e+05
4.682447972343037254e+05
3.327375515892907424e+04
7.027294639867387014e+04
4.629252210827188683e+05
1.004810497274394875e+05
5.711204015008184069e+04
1.778561786425361643e+05
7.361533733294528211e+05
1.032274700899585383e+06
2.245981882721730799e+05
1.296103901337128336e+05
4.330945055161321216e+04
1.235715952234134893e+05
2.640170249329310609e+05
3.194071740491800592e+05
1.759308352707802987e+04
1.027246587885180837e+06
8.074509250686053419e+05
3.127980918673561537e+05
2.981795420379788848e+05
6.794851069295585621e+05
3.683595605652403319e+05
4.843495136605333537e+05
6.323685511013923679e+05
5.083571330476250296e+04
8.646784053409656917e+04
1.038209374434173806e+06
6.715139639195507625e+05
9.538029511764751514e+05
2.280207866168664186e+05
3.379249850589174312e+05
2.728963093480992131e+06
6.038542837088926462e+05
6.054249803859845269e+05
1.579159398657903366e+05
2.409916386619608849e+06
4.918571674817907042e+05
1.109381324734079135e+04
9.029460939369375119e+05
1.122647801344109903e+05
4.299721210212173173e+04
7.716586106666196429e+04
5.685901942778866505e+05
1.873564794172210386e+06
3.969158628823157633e+05
4.045871002582221990e+05
3.071952049807659932e+05
6.128710377641157247e+05
8.609722834385647730e+03
5.634756539893705631e+05
4.534756511720500886e+06
5.767819023815806024e+06
1.266272412282699486e+06
3.549534244308576453e+05
6.383512767098818440e+05
7.002897815889890771e+05
1.562979880336953094e+06
1.176680064672785578e+06
2.210026217172478791e+06
2.352049271909902745e+05
2.542011365863583924e+05
8.379299714141665027e+05
4.100787885314233426e+04
1.188429317749010661e+05
1.827538745125568938e+06
5.395984549603149062e+05
2.237230480284561636e+05
4.352455574498684728e+05
3.839653623190487851e+05
6.217131232950494159e+05
1.014309233115239884e+06
4.877765640549950185e+05
3.659544247874555876e+05
5.775453793611170258e+05
1.905123124624047778e+05
9.461204578061467037e+05
7.573531310560427664e+04
9.112703050261574099e+05
1.787522811294899147e+05
1.015253730175478704e+05
1.726152780483545575e+04
1.137551923186236527e+06
4.477986722950183321e+05
8.586732516442526830e+05
2.798824095959776314e+05
2.588867645403690694e+05
2.484823451465052494e+05
9.431767684006446507e+04
3.595085416799261584e+05
1.026056655976123759e+06
1.169741814972579479e+06
1.240472081671871478e+06
6.048311849348446121e+05
2.405015648432250018e+05
2.462710993174538598e+05
4.902493078327341937e+04
1.444659296306083212e+06
1.737637854776098102e+05
1.926420882211568241e+05
1.519675276035767747e+05
1.650735648318390886e+05
1.171811771799407579e+05
2.448928163888797862e+05
1.862936936246794648e+05
2.661515183039731928e+05
3.389421691318601370e+05
1.077181335376663774e+05
5.573709746792155784e+05
1.285673529340524692e+06
2.502940395662668627e+06
1.913263919772226363e+05
1.540803818444077333e+05
2.238111657253705198e+05
2.333082203941280022e+05
4.125558623224681360e+05
2.664209733559476444e+05
1.947563992777152453e+05
1.191854454513406847e+06
4.379857533923916053e+05
1.183149326557969442e+06
6.830665888632134302e+05
4.241610986485620029e+06
3.083886056958150584e+06
6.639508580542164855e+05
2.510793681787647365e+05
1.456588277356374601e+05
8.303174166216080775e+05
5.742873568588132039e+05
3.200710497649434255e+05
2.894033705005819793e+05
4.348694905863037333e+06
3.350592429420910194e+05
5.761937704728021054e+05
8.013359653352361638e+05
2.201845408554163587e+05
4.253814668665386125e+04
2.048395877559844230e+05
2.682393430316717713e+05
3.299720154103155364e+05
6.035355005684056086e+05
2.663965404801602708e+05
1.591893022141375695e+05
1.206824938349235745e+05
8.938555698286370898e+04
1.178353957637667190e+05
2.957707646751979701e+04
1.890689400486939412e+05
1.085484069122072775e+06
1.736544739059396554e+06
7.715429847144425148e+05
3.081110245296258363e+05
4.317239933256675140e+05
4.992129311205197591e+05
4.093517816326164757e+05
3.885846967487990623e+05
1.144821509215447877e+05
6.016326935492093908e+05
6.090299254595871316e+05
4.612709170918225427e+05
2.688283520775086363e+05
2.024815491480774013e+06
4.405611193097534706e+05
1.035021934775927337e+06
4.485664815709241666e+05
4.138148257932770066e+05
1.576946347404568223e+06
1.359501244012484967e+05
3.580396607555771479e+05
5.031561200382257230e+05
2.185645982829884451e+04
5.709395366949850722e+04
1.165051019001114182e+05
3.658948563783782301e+05
4.600195743283418124e+05
5.184027838030730345e+04
4.615726281955399318e+05
2.621271716993426962e+05
1.693005297599490732e+05
4.524218800453205768e+04
5.728320158407719573e+05
6.634308745913534658e+05
1.475689958623977727e+05
1.780448433108999860e+06
2.611574732234394760e+05
6.298098882624705584e+04
5.320071315665802686e+05
7.868254668963702861e+05
6.767154456344059436e+05
2.214062332360761939e+05
1.359122726721396670e+06
6.174939736520244041e+05
1.453518678630077557e+04
1.566154897179827967e+05
1.829922476270745392e+05
5.053511477404151228e+05
2.212672898271986924e+05
2.793604723617870361e+06
4.694204265069145476e+05
6.214373255568043533e+04
1.089482619385726051e+06
1.163069677186126064e+05
4.595617999152778793e+04
2.285513360016446095e+05
1.106766064748067147e+05
2.308110489288392127e+05
1.375873657345765241e+04
1.127186311467560445e+05
1.457828947578879772e+06
1.774346143446009373e+05
7.551854039758659201e+05
5.851364176907903748e+05
2.344712972763808444e+06
7.703553142212135717e+05
5.455364037647835357e+04
1.597914671087946044e+05
1.417668703479779651e+05
2.273543298330511607e+05
3.861433198866056628e+05
1.085083345310609729e+05
5.588112241949422751e+05
2.477923633845863806e+05
5.603027565278449329e+05
5.053101022245672066e+05
1.147563273543626710e+05
4.447119963448577619e+04
1.749318602683594218e+05
1.166972645870187989e+05
1.353473863150983583e+06
2.788216478273595567e+05
3.595150938392295502e+06
1.567822448390874779e+05
1.152493234219282604e+05
1.980524794044921291e+05
1.582945224151700735e+06
1.873185699162817036e+05
1.210632062712605402e+05
4.222426491473113128e+04
2.004691358941880753e+05
3.017730279327607132e+05
2.775078045487520751e+06
4.415426365376241156e+05
7.837961714774266584e+05
7.598344649666438636e+04
8.579951179689522833e+05
2.003281912744244037e+05
2.844823791608950123e+05
7.501487718765487662e+05
3.616773029253351851e+05
2.659335733963695238e+05
1.674208856045899156e+05
4.391581194760211511e+05
9.453915408700820990e+03
5.630560919523859629e+05
7.139776559865321906e+04
2.788799872448480455e+05
8.874243480012390064e+05
2.027895857769657625e+06
4.502941354137204471e+05
4.006446975821675733e+04
2.182671100437065121e+06
2.012559181310746062e+05
1.269040598981407384e+05
2.831551611204324872e+05
2.679498024466667790e+06
6.918519916511638439e+04
7.254336319011138985e+05
2.832169434803881682e+06
4.334995690721801657e+04
4.585465380878385622e+04
2.723206145687219396e+04
5.060153687019326608e+05
1.057411849337466294e+06
7.695036779606806813e+05
1.709743860107612854e+05
5.945945501350914128e+05
7.528241316760807531e+05
3.324626834937986569e+05
1.484020132857194694e+05
5.733015881714761781e+04
2.323407197202679235e+05
3.766417764103801455e+05
6.224889030975224450e+05
5.589497764328250196e+05
9.309244653251329510e+03
4.257045494374358095e+05
1.736566559073940734e+05
1.363038205645266571e+05
3.690529290708830231e+05
7.561686865984466858e+05
1.222192133245255536e+05
4.418718616764725302e+05
2.819106643757821876e+05
9.878062700203114655e+05
6.737829104066096479e+05
7.482992704130434140e+04
6.263444009457691573e+05
5.919005202316751820e+04
1.039783379323921690e+05
3.234489658872985165e+05
8.575496351369481999e+04
4.109318771829170291e+05
2.635868690797700547e+05
4.728663709158755955e+04
6.839492484863582067e+05
2.868514126778633799e+05
6.723248813144315500e+04
4.106819919736193842e+05
6.873992532557863742e+05
5.178725147361269337e+05
5.051010974514404079e+05
4.309020622461265302e+05
6.681734638375376817e+05
1.079637135066154879e+06
1.693014902683974651e+05
5.544365718452410074e+05
8.993174783782746817e+04
2.927733953071190626e+04
3.719694930772893131e+05
3.600251174108527630e+04
8.788201284064369975e+05
1.294362400074760226e+05
2.470907212731445034e+05
2.028798853068543831e+05
2.353116407978498901e+05
8.299463673861967400e+05
2.445602772318118950e+05
1.172873897236819175e+03
2.488535768929059268e+05
9.434709598162480397e+05
2.389082337340296654e+05
1.166860923563477816e+06
3.892370046700219973e+04
3.147989440764953906e+04
2.273278039123476483e+05
1.707004171444441425e+06
1.460738373862379813e+05
3.124718007662297168e+03
2.230831434221002855e+05
3.583868744482590118e+05
8.957153508225423284e+05
1.947629254828848934e+05
2.276465694825530518e+05
7.134817359501892934e+05
7.436245335401879856e+05
1.152471569078439847e+06
8.217413314068940963e+03
8.805407445282330737e+05
1.160616312195108476e+05
3.325553594473113772e+05
9.535271025915801874e+04
1.696887711028652266e+06
3.046997052066859032e+04
1.091696942732671043e+06
1.891165918264369539e+05
1.489707616995173157e+05
2.113023349155295175e+06
4.097716361936383182e+05
3.108522984448768548e+05
1.690762671241275966e+05
5.784121213475143304e+05
4.487537649521840503e+05
2.485969283015037421e+06
1.441778461608163489e+05
1.599428222947121503e+04
1.573092497886951780e+06
1.030233371481444687e+06
5.634104330279647838e+05
1.170315595640535030e+05
3.377246851011203253e+05
1.219519672741862014e+06
1.627075550833628513e+06
2.360594500603116176e+05
6.073983808149275137e+05
8.065279555499945127e+04
4.810790849722566199e+05
5.399405788946816465e+05
7.198274842024119571e+05
2.516729684914509999e+05
2.127388076536878943e+05
3.213413639833505149e+05
6.618098337771507213e+05
2.429053439314771676e+05
2.227565815902558679e+05
5.595725785886505619e+05
4.134419066054256982e+05
3.101198744844228495e+05
3.853755786241375608e+05
3.489411193200843991e+05
3.197260001923712116e+04
3.066554656644251081e+05
1.026186116913761129e+06
3.337301884571437258e+05
4.023620165575296269e+05
2.114147605543957616e+05
2.331870163746106264e+05
4.017287637972490629e+05
8.233730546397567377e+04
4.549566028057289805e+04
2.360487956533604302e+05
1.923038016059953487e+06
3.588945038298836607e+03
4.505907548150404473e+05
8.865899925698784646e+05
4.805097767935059383e+05
3.879215119723278622e+04
5.806508862405187683e+05
3.152447780088129221e+05
1.651895140203170013e+05
6.385736291416938184e+05
3.283363514532956760e+05
7.450004856844076130e+04
3.014456972737345495e+05
3.927816751166590257e+04
2.539977449743368488e+05
3.896680144366940367e+05
3.186069485333274934e+05
1.799483932052649325e+05
1.841650368400774605e+05
1.395950313805260230e+06
2.762145226972986711e+05
4.371782196626412915e+05
1.553460791999400244e+05
1.742671880855715135e+05
6.194019820598748047e+05
4.833698437568893423e+05
4.220249800831921748e+05
2.618149188837751281e+05
4.230279353063550661e+05
2.810944107462069951e+05
3.836968376376625965e+05
4.446629308963253279e+05
7.976986621698211820e+04
5.660589472647097136e+04
2.149074862545284908e+06
4.387387089819030371e+05
4.993979530869696755e+05
1.271193647212403128e+06
6.094285227952644927e+05
2.474382973357479204e+05
6.715078428369204048e+05
7.775073947329135262e+04
1.085277610609249445e+06
3.084860338403847418e+05
4.588963577330504195e+05
9.408546843309000833e+05
1.006733908468103764e+05
1.267908205901475856e+06
5.840712006317389896e+05
2.691255367025131709e+05
3.853192941635358147e+05
2.262174806231827242e+05
2.130214848959711671e+05
5.091585160481192288e+05
3.656966047456716187e+05
4.016707888304000953e+05
9.885311134929294349e+04
1.233221009234745288e+06
2.972483241237639915e+06
1.788472397034046298e+05
1.777382516048056277e+04
3.260391319750985713e+05
3.192977943396628252e+05
5.803449876949619502e+05
3.741899990751631558e+05
5.928724666090144456e+04
5.510896616466721753e+05
5.180480696927588724e+04
8.867283088178167818e+05
2.484271980141527019e+05
1.669645084569364553e+05
1.410981354364676401e+06
1.031928568713164073e+06
4.479727069233194343e+05
9.376764471713419771e+05
2.075821889661255758e+06
4.764461302935636486e+05
3.067304941497475374e+06
1.613151665659383871e+06
3.277625118974618614e+06
1.053078939086304512e+06
5.384952790612590034e+05
5.381680417829628568e+05
5.120817265022040810e+05
1.551633438889764715e+06
2.818790636753096260e+04
2.120810564180046204e+05
3.360273451514938497e+05
7.009144826552693266e+05
1.705790171791196568e+06
1.549423113672103500e+06
6.018216455939273350e+06
4.123357370311094564e+05
5.213061098685809411e+05
6.172350862576072541e+04
6.712808681363911601e+05
1.681992740257937985e+05
2.021790460980557691e+04
2.640724257493436453e+05
2.746062656094034901e+05
2.445725307570141013e+04
4.400051682666956331e+05
5.875592175430209609e+05
1.386950000068151858e+05
3.572147652291262057e+05
1.807936880857587326e+06
1.453105379687390523e+06
4.236442186832552543e+05
1.044312299627922184e+05
1.931226655949467968e+05
3.645159404310858808e+05
6.249374078965125373e+05
2.718897718428020598e+05
7.019442011496837949e+04
3.999478299920469290e+05
7.123203619360479061e+05
3.862768663528883480e+05
5.704560091520073911e+04
9.159927610764680430e+05
9.306449722306890180e+04
1.250006521698327735e+06
2.963154033844486345e+06
7.232282673385065282e+05
9.880961153452462750e+05
8.267665301417540468e+04
1.283711796782042511e+05
1.832602106133755588e+05
2.324538171522645280e+05
1.748353414754297701e+05
5.988825720884462353e+05
1.043807087353946408e+06
5.794121059082629654e+04
8.393967921852423751e+04
4.832785732377324020e+05
8.865537539769444847e+05
2.635713259005853324e+05
1.135935010304158786e+06
3.378805007705937605e+05
1.273683199836016633e+06
5.472919753498336067e+05
1.251190995079483837e+06
3.368581868578101858e+05
5.887771653112267813e+04
2.330632800394511723e+05
6.089939550162021769e+05
2.392955671652034798e+05
7.003450236472012875e+03
1.883661204839691345e+05
6.638299861091235653e+05
1.759951117318726145e+06
3.565163557013321406e+04
6.814099416997400112e+04
6.280998674704550067e+05
1.364768097835001303e+06
1.067385406202456506e+05
4.943477511521501001e+05
4.647918601082062232e+05
5.450713181853780407e+04
4.253026458133522101e+04
5.489678130004114064e+04
8.995888841467128368e+05
8.937386053167191858e+04
4.822100971529795206e+05
4.840897639384829672e+05
1.383417031601183407e+05
8.215256414656269772e+04
1.106609460982355376e+05
1.122709798627130513e+05
3.514073596880878904e+04
9.565359457942759036e+04
1.650869429791258008e+05
2.095690913082961924e+05
3.783475344288662891e+05
8.249045751524866791e+05
2.974880955233308487e+05
9.957637373785957461e+05
5.411202083127853693e+05
6.872211034094831848e+04
6.708400879895441176e+04
2.376119247225545405e+05
7.845624360745491867e+04
2.308371651814775832e+05
1.232576137672457611e+06
2.577802863883799000e+05
5.071389892292536097e+05
1.497149504811323714e+05
1.295484419473155431e+05
2.206269234586236125e+05
6.632779952243543812e+04
1.149856785960271227e+05
1.627998232130778022e+06
1.268097570708142594e+05
1.672615432932527037e+05
3.538048356787251541e+05
7.559873219742855872e+04
2.141322170332723763e+05
3.123891522589665838e+05
2.493091296442659223e+05
5.178950866266384401e+04
6.254336929599912837e+05
5.002731844934406108e+05
1.527910457339580636e+06
1.474791371361158963e+05
3.725815546839165967e+06
1.975398021910885291e+05
7.591143473753306316e+05
5.175337760901967995e+05
3.170290572695193696e+05
5.108501582611034246e+04
2.583102443774423155e+05
3.359739448958218563e+05
3.740118331135933404e+05
1.126821286373973708e+05
1.329873963180748280e+06
1.296272226812013832e+04
1.399852458809025120e+06
7.076653706384793622e+05
1.846292031543133198e+05
9.393615521434219554e+05
2.116495197968099383e+05
2.687892266506644082e+05
4.349546212397454656e+05
2.836283358010628144e+05
3.138674979240556131e+05
9.986742494058483862e+04
6.303756477840775915e+04
2.918731083349306718e+05
5.258672531920768088e+05
5.368701724788452702e+04
1.907584512050717603e+05
7.015349331598471326e+04
8.862931700993081904e+04
1.492958041060880758e+06
2.294858454705400392e+06
2.978775269984872430e+05
5.140216278810353251e+05
6.247013798052311904e+04
1.279931805557799526e+06
2.077011947469708743e+06
2.276600368804367463e+04
4.200475813405900262e+05
1.818968716141390149e+06
2.047670949247649987e+05
4.522773273020741763e+05
4.377702817066128046e+04
1.405296737710726120e+04
9.862829302446433576e+04
4.213671511366465129e+05
1.810273263405368431e+06
1.892800078250396473e+05
1.910373437241173451e+04
4.591722092658368638e+05
5.673872038399988087e+05
2.386239376527974382e+05
6.976381002463859040e+05
1.770572847807152721e+05
1.808293507198906445e+05
9.500510387061053189e+05
4.223832603642328759e+05
2.346145578401160310e+05
3.393654016331105377e+05
1.434549075204107212e+05
1.126866599271480663e+04
2.491224392643508618e+05
2.611683539980268979e+05
3.422523251801297884e+05
3.195617283702304703e+05
1.798631046754317067e+05
5.017810114862040064e+04
9.897311776561460283e+04
1.160207792927542614e+05
6.759376781249858905e+05
6.176179681293580215e+05
5.945685248845687602e+05
6.785366105866110593e+04
9.041126866990720737e+04
4.518043605859041418e+04
1.381531659927369794e+06
3.014055616749607725e+05
1.237051414858145406e+06
4.107042595393152442e+04
2.524658273535816406e+05
9.816274945231857419e+04
1.495358320764602977e+05
7.360134062518492574e+05
1.050597279102537577e+05
2.035264277520837204e+05
1.531934054904171790e+05
2.416132027528405597e+05
2.648724434624106507e+05
1.865514495503196260e+06
2.054930228316180583e+05
7.950306269617931684e+04
1.002980065798002761e+04
3.144044006469235290e+06
2.083404149914281152e+05
3.665417335133137531e+05
2.431157806006226456e+05
6.060908867694833316e+05
8.848449419281710871e+05
1.074799584968335112e+05
5.962520666025689570e+05
8.082927491848911450e+04
1.350182641676960280e+06
4.312468663932361524e+05
1.056553715685986826e+05
1.830134613091640931e+05
4.956002839832489844e+05
1.181180552724432200e+06
8.610171838371340418e+05
2.369404349507542211e+05
6.824254963809537003e+04
4.508389603838335024e+05
2.204071929021949414e+06
1.120221578499173920e+05
1.124661662276027724e+06
1.200306418432606733e+05
3.980427339652433875e+05
3.662950874617737136e+05
8.244495904219376098e+04
3.083197562064423109e+05
2.070306070706304163e+05
9.297889968707836233e+05
4.304231415970572270e+05
5.381191580148155481e+04
1.147516615330260713e+06
1.352013557774116052e+06
1.199028747827216284e+06
4.238061901920511154e+05
2.071568902654927224e+06
5.248441817707004957e+05
6.972839461880920862e+04
2.592982174020776001e+05
2.102119066403903416e+05
3.272450524732685299e+05
1.905573361172088888e+06
6.891645689719112124e+05
9.438393528621508449e+04
5.869762928956799442e+04
1.404663240413499589e+05
2.152126656757559686e+05
4.837613474430475617e+04
1.195426607123376307e+05
2.817920016471529379e+05
3.491677885004963027e+05
9.377348437044155435e+04
2.130770451762015931e+06
9.734334837970719673e+05
2.673826771971561247e+05
1.977458467366499244e+05
1.455148362337427970e+05
8.481607688630957855e+05
8.755242904151714174e+04
2.716302784716715105e+05
1.725730958068419714e+06
9.896294230173696997e+05
1.614664998718296411e+05
2.485830912941723655e+05
1.264243855971594807e+06
4.191446427482095896e+04
9.989151293549517504e+03
3.887089363642560202e+05
2.099954880998791778e+05
8.126160678395412397e+05
8.475903323613133980e+05
5.062029471811707481e+05
9.980367108464654302e+04
1.330198083261589454e+04
4.398561969726412790e+05
6.851335193110376131e+05
4.262256539997735526e+05
3.017335543486644165e+05
5.040657924025340471e+05
6.869596259632903384e+05
1.227245927100047702e+06
5.392936219652778236e+05
5.427766981475948123e+05
3.476732800080043962e+05
1.456896358706339379e+05
1.799649827568317065e+06
5.105627816010912647e+05
6.845575459072078229e+04
8.740501259726338321e+04
7.114302274884539656e+05
4.801890319616156921e+04
1.235827714723583922e+05
1.016436184804081451e+06
2.003832637145164772e+05
1.314241425039033173e+06
1.766832406529098516e+05
1.923070597805911384e+05
1.123764735533010680e+05
2.498794339401850593e+05
1.900860223760925292e+05
1.238225251102241920e+06
5.841977789933494059e+05
4.559479675022095907e+05
2.744232698805987602e+05
4.878511043051709566e+04
6.579373795063347789e+05
8.716239291505752772e+04
1.051450305856259074e+06
7.021220064637435135e+05
4.040166896381817060e+05
1.899701716802614392e+05
2.185570349655084137e+05
7.243806277428157046e+03
6.437788489204717334e+05
1.267755560157672968e+06
2.354046607604549790e+05
1.589134400123718893e+06
1.386725078508599545e+05
5.411027643992064986e+04
3.093826839139861477e+04
9.440147506637448678e+05
1.219556034978319221e+05
3.414972404047661985e+04
8.972495562039654760e+04
5.864293744703371340e+04
2.416864454924636520e+06
1.042943793018675351e+05
7.437763244048728375e+05
3.107335477549897623e+05
7.097843363276518648e+05
6.823196149414926185e+04
1.961097322047942143e+05
1.469986838620108902e+05
3.051019427823175211e+05
3.537080923396009486e+06
2.429785320929805166e+05
2.582145090716399427e+05
6.866817360255175736e+05
2.441535082539116847e+05
1.682147688728935027e+05
5.211929175605769269e+06
3.972124507126460667e+05
6.629469832266209414e+05
6.482827514354104642e+04
1.089674573209482187e+05
1.524270634708600119e+05
1.519564768071930448e+05
9.815924287540843943e+04
1.709091273530314793e+05
3.868900414459741209e+06
9.425253349559191847e+05
9.938060102758550784e+05
4.908672205704860389e+05
4.565701880178347346e+05
1.907503850236937869e+05
3.292767933778376319e+05
2.546821513410046464e+05
7.864611773050768534e+05
5.656034016862380086e+05
3.328704154154766002e+05
4.103795938184188562e+05
4.243319818960048724e+05
3.229204285533333896e+05
1.382158313454099989e+05
1.870332579383775592e+06
7.368726644160889555e+04
8.734656958192237653e+03
7.271478744336197269e+04
5.931480169209105661e+05
3.502746223287305329e+05
1.472326980733737873e+05
1.188951938915981882e+05
6.129046820337515092e+05
5.884337763797467342e+05
3.408019783119315398e+05
3.379838071184472647e+05
6.304408070751267485e+06
6.363965386884316104e+05
2.319441516249440319e+05
6.100502835663959850e+05
7.592777307486869395e+05
1.039575762693052180e+06
5.505862549389955821e+05
9.094682482512819115e+05
7.548485485089960275e+05
6.977222686860561371e+05
2.414844412244602063e+04
1.725443467558076838e+06
4.922735415264003677e+04
5.713776082229007734e+05
1.973269069604279357e+05
2.185830434618639119e+05
3.449349550437274738e+05
1.573384147371171566e+05
1.920631605867944658e+06
1.139973981570377946e+05
2.385393651490613702e+05
4.863873201482887089e+04
3.080044968743275967e+05
8.065276854960814817e+05
2.526721958582501393e+05
1.185884537347231293e+06
3.494717279882378061e+05
1.043425448410010431e+05
9.641331245690265205e+05
1.772222970865369309e+06
1.200593491073011886e+06
5.734542326959392522e+05
5.564947864435147494e+05
2.379199325644022611e+05
1.658399757944022349e+04
5.915226006424289662e+05
9.752399597828352125e+04
7.238882067874873755e+05
4.464853119228429860e+05
1.630545551327263936e+06
1.024495226461905404e+06
2.304253957832483575e+05
2.363137115798049781e+05
3.001576858248202479e+05
3.549836430629145470e+05
1.268656320173304994e+06
1.910898762661621731e+05
1.745457549788471661e+05
2.573709768716839608e+06
8.395115437862396939e+05
4.800956468956233584e+05
1.900200914638964459e+06
4.392425869067799649e+05
4.005733886847075337e+04
9.691147311011319980e+05
4.198173092165392009e+05
6.576055578503332799e+04
4.239192115856792079e+05
1.214777749803668587e+06
6.266538679953374667e+05
2.200105840815090574e+06
1.852033964682603837e+05
3.996245148267843761e+05
3.680026369452509971e+04
6.306153774007702013e+05
1.708816871039726830e+05
2.575618808480311127e+05
2.825811527147621964e+05
5.655038101987671107e+05
3.666676962437964976e+05
1.903802508663425106e+05
9.410730484787725436e+04
1.584134620962994086e+04
1.016266121197148750e+05
3.668764715642232331e+05
6.947832045215113321e+05
6.485387806380055845e+05
1.025080412253430462e+06
1.058206643521170045e+05
5.221504170995533350e+05
3.666375360063024564e+05
3.762786995977271545e+03
3.826199247907542158e+05
3.674910042788147693e+05
5.127160564395983820e+05
4.688757096508658724e+05
1.307622790249167738e+05
6.320562798384262715e+05
9.085489731747829865e+03
1.660203215208712209e+05
3.134735463957542088e+05
3.952123917722419137e+05
1.623553914052435139e+05
1.743917835360249446e+05
1.491094392687660409e+06
1.253554807248379570e+06
5.748400940875408705e+05
7.702013523428808548e+04
2.437593735950695118e+05
1.083403846489420859e+06
2.278917537594828755e+05
3.604342944378887769e+05
1.463303932297600841e+05
1.100788930395079311e+06
2.666448473304968793e+05
9.034395057163355523e+04
1.085154243409361370e+05
4.876970357094673091e+05
2.488482461726178590e+05
1.066440998327948473e+05
7.359975633046124130e+04
3.519188464801746886e+05
6.749280717417005508e+04
2.426872861712361919e+05
5.707012303673521819e+04
3.093027535564202699e+05
1.429104223070138600e+06
3.690151668604657752e+05
1.117095729955023271e+05
3.361991248802191112e+05
3.784374127479905728e+05
1.272904104934049770e+06
8.288722680540571455e+05
5.137474112199732917e+04
1.733453102421454678e+05
3.744126306686239550e+05
1.214110648733201437e+06
2.383096681275483279e+05
3.749966158247076091e+05
7.514421031019716756e+05
3.412886670118583716e+05
1.945729356615368451e+05
7.014496529898967128e+05
6.240672534335814998e+04
3.396412221598107717e+05
5.097493436895778286e+05
2.306965168926167462e+04
2.772829280148159887e+04
1.025891148402443068e+05
6.237505702905243961e+05
2.955275001363714691e+05
1.319509456618897384e+06
1.295357937993832864e+06
1.613419581219482061e+05
8.726955227630620357e+04
3.771667893726341426e+05
2.446316419914831058e+05
1.030059753304326587e+05
5.769746466852159938e+05
1.325797912742340413e+05
2.500325781072728569e+05
3.546161471394164837e+05
4.600404069225214771e+05
1.903702291196359147e+05
4.272517148608890711e+05
3.171899551088187145e+05
1.146158340032300184e+05
1.006670318465226155e+05
2.569460830020217691e+05
1.070763408671408106e+05
7.096628948163772293e+04
4.236616525899259723e+05
3.152549774977875641e+05
2.672005270468713716e+05
6.757487094283259939e+05
1.350657583815452876e+06
4.865885849835576373e+05
7.787348827241214458e+05
3.797940471262383508e+05
5.889052337502577575e+05
1.033295281045753363e+05
1.041094475696217851e+05
1.977615554162475164e+05
2.237600791440882676e+04
3.506612411594380974e+05
4.831019371809732402e+05
1.035368944105049130e+06
1.380434763117109251e+05
3.745557102311846684e+05
2.665847313358067186e+05
4.825185833881844883e+05
7.874428624529970111e+05
6.236101899056922412e+05
4.619179529796760180e+05
1.703514870220700977e+05
4.465555357569860644e+04
4.704146380517680082e+05
1.680326647113363142e+05
6.856593633548151702e+05
2.598887874361553258e+04
2.548200457853866392e+05
6.955115145953898900e+04
2.649969343997588148e+05
7.505445420319681289e+05
3.181418236194536439e+05
4.163110451480154879e+05
6.935077434411977883e+05
6.810830622781229613e+04
7.846899351289149490e+04
1.861554943040504004e+05
1.578117680674063449e+05
3.983353988972990192e+05
1.595082570812347694e+05
1.871084076401412894e+05
5.380156292925515445e+05
2.793801965738344588e+05
6.228569881749024353e+04
1.180216427382446360e+06
7.495145189248095267e+05
4.197468604272009106e+05
7.623837959918593697e+04
7.361787310084236378e+04
7.790399292693292955e+05
1.948351533068881545e+05
2.445472289935669323e+04
6.732013479813704034e+05
3.125227447320031468e+06
3.117848243172833099e+04
1.745237329982636438e+05
4.765294991443633917e+05
3.918951176670393441e+06
6.223357822131551802e+05
2.596772790422866528e+05
7.488360914070694707e+05
1.774873870117222832e+05
3.672360670353202149e+05
1.094520517208431615e+06
1.930336682624009904e+06
1.407516853750461887e+05
1.149432895306393184e+05
3.854827374702368397e+05
1.524297087876608712e+05
3.074888706254148274e+05
9.429687933564116247e+04
7.257335499978251755e+05
6.012273417988570873e+05
2.968058603263366604e+04
1.321428844710249687e+06
8.893036601218089345e+04
4.094168825468689320e+05
3.651575326707046479e+05
2.421077572986488813e+05
4.312420104041126324e+05
8.116428375233433908e+05
1.088256483613103192e+05
1.395803369844453875e+06
1.879483446356185887e+05
1.922148807213318360e+05
8.701824832503643120e+05
2.100830043319676770e+05
7.616777499142398592e+05
1.278742740307019558e+05
6.427810954133090854e+04
2.971600866924324073e+05
3.008868937984200893e+05
8.683019475222895853e+05
4.199671688075996935e+05
4.124365113378538517e+05
3.483399416400466580e+05
1.819985573683569673e+06
3.872264099609306431e+05
7.001725011451421306e+05
6.832781712691902649e+05
3.304434478250228567e+05
6.521989707285389304e+05
8.255842519178082002e+05
6.338563933512754738e+05
8.476937190214269795e+05
1.229217920486396033e+05
6.942437606189497747e+05
2.022580739901911002e+06
2.530248183673579479e+05
1.845060471253034775e+05
9.279464883091010852e+05
3.847092697202626823e+02
2.119247157279332634e+06
1.183887530451313942e+05
1.802762415888093819e+05
2.341433079417996487e+04
4.494326665428096894e+05
7.841489609473850578e+04
5.123087654801047174e+05
3.243747251941477298e+05
7.922336147129439050e+05
1.071760245236365823e+06
1.657713898074693861e+05
9.859192208897283126e+04
7.305828708779445151e+04
1.082494397169962525e+06
3.753909787701917812e+05
4.217846389733107062e+05
1.173368652406567417e+05
1.884532112022885121e+05
5.419409866889447439e+05
6.196565299679256714e+04
3.987232045998211834e+05
1.387703499499922618e+06
1.094038233970998990e+05
1.780614886554222539e+04
6.608443272005270701e+05
8.673876811749517219e+04
7.848904981440942502e+05
1.085457365554023418e+05
8.589873569663273520e+04
6.346603649113338906e+05
2.919394235407621600e+05
3.001476191074565868e+05
6.250517017057151534e+05
3.689725655610267422e+05
1.348470400001357484e+05
5.115030688786043902e+05
2.480529773001706053e+05
1.875371739402406383e+05
5.019469513870020746e+05
5.239959599701370462e+05
8.431433027073019184e+05
4.177822769516436965e+05
2.688737750708039384e+05
4.069369707481572405e+05
6.594661396916424856e+05
2.010344149374849629e+06
1.391983289721311303e+05
4.939093799064748455e+05
7.056622860610483913e+05
3.172451782262820634e+05
2.150884125598203391e+05
6.940350217984464252e+05
6.389107020908794366e+05
1.416136147017329466e+06
3.912795478168084519e+05
3.787192947606788948e+05
2.472259729644244653e+05
2.927720636445204727e+05
6.076099640363955405e+05
3.805183830561861396e+04
9.281255553890649462e+05
2.654211592873041984e+06
1.591370095173120499e+06
3.347661923835481139e+04
4.503263760139497463e+05
2.404539262523318466e+05
1.616860181059284951e+05
8.801785218358301790e+04
7.946669895549332432e+04
5.029980334544580546e+05
5.385389796159935649e+05
3.317510255203425768e+05
2.464947148836256529e+05
1.014278162974025006e+06
2.018278936463177088e+05
5.407929097107037669e+05
2.487482516731721407e+05
2.540437531655007042e+05
7.986339120704625966e+05
3.145221096329583670e+05
6.691109322348599380e+04
5.662917662048271159e+05
7.118975156765531283e+05
2.555755682988983754e+05
7.429835642908859882e+04
4.710943294417533092e+06
2.314260354537258681e+05
6.385244304218601901e+05
1.023639326227019192e+05
2.030308016894476314e+05
3.592129462609663460e+04
3.384790443586077890e+05
1.119917204400703777e+06
5.035284475252319826e+05
5.742037882486121962e+05
2.215913987361917272e+06
3.565558234940693364e+05
1.467928169051780424e+05
7.446047743004756980e+06
4.749861525287156110e+05
2.025888480071227765e+06
4.453065666151802725e+04
4.455483321765757864e+05
1.417197368048948410e+05
6.846184209326120326e+05
2.719673730658352724e+05
8.341389517888848786e+04
2.254856001728432311e+05
5.490402196363190887e+05
1.765145990433202242e+05
3.694395006727335567e+04
9.240860244721735362e+05
3.010520429202282685e+05
1.860035293770044227e+05
5.123841664717009407e+05
1.166586368733179988e+06
3.212488776081825490e+05
1.191003466735986760e+06
4.570126055551597965e+05
2.410405943726425990e+06
9.298271775451624999e+05
3.213791901011057780e+05
2.886998606245705858e+06
4.140017611517646583e+05
5.963383134596797172e+05
5.643409468793628912e+04
1.470387090512615978e+05
1.135647281865293160e+06
1.174721272738890257e+06
7.432214717830549926e+05
2.300064049919849494e+05
7.301360903199430322e+05
4.701097180778686743e+04
4.749930555240651011e+05
5.590821236891523004e+05
4.964710409751064726e+05
1.246076037734501064e+06
8.883539867314220173e+05
9.986758344144318835e+04
8.028139412442869798e+04
6.679075572443139972e+05
1.816212285739229701e+05
6.729371918981053168e+05
4.595351925682536676e+05
1.743519297368517728e+05
1.573279102958194853e+05
1.571525790402846178e+05
5.395901678447015584e+05
8.645198832503177691e+05
1.612313895943896496e+05
1.017796549082991900e+06
2.051743775160405203e+05
4.780966402093869401e+05
1.798557027209807129e+05
1.429778248452539265e+05
1.376156691681307857e+05
1.460936920557729318e+05
7.784990194297261769e+05
1.904214691180851369e+05
2.226512034276921186e+05
2.795551977873771102e+05
9.944029972051393997e+04
1.615288546374130819e+05
1.979251995116913167e+05
1.480728856791305006e+05
2.314795654244140605e+05
2.644495246595291974e+04
1.220881564693937544e+05
3.396620488268312765e+05
1.405627724287607998e+05
7.796056660360466049e+04
5.225168254187905113e+05
7.192177774019334465e+05
1.020206865146646043e+06
1.530643778559444763e+05
1.330816641689953976e+05
3.010084487943478744e+05
1.219989988643713004e+05
1.016628857033791835e+06
1.957863366313837469e+04
9.137183341551568592e+05
1.950044008234153152e+05
5.569199016951533267e+05
9.961844672482872847e+05
2.844909038594552549e+05
3.068286500455657369e+05
1.835236016373882303e+06
1.828300137693083088e+05
1.475160067847678671e+06
3.301798710169792175e+05
4.855636397910921369e+05
3.869095307959078491e+04
3.410364579816337209e+05
5.001709526614187635e+05
7.064368924955440452e+05
2.414570811092643999e+06
2.788094833469035802e+05
4.529310631000327994e+05
5.219540661860257969e+05
1.051719431208237656e+05
7.538969489445435465e+04
4.327409649453164457e+04
2.048248343791445252e+06
4.042330989159661112e+05
2.039943906201788923e+05
2.868470646719931974e+05
5.687629861142658774e+04
4.277185027950683434e+04
7.865731241248518927e+05
4.645620557041345455e+04
1.808744018855401082e+05
1.207111286876861937e+06
2.233736261757277825e+05
3.170479774600585806e+05
2.347672552689341828e+05
1.348898073023540783e+05
2.623909642620161176e+05
4.554520535365605028e+05
2.994454671536583919e+05
2.783041565286456142e+06
1.268430757507118629e+06
5.511221356211663224e+05
2.298572171661864268e+05
2.073988973172191763e+06
3.208125750775617780e+05
4.091200998945868341e+05
7.576407953876355896e+04
3.464418297697370290e+05
1.845498636545465561e+05
1.334449112958936312e+05
6.623452550848567626e+05
3.596402013182378141e+05
1.686919763335990137e+05
7.144209856496501015e+05
1.452985703359132633e+06
1.796672762572308129e+05
3.210969429427036448e+04
4.598531239503241522e+04
6.070641277817902155e+05
8.067531814210138691e+04
1.162763746840850683e+06
3.611919165557297529e+05
1.123110185045232502e+05
1.262781340517782664e+05
1.989647576293664053e+06
3.070339350959121366e+05
3.277205546922863869e+04
7.492416303166401340e+05
3.443669153671119129e+05
4.889608830709586851e+06
1.144768335807703261e+04
2.510475290441152174e+05
5.534963052240567049e+05
1.108888273014759325e+05
3.566990230912987954e+03
4.303154881752696238e+05
1.000556813907942415e+05
7.355134224582674506e+04
1.665199814844178036e+05
2.140532989808075072e+05
6.338741681015522918e+05
1.492269099302209506e+05
2.475955617769962992e+05
3.996787354327237117e+05
1.528038792359835934e+05
5.437001477948393440e+05
1.678758100870437338e+05
9.489393649013645700e+03
5.524554572606971487e+05
6.531018883759835735e+05
3.455670928781316034e+05
5.749931527718006400e+05
5.546385464479086222e+05
1.436012568138517905e+06
4.808777429369764868e+05
1.433451040948569542e+06
1.652792040592136327e+05
4.123762796014503110e+05
4.553603308074316010e+05
1.164129212285842979e+06
5.893070225229960633e+05
1.001674504779560630e+04
8.130887172222994268e+05
8.636041091879421147e+05
3.532516542690771166e+05
2.425520439146178251e+05
7.925223908991364297e+05
1.482920714219114452e+05
2.882826594665812794e+06
5.337468841711265268e+05
3.175651469558558892e+05
7.442666093823800329e+05
7.722041522332864115e+05
1.578461754372070311e+06
1.251450376598709845e+05
1.621836744989879662e+05
4.235554180321149528e+06
8.297756338045697703e+03
1.280330948203828419e+06
1.403622300554251124e+05
3.773623941106054117e+05
1.026759698903727112e+06
3.289426899869504850e+05
8.931326142945954052e+04
9.291295653466296790e+04
1.612018129564310366e+05
2.732669653978103888e+05
5.353439252122153994e+05
7.241193373743123630e+03
3.923737648721212172e+05
3.751085946245647501e+05
8.637372886967089726e+05
2.069793966130304383e+06
2.044003533313815133e+05
3.702263086019181646e+05
2.304007348199462867e+05
8.087296633378469851e+05
1.955935203377600701e+05
4.998873717707737815e+05
9.058228960665120976e+05
1.053779089838940417e+06
2.032490685815332399e+05
8.617952707915346837e+05
2.661810441920674566e+04
8.563224742269725539e+05
1.120127015003552893e+06
3.196998928524591611e+05
2.762183530800039298e+05
8.878577072648706380e+05
4.444340051723631768e+04
2.225784907406349957e+05
2.742786461824657163e+05
5.396649975882690633e+05
3.845709096211334108e+05
1.406837722062157467e+06
1.675112392496383400e+05
3.205639397272882052e+06
1.200604518669891404e+05
7.450576848822526517e+04
1.090378020000469987e+05
3.263710642421397497e+05
1.193222813772040652e+06
7.133432744428141450e+04
3.642108830619538785e+05
3.416792527516803239e+05
2.686099956253131386e+05
3.482682206535444129e+05
1.982487414707800373e+06
2.191783755215647107e+05
3.031329481144351303e+05
1.989612107608182996e+05
2.018243174990226107e+05
8.733237941694079200e+05
5.093600507698875736e+05
5.938012126481706509e+05
4.009022107333178865e+05
9.356431632614384580e+04
1.772082499039315444e+05
3.183096607172992299e+04
1.082852557057910599e+05
1.696668215381854316e+04
1.846644818878261867e+04
9.640219448449257470e+04
6.094137292572949036e+02
6.800844869470668491e+05
1.918119071131855599e+05
1.785502295449515223e+05
3.089636602032158407e+05
1.937161175074067141e+05
1.219630394459905801e+05
2.185218038440170640e+05
2.174403171839846182e+05
5.989000665119420737e+05
6.236449888764163916e+04
3.365640546020968468e+05
3.471501696839355282e+04
1.149580671545513906e+04
7.393087514016526984e+05
2.487014090244092513e+05
1.881240413137153373e+05
5.040326986814695993e+05
2.679664565433250391e+05
2.278355360842657275e+06
1.111009375034619443e+05
5.407592702676261542e+05
4.636720200119111105e+05
5.146849290986429696e+04
1.573892370491488546e+05
5.391786171113462187e+05
7.886535552957640903e+04
5.160112667511518230e+05
6.928680369457299821e+05
7.081504954603614751e+05
3.586587305049000424e+05
5.102341200172546669e+05
1.523201226994709577e+06
4.911183488680436276e+05
3.104615727689353516e+05
9.467883428006774047e+05
6.238652297181521135e+04
7.608496667109282862e+04
6.925755687532953452e+05
2.319183803063821513e+06
3.963260506646942813e+05
3.483420775523219490e+05
5.883901009718016721e+05
1.158584348122118972e+05
2.770055450437469990e+05
4.737458636484759627e+05
2.743233198502589017e+06
3.374909460524638183e+06
4.419099944979782449e+05
4.841269440767007763e+05
3.950900637617294706e+04
1.999526207110472897e+05
3.691022985331624659e+04
2.224300021095592820e+04
6.093781171374077676e+05
1.484270513684039703e+06
6.451610704270226415e+05
1.573659821035139903e+05
1.296903750973207643e+06
7.686734799226983450e+05
4.349217193915293319e+05
1.220866629374688491e+06
1.799967891547126928e+05
4.285516925730088842e+05
7.801542289406643249e+04
4.997959638971852837e+05
7.695466054430585064e+04
1.819129044732542243e+05
7.313146468301659916e+05
1.067626141975183127e+05
1.409607483889828436e+05
7.186243996440873889e+04
6.709903212565985741e+05
8.750830364781641038e+03
8.148335027827729937e+05
1.075252749254782248e+05
2.502246012994394550e+04
1.812575779016541856e+04
8.359029561463985592e+05
5.504032051135814982e+05
1.618163930180049792e+05
4.953673727504835697e+05
3.122240414713515565e+04
3.460873657038475503e+05
9.215738358364753367e+04
6.366397571033319400e+04
3.858850949127494823e+05
1.364300537527888082e+06
4.416409064393671579e+05
8.513995605794749281e+04
3.353418057188302628e+05
3.585747718215030618e+05
8.509503316091079032e+05
9.225718365326659987e+05
6.762013754885328235e+05
1.738825834706101159e+05
8.525299797484757437e+04
6.165830009044418111e+05
2.067117255956946872e+06
2.703101928905673558e+05
4.263625706732374383e+05
9.529600981217945809e+04
2.356661238514263241e+05
5.705607742822556756e+05
9.030880837067859247e+05
7.022934682816352870e+04
1.734874225023907784e+05
8.568638943924522027e+04
1.477224124864331388e+05
5.428667411139261676e+05
8.279584316242549103e+05
4.899372953222217038e+05
1.673686756843481446e+06
1.105637580935427221e+06
2.317643346807391499e+05
4.111556912012441317e+05
4.193505618329113349e+05
2.069640943350069690e+06
3.629898034646645538e+05
1.920625966130153975e+05
2.974201840018159710e+05
2.183648737615193531e+05
1.259088790482509066e+05
2.324855951486154227e+05
1.158876060752516147e+06
8.917577097111983458e+05
2.139546636526199582e+05
2.348729196081727277e+06
1.334544288118608820e+05
1.739670038998296252e+06
3.741432034984737402e+05
1.182467574482981348e+06
5.421537366305614123e+05
1.928463661269400036e+06
1.464414861831256421e+05
3.867411856060923310e+05
4.609260184367960319e+05
2.911673287710435688e+05
5.031048104518784676e+05
7.683489685328571359e+05
6.974794327316645649e+03
4.665529641395239742e+04
2.531724646164193400e+05
1.703906508998409612e+06
5.048380674615213647e+05
5.981337330288109370e+05
4.605296196409158874e+05
1.056930475046008651e+05
2.100870357078193687e+06
6.953258228516540257e+05
3.523345548380641267e+05
9.555679679324185709e+05
4.750752204288067296e+05
2.287499890387928113e+06
7.295803331735110842e+05
1.326495127188843908e+05
1.295033628377866931e+06
1.391505111548335291e+06
2.667693219403737749e+04
1.045639663418582524e+06
2.650108392175484332e+05
3.293569101586391334e+05
1.108095465449524818e+04
9.606798301695826231e+05
1.080585094397378089e+04
1.689853811377551756e+05
5.241298159550699056e+05
2.371981377253490791e+05
1.975987620544696983e+05
5.033704011675977963e+05
4.109061207615822204e+05
5.450400895054050488e+04
3.488532811146830209e+05
1.409594106820255402e+05
3.201225474699957413e+05
4.997013692632446182e+05
2.222186356356035976e+05
1.207942932004100003e+05
4.490845174593780539e+05
1.128620614625793649e+06
9.113330227697985247e+05
1.346358541462559951e+05
2.111029866078276187e+06
1.330409446680868044e+06
4.118078366105577443e+05
9.488044883733737515e+04
4.942417496723833610e+05
3.257969285651493119e+05
7.234216410822932376e+05
1.952435483757471084e+05
7.772081607173488010e+05
4.025611450586885912e+05
6.925201903303728614e+04
1.450471998470910767e+05
1.341088464451240143e+06
1.622470680063196050e+05
6.498822973607647100e+02
1.195419674901574472e+05
1.312780198750755051e+06
2.001275441829663469e+05
3.636188651239224710e+05
3.145219788489428465e+05
1.135794803947438020e+06
1.025779541237245430e+05
4.910275423335721716e+05
2.070061012154389464e+05
3.973546931619742536e+05
1.956095810153808852e+05
2.976883453645980335e+05
5.705821002715996001e+05
3.735356914850805188e+05
2.200893007472305035e+05
1.156766276338285534e+06
7.500575473494403996e+05
2.082797878454698948e+05
2.347485374938557798e+05
2.735013684684245964e+05
1.235965201161265868e+05
5.584526160107493633e+05
7.030926603445335058e+05
1.160054524117967958e+05
2.067668100351221219e+05
1.048558729916555109e+06
2.590854581622296537e+05
3.916985582626443356e+05
3.124604849894801737e+05
3.024119578209070605e+05
3.545787185931385466e+04
1.090449474456920987e+06
7.948748752782666124e+05
5.346275915238908055e+04
2.957864187294625444e+05
1.522981281038904854e+05
3.516873422255904297e+05
4.487804035411541699e+05
6.463555296150569338e+05
4.680390580455763265e+06
1.748696471642715042e+05
8.771260206988693681e+05
9.842093564345297636e+03
4.237140582769073808e+04
3.129909865024837200e+04
2.439065613878315489e+05
1.765570811924731825e+05
2.063176007513705641e+06
3.993961896491093794e+05
1.007951842655386426e+06
1.179613571805537445e+06
1.492567782774306135e+06
4.556198533585006371e+05
2.424807985601970460e+06
1.562048653770367091e+05
1.016335380710999307e+05
2.164503831344391219e+05
2.230576088076017622e+05
2.813648255436633481e+05
2.031637491279971728e+05
1.312868832416184014e+05
7.267716391125250375e+05
2.831653962296471931e+06
7.760824196157800907e+04
1.012608291453561105e+05
1.831234359153187252e+05
1.358674046832761494e+06
4.406810552619613591e+05
2.900596342456153128e+06
2.688006192094550934e+05
9.700768537914657500e+05
1.044488982562073739e+06
4.788632260088517796e+04
1.225184906346131465e+05
9.967443743415711215e+05
4.097891101628941251e+05
8.263319066270582844e+05
5.823405968634634337e+04
3.133628240806398680e+05
1.619974838467612281e+05
8.241945097034410574e+05
1.105143255960387469e+05
1.146178971427512588e+05
1.831783162611420557e+05
1.154953890150760853e+05
6.149421349800255120e+04
1.147075152417578356e+05
2.408369618625217408e+05
1.237946251689290395e+06
2.227506350352375302e+05
8.219519814514804166e+05
1.855044073008979438e+06
4.168987756706899963e+05
1.025740499511810718e+06
2.108537468214065011e+05
4.930444730121802422e+05
8.481468643754372606e+05
1.027115592300021905e+06
6.850806236748669762e+05
1.658214149925791571e+04
1.463673449372066825e+05
3.701052170066579129e+05
3.736878657452068757e+06
2.282364843386251596e+05
9.723598789439372486e+05
2.795633124899131944e+05
3.431187462876379868e+04
2.748616959321736067e+04
6.014558699633360811e+04
7.245427165830986341e+05
2.085141137517779134e+05
2.215218681969882164e+05
2.128080300159483741e+05
3.256677706708310870e+05
2.171973290373534546e+05
3.508596635618986911e+05
2.964919805307755596e+05
6.117228538697524345e+04
3.437165730604516575e+05
1.335973335783624207e+05
4.354226112102769548e+05
1.117483334279761184e+06
3.034892504360563908e+04
2.532936467238951940e+06
1.323168427904368145e+05
3.653214412239440717e+05
1.495494905141041614e+06
1.378177561136160803e+05
1.354976479200632777e+06
8.237269081767365569e+05
5.901772715296515962e+05
5.513015076146753272e+05
2.837974437204407877e+05
3.522043107570178108e+05
2.895328720698752441e+05
8.923316616230582586e+05
4.958187827612878027e+04
9.340875929968660057e+04
1.054717828942024644e+05
2.357805078897622880e+06
4.111814648837938148e+04
5.817657049100955483e+05
7.804818656805328792e+05
1.433214429774186807e+06
7.428914287289531203e+05
1.136934577207464958e+06
8.267720793092036911e+04
1.174223486784525594e+05
2.448302617033349816e+05
1.466303410261334793e+05
5.112957153688673279e+05
9.026163502972433344e+04
1.717607900598116452e+06
2.288594746165988501e+06
3.311269079276410048e+04
5.523316531354291365e+05
2.432568074110574089e+05
2.072796336174728349e+06
2.769115268229150679e+06
1.953818147098451387e+06
4.523571816048007458e+05
1.009796840416960185e+06
1.415463490802123677e+06
1.786862164495502293e+04
1.405909830784356163e+05
6.640057545913174981e+05
3.891334561762088560e+05
7.805044460331008304e+05
5.819953730348672252e+05
7.413440657337954035e+05
1.319400922475282568e+05
9.020358485660275619e+04
1.661790507690684171e+05
2.010176786509860176e+04
4.799799928620258346e+06
1.046904901579378522e+06
2.595756884199548222e+05
1.513842458518044441e+05
2.069177750743660145e+05
2.163637036498994858e+05
7.990906534468696453e+06
1.865763412828792061e+05
1.512643667756532668e+05
2.537420682770857238e+05
1.421003789653145475e+06
9.793394309320661705e+04
9.469825669502132223e+04
9.187068763239767868e+05
3.308841973031221423e+05
1.772626023116207914e+06
1.688812188933196885e+05
3.308744851881254581e+05
7.129947418378173606e+05
1.411406672572463984e+06
2.383698394398924895e+06
3.668499185775402584e+05
2.075881875849201169e+05
3.600119776982469484e+05
1.520527264110853139e+05
5.021977304491866962e+05
1.181716594426976051e+06
1.111690055212129519e+05
6.280040163790973602e+05
6.209549382665910525e+05
1.952331707845198689e+05
3.979072624352515559e+05
2.195401553870324569e+05
4.042286895393891609e+05
1.248994228527304484e+06
1.052308187074078713e+06
3.954313590604361380e+05
1.067032379132131813e+06
1.795914006053074845e+05
2.649761652622989379e+06
1.462121645061727904e+05
9.071703269133367576e+04
6.586628124491164635e+04
7.666377811544622818e+04
2.493164952407930512e+06
1.889037801475912856e+05
2.737076788189860526e+05
1.074691341254082945e+05
5.166042848059724201e+04
8.914795100601261947e+05
7.152890599804043304e+05
2.865143265949362540e+05
4.307804267151608365e+05
2.930059453692017123e+05
2.109969938504290476e+05
2.941093676444423909e+04
1.459142450869350228e+06
3.643932313308515586e+05
1.432391591861956986e+06
1.682607694709048141e+06
2.633446437585175736e+05
3.446701439280242193e+05
3.452222226132192009e+04
1.398982774425461830e+05
2.351873638605197266e+04
6.638420250968992477e+05
6.453164045287549961e+05
1.033290920526361151e+05
2.497216502602654218e+05
2.437443837338087906e+05
6.622072226215059345e+04
9.449626281247466104e+05
2.041011827046740509e+05
1.911426101457395998e+05
4.924396925202699640e+04
9.772970745181369130e+05
4.166268779718430014e+05
6.915938225824582623e+05
1.414777024787800910e+05
1.698868415313192236e+05
1.330149162845958024e+06
4.262955171787952422e+05
4.755163388972836547e+05
1.853525011941710254e+05
6.662903341599070700e+05
2.369596257228713075e+05
1.241861231631991221e+06
1.575040295309757348e+06
1.364159733517276356e+06
2.868082680741054355e+05
1.899218209979827225e+05
1.281322593471314030e+05
2.017607951237766974e+04
3.360444634242957109e+05
6.069813007323052734e+05
1.237680296220690798e+05
1.823143468381545099e+05
7.694115667321434012e+05
5.584275357631855877e+05
3.026826202877430478e+05
1.970895454828240327e+05
2.274685953297250380e+05
2.500423683034432586e+06
2.280749240651650762e+05
1.403304464550642297e+05
8.164774988282253616e+04
5.259641537485711742e+05
1.193933785267679021e+06
7.918044713862396311e+05
1.115661317517527496e+05
2.634832250818203320e+05
9.608249121456264984e+05
1.515657460330208705e+05
2.391716832761156547e+05
3.328035538133961381e+04
2.620189074223405332e+05
3.006020219986462034e+05
7.236464103906834498e+04
2.427705735127200373e+06
1.062962108190299012e+06
1.380585038671505463e+05
1.028233827668139857e+05
2.153460764950051438e+06
3.234336759525656817e+05
1.753859739292127488e+05
3.181797275120287086e+05
7.384259099501969758e+05
3.337176466428952990e+05
4.421591317096399143e+05
2.533512353298569797e+05
5.933581649447148084e+04
3.242498463454932789e+05
1.184973397303115489e+05
3.829179715058426373e+05
1.381528760993710894e+05
3.368465745784426690e+05
7.481849382410355611e+05
3.907870793001235579e+05
3.568837536526535987e+05
7.850546727899012621e+05
1.362240542420867132e+06
1.274530748288391624e+05
9.837030749661958544e+05
1.661163513340016943e+05
4.635108194220775622e+05
1.020879180351958057e+05
4.555611107796397409e+05
4.331528896174554247e+05
6.159755630103283329e+05
2.009185873265710834e+05
2.692982924184519798e+05
1.282916855396335741e+05
6.045461488622543402e+05
5.290111746858938131e+05
1.372289907141597243e+06
1.694446315271002532e+05
3.788933104051970295e+05
6.996936415828936733e+05
3.042009923552580294e+05
6.573458963159334380e+05
4.444996129610837670e+05
3.910932593367143418e+05
1.511450991997910605e+05
1.433363328784553451e+05
1.890210736851365538e+06
8.915610312985400669e+05
3.126340679407772841e+05
4.780041161454658723e+05
3.962344179801969440e+05
4.273628082949445816e+05
5.243313981276783161e+05
9.985109743512609275e+05
1.814539837919967249e+05
1.244164233553162485e+05
1.700628504706482054e+05
2.851174197800769980e+04
4.374453703838656656e+04
5.097440361661543720e+05
6.282000452674933476e+05
1.432983411248261109e+06
1.545458269414796960e+06
2.624303232650412829e+05
5.172944306608034822e+04
6.088257793920865515e+05
