9.050139433725980343e+05
9.976963205618967768e+05
1.643805538230964448e+05
1.389591653804482892e+06
1.986055992498167034e+05
2.461604322163082659e+06
5.599651562568672671e+04
8.433227820122970734e+05
4.156198490446340875e+05
3.528557591063855216e+05
1.334793334703113942e+05
4.612517041656271904e+05
4.636517059627019917e+05
5.096191389957811334e+05
1.911959746379462304e+05
2.657975682935575605e+05
1.392351318095110473e+05
1.236161173726665729e+05
6.625839636071014684e+04
1.717577340423093410e+05
8.462054197030861396e+05
7.833875042666377267e+05
1.544504403242278146e+06
7.369547613223438384e+04
1.488083229402039979e+04
3.940611200986729091e+04
1.368094344516687852e+05
4.768420183465140872e+04
2.878049387359136599e+05
9.018763448400002380e+04
3.909142505965331802e+05
1.550552715575370006e+06
1.176869521730136825e+06
1.202543403294774238e+06
6.042288892395111034e+05
2.035780272773178294e+06
1.724216038578650041e+05
1.669789619957579998e+05
1.104571251994936727e+06
6.921891252353107848e+04
1.899654691662061960e+05
1.605523806501960098e+04
2.518434710676413670e+04
1.054021375628939131e+06
6.027004075703914277e+05
3.551704218919946288e+04
1.018733568583577406e+06
3.319710379356140620e+05
2.993808872378117521e+05
5.598140670682006748e+05
1.445162294330086152e+05
6.437596669334811158e+05
1.606494850005127046e+04
3.806956594551654416e+05
2.106843839902719774e+05
6.280706736591127701e+05
1.059557644006930292e+06
7.475927191017778823e+05
5.127740413601744804e+05
1.087566440508173400e+04
6.543674445556595456e+05
6.155760282661047531e+05
5.897306715009320760e+05
4.301113666288976674e+05
8.101750793868891196e+05
1.579082655974826193e+05
5.332212302552263718e+05
8.988034931306370709e+04
2.002195587985570091e+04
8.229452152566811128e+04
3.791080999915624270e+05
5.724474950372257445e+04
6.482758056513442425e+05
2.861002704686570796e+05
1.477545430028339033e+05
2.074070901603280799e+06
1.276511597097118618e+06
2.143572175542897894e+05
9.129109064931983594e+05
2.054347449056041660e+06
1.071909029638342472e+05
4.266865076869677869e+05
1.569514518334681634e+05
4.461741159967737622e+04
1.831694614701443352e+05
3.192451448730057746e+04
4.692457015305790119e+05
2.423152434102837287e+05
4.924093654183788458e+05
3.563657881382185733e+05
3.034585459634200670e+05
4.583840978869696264e+05
7.861673087696850998e+05
1.300874225063994527e+05
3.400208541588649969e+05
1.690270066930753237e+05
4.661275076606500661e+05
9.581024991601242391e+02
1.473184002342894964e+05
9.897082836010138271e+04
5.903754496770361438e+05
8.802185152851736348e+04
2.140757462109266489e+05
8.912448410252692702e+04
8.611340431774478639e+05
9.700019518539893033e+04
1.886775647703057039e+05
2.529025052531979745e+05
3.743803491614293307e+04
6.370051235707628075e+05
3.979853400246552192e+05
1.711082939231019234e+06
3.626182101492511574e+05
7.574122394731171662e+05
4.441653531802159850e+05
5.418325378425366944e+05
2.828047821709536365e+05
1.388421659670324530e+06
1.918070981152628665e+05
1.317800473026425170e+05
1.189884586564105470e+06
4.481532785508185043e+05
3.200693429546130355e+05
1.217522320434071822e+06
3.885823362957870122e+05
2.627037506436406329e+04
9.172382550540835364e+05
9.580468726006695069e+05
4.082352907405781480e+03
9.552060524971307022e+05
3.038782422405657126e+05
7.240833499370178906e+05
4.074982951469336404e+05
1.539363496686293802e+05
4.200711359061967232e+05
2.504800648910798191e+05
1.624651494222205947e+05
2.547429805971966416e+05
2.482473704064928170e+05
1.415909424670734152e+05
1.537351353662553011e+05
3.714970356878911844e+05
6.600576828297947068e+05
2.839376403970754705e+06
2.612273532047369008e+04
2.358097044595736952e+05
9.046208600078903837e+05
1.312049883470337372e+05
1.450119621657135431e+06
6.745216379896376748e+05
1.113760681848529261e+06
3.869488448512348114e+05
2.774437621128526516e+05
5.477314918637895025e+05
1.086835295648048777e+05
3.634961541699207155e+05
9.767926725539762629e+03
8.812708823650157137e+04
2.295565486808548740e+05
6.555133753431802616e+05
5.216045103547367617e+05
5.645524433732035104e+05
5.696592925187583023e+04
4.411069514093453763e+05
2.189187319989983516e+05
5.857995818127018865e+05
2.853855893052213942e+05
2.489426473623706552e+05
8.482302294053616934e+05
5.342372029799268348e+05
5.243373741383024026e+05
1.540299449796707195e+05
1.527780389032358304e+06
1.867285163503238582e+05
1.575864992298144149e+06
3.153399947776192566e+05
4.697192050479309983e+05
5.344886937971460866e+05
6.455342050547281542e+04
1.375372916984351468e+05
3.209569794576429413e+05
1.140443691948087653e+06
4.045077158194749616e+06
2.451627437009377463e+05
2.562702593292650708e+05
1.406999823866040970e+05
2.228817372285261285e+06
2.254319495392136276e+06
4.218420975970429718e+05
6.283938784074431751e+05
2.061489076384355139e+05
2.166617843317895895e+05
2.574946579416120367e+05
1.941181323113974358e+05
4.362713606133428402e+04
6.079151250289612217e+05
2.978042277016988955e+05
2.218489064558316604e+05
2.452282352775514883e+05
2.103101828275146254e+05
2.217131917474780697e+06
2.180801118478135031e+05
2.213660939793667640e+05
4.856384192985171831e+04
2.014445941094041336e+04
1.532576666050002677e+06
1.648085001763203763e+05
7.589633412246665102e+04
1.630373465164729394e+06
6.261058064580976497e+05
5.278939777877208544e+05
4.960312351934438339e+05
7.057815042637037113e+05
1.035145007679390488e+06
1.448442686030675250e+05
5.042003898982355604e+05
2.789088914307670784e+05
1.885943257757605461e+05
6.251822398763413075e+05
1.108047615367124090e+05
1.954519970086039393e+05
9.297798171951508848e+05
7.889587872261890443e+05
6.366163827083703654e+04
5.901420872085519368e+05
2.266964010550277017e+05
1.432588210762031667e+05
7.173770455722995393e+04
3.402819458217823412e+05
6.921346314485922921e+05
8.993438885344297159e+05
3.467238623448454891e+05
1.054966251357996836e+06
3.722247091858696076e+05
2.274757373668486616e+04
3.886577234567314736e+05
3.598646027641054825e+05
2.585189565660876979e+05
6.735583994998233393e+05
9.020351930702298414e+05
1.138542075342224678e+06
3.029705340503819170e+05
2.974625885268816492e+05
5.319900484847564949e+05
7.272032816071246052e+05
9.952535019292337893e+03
4.974540545095124398e+05
3.174479339930556598e+05
3.489735917120225349e+04
3.038951713053086860e+04
1.140190161987157480e+05
3.901944937263512402e+05
2.340748622463233303e+06
9.917935006663422100e+05
1.156283648448730120e+06
8.368291241038552253e+05
4.482732055761037045e+05
1.265911471499238687e+05
1.885471966215372086e+05
1.762066058287430089e+06
1.627490263376455114e+05
2.742821888440066483e+06
1.033494837189494981e+06
2.858193624026121106e+05
3.030501446323107812e+05
1.148204367186993622e+05
2.346075724588279263e+05
6.449165627588747157e+04
2.767431823472112883e+05
2.829801814920680481e+05
7.103029908304601850e+04
2.221583344826089742e+05
2.469402344268407323e+05
5.411143776932569453e+05
1.717703281447105983e+05
1.779319734020228963e+06
3.272618052411207464e+04
2.902453910003643832e+05
1.281787050632728729e+06
1.898486166602696758e+05
2.311209775016349275e+06
1.174993510258093709e+06
5.595051841663948726e+05
3.452240743078770465e+05
1.987254245712893608e+05
1.459859292246335535e+05
1.568527401380523224e+05
1.423687785096403677e+05
1.637898370139941107e+05
4.321292793965761084e+05
6.298355275232356507e+05
8.731727005080577510e+04
1.447506186191827001e+05
7.321288497298797593e+05
2.662147688286096673e+05
4.915002412381964386e+05
1.640169601606362849e+05
7.109846013064866420e+05
9.027837407206934586e+04
5.098230566819325904e+05
2.864963924466273747e+05
9.298031039212502947e+04
1.586627605664794391e+05
4.609323938748089713e+05
8.059653873470056569e+05
5.659931679464982590e+05
3.449922916759747313e+05
8.256124576587904012e+05
3.447405875409358414e+05
1.686460315002175048e+06
5.238645556581290439e+05
8.614715856445342069e+05
2.201367484747593116e+05
1.031757077927415259e+06
5.320514815572258085e+05
1.286471463337160385e+05
1.215216633659973559e+04
1.412989088239850709e+06
1.558320820994802925e+05
1.056732531531193759e+06
2.219048201665348897e+05
7.309712130554093746e+05
5.972455694027209393e+04
4.943502845258572488e+05
3.129824915067185648e+05
1.189034983565019211e+05
4.048170423318140674e+05
2.543775689231145225e+04
1.612176872363711242e+06
5.032707973823874490e+05
4.406020872141508153e+05
4.038888759161463822e+05
2.971854498807610944e+05
2.519716347466510779e+05
7.726479316501818539e+04
5.176688611602548044e+05
6.928608793674671324e+04
7.626200814615659183e+05
2.687695899621736608e+05
1.828080088762303640e+05
3.141459540618814644e+05
2.813106712806582218e+05
8.049932174906488508e+05
1.207834451971580274e+06
1.258740693999709765e+05
8.530494606194980443e+05
4.188018541370599996e+05
2.227469554576631344e+05
4.802476223439294263e+05
7.228728102355346782e+05
2.213633898050589778e+05
5.948940650547526311e+05
1.660608197002904257e+06
5.707818366979756393e+05
2.419134222380973515e+05
1.702982002721334575e+05
1.578020391486920416e+05
1.461005648258661968e+05
1.529870874917721841e+06
2.227758652133798692e+06
1.476665802797939163e+06
5.412541767736340407e+05
4.616603800792766269e+05
2.866806652315182728e+05
2.837507979968230939e+04
2.440894352406488324e+05
2.040155977898095443e+05
1.286329633473735070e+06
1.350953960565094370e+06
9.210511626844413695e+04
1.828399146819377493e+05
2.272052637415509089e+05
2.366196358663793071e+05
1.902731577277779579e+06
8.013363130955274682e+05
5.497530650003145274e+04
2.279662760087187344e+05
1.890146774662094540e+05
3.683474753119537490e+05
8.244902935797274113e+05
1.172338858443583362e+06
2.421064102435143664e+06
1.826227918943329132e+05
2.456480648265477212e+05
2.200280019135950133e+06
2.618468288444004065e+04
1.257730854323073756e+06
5.345499291147983167e+05
2.790872135315279011e+05
5.061066757614918170e+05
1.025770126238027879e+05
2.194126817540651246e+04
1.700454850617852935e+04
2.400238992570393020e+05
5.502316450612818822e+06
4.849748429972997110e+04
1.497996526251416653e+06
9.106619332500342280e+05
1.957379155455125729e+05
2.257940992313094030e+05
1.967139550702661509e+05
4.398044336579002556e+05
3.848114525594360195e+06
3.492738490402999450e+05
7.268955363655624678e+05
2.135573161712610163e+05
3.225906233124603750e+05
5.557139271091234405e+05
2.370978743849891907e+04
2.194857494943083730e+05
2.603707516220843536e+05
1.726290190403191373e+05
9.224899398087082664e+05
3.741957718738885014e+05
2.944035203454050934e+05
1.000128613434170256e+06
1.106783512832236942e+06
1.802530065840499708e+06
3.256284737211492611e+05
1.057392858229488600e+06
1.216627296818722680e+05
3.726764980698648142e+05
1.105985807184057077e+06
9.798891018514016469e+04
8.617619852086719766e+04
5.940238957046334399e+05
3.934058096595408861e+05
4.820594739747619606e+05
1.751958651797810337e+06
4.582666511313957744e+05
2.730677609915740904e+05
4.287770399523457309e+04
3.263869266634717351e+05
2.581793006753397640e+06
2.157671820888082148e+05
5.329917674815123901e+05
9.552528910662644194e+04
4.035403041233603144e+05
2.253668167897346430e+06
1.420222446880755713e+06
1.225812531133290147e+06
3.768184258051989309e+04
6.133423510422009276e+05
5.293414444267898798e+05
9.846595595561139053e+05
2.019609550501194317e+05
5.830705708623485407e+05
4.015723983663827676e+04
2.052498164583170728e+05
1.078451399427011784e+05
6.175575337806891912e+04
4.498171030850372626e+05
1.641248750717407966e+05
3.624242989545146935e+06
6.354238279699211853e+04
2.041204293295428670e+03
2.306101471390125153e+04
6.160689619325186359e+05
1.827565137889508915e+05
1.325428377114077564e+06
9.080633271384752588e+05
2.602782495989120507e+05
2.012284594871540554e+06
7.060789419660383137e+05
2.065986988510155643e+05
2.152254462764933851e+04
7.948879945900630264e+04
1.292068360048266622e+05
1.590070071354008978e+06
3.724860302262561163e+04
1.613981676971167035e+05
7.568185420752215432e+05
6.515137441436122172e+05
2.871208801886407891e+05
1.440229064153417130e+05
5.580719904693193967e+05
6.328884222435067641e+05
2.206051871641163889e+05
3.329552721576469485e+05
3.479214864851749735e+04
5.846608032266672235e+05
8.034183474545922363e+05
1.280657553963208105e+06
4.808373907872291747e+05
4.589868093840196962e+05
2.434621778204561851e+05
2.928950427522314712e+05
1.445391307792762294e+06
8.453856777996517485e+05
2.946565571127577568e+05
9.633699861973665975e+03
1.285815978070216952e+05
3.046349371216069558e+05
2.532986549981066026e+06
2.287571890576771402e+05
4.809111202898121555e+05
1.264623721614373615e+06
2.041152986206948699e+05
1.104203605448153103e+06
8.105747796276027802e+05
4.581094723376737675e+05
1.670982039391383296e+04
5.580632650222958910e+04
8.289086077728519449e+05
8.293634681122869952e+05
7.052179560418345500e+05
1.908712605696574086e+06
2.084127592992256396e+05
1.601281835170694161e+06
3.855118722896976396e+05
1.669720712407613464e+05
1.165578968605172558e+05
2.067851168551085575e+05
1.799419662509901682e+05
2.991079528483455535e+06
1.241365431635970890e+05
3.967435202103185002e+05
9.602194992945925333e+04
3.592462986678395100e+04
1.102271562573193805e+06
7.963968979956248950e+04
8.710069819479096914e+05
2.357168214749611507e+05
1.327435209448968235e+05
4.548603228247329826e+05
2.735482970321385073e+05
4.225890782709352206e+05
1.041927572803889052e+05
1.201644082923616952e+05
3.610863390028335270e+05
4.327062247462954838e+05
8.557545887117307866e+05
8.223005859193984361e+04
9.887318485354325967e+05
1.831939733162387041e+06
1.267642465439915686e+05
3.147363822700406425e+06
3.052803747212311719e+05
1.171846163927766727e+06
7.352593735471917316e+05
1.519681126138274849e+05
2.287467801718482224e+05
2.539191340373924177e+05
2.603980769886219932e+05
2.881194377026855946e+05
8.741559036107484717e+05
4.868829157742387033e+05
1.002617061184721417e+06
1.856715684422397753e+05
8.438049532469533151e+05
1.317659537181650288e+06
7.582049504417511343e+04
1.879914072030887473e+05
2.940996193261173321e+05
5.474668264876093017e+05
1.147182162137903069e+05
2.221677072185595171e+05
3.040997287594741210e+05
1.336154841969236732e+05
6.659489497184247011e+04
7.570163894664350664e+05
1.945610618604879128e+05
7.119904978900116403e+05
9.602790897949528880e+05
6.819713402246632904e+04
5.246710081943166442e+05
2.880076921180285717e+04
4.951712285754090990e+05
9.261665761654719245e+04
1.679193578664660163e+05
1.483142679333849519e+05
4.648548524113961030e+05
6.083639655398529721e+05
2.640092189858048223e+05
7.584308130850194721e+05
9.213540299549222691e+05
9.354526863478911400e+04
2.736054359243177460e+05
5.046505713255325682e+05
1.364317178855259670e+06
1.011725680849736673e+05
8.301811767842790578e+05
1.385455303445963946e+05
8.236233712951150956e+05
9.922597805525397416e+04
2.912496255552502771e+04
1.003233713117824867e+06
1.945846258207502542e+05
1.297107582903299917e+05
3.389531126154090744e+05
1.225626986614165362e+06
9.168326926195697160e+04
5.540305190739160753e+04
1.367123889988516166e+05
2.572929351721972227e+06
1.415481968844129937e+06
2.750042436321702553e+05
1.331228998845997034e+06
1.253367010388798662e+05
3.846372196105680196e+05
1.804019099674036552e+05
3.046362320374957199e+04
2.290377538012448058e+05
2.840481519336258061e+05
5.768930396164488047e+05
9.606394166908579646e+05
3.701774890303148422e+05
3.127313637731710915e+05
4.185449675823594444e+05
3.028411407689257176e+05
1.079473391707996139e+06
1.173718407844631729e+05
4.373032095967133064e+05
1.396732628368063597e+05
2.970594604483989533e+05
1.765691711394498998e+05
2.489011298845807614e+05
2.360995434168010834e+05
9.888342054145762231e+05
7.712008167284281226e+05
2.952250756893084035e+05
7.679044166661375202e+05
3.685949863160172245e+05
6.356879367101240205e+05
1.969683074613416102e+05
4.144894025019790279e+05
4.991983127274975996e+05
7.502521351489609806e+05
1.825985811087304028e+06
1.760732662462989683e+05
4.468519276539616985e+05
9.068370532217410801e+04
1.107912543255802302e+04
2.456878052057887835e+05
1.821468597263839329e+05
5.311396486153585101e+03
1.745174909512102604e+05
8.326825028095706366e+05
1.780760327319782518e+05
1.047008366409506882e+06
1.299279976855783316e+05
2.765782467442477122e+06
2.511992050455555727e+04
2.716924025823197444e+05
7.019914880680044880e+05
3.187134645715308725e+05
5.224063701691876631e+05
9.500658879488774983e+04
3.400363284218813642e+05
2.909875042128252680e+05
8.558304749986215029e+05
2.211069293812098622e+05
1.084353304089601152e+05
8.420219200590032851e+05
3.741512929575085873e+05
6.084857914239417296e+05
9.319637338579315838e+03
9.532356284462690819e+05
2.000047007117551038e+04
5.502157013991588610e+04
6.917776579001643404e+04
5.315414148396144155e+05
2.059087033190571819e+05
5.103555710747338599e+05
4.223257742803802248e+05
6.745287128720878391e+05
8.040731492018843710e+04
7.887155752569317119e+05
4.212032904271737207e+05
6.663169679990032455e+05
4.778715229697875911e+05
1.573404038058271690e+05
1.644826613812384894e+06
1.221568986169529671e+05
1.668219434027478332e+06
9.261421811222214019e+05
7.059857417630768032e+04
7.602202391152547207e+05
1.992700459029802296e+05
1.318571758166654268e+06
9.968757092355559871e+04
1.613947713321037358e+06
1.156537497190130642e+06
2.442851391663021059e+05
2.143954496744282369e+05
3.618189026218736544e+05
8.371135491212763591e+05
5.297199790693087270e+05
4.541821546656342107e+05
1.535965487403098086e+05
8.289927183219388826e+05
1.621158475658892188e+06
2.025968554763938300e+05
7.404521908824277343e+05
3.200521643860021723e+05
4.737340145652357023e+04
3.893095444590793340e+05
1.901991138016697951e+05
6.430219150285705691e+05
1.441280381699951831e+05
1.956322336810848210e+05
4.744918770140212146e+05
5.575170236252031827e+03
2.949077272887876607e+05
2.480935990090328269e+06
4.606925776461396599e+05
3.423266029700639192e+05
8.341839133959531318e+04
1.065569250196324429e+05
8.834741973378469702e+05
2.888829258069179486e+05
2.667837398776130867e+05
2.089750284423843492e+06
5.867931400166017702e+05
7.367784664101452800e+05
6.400882282171789557e+05
1.414254468383027706e+05
8.596741390609735390e+04
1.773635041057057097e+05
2.234390844544269203e+05
8.193891354632294679e+03
6.667711391407043266e+03
1.049788407425621292e+06
4.413323789908342878e+05
2.034893289370168350e+05
1.712101436582860770e+05
4.381834149964905228e+05
2.083511112509457744e+05
1.162768018136669853e+05
1.975302795294963056e+06
6.704286187542672269e+05
3.929831824287152995e+04
3.241967881589567405e+05
3.626476627357643447e+05
5.284129849238989409e+05
7.693867290388436522e+05
2.254498417130348971e+05
1.969497146069076844e+05
1.070298520484327310e+05
1.593990549630573718e+06
2.748465765399469528e+05
4.096712796951477503e+04
6.941017917119390331e+05
7.557873197369293775e+05
3.306607531639512745e+05
5.063917314443740179e+05
8.115324212349156733e+04
4.480815257706120610e+04
4.853434198059298797e+05
1.061174737264737953e+06
1.750846221496440936e+06
5.771022452471120050e+05
2.130448298416862090e+05
1.181735371961578930e+05
3.083157292114121374e+05
3.430215592631130712e+05
3.297040629763197649e+04
2.336934944846513099e+05
8.206390027833248314e+04
3.011946143699171487e+06
2.668841543627010542e+05
3.277443210134262918e+05
3.703268610785648343e+05
2.745659273124657338e+05
5.788372313190258574e+05
3.627511981009808369e+05
2.318621327875167131e+06
4.692131369505926268e+05
6.243362331782660913e+05
1.182960365872332593e+06
1.847743656660107372e+05
1.471373947577826446e+06
9.805895537663191790e+05
6.283727097213473171e+05
7.556784262883290648e+05
8.135570341613630299e+05
8.255822600789517164e+05
6.698596962744924240e+06
7.433451166477975494e+04
2.046405072484501579e+05
1.336453310982690658e+06
1.361766513164977368e+05
2.095783431306840794e+05
2.432777833726882818e+05
3.835899155435519060e+05
1.782900590633831685e+06
4.585281644525927841e+05
6.251451105677620217e+04
2.105450303602501226e+05
4.387301811664382694e+05
1.020670190229103027e+05
2.839285972888401011e+05
1.418873639842478733e+05
5.832889214224261232e+05
3.780902239418874960e+05
2.979698508724110434e+05
1.029700250765636796e+06
1.129688550252162240e+05
1.980562505989430647e+05
8.739313718014033511e+05
5.104417125384392566e+05
1.134673561758715194e+06
1.642864040594940074e+06
1.566009085577553196e+05
4.096952378299587290e+05
1.032133907061043865e+05
7.714533447804725438e+04
5.771314776935618138e+05
3.422002472197269090e+05
3.942969668532399228e+05
1.755669795839959406e+05
1.675299331627283245e+05
1.599754069332678046e+05
3.641313089438009192e+05
5.272151963091905927e+05
8.642741835197709734e+05
5.056651452986740333e+04
5.512688979708678089e+05
2.629692557143423706e+06
8.835093226619815687e+04
7.196116667568942066e+05
1.154710312420431874e+05
2.229330278748215351e+05
1.389706731926409120e+05
1.425713488771818345e+06
5.213106774303464335e+05
1.106502389708711707e+05
2.525903693058689241e+05
8.025973925367889460e+05
3.308068096970216720e+05
2.714327810614100599e+04
6.730764199596253457e+04
6.712948225024002604e+05
5.457121503721423214e+05
1.210480232906104764e+06
3.302892296487304848e+05
4.987765248830013443e+05
7.495090791660973337e+05
1.943999375073712436e+05
1.905729657242297893e+06
2.445972801078153134e+05
4.279284613807451678e+05
1.638167063059239881e+05
1.729434672085017082e+05
2.566268114696577541e+05
6.314687666045324877e+05
5.682695118543356657e+05
1.397242351567628793e+05
6.193497148419364385e+04
4.852206798365783179e+05
1.355030841356759483e+05
7.746853772074420704e+04
5.960501745461596176e+06
1.055790665476198541e+06
6.984994052302619675e+05
8.180852461335699772e+05
3.314390213992622448e+05
6.733913995672898600e+05
8.718027639793424169e+05
1.887472401079889969e+05
1.210006237291592988e+05
1.347092852041925653e+05
1.776172673543444369e+06
1.377886565733224561e+05
5.508039860652780626e+05
2.752514403547003400e+06
1.108711396407657769e+06
3.878330027029606281e+05
4.590025424328374793e+05
4.264484276831378520e+04
1.182050398583835457e+06
3.354523370101546752e+05
2.114488854537862644e+05
5.597359452524554217e+05
6.335458818616825010e+04
2.096432641049934318e+05
7.030627268648927566e+05
1.237070761401443742e+06
6.030291458859577542e+05
2.087089491394010256e+05
2.057223752229805687e+05
1.899573245252268680e+05
4.708453191100739059e+05
9.877398645045160083e+04
7.273760136367834639e+05
1.066798395096872235e+06
5.273178251542148646e+05
8.392916472174684750e+05
2.940366270864993567e+05
1.587450815892654828e+04
4.439102469754035119e+05
1.023952646645901259e+05
9.201349775195438997e+04
5.286112693193452433e+05
4.484478928130996064e+05
1.012315434927285998e+06
5.702111485842985567e+05
5.547136565815515496e+04
2.120934247772480303e+05
1.388933685816605808e+06
1.000381827313796530e+05
8.597516452580499463e+05
8.501378969509427407e+03
1.280935429683149559e+06
1.157401912548900000e+05
2.467286326097200217e+05
9.099422336805396480e+05
1.285886774368253391e+05
3.906495736269722111e+05
1.195530105327623169e+05
3.521785288989744731e+05
1.293149352131013584e+05
2.350109545612926595e+05
1.058851237203347730e+06
2.522913141091195212e+04
2.011408635303599585e+05
1.447898421888656449e+05
9.111722873145163758e+05
1.764208165034975391e+06
2.927238440680064014e+04
3.014035763272232143e+05
7.258421290634518664e+04
7.306988749487646855e+05
7.697917746303691820e+04
2.365908026974891836e+05
5.115447149218259437e+04
7.416504175619548187e+04
6.753099357325785095e+05
5.855275000123413047e+05
3.531803333779847599e+05
2.509592908375116996e+06
3.171220264748409390e+05
1.497735545562146581e+05
2.092660071704417060e+05
4.938157365526264766e+05
3.518410703094026539e+05
4.136094593674483709e+06
7.201048356264189351e+05
1.097980677642749943e+05
1.255862501280350989e+05
5.683479732717500883e+04
1.269498029853460612e+05
7.842251791261618491e+05
1.704672338446234644e+05
3.652634315808329848e+05
1.448208858642126201e+06
1.068456759708622703e+05
1.180549365573769435e+06
1.021212328758462536e+05
1.019263106611315161e+05
3.910105359671688639e+05
7.971073595229117200e+05
6.225922613133360865e+05
7.195580738825770095e+05
4.560129755157335312e+05
2.867694751438311650e+05
3.051070136835989542e+05
2.756512443464106182e+05
7.651893765685253311e+05
2.035833903799447580e+05
3.387199459916067426e+05
1.573675920517783961e+05
1.536304017324301240e+05
1.526841489259879803e+06
2.187057485762148863e+05
4.452722244955138303e+05
3.841393947109726723e+05
2.163200301905423112e+04
6.961104907607081113e+05
5.105001935737135937e+05
1.884145956285276217e+06
5.690412275596149266e+05
9.765043277520014090e+04
1.217274240939890034e+06
1.445041061242083553e+06
5.702136454041702382e+04
2.440969203858187248e+05
5.291352728766462678e+04
3.417327582153978292e+05
3.834215885548746446e+05
1.456351064777896099e+05
1.496550181280314573e+05
3.769468032998493291e+05
8.526126264077272499e+05
2.119167011042259983e+05
1.985336811422116880e+05
3.191367298275304493e+05
1.015940531243468140e+05
4.738053335019876831e+05
2.394296656074854400e+04
2.042690633656308055e+05
9.955346367120365903e+04
1.859073778469984245e+05
6.449865473457602784e+05
1.564325669755436247e+05
6.106810357885095291e+05
2.247467476708244067e+06
4.718291243869551108e+05
1.126598655138676288e+06
4.137908526958442962e+04
6.049272885574402608e+04
2.972326019474435016e+05
1.031848157355494564e+06
1.454644599866557692e+05
5.394886140395986149e+05
8.167844806271295238e+04
1.539505119487974443e+05
4.174872819942015340e+05
5.420903936171616806e+04
2.377935876732604520e+05
1.275689029868809273e+06
9.955056916644768789e+05
3.230497680077715777e+05
2.830857353890406666e+05
4.695973198815963697e+05
2.099038695380059071e+05
5.747226609296258539e+05
8.219329035395129176e+04
8.306838737127349013e+05
1.664948170333338785e+05
7.325045664690521080e+05
8.540716043280513259e+04
3.566127589943956584e+06
1.687222338827646454e+05
2.276619288151088171e+06
1.947421805192186148e+05
1.006001932361772633e+06
7.090496826492618129e+04
9.743612253937429341e+04
1.404257028043792525e+05
2.404371741713339579e+05
2.050283966367829125e+05
1.068258892322233587e+05
4.495734895922376309e+05
2.224700822124986444e+05
6.823473348415590590e+04
2.568918404509066895e+05
1.588740212410196254e+05
2.730717436949350522e+05
7.407607304211219307e+05
1.265132296194861410e+05
2.166377018385011179e+05
1.165606063093178091e+05
6.554280777968378970e+04
3.063876000769144157e+05
1.664609056741905806e+05
3.774642226912170881e+05
2.213945158598317066e+05
7.527063431789299939e+05
4.988255982898875955e+05
4.569757150135309203e+05
8.877259803243147326e+04
1.873952190046522010e+05
2.483388449993452232e+05
3.229581675882556010e+05
1.310437751324739540e+06
2.963243347031694720e+05
6.520830691820593784e+05
3.707987004606596311e+05
7.109329101607460761e+05
1.828209746577787737e+05
1.492861017328352318e+05
4.521417310226276750e+05
7.219580501832815353e+05
2.597638542474443093e+06
1.420105205168485176e+06
5.879875662711389596e+05
6.757180996295238147e+05
4.915345807810839615e+05
6.395484692437938647e+05
9.485233308131035883e+05
1.110792021376866149e+06
2.616198366388107184e+06
8.381275335722290911e+05
3.646339051318105194e+05
3.304855632211041666e+04
1.097511286961767823e+06
3.616265038597317762e+05
2.358676601124081644e+05
1.079445916283489496e+05
4.874440554237632896e+05
1.023205123947842949e+05
2.967686581394781242e+05
3.758979332939067390e+05
1.039988614239204035e+05
5.707261793509982526e+05
1.610713634932638888e+04
7.440968280099022377e+04
3.137214866824027849e+05
1.644647938086548529e+05
8.283711758009649348e+05
3.996051654209151748e+05
1.123367334544027399e+05
1.593403196268877946e+05
1.819915146117974364e+05
5.227880007011307171e+05
4.277463765424559824e+06
6.262354003431097954e+04
2.048853759264482069e+05
2.823100967346928082e+05
1.194659704999272246e+06
2.546897314489604032e+05
9.161695147513175616e+05
9.344007344660162926e+05
1.850659963430003845e+05
4.575325388823331014e+04
1.750013381353594013e+05
4.012295166700628470e+05
3.086334771143286343e+04
2.485237522120792710e+05
1.231592065401999571e+05
8.403478337841430912e+05
6.092138679613010027e+05
8.504185970742567442e+05
5.551958149187281961e+05
4.808244991501548793e+04
4.403207075728912605e+05
1.712885901509913092e+05
1.276821952890513930e+06
5.642017194769917987e+05
6.567655036966340849e+05
4.340785088192060357e+05
4.997025948069084552e+05
6.925508054304793477e+05
3.074298999884792283e+04
4.319757557630038355e+05
5.667113106041954597e+05
3.714626432537310757e+05
6.785885705294022337e+05
2.131895261775026564e+06
6.184774201180173986e+04
7.762901853977435967e+05
2.795545039751768927e+05
6.224002852626842214e+05
5.000778045765036368e+05
1.275138864415920398e+05
6.293300618185519706e+05
2.019437625238476030e+05
3.476705922914498369e+05
2.600610032851143915e+05
5.587008435528809205e+05
2.275564976844539924e+05
5.196340461788407993e+05
2.332440977513418533e+06
1.001500615632607660e+05
1.411916131791109510e+05
1.996551769678925339e+05
1.025302022827912821e+06
1.818393133655907353e+06
4.562496074857619242e+05
4.051084096033939859e+05
3.447857258526164806e+05
1.139366203098583064e+05
4.185123978052829625e+04
3.638288097904421738e+05
5.414840355146841612e+05
2.720329591174933594e+05
4.028977838866459788e+05
7.268479927165497793e+04
2.754988269299765234e+05
6.329512259818638267e+04
1.211084806574545801e+05
1.860916430587888754e+05
5.484976520957940957e+05
3.934474097949119750e+05
8.958630176078739169e+04
5.064982936973351025e+04
3.246273144173005130e+05
2.015233682553031249e+05
7.387893168751121266e+04
1.203399640295232239e+05
2.519227466366299486e+05
1.214058515395535389e+06
5.561802415358651342e+04
9.770240892722598510e+05
3.753566717988245073e+05
3.195844296213805501e+04
7.702826636032245588e+05
6.226064360464763595e+05
5.206921225780056557e+05
9.544098481486654782e+04
9.859841269526190590e+05
2.695842766052106745e+05
4.767446162416469306e+05
4.795406019326442620e+05
1.999761512896626024e+06
6.301078368606447475e+05
1.311875386482656468e+06
2.772505075170472846e+05
1.762685845815639244e+06
7.012100721803989727e+05
5.298146223681954434e+05
2.444146647353713051e+05
1.620564996479305206e+06
1.707360369855784229e+05
2.660192093976497927e+04
3.862341135300019523e+05
6.142568419665138936e+05
2.788764477581493556e+05
1.046848266542273195e+05
4.313743115443859715e+05
6.860348081583465682e+05
4.830238028131849132e+05
1.976334667958576232e+06
5.233796154182728496e+05
8.935844692359379260e+05
2.149957018990769866e+05
3.290396947218179121e+05
1.392345030497814063e+06
2.236492744807372219e+04
3.638385960412727436e+05
1.858163166281401878e+06
1.517241099331283011e+06
2.123686140754849766e+05
8.414239368315054162e+04
6.159669321480179497e+04
1.075513906711033196e+05
1.485539221830513561e+05
3.306743623538948130e+06
3.329953319869315601e+05
1.771879763695218426e+05
5.865287126369747566e+05
3.484315211361196125e+05
1.967595632796943246e+05
4.310106318316267570e+05
1.739214456082116347e+06
3.134706000617031823e+05
1.094944783598636510e+06
1.052664296508048661e+06
5.235712325015864335e+05
8.339745359030338004e+05
1.985212862283753566e+04
5.178159575430929544e+05
1.221445887363162910e+05
1.421366370116424281e+06
1.564255329746107745e+05
1.720679019898714032e+05
1.512596363543307234e+05
6.928812876952958759e+05
8.149064305169975851e+05
4.976281891089669080e+05
1.134171916700554313e+06
1.545759688225377176e+05
1.079886867849268252e+06
1.792376920090652493e+04
2.975837383440731210e+05
1.161880305636156554e+05
6.243068902996246470e+05
8.638869426898141392e+05
1.378866268216294935e+06
6.955390736295661191e+05
6.366312072225083102e+04
2.402938411954378244e+05
2.009905883485940576e+05
5.271904199744962389e+05
7.489318838221758779e+04
1.802069043604186736e+05
3.988702767726529273e+05
2.235381174037235032e+05
5.451042409584561829e+05
2.565906391987965442e+06
2.902045695658850018e+05
4.940108437687518890e+05
8.800833221804890782e+05
8.617640648490621243e+05
8.748247517121267738e+05
4.415713493398742867e+05
3.922118163985593856e+04
1.916036120245919796e+06
6.443824536343726795e+05
1.290986589442914585e+06
6.649689311537749600e+05
5.555930835843681125e+05
3.690947015548509662e+05
2.250853955858987465e+05
3.913541067806750070e+05
9.602565752313046250e+05
2.889162898009510245e+05
3.394405938642079127e+05
2.487256364321157744e+05
2.151148435441286420e+05
1.160281206893686031e+05
5.556619466242176713e+05
3.116521917126912740e+05
1.796461777187093685e+05
9.732259938534348039e+05
2.016358856943227816e+06
3.008599630793928372e+04
6.149353442899009679e+05
5.677830057950298396e+03
2.144059747452283918e+05
7.489826078684304375e+05
4.611486378599854652e+05
6.195354748856114456e+05
2.399599643765085784e+05
6.674020387560327072e+05
1.220467051263748435e+06
1.553262004829464422e+05
8.886645819876911119e+05
5.340134952856976306e+05
5.932202288659886690e+05
3.817493747448753857e+04
7.888884333255270030e+05
2.311935290312176221e+05
1.839288851639037603e+05
2.073530389429813367e+05
1.706296789330953907e+05
2.352215171324993134e+05
2.449667202519582119e+06
1.463814382789919036e+05
1.841438006036059523e+05
3.791472799752937863e+05
1.331686276948597806e+05
4.077130717989836703e+05
3.018578847045010189e+05
1.153349662798797246e+06
2.351824550266586593e+05
3.696114380137682019e+04
1.095750496636473341e+06
7.658318968763637531e+04
9.695616766983921116e+04
4.964623270133980550e+06
4.109490403925190913e+05
3.665502914688449237e+05
1.401516118217831245e+06
1.993302253546872234e+05
5.929118288018470776e+04
4.031261697068128269e+06
7.537657734323166078e+05
2.722451260055068415e+05
3.231405349333129707e+05
1.830585248142190394e+05
5.431418099533637287e+05
1.476729008456076554e+05
7.495413428654122399e+05
5.188029997999703482e+04
1.055604938317731488e+06
4.397372836120242137e+05
2.542719692468312569e+06
3.458196983284646994e+05
2.140068501532273149e+04
6.843133683217864018e+04
1.439433471459460270e+05
8.060495801425051468e+04
2.116542664999487461e+05
8.782433686824062606e+05
3.863488159426297643e+05
5.708752479386717314e+05
2.327036772620756237e+05
2.622306988751152530e+05
3.486903351340955123e+05
5.337593903253391618e+05
4.435130198648410733e+05
2.157477240559080383e+05
1.808241419869231060e+06
4.229434533869317966e+05
2.047504298461498402e+05
1.066610483383439481e+06
1.805786465776047669e+06
2.098193174245275150e+05
1.598128069030390470e+05
2.401095686982396001e+05
5.910316512102043489e+05
4.402552177630693768e+04
2.735820288384872256e+05
1.564393393597202608e+06
9.811219697387721390e+05
1.153758451771911001e+06
1.227798626491741452e+05
5.278226445684666032e+03
1.853251940559804207e+06
4.059996154632411344e+04
9.849050304868171224e+04
1.918228768365100259e+05
1.251680264135187026e+06
2.219617659777607769e+06
6.791432331988276565e+04
5.294344515504794981e+04
1.545685939645055041e+05
3.768123187236642698e+05
6.845315409996540984e+04
4.888575796691299911e+04
3.261663768630666309e+05
3.620828383508689585e+05
1.606487313778665266e+05
2.511333688846691046e+06
6.523584609690677462e+04
1.836202078482117271e+06
1.135656549651950598e+06
2.081394178880151594e+05
4.305668355119398911e+05
2.138934799288745562e+05
3.889417046775255585e+05
1.423875516006673686e+06
5.254460855374998646e+05
1.897747894454698835e+05
1.074239776348005835e+05
3.407342675901654875e+05
5.881485579556903103e+05
4.619001010834881454e+05
3.021055523436380900e+05
2.463414600809674812e+04
2.909285792099981918e+05
2.271199050926258788e+05
2.257349985511661216e+05
1.186504512694833538e+05
2.728031101343432965e+04
6.190358931328525068e+05
4.739151990484870621e+05
1.064792097585949115e+06
4.175737180801115464e+05
1.669299973977249465e+05
1.086468405249315547e+06
1.761817247653136961e+06
3.602830191536933125e+04
3.992589259913045098e+05
1.562512988317064010e+06
4.236340899317594594e+05
4.461649292179609649e+06
1.644120379505914752e+05
1.991005822155995062e+06
1.045809756177648320e+06
1.056628486003297381e+06
4.034359441118100076e+05
2.462403573285615130e+05
1.605874296485531610e+06
2.226318790223014657e+05
5.607554327505597939e+03
6.060816194570724474e+04
1.099376947653462121e+05
2.200026929135665414e+05
7.309639679958297347e+04
3.190582459275610163e+05
1.339149483891861746e+05
5.429399060723542934e+05
2.364771844893849993e+04
4.304165124730998650e+05
4.072426849138733814e+05
9.269279281638169778e+04
1.715884952076525660e+05
1.188020025971860159e+06
5.881753047828511335e+05
6.171395610471437249e+04
3.428595665386682958e+05
4.708756870051573060e+04
1.686983575557509030e+05
1.254535601062122878e+05
9.823044897087010322e+05
3.187055533827344771e+05
1.600448485385533422e+05
7.049853243120025145e+05
3.323236650288580451e+06
3.052077758357418352e+05
6.260943330662014887e+03
2.459679620476285927e+05
8.639765453095907287e+04
2.238236402055410144e+05
7.305205429164397065e+05
4.612533952992667910e+05
3.860554386866188725e+05
2.021247584333365667e+05
2.037266928227203607e+05
3.841239216286029114e+04
1.682697238652158121e+05
6.124773119891768147e+04
5.990179417476267554e+05
1.167472563841328025e+06
9.158706155134107685e+05
2.111968162823725026e+06
8.122141909498947207e+05
3.342095783721547923e+04
6.757180629917688202e+04
3.803727949592176592e+05
1.688659611004687904e+05
1.250942306731885998e+06
6.144547117071126559e+04
5.125567477629421046e+05
4.481321863985279924e+05
5.487385130560195830e+04
6.665300555274466205e+03
2.226474406285724544e+05
1.079819130412016821e+05
2.572444934053485049e+05
3.754594685354558751e+05
3.217943423731707735e+05
1.571607540451354871e+05
5.381643267684188904e+05
1.121038932400721824e+05
4.452297313145099324e+05
1.745593725354641210e+06
7.038439797161385650e+05
3.490556419851034298e+04
1.476479789114058949e+05
2.126720880207985829e+04
3.905258720704749576e+05
8.456337686000147369e+04
1.118085743649396347e+06
1.630272193752496387e+05
1.285367988100976654e+05
1.207128613743600872e+05
6.612091669673634460e+05
1.434191623326326255e+06
3.752703402367200470e+05
4.145466277821522090e+05
1.609693499932299892e+05
1.914221675150326046e+05
4.447404643576139642e+04
1.390088405112138134e+05
6.108712459342178190e+05
1.538835436666063324e+05
3.837919735277387081e+05
6.185115448003794154e+04
9.264058089871293632e+05
7.961564916452441139e+03
4.482965147418997949e+05
6.301705075211949588e+04
1.386685212914648291e+05
1.385508642272125697e+06
2.319131425764271698e+05
7.536008633787646249e+04
1.183477589867359347e+05
5.840938290696572949e+04
3.088620790907949558e+05
3.795591038010141347e+05
1.707372413105276064e+05
5.473183655638553319e+04
3.702351693813492311e+05
3.590123957417775528e+05
6.158314789660959505e+05
5.204501682874928229e+05
1.395764024629390915e+05
3.322049082165008876e+05
1.096021026637469622e+05
2.238639600014287513e+06
2.363710213806282845e+05
3.861094661759282462e+05
2.771704537784820059e+04
4.002645493339149281e+06
4.108716370533421696e+02
5.050076026118515292e+05
1.160596987494031600e+04
1.893229323639019625e+06
3.001387608082540100e+05
5.145482298332725186e+05
1.364527555328438757e+05
5.946517029635602375e+05
4.044671120288249222e+05
2.247194330303629613e+04
1.420483743642232148e+05
3.818973690073149628e+05
7.473043783971107332e+05
1.500896711967992014e+05
6.059170671420865692e+05
1.282807094117499364e+05
8.140892998248677468e+05
1.279723427103144350e+05
6.326527115228472976e+05
3.855224972205638769e+05
1.826946213084655465e+05
2.234998343229849415e+05
6.062414194001598516e+05
2.492773358767830650e+05
5.546747474910371238e+05
1.060984017509955884e+05
2.235154174904719694e+05
1.125685249259055417e+05
3.215208233989644796e+05
2.418935981862976914e+05
1.764462905992943342e+04
3.510452475655637681e+06
9.405180556707302458e+04
1.367905410829165252e+06
5.161744639955009188e+04
3.186611157954997034e+05
9.260851901447818382e+05
3.766083146594358841e+05
1.152258188731768896e+05
4.813959477058644406e+05
5.904406368684263434e+05
5.862260073222324718e+05
2.454551502857237938e+05
4.287673769792549429e+05
1.001402057325971546e+05
6.875892048897839850e+05
3.106838419589574332e+05
6.878843814279788057e+04
6.151367299993239576e+05
3.865414929959249566e+05
2.067148789478216204e+05
1.289795927453969198e+05
4.492426007954002125e+05
8.359424836969319731e+05
6.401883221901065554e+04
2.026816838413906225e+05
4.183654094549386064e+05
5.929383022665788885e+05
1.884741001753870660e+04
1.581719432709884713e+05
5.176802081382973847e+04
2.907703007600697456e+05
1.118990189319310593e+05
2.864979584813977708e+05
4.569846077799406485e+05
4.590786046711804229e+05
3.602082520777921309e+05
8.659890067409373296e+04
8.326884315886242548e+05
1.873433172809202457e+06
2.055936758616826264e+05
1.422068239686877641e+05
1.312729600848008413e+05
5.839458891659537330e+05
8.247337000802231487e+05
5.805845108099933714e+05
4.449944218559110304e+05
3.335396976082295878e+05
4.742487800150991534e+05
4.566343936428214656e+05
2.288375370206367224e+05
9.150681005127307726e+05
1.996192129731375608e+05
4.899755397237843135e+04
1.938203695018930302e+05
7.633544638488506898e+05
8.706017149422975257e+06
1.989487382888272114e+05
9.430505316428559599e+05
5.688444821508685127e+05
2.994429305101564387e+05
1.147554318548022304e+06
4.773902929806120810e+05
8.099025759931094399e+03
5.888723539936367888e+04
1.707847509554181597e+05
3.462655269658190664e+05
2.039658219471461198e+05
4.196966009800083120e+05
4.304529973574921023e+05
1.658637483251495985e+06
3.536357436261276598e+05
4.849516358716827235e+05
4.231161934906697716e+05
1.948241155847512127e+05
2.404879011117070913e+05
2.450923733764778008e+05
6.337826678772689775e+05
1.366617703193239635e+06
1.003649995040360955e+05
1.412471698174477569e+04
4.012417746724909521e+05
5.989727211188323563e+05
2.799265486572888040e+04
6.447362273437813856e+05
1.109229433582897182e+05
5.124626078236217290e+04
2.462977195350562106e+05
5.932832843405023450e+05
1.172815968082102016e+06
3.337971320857477840e+05
6.071974142493359250e+04
2.959245219461502857e+05
2.597925088968329655e+05
1.029050997834077803e+06
2.733888298608631012e+05
5.693078405446439283e+05
4.556235717107914388e+05
3.634373400277089095e+05
1.177904745759977726e+06
3.497535052397726686e+05
7.012701875657077180e+05
4.239490253944072174e+05
8.061912273164985236e+05
5.987264703330543125e+05
3.935470177528338390e+05
1.007391932761452277e+06
7.518395212381723104e+04
3.827717485492735170e+06
6.238827663344612665e+04
2.150882304536699376e+05
1.364019381432418013e+06
6.613607808390845312e+05
3.166493551775614615e+05
6.551438930398714729e+04
3.193114961426975060e+04
2.614580627001176181e+05
9.546626610422087833e+05
5.230736782094398513e+05
1.874597246733861975e+05
5.937188529297352943e+04
2.146567510991369199e+05
2.795891575887054205e+05
2.236229766019644740e+05
1.370809250123212114e+05
3.104634035286488361e+05
4.534091058287543128e+05
3.970164043894702336e+05
3.733097470324625028e+05
2.922117115641652490e+05
4.731557564148571691e+05
3.074812280559791834e+05
1.065569011894789990e+06
3.864131151674821158e+05
2.538135901982475771e+05
2.144668859816539334e+05
1.227394869941973011e+05
3.061907690320374677e+05
1.593758099841215007e+05
2.677476646494370652e+04
1.966119567681094923e+05
2.166577597233238921e+05
3.287350669668912422e+06
4.287900141759486869e+05
1.057415379767394770e+05
8.239255402719922131e+04
5.598739345553857675e+03
8.879078689873501426e+05
6.594217004519773764e+04
3.982287559756652336e+05
6.749950578382135136e+05
3.555418874039609800e+05
3.024655921497180825e+05
1.044946958078344120e+06
3.468138068029783317e+05
1.107472308645100420e+05
3.571497340470215422e+05
1.827659946017257171e+06
6.603539105917280540e+04
1.475814921646831091e+06
4.044677740090489970e+05
5.815770212777417619e+05
5.902823791468215495e+04
6.166689996058405814e+04
3.707194698734818376e+05
3.321779315411366988e+05
3.201827571729913354e+06
1.937396894989245047e+05
1.041262583401409211e+04
4.525690018899518764e+05
6.480159775837997440e+05
9.708109003668277292e+05
1.021141781056292122e+06
4.375360779919599299e+05
2.318733146084827313e+05
2.960014098542125430e+05
1.829503317761931103e+05
1.577332732223587809e+06
4.214231363401840208e+05
1.782318662267554551e+06
1.622409853056372958e+05
1.656998059020954184e+06
1.194566790220960829e+05
2.658992385796520859e+06
1.624111094848413777e+05
4.175860088494611409e+04
1.166934184283020906e+06
3.607391115864668973e+04
5.477735486318254843e+05
1.801575851668109419e+06
1.756209426246400923e+06
1.107477291242512176e+06
8.131131948544787883e+04
1.066742992369474377e+05
1.831949329179767519e+05
3.729562931926862220e+05
3.952947638234481929e+03
2.881571519195716246e+05
3.030241947409302811e+05
6.732662364790299907e+05
1.932664431583031837e+05
6.131218442438467173e+05
6.514750365015497664e+05
3.341879871048139757e+05
7.194812392701918725e+04
1.918199978207428649e+05
6.158493752761695068e+05
4.535043455458374228e+05
3.719640352416794485e+04
2.662470821872049128e+05
5.073836278665253776e+05
8.814874747693332611e+05
7.531282225307187764e+05
3.905970731812723534e+04
1.793375025472483831e+05
3.004222188981061845e+04
1.015550998708126717e+05
1.510197143440363288e+05
3.720765469042169279e+05
9.387291705282086041e+05
3.801686325397782493e+05
1.462974287050273269e+05
2.416892742581499624e+05
2.721789417849022429e+05
2.060645571819662291e+05
4.562230596683692420e+05
2.421014256970325732e+04
1.807682331313786563e+06
5.602917601118198363e+05
3.472350113212696160e+05
1.416442612787290476e+06
1.651245325640359370e+05
2.217105356314296296e+04
2.220310159979263844e+05
1.512805174346894783e+05
6.809743044743249193e+05
9.149919194765721913e+05
4.653996853792651673e+05
1.774308334667804884e+05
5.070713439286595531e+04
2.334557405918437144e+04
5.289788953179880627e+04
2.516848474353394937e+06
6.732894144451053580e+05
1.102081891972399550e+06
3.335875779930952704e+05
2.069331753711325582e+05
1.709675231048194983e+05
3.983724345559110225e+04
4.943266366665840178e+04
9.945585302117514948e+04
2.238216131530996645e+05
2.487866491317806765e+06
5.329432309046741575e+05
1.145666719946573954e+06
5.684044615959613584e+05
4.239597652256958827e+04
5.521066624753198121e+05
5.763218285200889222e+05
4.647326969541056897e+05
6.401597208289365517e+05
2.546166585052074399e+06
1.701843163722376572e+06
5.657516401038668118e+05
1.061775199447808845e+05
5.723829397406304488e+05
9.362836176461986906e+04
7.791482272347465914e+04
3.183076333514550934e+05
1.091701617335296003e+06
1.774426943668912281e+05
1.832869543803480337e+04
3.550861554188260925e+05
3.408575126583927777e+05
2.240614883532015301e+04
4.106643885044507915e+05
3.142363145765760564e+05
9.678796577917623799e+05
1.856068461532408255e+05
5.350355001462938963e+05
8.547604490886288695e+05
1.151483906134668970e+06
2.268138717522464576e+05
4.741047650317884982e+05
2.506982638958824464e+04
2.755555580295039690e+05
5.773634544318381231e+05
9.461280960126477294e+05
9.541485638270800700e+05
1.378192776946942904e+05
2.263419107103901450e+06
1.713140400733862771e+05
9.333508947342945030e+05
3.215389286043934990e+05
5.045707800100251916e+05
3.771155167964345892e+05
3.127834326908066869e+05
3.709861727223968483e+05
1.738009916673483385e+05
5.605226565206107916e+05
9.058071148437128868e+05
2.640608685925266705e+06
3.140912492913992028e+05
5.390973712734112050e+05
1.182019407674311515e+05
1.442855504820135655e+06
8.446260248084543273e+05
6.795465448320000432e+05
1.111113410116771702e+06
2.393075083145019598e+06
9.203523690545295831e+05
1.632226852862100641e+05
9.235118860533842817e+05
8.977741728725233115e+05
1.593129716105926782e+05
2.201437829012420552e+05
1.738735040749202599e+05
7.013189522624734673e+04
9.660680069931902835e+03
1.147533201319164364e+06
7.796612361107496545e+05
1.672441998241572874e+06
1.063950892265738657e+05
1.235925899530013558e+05
6.803541794882952236e+05
2.726424593170073931e+05
3.568748193734794622e+05
1.049644437388809456e+05
1.349240845237102476e+05
1.327220809141523903e+06
6.385095534746726480e+04
2.321811877086537716e+05
2.470257177366228134e+05
8.513507945359217410e+04
1.928599056913564345e+04
3.934049993978500424e+04
1.164832626089866681e+05
5.835729069055747241e+05
4.061245646530736703e+05
4.599515930459250230e+05
5.426129013522935566e+05
3.332591564047972788e+05
3.501772581792937708e+05
4.024559940317929140e+05
4.111127343617511797e+05
6.015020094132163795e+05
5.408057074929432565e+04
2.825617522307613399e+05
2.992507626911830739e+05
5.848805306137206964e+06
2.191092546582789219e+05
1.955402716685001506e+05
1.029392620473808784e+05
1.742485452624156314e+05
1.971082261797700194e+05
4.535305191284422763e+06
7.356323179678262677e+05
1.673281943327774934e+05
2.442179707536261412e+05
3.039917847758768476e+05
9.656122504481112584e+06
6.058780878524028958e+04
4.456580031627199496e+05
1.786329203419861369e+04
3.885775640516186832e+05
1.544749974506644685e+04
6.415496191123030148e+05
1.065233278966960730e+06
1.435317067222041078e+06
7.940782870115839178e+05
1.353350089216938941e+06
4.500150567895885324e+05
3.404587754094317788e+05
5.880777661667945358e+04
6.323436466985844891e+04
1.652053873684222926e+05
1.754258348944552563e+04
2.758005070721772063e+04
1.834050125254732091e+06
4.125630384209520998e+05
1.159966273310882243e+05
7.351075756190378452e+05
5.401311688056165585e+05
4.617978063346632407e+05
1.999646752759387309e+05
4.767807681242397521e+05
1.532576900312837213e+06
1.013988110622249078e+06
5.795693770927374717e+05
1.833927021611638484e+05
9.981012438165734056e+04
1.189305537263783917e+05
6.816922056678282388e+04
1.239361170420244802e+06
4.576954341301468667e+05
2.688513336759347585e+05
6.757072022391383070e+05
6.652829877536022104e+05
7.478515332796100993e+05
6.963637189057570649e+05
1.088105073659476591e+06
1.293103185385686578e+06
6.071861688679446233e+05
9.184197515623047366e+03
4.357533929933762178e+06
6.718337850033602444e+04
1.962513873959884804e+05
5.982804846460409462e+05
3.027973540094004711e+05
2.193450892993759771e+05
1.237459005697227782e+06
2.626910239753816277e+05
3.698294429427729337e+05
1.971328505918039446e+04
3.754230735474840621e+05
6.231145150755208451e+05
4.377045937538075959e+05
1.070535982737294689e+05
2.642589567882500705e+05
4.754254866219159157e+04
8.641053172245824244e+05
1.998446217123619281e+05
1.038791762584122334e+05
8.290047430924965302e+05
2.032250292433781724e+05
2.237995393871609122e+04
1.384438917510827887e+05
3.840850683010240755e+04
1.442553479103158461e+05
6.409176507540586172e+05
2.004002234012952773e+06
5.686928599772555754e+05
8.714631003545587009e+04
4.781426254358580991e+03
5.176096561540482799e+04
9.636580941084820079e+05
7.376621264882235555e+05
1.891029328916540908e+04
1.758614809982055449e+05
8.910269703754890943e+05
8.561720452480416279e+05
4.284972525715735974e+05
3.767495196868171915e+05
5.442500743986240122e+05
3.755626495374377118e+05
1.407819331579667924e+05
3.642507855157770682e+05
2.023417467905307421e+05
1.579523251662058174e+05
2.509143846450842684e+05
8.362110149500283878e+05
2.670334247291057836e+05
2.755286303825060022e+05
2.753518401973492018e+03
4.470271978802268277e+05
1.330549501767757756e+05
1.296066671691482625e+05
4.679391046750534442e+05
4.458743201231099665e+05
5.617522563171571528e+04
2.282687633884490933e+06
3.498640883077315520e+05
1.995049777795494301e+05
1.004843462908392190e+06
1.473381969099900685e+06
2.411202646028348245e+05
1.556381320701404184e+05
5.596528011517096311e+06
3.836854684137942386e+05
1.054657952141228598e+06
1.923114271785839810e+05
1.461921758047761978e+05
1.558819981792713515e+05
6.315581532808623160e+04
7.502895317009671126e+05
3.749436769934533513e+05
6.304892451516668079e+05
6.138042757791607437e+04
1.584102513591298833e+06
9.248596350433697808e+04
1.031814560621274519e+06
1.724820669131184404e+05
1.314252635309619596e+06
7.614337921864642703e+04
2.702291201925356872e+05
3.354811814500054461e+05
5.846088876278857933e+05
4.466589302844323101e+05
6.615081556553534465e+05
3.720271994680536445e+05
1.317650596595962998e+04
1.747672188818105496e+05
3.074956727548154886e+05
1.969893813316219253e+06
2.306425517324644898e+05
7.030372679215635872e+05
3.954894280027477362e+04
4.625091815541591495e+05
2.693762121362861944e+05
1.246994014461384359e+05
9.361855119455591775e+05
1.403127674267971655e+06
2.589954419114643533e+05
2.801856176652230206e+05
7.646355809661642415e+05
4.400319689368426334e+05
2.194818398746175226e+06
4.922268858552570455e+05
2.080002956969026243e+06
4.429751960205876385e+05
1.154515064003031293e+05
1.083760509303840110e+06
2.341007451760094147e+06
3.798504863904770464e+05
9.094371650419931393e+05
7.832088281520207238e+04
1.760840818364599545e+05
5.924409791440541157e+05
1.997544311659700179e+05
2.224775446665086929e+04
1.824489932576504536e+06
7.301362442012637621e+04
9.437710042460509576e+05
9.710739596115679014e+05
8.703413465225124673e+04
2.741184336481619976e+05
6.068756576879700151e+04
3.115926036409162334e+05
2.844662415034252917e+05
1.983691832343643298e+06
1.070534534159271745e+06
1.456929641803155828e+05
1.345170690991416632e+05
1.756886530408936087e+06
1.494203980280633841e+05
1.003578993788877706e+05
4.966723471995168948e+05
3.074522106393259019e+05
4.749050827174820006e+05
3.375440434297629399e+05
4.235916797874517215e+04
4.070288301039134385e+05
2.510520654333491344e+06
1.793476624562806974e+05
1.400815662862496916e+06
1.637402040998208686e+05
5.993965049284107517e+05
2.527107797579088947e+05
1.385065190423091699e+05
1.074846435027475236e+06
6.166056618844346376e+05
2.058474695073206385e+04
9.974381881433890667e+05
2.634694933934381697e+05
8.722684936911835102e+05
1.366336513714144239e+05
1.818175740837860212e+05
2.791659905952531262e+05
1.283280041018432239e+06
1.777967084231581539e+06
7.177359527647662617e+04
9.542512574892373232e+04
6.385139560004113446e+04
2.522048335345711384e+05
1.672217928628391819e+06
6.374388445415683091e+05
4.913606064855047152e+05
1.178623545146847027e+05
2.979138108783977805e+05
9.391737323217543308e+05
2.486930191197105160e+05
4.894656277851426275e+05
2.118724585875907360e+04
4.385134979643576080e+05
9.870931155222462257e+05
6.323519535551032459e+04
2.980444991369404597e+05
2.887804724793024798e+04
7.850385823894223431e+05
1.702705717472752731e+05
4.645985543226155569e+05
3.550041033985429676e+05
9.863960588088468648e+05
1.320406262470784131e+05
1.992643220579984190e+05
2.526477065519890282e+06
3.511540944894254790e+05
3.653713111195104284e+04
7.322526854869318195e+05
1.750925995407584705e+05
1.426920965070621809e+06
3.425963645193009870e+05
1.886292067872566404e+06
7.067298798498511314e+05
8.900993866886486649e+04
8.395081511120446958e+05
2.462044290253920481e+05
4.547122005759424646e+05
2.076001350421658426e+05
5.524505275724168314e+04
1.083199937652792287e+05
4.941475124822599901e+04
4.224148346514687873e+05
4.034802773771919892e+05
7.119155690053377766e+05
7.892504982036397269e+04
2.620340962197470479e+06
7.630905560518443817e+05
5.800341564804612426e+05
1.000083086985074042e+05
1.144281965408361139e+05
8.249882250819605542e+05
8.250184439503337489e+04
2.554333211044470954e+05
9.718178441064870276e+04
1.128006340990368044e+05
7.733564058497145015e+04
1.010474575624051067e+05
1.014956129202983226e+06
1.159822646778670460e+05
2.335157690006259363e+05
6.206258917940406536e+04
2.903033451384945074e+05
2.864036804592414410e+05
1.554655139270332002e+05
1.255394478032074694e+05
6.684184466337668709e+05
4.379165233785304590e+05
3.433116828961013816e+05
2.000769767042189778e+05
7.799179355767950183e+05
4.639632844992455794e+05
5.609809349805231905e+05
1.045785112744333019e+05
4.698066540743550286e+05
1.794319938859146496e+05
9.796374495345152682e+05
4.875710655844108551e+05
7.398139208435941255e+05
1.101720714731950284e+05
3.026650680266547482e+06
2.968192562613755581e+05
9.649706149260317034e+04
7.975396294388818787e+05
6.125151561928453884e+04
6.375734740353622474e+05
7.004973193303095468e+04
3.653238589301770087e+06
2.064573796045389725e+06
7.049489073402569629e+05
4.356995158774307347e+05
1.966772376258218661e+06
7.606566117808927083e+05
3.563350016768816859e+06
4.604475308621702425e+04
1.859169455832791980e+06
2.584960069996421225e+06
6.305170151146077551e+05
3.405371889414140023e+05
1.739653668985439581e+05
2.733116692305908538e+06
3.466313590108979843e+05
2.673986278615020565e+05
8.986946717319708841e+04
6.744464452117710607e+05
3.894459813510681270e+05
1.721384185407742043e+05
2.579255783424029360e+05
2.027201574497521506e+05
1.970962355101927824e+05
9.921435124293691479e+04
3.334926393953336519e+05
2.174413496462613693e+05
1.906204411637876474e+05
3.947742353978664614e+05
2.050801804288655694e+05
1.720242765116711962e+05
1.031874664391914965e+06
7.235915359545481624e+04
2.367677719824629603e+05
6.417643636922879377e+05
1.815096517948744586e+06
5.185772607806190499e+05
6.513790591434192611e+05
6.536841351272337488e+04
2.513767145094159059e+06
6.563662412582818069e+04
3.542098287289268774e+04
1.767034929334497137e+05
2.242309698054851615e+05
5.504063077564505860e+06
2.881216760026922566e+05
1.874369169317779597e+05
1.251901153988087026e+05
1.510562773247172590e+06
1.949607963519033219e+05
5.707388643338952679e+05
3.851803238371462794e+05
4.895613452424149960e+06
2.019689493831867294e+05
7.292673927789308073e+04
1.136974293461618712e+06
4.054652298927482916e+05
1.542284032303689455e+05
4.105552033784118248e+05
3.128954138225024217e+05
1.537890778749363730e+06
6.430685273535038577e+05
7.502464434341830201e+04
4.934101176833072095e+05
1.716914024479349377e+06
6.182151092101384420e+05
3.415021324973554001e+05
2.347478289674798027e+06
2.490680447021697473e+05
4.376911164745483547e+05
2.227716396264508367e+05
5.477254631003059330e+04
1.802549632448045304e+05
5.873057557706841908e+04
3.692871607058267109e+05
2.370168432253624487e+05
3.105836498290711897e+05
6.036557089953953255e+04
8.594947289013214177e+05
1.605249796646123054e+06
1.679670563512016961e+05
2.126482328082247113e+05
2.570503841778513161e+05
6.438354208045367704e+04
5.122944156268631923e+05
6.318898843517485075e+05
1.560845448428882519e+05
2.277561953312487807e+06
5.216199448392355698e+05
4.410182444323752425e+05
2.136186440834366076e+05
3.117573247392538906e+04
1.396891445527925389e+06
1.835278161145928316e+05
1.246990587179011782e+05
1.811551889437672915e+06
1.484245949485273799e+06
1.008385918924204452e+05
1.651129509739842033e+05
7.127255978203342529e+05
4.679801685135672451e+05
3.624353839223625982e+04
2.885155018430998825e+04
9.056219978447559697e+04
5.965441236004522070e+05
1.608818802516303025e+06
5.958335756271855207e+05
7.169799423225997016e+05
1.121200167367918039e+05
2.147752510166588763e+05
5.843564452241748804e+05
7.832744412981723435e+05
4.736903301476322231e+05
2.815747748301532120e+05
4.015756606774692773e+04
1.123922728232606081e+06
9.871533502432974055e+05
2.456394385981826781e+04
9.586323445903064567e+04
2.320904987044705776e+05
2.250341346904201782e+05
6.544918398586827097e+05
9.793243299098471471e+04
3.778231158736511716e+05
9.905244989381099585e+05
1.406157549719536619e+05
2.196525325297628588e+05
2.880929153354136506e+05
1.564629076309335185e+06
2.113713651467879245e+05
3.855299085835898877e+05
5.526370538393250899e+05
2.081282361935955705e+05
3.504758600509952521e+04
1.024816644271062687e+06
2.378042285478934937e+05
2.081893620809810236e+05
4.547470724168442539e+05
5.772238062798172468e+05
3.646930276378857088e+05
6.439322199342168169e+05
6.290364063947153045e+05
7.295178054802715778e+05
2.466391095803784847e+05
2.939619579433078761e+05
1.224830202551026887e+05
4.982424588951043552e+04
4.713185429555110022e+04
1.096525725006113062e+05
3.565521056850557216e+05
8.703725549770400394e+05
1.581345969016830437e+06
4.223035140721731004e+05
2.752327474748773384e+05
3.028502637310262071e+05
5.783900624808844877e+05
1.165974115649333398e+05
1.029330712098207325e+06
5.365007907173171407e+05
1.145328490386489430e+05
7.208149857439920306e+05
3.099415150064848131e+05
1.808513695323856780e+06
5.137644554960961686e+05
7.704678797250787029e+05
2.138097568031926639e+06
1.377378746251484263e+05
2.860838225338611286e+06
8.030074081425949407e+04
1.422859586549985106e+05
3.977628422871996183e+06
3.999656305786380544e+05
3.038972438954274636e+06
3.490994314425293123e+05
1.113378153697228292e+06
9.398804514263171004e+05
3.832495082494894159e+05
1.860868652745147992e+05
2.397807152462861035e+06
3.430249852483269060e+05
2.846444150119509432e+05
9.652074781046934659e+05
4.374055424159429822e+04
2.921709017448753002e+04
7.799179289188866096e+04
3.505321681246983935e+05
2.138659845267841883e+05
1.144169201195480418e+05
3.217404043114256347e+05
1.193306305243726238e+05
2.528207441900727339e+06
1.392219747339948372e+05
5.049276673993671429e+05
1.251120439389133098e+05
1.091175951276273932e+06
3.434071704618477379e+05
4.073735669826709200e+05
1.091588533850478270e+05
2.497455241265808581e+05
7.531542299399963813e+05
1.426029478559236741e+06
2.258927505321963981e+05
1.846908595592170313e+05
1.670081549090192420e+05
2.415020537899205810e+05
1.975583156629898003e+05
3.952305257201717468e+05
6.085669240499757871e+04
1.175246926111426903e+06
3.389620839400945697e+05
2.198876489411658258e+05
7.262946896675464814e+04
4.741404600285216584e+05
2.033537648047015071e+06
1.094246278932998190e+06
6.145898009530768031e+05
8.749628483614294091e+05
3.804128583092091139e+05
1.944555568896165933e+05
7.511428226121384650e+05
1.676212734044639219e+05
7.359805371593260497e+04
1.331088467448649753e+05
1.991951691112864530e+06
3.276373289803668857e+06
3.608364968747033272e+05
4.324988876929384423e+05
7.453985105870194093e+04
1.497971359847905114e+05
8.006115225930024462e+04
3.415625985210487852e+05
4.391924377952930081e+04
3.846126425111391000e+05
2.014333056685935706e+06
4.556196517083190847e+05
4.455391918207833078e+04
1.118922077125531156e+06
5.203749381787831953e+04
6.168428989387894399e+04
3.504870291539308382e+05
6.272586747627348086e+04
1.753919023384625325e+05
7.536523676524034236e+05
4.011486481593782664e+05
4.971515967308831750e+05
1.211177960961053614e+06
6.402896133549894439e+05
2.358176725934998249e+05
5.926860823760745116e+05
1.066892312200013082e+06
2.135263083918550517e+06
6.960038260016073764e+04
1.534461032179216854e+06
1.371398733028969960e+06
8.716608994711651758e+04
1.397797846704647527e+05
6.498105804604680743e+05
2.256734270033562090e+06
9.633524069595745823e+04
4.044059338115184801e+05
2.432080144667623099e+05
2.652490005616571289e+06
1.979596728309113241e+05
1.243147501704089227e+05
6.844649241608830926e+04
4.486210561648350558e+05
3.836092334256585687e+06
3.123140807582523557e+05
3.387487846347471932e+05
1.832676133019665722e+06
4.451306259296130156e+05
1.043767523825265471e+03
4.666042152698975988e+05
5.833891775936823979e+04
1.205507377724067192e+05
1.010021849551549094e+05
3.066880189411348547e+05
1.952127784087305190e+05
5.967011173768877052e+04
1.280472243397903512e+05
1.072662323041234165e+06
4.307384546208445099e+05
4.466149564922705176e+05
5.537353541811471805e+05
1.207205658664453513e+05
1.753074021503451513e+05
4.497478189651923603e+05
5.527436497108170763e+06
2.056080015228852862e+05
4.470661332821787219e+05
2.913220015014230157e+05
4.174530926791888196e+05
5.067218196364343748e+04
7.175161914656480076e+05
3.826985846145746764e+05
1.944122504804995842e+06
2.142968961853368965e+05
7.552272197332879296e+05
1.071774312234113924e+06
1.588436718310623895e+06
7.769507156144945184e+05
1.345014399019642035e+06
1.937823099279933958e+05
2.631989697979786433e+06
5.580174695331237745e+05
2.632240811184597202e+06
1.713415986913286150e+06
1.041367432073147211e+05
8.836513258043327369e+04
1.892787221529829840e+05
3.603170190406659967e+05
1.108055330173828406e+05
6.442152691691606306e+05
1.717934517329471128e+05
2.174309957026600838e+06
2.769190563511180226e+05
1.739106729050030117e+05
2.315562193465641467e+05
8.233736765862338943e+05
3.245658013408725383e+05
3.321791223463899805e+05
2.299118965530032583e+05
4.673400614204392768e+05
3.110430896857690532e+05
1.078898872084932664e+05
4.865015748462924239e+04
4.435498071781977778e+05
6.391500601055801963e+04
1.732582573474213132e+05
8.251765491325992625e+05
4.620605247992227669e+05
6.422159059131771210e+04
1.500168412250602560e+05
3.259272269933005646e+03
1.091586485515157256e+05
6.877535278500253335e+05
1.936035149538095575e+05
1.087648629435489187e+06
6.658109555357616628e+05
7.560184078496044094e+04
5.696873565010019811e+05
3.190459757307701511e+05
2.252186435296188865e+05
1.271994481948332861e+06
1.117733080459786346e+06
6.881993628453175006e+03
7.201388147349786013e+05
9.929400743506401341e+03
3.647025464691795787e+04
2.428426089562009438e+05
7.630571370792931702e+04
1.147611610631831689e+06
7.653842530398814415e+04
7.910975647922324715e+05
2.143402483662729792e+05
7.750416933367832098e+04
1.069600006739518358e+04
2.928884034161791205e+05
2.669719672376296949e+05
6.645794880073789973e+05
1.450303353659574059e+05
5.985462022763293935e+05
7.894438808554424904e+05
8.952888388795033097e+04
3.814947123246185947e+05
1.271580294661304913e+06
1.951978353827606188e+05
6.475455196606373647e+05
4.892041059317537001e+05
4.558981982734542689e+05
6.255175133337988518e+05
1.835630784487266326e+06
7.216113475686607882e+06
3.740387985035005258e+05
1.658853185102083371e+05
3.310232027261861949e+05
2.557877379070439492e+05
1.740777463986100047e+05
1.265797894553472870e+05
1.437609240397309652e+06
2.828143341417814954e+05
2.811122708970467211e+05
2.801757176372791873e+05
1.803728703507973405e+05
1.700478508128233079e+05
1.549657614474597212e+05
2.877023031056331092e+04
1.357734947665980551e+06
7.983598437251133146e+05
1.321723886711604719e+05
2.353415876330641564e+06
5.252548127213983098e+05
5.318140073732821038e+05
2.103398743219074968e+05
9.748564126483633881e+05
4.358550813216509996e+05
1.795310607735418307e+05
1.149891320162236661e+05
4.171308041672529071e+05
6.136476875985476654e+05
3.956612032012925483e+05
4.821328640747162863e+05
1.339881979450100043e+05
1.062116100535573671e+06
8.526191716985519452e+04
7.665290648449258879e+05
8.478005782070808345e+04
9.653684332554083085e+04
5.408550825842511840e+05
6.490863524191309261e+04
3.461064414411857259e+06
3.803647279706979170e+05
3.291528213377716020e+05
2.659843320440205280e+05
1.057560409917234501e+05
1.053813907206410659e+05
1.923322288080678554e+05
1.213068769824808463e+06
2.687756435173927457e+05
2.031785489731395501e+04
1.867241668022563681e+06
2.345697222539404465e+05
3.125563602766340598e+06
2.660499933630374726e+06
3.604342011207346804e+05
6.662272441872839117e+05
1.325594900535192282e+05
4.933853909128782107e+05
1.442862069051974395e+05
4.173285421096961363e+05
4.065041569612955209e+05
1.171689661938376230e+05
5.520962036046746653e+05
5.280849226107496361e+04
9.132765665200096555e+04
3.730126507006482570e+05
1.815328888225271949e+05
8.369248256327932177e+04
7.767257653828029288e+05
1.124536034487701254e+06
4.066137550103221438e+05
3.871292302595018555e+04
8.706891494686115766e+04
7.302011072954460979e+05
2.464057462164686527e+06
1.920431602694518733e+04
8.618345918665307108e+05
5.079397406088885618e+05
1.784753653706569923e+06
1.723328920967698214e+05
7.742065441791486228e+05
3.880099996710407140e+04
1.599279003412213642e+05
2.715564828221971984e+05
2.442457628048702900e+05
8.566532623723334400e+05
5.478069455614547478e+05
3.772598160073952167e+05
2.009011719665298937e+06
2.609989321708886418e+05
9.437089164273313145e+03
4.422345578847712022e+05
2.531612310139169567e+05
2.647702346601281315e+05
1.210992573214210570e+06
5.032109512090330245e+05
2.820570351805156097e+05
2.455833335800211935e+05
4.632668788295716513e+05
3.267310331233094330e+05
3.216838139974965015e+05
8.494154135033450439e+04
4.980997716965498403e+05
4.258100965957916924e+05
5.018100534048734698e+04
1.382760890274774749e+06
1.725522038505685923e+05
1.098987165241041454e+06
1.001964974421762890e+05
2.991191953697450808e+05
7.827428203543707496e+05
3.208504664368612692e+06
1.663768405951478635e+05
1.880819586612591811e+05
5.628676429456429323e+05
2.455897369951370056e+05
1.027957400224182056e+05
5.495188221335849958e+05
2.956720402608766453e+05
1.607176565607801604e+05
2.927308724778709584e+05
1.201398424746309902e+05
3.454335257399812690e+05
2.476119123358420038e+05
1.057853735145547107e+05
2.079165899784847570e+05
2.092778944668913318e+05
4.868741932494725334e+05
3.682092004868392251e+05
1.076199682097256155e+05
1.832079514475506730e+06
5.393025066404230893e+05
1.602808097695178876e+05
7.162421538248406723e+05
2.531184392180733557e+05
1.010813127374736359e+05
3.107448973351808963e+05
5.897475644248723984e+05
2.208876641727406997e+06
2.148602668440237758e+05
1.445245577281216625e+06
4.659408290797271184e+05
4.783638393478380021e+04
7.531583999251713976e+04
8.640915765759724891e+05
4.605558515995409689e+05
4.882636335026494926e+05
2.490125079167918593e+05
2.785451031240302254e+05
4.056928193005410139e+05
4.020243108520618407e+05
2.799532996755871922e+06
2.334637568102738587e+05
8.780861939716252964e+05
1.888443498747943668e+05
4.417219173146284884e+05
2.394480594341945252e+05
3.563985620376472361e+05
9.686209768301141448e+05
8.220381599245421821e+05
2.005949907564948662e+05
1.056166033032003324e+05
3.125930066357308533e+05
9.701120568628493929e+05
1.891888900181438366e+05
8.995629576346163230e+04
7.786100713910183404e+05
4.071670432485514903e+05
1.427832811248573707e+06
6.869794999541997677e+05
1.039000876980025205e+05
1.214466075881303754e+06
1.071344567241030512e+06
1.101795778566023335e+06
4.663872422521719709e+05
3.001714640973853602e+04
1.697870445777221816e+06
5.727611593464371981e+05
2.204096358490635175e+05
6.562912390495922882e+05
2.884377706265968736e+05
4.791877905199677334e+05
1.970048885011388455e+06
2.485009930504123331e+05
5.229094451055535319e+04
2.083383400688268594e+05
1.026259349486755382e+05
8.782868156298900722e+05
4.949756027036207379e+05
1.891279922652652021e+05
5.056885206155050546e+05
3.703608972961700056e+05
1.436835358487233170e+05
1.281572173749804206e+05
9.266921109437805717e+04
1.060155294782440877e+06
5.061358090512033668e+05
2.676586440869197249e+05
3.712752960434155539e+05
3.014027422358434251e+03
1.554868559197806171e+05
3.288262321479535312e+05
1.058452841397918091e+05
3.236366372504410683e+05
4.774335584979023552e+05
3.103068378887180588e+05
6.062107362342115812e+04
1.546267559607992589e+05
2.767264405583339743e+06
1.078679157723806100e+06
2.541653188815732938e+04
1.944930045323652739e+05
7.145618937054196140e+05
1.856487141099937071e+04
1.723363999255514471e+06
3.283585726586953970e+05
8.500737803322038380e+05
5.419093868009429571e+04
1.035454610847310396e+05
6.937206092919331277e+05
1.885072609175009711e+05
1.065529371840293461e+05
3.256217100021205260e+05
4.471720311462261016e+05
2.366706386856816607e+04
3.048577219096231056e+04
6.986747383293894818e+05
7.904922436725435546e+05
1.757540566208770731e+06
6.232809842023297097e+04
3.502345442627093289e+05
4.840241100050368696e+05
3.491180141152461874e+05
1.855390498507731827e+06
1.821590132686925353e+05
1.989523588525157247e+05
6.954154188283463009e+04
5.883793447631805902e+05
2.276525025991644070e+05
5.952696212520290865e+05
8.094846298055002990e+04
2.970377479342585430e+05
4.297984402380142710e+05
7.729684756811573170e+05
9.221950644325183021e+03
1.946768489964883483e+05
6.937593867650769243e+04
1.575097959916092514e+05
1.022458262704597670e+06
2.258704349899130175e+05
2.679743447355381795e+05
2.735186696363383671e+05
5.516439283176515892e+04
5.462518201874234946e+05
2.571452292154255701e+04
3.468544319210261456e+05
1.544633881227381993e+06
4.494244731224337011e+04
1.210820956592404051e+06
4.605706419450130779e+05
1.430421352067792322e+05
8.409055806892684195e+05
4.768960168750940647e+04
4.491136010704404325e+05
1.108521117046810687e+06
4.911927068779140827e+05
6.536168333950215310e+04
5.278903395496860612e+05
3.091425375197644826e+04
6.391925449783437653e+05
8.914787313322728733e+04
4.868695929523835075e+05
3.629993768472886877e+05
2.512965805243849754e+05
9.523547354072405724e+05
4.601625046528115054e+05
1.621434582787459251e+06
3.766131366780450335e+05
2.093180533741898835e+05
5.251055865261856525e+04
1.474956555042051710e+06
5.137267942559432238e+06
6.967396188434669748e+05
5.977435683098847978e+06
7.533530098890970112e+04
6.047895826434184564e+05
2.661855329036251642e+05
5.552698394977221033e+05
7.336537366019327601e+04
4.802473950182492845e+05
2.101558345904809175e+04
1.635444027569601603e+05
4.361657514992353390e+05
7.918421723258454585e+05
6.822167798594998894e+05
3.199002578702161554e+05
1.653945422264006920e+05
7.802384442651798017e+05
8.212146694899002614e+04
3.167512100535594858e+06
3.075771431746286689e+05
1.494400731084567087e+05
1.587128127387436340e+06
3.680817629322275170e+05
2.164103450951967388e+06
1.421281553046032204e+05
1.748872472979712766e+05
1.005455742177390202e+05
1.758873976247120881e+06
2.672573041492879274e+05
5.707814990930326749e+05
6.706635430127107247e+04
8.012616954083348392e+05
3.713600330729369889e+05
2.134447218215734465e+05
3.350598859328660183e+05
1.220858450838056393e+06
6.512022622269768035e+05
3.640767706201561959e+05
5.197584664279938443e+04
1.002870697108668537e+05
4.058351792002948350e+05
7.207260960968481377e+05
2.559964512649485259e+05
3.385022105012359098e+06
9.596785013998702634e+05
2.409051182908503979e+05
8.302172361909290776e+05
2.040866439573778480e+05
4.826269478490515212e+03
2.596047125902253320e+05
6.229722188402283937e+05
1.445144996668453794e+06
