1.293938728440545499e+06
2.914384727898906451e+06
4.610134212797584478e+05
6.401339871458737180e+05
4.437697898178893229e+04
8.042015913323209388e+05
6.895098448602377903e+05
3.655534966113852715e+04
1.613731416409084050e+05
6.895960865465484094e+05
1.023770690653545316e+05
2.985399009062365163e+06
1.334655836645965464e+05
3.519680715540111531e+06
3.388467286774438107e+05
1.307405802080107154e+06
1.006563584703085799e+05
9.838937594050995540e+04
1.019382845062388515e+05
6.982984163420073455e+05
1.143948003397856955e+05
5.470132534125228412e+05
6.903728971542118234e+04
1.471110809460850433e+05
1.756170582946049748e+06
5.493366608925090404e+05
9.642892380574778654e+05
3.427150491628841264e+05
1.229128381760835648e+06
2.388674669862370007e+06
2.402869053454037756e+06
1.281141816186747164e+05
6.820303537476527272e+05
5.806948100713733584e+05
1.885225650489025516e+06
6.579367677770141745e+05
4.210364164221603423e+05
8.085012168461803813e+05
2.392008725857306854e+05
1.528369644656533492e+05
7.868840971338416239e+03
4.947097648279569112e+05
5.128378165976148011e+04
2.419526698155116901e+04
1.547307235550117912e+06
1.620487265541653614e+05
2.706677448950305115e+05
1.036354398068164010e+06
1.661006959116004582e+05
2.363152458454222418e+06
3.100431178556405357e+05
3.646916398910517455e+05
2.838793189653368667e+06
7.964420481508814264e+05
4.668215902115538716e+06
2.211166016945939977e+06
4.263575438264364493e+04
4.384548909075898700e+04
1.263170075241291343e+05
2.368188729938322504e+05
2.022614690419513208e+05
1.938255759676410817e+05
7.977333738865949272e+04
6.119144909907208057e+05
4.600888690563549753e+05
2.117881395483849104e+06
2.127155519028861541e+06
5.127170966623178101e+05
7.629084060519214254e+05
5.330793078082674765e+04
2.134774508157758508e+06
4.564060341081405641e+05
4.612832689758899505e+04
1.818802707932099656e+04
2.606356161623159423e+05
1.977553360117548436e+05
9.075183773495315108e+04
2.513571724216386210e+05
5.045321563909518300e+05
3.873148610848980752e+04
2.876824234272897957e+04
4.391948584407343878e+05
3.706583189639120246e+05
5.179062665650730924e+04
1.725059049245718052e+05
7.874719267716022441e+05
3.275597981403725571e+05
7.475076401309981884e+04
8.872429256674536737e+05
3.441065976439663064e+04
4.080190931319347001e+05
5.088165795720040915e+05
8.814429849491963396e+05
2.192517582476336393e+05
2.919342720565275522e+05
5.497139667251407809e+04
1.006314566215011524e+06
5.721572714648719557e+04
3.903306309910098789e+05
2.055418356958469842e+06
1.820292233459057752e+06
3.167080589552613674e+05
3.556775733485865640e+05
9.775774754287508549e+05
8.054813440607343800e+05
2.728710023255054839e+05
2.416190453900342691e+05
2.159427592708516866e+06
3.545815103477764060e+05
7.772468749798130011e+04
2.141022734021973796e+06
2.753681557024945039e+06
5.465925532982881414e+05
2.169803237069725583e+05
1.028249454601553880e+05
3.830313070373021765e+05
1.236974899529380724e+06
4.692064280225238181e+05
1.099953775682240957e+06
3.453745087700457661e+05
8.320855795082470868e+05
4.867314553837256506e+06
9.104453015431462554e+05
5.665911913188709877e+05
1.014665522622900200e+06
2.015288093779201154e+05
7.831684348776450497e+04
4.872710041528118309e+05
2.062346336128512339e+05
5.563915426334030926e+05
1.703404467891469365e+06
3.071578811209460837e+05
1.492959663380977931e+06
2.979249690886738244e+05
2.876755490962257609e+05
6.087730505142170005e+05
6.745065597832197091e+05
4.227535311678881408e+04
5.058897212208111887e+05
5.872945618230581749e+04
7.852699633968969283e+04
4.412801905872373027e+05
5.636242672194557963e+05
1.774499009008567082e+06
7.351440170619010460e+05
3.153142424026614171e+05
3.180694195537610212e+05
4.681802309012570913e+04
4.832472683702282375e+05
1.788531269799118163e+05
1.429801810905160150e+06
5.957981170155460859e+04
1.988302146457373165e+05
5.644562246579437488e+04
1.443508442582273565e+05
6.337273573515284079e+04
3.915014390245247341e+04
7.512096713238630909e+05
8.039635312413716456e+05
3.765712307347619790e+05
7.834526243613181869e+05
4.598781338333999738e+05
3.271310578761574579e+05
1.184312738142321032e+05
5.518771757075461792e+05
1.764804432858064829e+05
8.621611834673510166e+05
2.236826353554353991e+05
4.699316596971845720e+05
2.488309182902978209e+05
4.268797212241141824e+04
9.433294855638594890e+04
3.155022340101960581e+05
4.358428588509836118e+05
1.411257251128095901e+06
3.761705515837070416e+05
1.731549586102216272e+06
2.304131707242499397e+05
3.079305686916884151e+05
5.563340790251013823e+05
2.184942575847705011e+05
9.193626035888534971e+05
1.334349390815313673e+05
3.329661265021282015e+05
1.762908468464536709e+05
1.713682970959602681e+05
2.096599490045554121e+05
2.924074705826592399e+05
9.907803795373122557e+04
8.986633197878153296e+05
1.259464429879188719e+04
2.446567556430622353e+05
4.275406046895904583e+05
8.908626025465688144e+04
3.935586984949419857e+05
1.855540440557803231e+04
2.562806822858553787e+05
1.301620787950981903e+05
4.859311017348045716e+05
5.520451063739398523e+04
1.627054757807056652e+06
8.158975518633311731e+04
2.966995672005903325e+05
2.229038655464909389e+05
2.150728458085616119e+06
1.258759826397831639e+05
1.209429310193604324e+06
1.085294532953935995e+05
1.194741129626431939e+05
2.433073944396515144e+05
1.859718338744358392e+06
2.124555964074865915e+04
1.154965415402102371e+05
7.959663086686999304e+04
2.119415768236270640e+06
6.297006699692617258e+04
6.147478689082311466e+05
2.761665377607443952e+05
1.940149401509399759e+05
7.715810431821744714e+04
9.438246114595414838e+04
5.070618645513303927e+05
3.366464714444133569e+05
5.234973597880559973e+05
6.074202869027715642e+05
1.473461547900692327e+06
9.140152394877625629e+05
1.931890257885821848e+04
7.139793080199579708e+04
1.368072551439967356e+05
5.852951705213249661e+05
6.860681986584911647e+04
8.469975393650742481e+05
8.296400289589446038e+05
1.779345749698589498e+05
7.895964933462069894e+04
2.154229791456064559e+05
4.114513149427980534e+04
2.891762219670161139e+05
7.580376071903691627e+05
1.809172260279933689e+05
2.480280144018696155e+05
3.616582647946613375e+06
2.979946082596988417e+05
2.542404634566770692e+05
2.270760654621439986e+06
6.616953913220551331e+05
8.241058890996339323e+04
2.891642907681948855e+05
1.827573600305232219e+06
2.241732298803083133e+06
1.550116241535887239e+05
4.220936919916647603e+05
1.658476408810146386e+05
1.174691028436080669e+05
6.537085253203391330e+05
1.183112451292694168e+05
5.170806013030567206e+06
3.833656758426330052e+05
1.115349298387416056e+05
3.048031580284305383e+05
7.063918678140728734e+05
3.499274621918262565e+05
9.827013250424575526e+05
4.207810509344346065e+04
1.642801487267937511e+06
6.200756227243680041e+04
1.134394470626508584e+06
5.468653555909118149e+05
1.932831959317455039e+04
1.425966410928310361e+05
8.711256687275178265e+05
5.385039034641863545e+05
7.835996054163075751e+05
5.669336229706778977e+04
9.205412903078970267e+05
2.596535997487040586e+05
4.811376515233574901e+05
2.880911278059107717e+05
4.348119570124789607e+05
1.180636540665166103e+05
3.514758828698336147e+05
3.086696468207496218e+05
7.777733955277440837e+05
1.786701666169174947e+06
1.978773030503588379e+05
5.444611022645706544e+05
3.802549343054058263e+05
7.560917803459570277e+05
8.340333556397568900e+05
6.663445848616877338e+05
2.056299230820676312e+05
5.502150336876039364e+04
6.313417882763636298e+05
6.297863946128020762e+05
3.014105527532322449e+05
7.885685366757471638e+04
1.230425757462608628e+06
1.632229658601149684e+06
1.432571070315643679e+06
3.263740806172952289e+05
8.636235538767043035e+05
1.907852390554091253e+05
4.691543008088429342e+05
3.431210562036314514e+05
1.832193469883794431e+06
2.680329335041256854e+05
1.810209713217243843e+05
5.201524188973646378e+05
1.373845449512129417e+05
1.514687753972723112e+04
4.894221917685340159e+05
2.572373691844798159e+05
1.409671381387922913e+06
2.295682253954654152e+05
6.978929202962054405e+05
3.685634446361815208e+05
2.406523386587273562e+05
2.706849276346619590e+05
4.392837967871707515e+05
1.362770325680621434e+06
2.160380748429170635e+05
7.977710272057200782e+05
1.645336630760462023e+06
3.032206533856170718e+05
9.551372512643370101e+02
4.645338734972750535e+05
2.638021386162118288e+05
1.762059303897939390e+05
4.247743364251314051e+04
2.858955350423878990e+05
3.794315792380169150e+05
3.204097993962501059e+05
3.833537536651333794e+05
3.886426334484023391e+04
1.714604170737925160e+05
3.106687919018925750e+05
8.805363460447857506e+04
5.854506299358897377e+05
7.886885673956162645e+04
2.008131780860829749e+05
1.029309556031800021e+05
3.337473905469685560e+05
3.649280482230168418e+05
2.642044153788728872e+05
3.804394186377417645e+05
1.035327047468713718e+05
7.309320263781792019e+05
1.483439626605055528e+05
2.706373272045390913e+05
1.241645869816736522e+05
4.030059272616843227e+05
2.653109720967792600e+04
9.069573783936320106e+05
1.211105756543380994e+05
2.579208299901583523e+05
4.937671330645574926e+04
1.045337971721615177e+06
2.197304516859832511e+05
8.335744125946226995e+05
1.120013359868842526e+05
1.550207865247959504e+06
1.200894250872041739e+05
4.655959389381494839e+05
6.689556650714231364e+04
7.118610681898352923e+05
7.173607972841160372e+05
5.158186229606915731e+04
1.940064348548630369e+05
2.847006153660015116e+04
3.182554528573279968e+05
5.247364128935233457e+05
2.295648320973520458e+05
2.199743525479477539e+05
2.380797984615999158e+05
4.168058972238745628e+04
3.751625132638700306e+05
1.812645697443584446e+06
8.395372323706334282e+04
1.672009041348395986e+05
4.462996343266986660e+05
5.334278562270206166e+05
2.546707623623845575e+05
8.129149784702276811e+05
3.761289798797956610e+04
1.774971274248206755e+05
5.531390994825834241e+03
1.612031332969969662e+05
2.510700681772208773e+05
9.809473307675478281e+04
2.226004894342993794e+05
1.575525728378270578e+05
1.090436719339916890e+05
1.529077822295720456e+06
7.712587224388687173e+04
4.944149560376362060e+05
6.917678246765933000e+05
1.417618879558181470e+04
6.914142449180616532e+05
7.726573865604028106e+05
4.315599632346874569e+05
8.869411433868603490e+04
1.060285738552284660e+06
4.459702675875424029e+04
2.156430271729369124e+05
1.708021677368630189e+05
6.957953502083180938e+05
4.178414525276770582e+05
2.336373501225298096e+05
1.427819045426570345e+06
3.066050884576319368e+04
6.592736402774231974e+05
5.642476493095714832e+05
6.516314684161113109e+05
9.540983052574918838e+04
4.609986538182711811e+05
4.264179784248265059e+04
1.605237941970235668e+06
1.486674781990016112e+06
7.067970259577210527e+05
3.603110666691926599e+04
9.353439854523697868e+05
7.469438016256302362e+05
4.416939853182299063e+06
1.282905163819315145e+06
3.863405148128950968e+05
2.070219686386725516e+04
1.324509157969657390e+05
1.760883444364605530e+05
2.070434516921668313e+06
8.345708062691986561e+05
2.979462749920532224e+05
4.168059839498009533e+05
2.028248372771842871e+06
2.825203952097707079e+05
9.576773628572256712e+04
1.191303120823878853e+05
2.000523348164934432e+06
1.606661022606314509e+05
6.469829546209628461e+05
5.178281061760892044e+05
4.684585986038880656e+05
1.948299373481976800e+05
2.110360661274532031e+05
9.675467844767523638e+04
3.760389110887626885e+05
1.595590304412867874e+06
1.831723838287949911e+05
2.630641435567756416e+05
8.675055282953035203e+04
1.614851501306470018e+06
2.833654429054334760e+05
2.254147520303654019e+05
2.051224303365081723e+05
5.203633637189758592e+05
2.685910593070449540e+05
1.076337198030362837e+06
7.765292594327586703e+05
1.219482666057436727e+06
4.554846758264662931e+05
5.316997285198624013e+05
2.670734328638614170e+04
8.474563147415798448e+04
1.057870716043457855e+06
2.960578131944311899e+05
7.312318892708487692e+04
6.706297251737825718e+03
1.727092861176147198e+04
4.117864434839943424e+05
1.404066488748480100e+06
5.814375883141149534e+05
2.105117053677586955e+05
3.543938852507242700e+05
2.451052946768835536e+05
2.153847891627697973e+05
2.445215034204581752e+04
7.000921727762224618e+05
1.279139290771313012e+06
5.605422062714997446e+05
8.461134752999299963e+04
6.466201020783466083e+04
1.137348094576997973e+05
3.760534323944832431e+05
1.089735522021095036e+06
3.688665504352001473e+06
6.869435720461934397e+04
4.359116450682890718e+05
4.453968414571620524e+05
7.536208559640983003e+04
2.045268316685038444e+05
1.690940686176696036e+05
2.955337776432309183e+05
6.496165326745731290e+05
1.029690300045550393e+05
3.553589204234685749e+05
2.164227112222176802e+05
6.081940868022025825e+04
9.936886332602956099e+05
1.434280468008190859e+06
4.658181120186289190e+05
5.438279391491902061e+05
1.393530849828503851e+05
9.881125249302471057e+05
1.089665283998235594e+06
1.054906177237769880e+05
8.142923158782945247e+05
3.179828895584499114e+05
5.135000919119445462e+04
1.361087001213091891e+06
1.616734516590545652e+06
1.195362462030936003e+05
8.144564278048012638e+05
6.363166260068862466e+05
4.437176910559557728e+05
2.039213888933588751e+05
7.441789278148440644e+04
1.134264117661832133e+06
2.958294330145932618e+05
2.029025048151863273e+06
1.031902413162207464e+06
1.759492041057092429e+05
5.198047480849240674e+05
4.673724185400974820e+05
1.108401075859208941e+05
1.537352827089285711e+06
6.064236356551989447e+05
6.618267236886322498e+05
2.467988196374410298e+06
1.725671345012125385e+05
1.780007025921993772e+05
1.598567581006553373e+05
1.145070012464214582e+06
1.133925344057018170e+06
2.487477126376381784e+05
3.767404236900146934e+05
5.413472711042134324e+05
5.227837103548710729e+04
9.393308934489761014e+05
5.337092413073490607e+05
3.643289586193299037e+05
2.186775154603357078e+04
2.674741554451084812e+05
7.170036389405691298e+05
2.414387800897885463e+05
1.451797194554185728e+06
2.340138264832558634e+05
7.156016924425433390e+05
6.217408895306914346e+05
8.789611016678984743e+04
2.323492030194808031e+05
5.178701678667668602e+04
8.954797576943952590e+05
1.471201867290838563e+05
1.003120289032826317e+06
6.992872323920649069e+04
7.925743705094268080e+05
9.221229492157156346e+04
2.130831247893115506e+06
1.729190691788891563e+06
8.363052223298362223e+05
3.002324546056727995e+05
4.971153428711925517e+05
3.312115215591020533e+05
8.901491164975054562e+04
1.005867401903478312e+06
4.585727228754144162e+05
7.950283393286341743e+04
2.468388227101278026e+06
5.441434034139828291e+05
4.757357174613648676e+05
1.050644225226041395e+06
5.186287625293150195e+05
9.988199535534485476e+05
1.570978141817346681e+06
3.337887275696527795e+05
1.047473502276910440e+05
4.136709403309498448e+05
5.302539076590189943e+05
1.335102320073203649e+06
8.752697507338627474e+04
1.112463756406531029e+05
5.275400315264993878e+03
2.569358003567610867e+06
3.438147527633845457e+05
1.040001860596181941e+05
8.323943502958909376e+05
1.052258493516040326e+05
1.307858551783344592e+05
7.819341286815832136e+05
6.027239301453878870e+05
4.732509939983315999e+05
1.820958384114335349e+05
1.417457272699552414e+05
4.207688983464374905e+05
4.790170631440426223e+05
9.816177074193238514e+05
1.659819313418002275e+05
1.619154772711145924e+05
8.731456396438621450e+05
1.331213356274037142e+04
2.634145923192839837e+05
1.809982199340635852e+05
1.237200193091904366e+05
2.708986946233304334e+05
1.067977176800313027e+05
2.342699051880740095e+06
1.869742823011223809e+05
2.283924516771581839e+05
2.856027913517806446e+05
6.102110848567289067e+05
6.933443318433631212e+05
5.383045859977648070e+04
1.824907003739768406e+05
1.089701755093824351e+06
3.163116116182880942e+05
2.568497332208419684e+05
5.604771769446471008e+05
3.015921494577123667e+05
1.593487436876418651e+05
6.050187290236116387e+05
1.315631541002953658e+06
8.117455728232453112e+04
2.921881646833043196e+05
3.907824443664267892e+05
1.317276007091280306e+06
2.256697015518991975e+05
6.688734357679709792e+05
2.003785230937972898e+06
1.858668390813173028e+06
3.245878332661273889e+05
7.687081895560934208e+05
5.946373221541619860e+05
7.082770533255700720e+05
9.127341921489422384e+04
3.024091656678026193e+05
2.746327646501343697e+05
2.411126829720341484e+05
1.231104339222746203e+06
6.600853456511705008e+04
9.336379882599723351e+04
3.337725275490714121e+05
5.438856805520685157e+04
2.954861366438332479e+05
3.662270588344694261e+04
2.777162067242061021e+05
1.015802804238209850e+06
2.644526342327228631e+05
1.173759493760424957e+05
1.131480706332863076e+06
5.169406569561124779e+05
4.559136172008686117e+03
8.467916186032535043e+05
1.511078751574800815e+06
1.901861002388915280e+06
2.862692913767076680e+05
1.565044725216299121e+05
2.689194013381827390e+05
1.531509802574302012e+05
1.316724611881843535e+06
1.148204250876465812e+05
2.480051588455427554e+05
2.940565877472566208e+05
8.020120464916423953e+04
2.434539178238924069e+05
1.250588999496064382e+06
1.159002760779063974e+05
1.655448392925688240e+05
3.540760933818500489e+06
7.544077353819056589e+04
4.141355686547883670e+05
2.285138880913530302e+05
2.432014103970967699e+06
5.018873636806636932e+04
9.343008896618080325e+04
6.284405837830399396e+05
7.999607071420155989e+04
1.609001230488925008e+06
1.064913606004415342e+05
6.912751983130742155e+04
4.090723611469125608e+05
6.969065754758747062e+04
7.539894925291015534e+05
9.958844167361586588e+05
6.862874189215150545e+04
1.061402399354806403e+06
4.435413597323269350e+05
1.318050839968589367e+06
6.996254241430910770e+05
4.270660975844765780e+05
4.287084399959696457e+05
1.733989045075067843e+05
1.108873669525008590e+05
1.854510508130212256e+05
1.323254358083714964e+06
3.158751050470565096e+05
4.251106631297943386e+04
1.332203551952448906e+05
1.902308643047721416e+05
3.188960941392768291e+05
2.477190076678293757e+06
2.410593234776634490e+05
6.626114318784498028e+04
6.124640560509750503e+04
5.852596672975203255e+05
1.421138806373645784e+05
1.173611184745283099e+06
1.414025856298948929e+05
5.615854286237042397e+05
3.369058967943474418e+05
4.236075187134946464e+04
7.823567271968817804e+05
9.331120310221295222e+04
5.183433058512223652e+05
7.166268350807808747e+04
3.630737366312820086e+04
4.987235399171392201e+05
2.043103569391971178e+04
6.878412054258157732e+05
7.245080993936939631e+05
3.770077607618917245e+05
4.817899887005360797e+05
9.604444494398124516e+05
5.919427115148240409e+04
5.199717056614445755e+05
8.489431275538649061e+04
2.507670050953019818e+05
1.111915337272248726e+05
1.104922282863583969e+05
1.015088255676076369e+05
3.425620058066386264e+05
2.499486469857968856e+06
1.610254699033660872e+05
2.124977559440399928e+05
3.082777023529685102e+05
4.595247291994442930e+05
2.603177540690572932e+06
6.119432449140911922e+05
7.721213311950362986e+05
3.283754175711288699e+05
3.215965477506775642e+05
1.381951505593754118e+05
4.639274710461884388e+05
9.241401112894881517e+05
9.111398964584518690e+05
5.442986975358182099e+05
1.977589695294640260e+05
1.110007253180724569e+06
1.106723002839926921e+05
3.789512947245460819e+05
3.195322591580786277e+06
4.773312533670685370e+05
4.116819976909278193e+05
9.054923643870549859e+04
2.254411537425648712e+05
3.705403966381287319e+05
9.951365943290954456e+05
2.950435511580920429e+05
6.683514676420416217e+05
2.320455535048010643e+05
1.124743425364330178e+06
1.688071153741264949e+06
5.882440580662323191e+04
1.447361129680305021e+06
1.365063292154550087e+06
2.226180468409413006e+05
1.478831115534500896e+04
4.297240540617589722e+05
5.243810188975434357e+03
1.160095366970704199e+05
8.731799573632275860e+04
7.563282394731436216e+04
7.199747623863478657e+05
1.139071583440898830e+05
2.762563063800236705e+04
7.194423225126676261e+05
1.272322975961327393e+04
1.455424947438546922e+06
1.845421934918568586e+05
1.336979061835825210e+06
8.727405375258732238e+04
1.452816233250773512e+05
2.125627518975180283e+05
1.846241089106645668e+05
1.514158152463887236e+05
1.995478695835869876e+05
2.841348165310031734e+06
5.006226614122916362e+05
1.559920709251642460e+06
3.253227290463771351e+04
1.289854392683008336e+05
2.670336514496315795e+04
3.038771707290362567e+06
2.952717254384601256e+05
5.735363906555766880e+04
1.258873962938172044e+06
1.266173559989562724e+06
1.431065733020950865e+05
4.823929804527622764e+04
1.823688830609785509e+05
5.302701579607910389e+03
1.947090817524166778e+05
5.915776232068975223e+05
1.708724667503973469e+05
1.241326635583321040e+05
1.933492853383233305e+05
3.063159226865049568e+05
5.249158540646022884e+05
4.264249405045930180e+05
9.884762285994625418e+05
2.167247179239993449e+06
1.481087455383798340e+06
7.908582210661921417e+05
7.128565686842214200e+04
7.660449260088221636e+05
1.140214151057425421e+06
1.572494795738908288e+05
1.777897026703015901e+06
2.394266612351133663e+05
3.010661500766785466e+05
5.233509523926580732e+04
1.138779427096399013e+06
2.570237866815862246e+06
5.025635031883579795e+05
1.222865793017000397e+05
3.751382805301864864e+05
6.321918929633568041e+05
1.803248150400378508e+05
2.178645605911964085e+05
4.303831613804736990e+05
1.502937259648666950e+05
1.947243638938919757e+05
1.084592515241285873e+05
8.464066643457589671e+05
9.953758634876515716e+05
1.851123325940598268e+06
4.314703224452884751e+04
1.220703172846632224e+05
7.554043966451027663e+05
1.909537353961245972e+05
3.303022656129208859e+06
2.403178377121888625e+05
1.349957181051427324e+05
7.823372185809067742e+04
8.320716804565724451e+05
1.533448736675307155e+05
1.612345805490333121e+06
2.840923786908280104e+06
5.881838401626360137e+05
1.738826692609486345e+05
1.064087904430288327e+05
8.080426551792041864e+05
1.003574538784552424e+05
1.311707869608479668e+05
4.069386127001832356e+05
7.010987743430976116e+04
5.300722934866468422e+05
3.487601663649035618e+05
2.022279530210101744e+06
2.924719299358372809e+05
1.664617959545192716e+05
9.899601921995530138e+05
8.457401163317206083e+05
5.168993985090962269e+03
9.935726885929257842e+05
6.680185099975097692e+05
3.561618593244799413e+05
8.691762774723792681e+05
2.546072765802467475e+05
6.815096768498872407e+05
6.242899750979609234e+04
8.139742082916693471e+04
3.430811011410650681e+05
7.535074878029542742e+04
1.862548538709865243e+05
1.072285847240109462e+06
1.143528250414811773e+05
1.065764318854893208e+05
4.032663556639784365e+05
5.033833206348744570e+05
5.015919584241750417e+05
2.918430808985424810e+05
7.945664853738717502e+05
3.117305499825780746e+06
1.321115471393362386e+05
2.248532610879223212e+05
1.757733475545639812e+05
4.532389453800952178e+05
8.307466127429340268e+05
3.723751230143653811e+04
1.513951245987653383e+05
1.175323876338497648e+05
9.065733123431075364e+04
2.615712444807548309e+04
1.312446103633194252e+04
1.556156668605681807e+04
2.529197877301076427e+06
1.761843167545936012e+05
1.029235705991463619e+05
5.108168225662275217e+05
4.336935537867825478e+05
6.883751878258251818e+05
2.675776647286650259e+05
9.852086300532169407e+05
3.292238121308697155e+05
6.785797709773303359e+04
3.395843728782880935e+05
6.467239034953055670e+05
5.416463675836195471e+05
1.034057698268169770e+05
9.915336869116779417e+04
2.494851208134058397e+05
3.237273114009393248e+04
3.878455342209141236e+04
1.635884895538896963e+05
4.070130826834018080e+04
2.516401052524030383e+05
6.067378498217206652e+04
3.613390038235839893e+04
2.552569935387727804e+06
9.606550343282392714e+04
5.225496512985661866e+03
4.054800758196467068e+05
2.226688116174572206e+05
1.356131485746780178e+06
2.286585472778960830e+05
1.184145318091747351e+06
1.457532909634165699e+05
1.301513191451201274e+05
3.773989924313933589e+05
7.606142183697057189e+05
3.809498156258702278e+06
1.538236446166117210e+06
2.912470222167206521e+04
1.688470544634333812e+06
2.917156407643914572e+05
1.872587334595382272e+05
3.569234172251077252e+05
1.620745356313932280e+05
2.197978294886594231e+05
4.703434299227461452e+05
4.696242185743935988e+05
9.686371533832795685e+05
8.923916840660340677e+04
6.795934588679249864e+05
1.726570265522004338e+06
2.760159594625650207e+05
7.997988191762018250e+05
4.403014201550897997e+04
1.332721791540405247e+05
2.282492582508806954e+05
5.996031722494462738e+05
5.079400895409758086e+05
9.544765096143509727e+05
8.691827863593098300e+04
1.019695067763056431e+05
1.543425822152452020e+05
1.783954926701817021e+05
6.294809720249452948e+04
3.562562813645215356e+05
5.815604467273053160e+04
8.005628978534304770e+05
1.981134386159043759e+06
1.652487116142287268e+05
1.290608684266623895e+05
1.754214927866347716e+04
4.193603520061363815e+05
2.918441346888380940e+05
1.394412683154589613e+05
8.341571721576284617e+05
1.998887489188984327e+05
1.620065576188164763e+06
2.896476584229493164e+05
8.917417202956805704e+04
6.412672660897952737e+05
4.040480359109384008e+05
1.005149854933713679e+06
9.553948788124379644e+04
8.472994013486836338e+05
1.377358246915591008e+05
9.442330532851188764e+03
3.881318689287504531e+05
1.715588601374475402e+05
7.076477124960876536e+05
2.077011801107853826e+05
3.449013715775842429e+05
2.021107451542270792e+04
2.027617560251646675e+06
4.092801115018786513e+05
7.160158589214625536e+05
6.524241189912103582e+05
1.699948509285800974e+05
6.848900961835550843e+05
1.203314052587784245e+05
7.874921432970938440e+03
3.967285344011790585e+04
3.310339709355777595e+05
8.536200345265660435e+05
2.726774197134926799e+05
4.555225215624119155e+05
2.794504301482723095e+05
9.543766158523827471e+03
5.687329272010648856e+05
3.947826177136623755e+03
7.520886135622169822e+05
3.477459467770212214e+05
2.240628125975869189e+05
9.216986986763007008e+04
7.195121481656866381e+05
1.749377476825372141e+05
3.690797143576428061e+05
1.781033810525344452e+05
3.909292741603695904e+05
1.264189411114134593e+06
1.436643520577343297e+05
5.719046531576450216e+05
1.201752053122651705e+05
3.013316630112645216e+06
3.646922094360598712e+05
6.603663552319474984e+05
6.165194225517823361e+05
2.899268095055976301e+05
1.243057306201422820e+06
1.463174827469534648e+05
1.538535985786156962e+06
1.536106831400473602e+05
2.608284562517495942e+05
6.006097058021215489e+05
4.564183777968603681e+04
1.335276862318547210e+05
7.752682238386007957e+05
8.937135487998900935e+05
1.248788660839010961e+06
1.336825943146581994e+06
8.798035509398445720e+05
3.244546010930269491e+06
2.675881549489050522e+05
1.222815390038420679e+06
1.100162273527024081e+05
5.042446084745564149e+05
6.675706451012050093e+04
1.900033889843705765e+04
9.974277531384334725e+04
2.514915655671889253e+05
9.901000746351401322e+05
8.443015836767791770e+05
2.437879611877638381e+05
3.413682568739953567e+05
5.905414478362428490e+05
2.112073759474634426e+05
2.423761530910394504e+05
4.211698350781698246e+05
9.745977519696381933e+04
4.122972789353947155e+05
2.231656984141856374e+05
4.211881592130244098e+04
2.689543276130926097e+05
1.324931891484148800e+06
1.256986577352968743e+06
4.888550927445092821e+05
7.880850663753630943e+04
3.899764494987709913e+05
3.884378318560509360e+05
5.710780137931185309e+05
7.113124847272585612e+05
5.226436448933797510e+04
1.030263533058582107e+04
4.537216492332548369e+05
3.122087975051580579e+05
1.549006202385130455e+05
4.326841006589603610e+06
4.653919517707354971e+05
8.171647422878587386e+05
2.996967115041119978e+06
4.491466062649554224e+05
2.077495990015308198e+05
1.799979613478110405e+06
3.035966773993885610e+06
2.191492615290748654e+05
6.332648775903962087e+05
2.320318674931499481e+04
1.354490912222439889e+06
1.726650385267579113e+05
3.709135259793394362e+05
2.007815761783024995e+06
4.435683531059591332e+05
3.770622127166282153e+05
9.006993211241206154e+05
4.120398149723781971e+05
8.828397452311689267e+05
5.718322394987748703e+05
4.991326670329760236e+04
3.108575108401394100e+05
1.961751882778574945e+05
6.067024820760164876e+05
1.335884017398737837e+06
4.236696851724245353e+05
1.618804886754650390e+06
5.546320572611443931e+05
2.069648357501772989e+05
3.078912274542032392e+05
1.738115108993006579e+05
8.379676050314007443e+04
8.498243932341809850e+05
6.134225628724502167e+05
1.042487796326187789e+06
2.112816152361005079e+05
1.348733587700466742e+05
7.064052853639691602e+05
1.633509909995508788e+05
5.330227832668597111e+05
2.865314860023838701e+05
1.241613200286190491e+06
6.080943015837268904e+05
1.013792236882962170e+06
2.448289174733067339e+05
9.544589949508314021e+04
1.956185511208418466e+05
5.298501777347769530e+04
1.371021772162879934e+05
8.233513798093729420e+05
3.659744424018472200e+05
9.407364710137757938e+05
3.889188673811110202e+05
1.241983327854306553e+05
1.734801918265249813e+06
3.651414894662490115e+05
1.531128982105316536e+05
2.787014900335752754e+05
1.660362666632960318e+05
3.515295941920145415e+05
2.007827158875950263e+05
1.505775339861690765e+06
7.373890396956931800e+05
3.174560685801710497e+04
3.484681145434962818e+05
2.515769478508168322e+04
1.995188454852558207e+05
1.169433943628034554e+06
1.706872934621556487e+05
1.270269701761828910e+05
1.984573029411596071e+05
2.658300654047633871e+05
1.074627252590711229e+06
5.785463413687904831e+05
1.651316883564000018e+06
1.869200309056246479e+05
9.951693757671507774e+05
8.604591433230711118e+03
2.122134756190736080e+05
1.395982889590405975e+05
4.879693471138717723e+05
7.897528057340598898e+05
2.373278495020074770e+05
4.892359457070110948e+05
4.744699524342433433e+05
3.617753633833609056e+05
9.928087578233720269e+05
1.227153743651285768e+05
2.725651563968596514e+06
3.159998346127475088e+04
1.070544488936353475e+06
7.374028549539575761e+04
4.886290344499445637e+05
5.888172347752811620e+05
1.028029981358858495e+05
8.941408999906523968e+04
6.530341274650618434e+05
1.734053528224155598e+05
5.038169733396956581e+05
5.464766047390404856e+05
4.718185091604496702e+05
3.939807252269192250e+05
4.335721269325483445e+04
7.809319561132022645e+05
3.366035632887710817e+05
1.698734140780312009e+05
2.265501333756233507e+05
2.052775749153778888e+05
8.088454248658672441e+05
1.221985299813756254e+06
5.631523966514142230e+05
2.048535770198363170e+05
4.119379082914099854e+04
4.487467900225985795e+05
5.656471211795262061e+05
1.713109355314158136e+06
1.081446848981605144e+05
1.324308248081710655e+06
1.878957344199785439e+05
8.273640319783144150e+03
2.681329258442326100e+05
3.426651616038277280e+05
2.619390011433761101e+06
3.781418166295980569e+06
2.386420927501025290e+04
2.426595388633880939e+05
4.107394710907803383e+05
4.786999973682650598e+05
1.362708262385682028e+05
2.248515384005809028e+05
5.981675871390928514e+05
8.350199132800272200e+05
5.324606176113340771e+05
2.515356378593684931e+05
6.431566901267275680e+05
5.789919290350909432e+04
2.158153344077448710e+05
2.286796488116647815e+05
9.841040998000292166e+04
2.527003665489261330e+05
7.128959147215578705e+05
4.352773660994995735e+05
4.731976465265877778e+04
3.084732568966203326e+04
1.518922515023814049e+05
8.343645457912160782e+04
9.605954215041643474e+05
6.874587922100392461e+04
2.216603207571540261e+05
9.090691205643421563e+04
7.252945652593455743e+05
2.642695801773321582e+05
4.279136591497960035e+04
7.046194614838180132e+04
1.894903728604843491e+05
1.718850861491189062e+04
9.891520122095558327e+05
2.422367626615470217e+05
2.491258882901307661e+05
1.249611569946836680e+06
3.996114672910663066e+05
1.428128689403772005e+05
5.681701996617552359e+05
5.973725204785452224e+05
4.680187438214636641e+05
2.540595849884261843e+05
2.806701556852529757e+04
3.919712301641300437e+05
2.631929955826096702e+05
1.604567342195587116e+05
2.240476655476555461e+05
7.431658568459350499e+04
9.695191351570422994e+05
2.399013362349848321e+05
9.984065886525362730e+05
8.361233814463124145e+05
2.375006607195831748e+04
3.562606695018176688e+05
1.471843613342625904e+05
2.085141620662593981e+06
5.147157038693582581e+04
2.576136442142973247e+05
3.417091679587984690e+05
4.657382955749982502e+05
1.574043806183422450e+06
1.195624929285179591e+06
6.960258601151922485e+05
1.095766125513807405e+06
4.942075888241037610e+05
2.531701925291001098e+05
7.357623918941980228e+05
5.919873642893927172e+04
3.853877888257464510e+05
9.319790229774720501e+05
9.433999009187506454e+04
1.475479078551480314e+06
3.377268217347948230e+05
9.555088579754516832e+04
1.516298963694751728e+05
1.267457257810897863e+05
6.205900129754370573e+04
3.848098227680773125e+05
2.521383538627052330e+05
4.782600676136896072e+04
1.061512626846984786e+05
3.126041418240983694e+04
6.913635401635104790e+06
4.991193733797383611e+05
5.962529980311240070e+05
9.483471186043052512e+02
1.464830809104937362e+05
1.048743540049146250e+05
1.914434324251362821e+06
2.208887964547929005e+05
8.972740346876099939e+05
1.851639038780888950e+05
8.727344988926658407e+05
1.068771668798388127e+05
4.417366120923378185e+04
6.147867686759934295e+05
4.945969590233882773e+05
8.848852230880579446e+05
1.349449590770933428e+05
3.582398659322353778e+05
4.406210345202991448e+04
6.292281254232255742e+04
3.468017497774247895e+05
4.297428823614748399e+04
7.184525587421237724e+05
1.807060669419628393e+05
3.519710541116288514e+05
6.805428853678373853e+05
2.768488595292692189e+05
3.281538038628006354e+06
4.249836331588419853e+04
3.156313759134294232e+05
2.015018626269325905e+05
1.959238989501123724e+05
1.092524262914815452e+06
1.076618808495556237e+06
1.315773590516892436e+05
1.211405391957394546e+06
4.362515163828886580e+04
4.454432885831897147e+04
1.090547530758777284e+05
3.458426249317637994e+05
1.695842174000291270e+05
1.192562603996502585e+05
4.200077521398101817e+05
5.698085669700074941e+05
4.297853429259922705e+05
1.031051419058148167e+06
4.391358661716110655e+05
4.019643901543763932e+05
7.220546179568687221e+05
5.775142067564401077e+04
6.060525884987508180e+05
1.826101708784172079e+05
1.229136374195581884e+05
8.943762988564469561e+04
1.295597430230918108e+05
4.729804235416157753e+05
3.171992219861543854e+05
1.153067424680250231e+06
5.087825373086158652e+05
5.436078703585595358e+05
8.616078009159215435e+04
1.146280500076669268e+05
1.884490712833661819e+05
1.221782537361754512e+05
3.097758373471947925e+04
2.809377090998534113e+05
2.213091224484098348e+04
1.305089979660844896e+06
3.409520509108124534e+05
1.218753982833600603e+06
7.610657526636235416e+05
6.285759112450307002e+05
1.042676629582567984e+05
1.593370036167325161e+05
6.118270217804524582e+05
6.561199020639029332e+05
3.003255683547863155e+05
1.790536875892285607e+05
2.240657782089018438e+05
5.634927452062208904e+05
1.502138640120557975e+05
2.103141289719405177e+05
4.218642682894517202e+05
6.084614523678919068e+05
9.775164443269329786e+04
1.288144245172520896e+05
2.189507307988988759e+05
2.346328244821553817e+05
8.448319952384079807e+04
2.990318980179208666e+04
1.009511156555716880e+05
1.906605688210999942e+05
5.729595216693289112e+05
1.733727868805753300e+06
4.933049881845557247e+05
1.383051556050216022e+05
3.446805865626240266e+05
3.830994815943497233e+05
1.651274234760659980e+06
5.493632770479716128e+05
4.250380786660205922e+05
4.869039236212275573e+05
6.963027407206612406e+05
2.965788206761129550e+05
4.859269111114719999e+04
1.704781217776775011e+05
3.385935638258617837e+04
8.175017228452589188e+04
5.638131686884916853e+05
4.092565996512137353e+05
6.349670942587035242e+05
7.846023253600695170e+05
3.102320401212797733e+05
1.028693930978634977e+06
2.464474247230359761e+05
1.933378569730183342e+06
1.783439599308149191e+05
5.033032299282104359e+05
3.928385215056176094e+04
5.193631249896363006e+05
1.102915605069861980e+06
6.534761784190626349e+05
5.728930160524370876e+04
9.909497266228556400e+05
5.858738224372704281e+04
1.621568396597203100e+06
1.074110989030069613e+05
1.300276467049938365e+05
2.495259709480361780e+05
1.160201209381635534e+06
3.417884735102936393e+05
6.971244220003254304e+04
1.811622980925048760e+05
9.171255968477348506e+04
4.168542801366199274e+05
4.807202259009457339e+04
1.158991017195797758e+06
1.876374440445655782e+05
6.870067930314588593e+05
1.237124119238515996e+05
5.437059882404463860e+04
2.136976036342543375e+05
2.558070024437673055e+04
2.115368056485726265e+05
2.554444601092439843e+05
1.258014107717605511e+05
9.739801993281199248e+04
1.324854186938804341e+05
1.573493609535585623e+06
1.771272781927125296e+06
3.348181637326425989e+05
2.176723635226647311e+05
2.983534597322321497e+05
2.173697176179105882e+05
8.496854378658855567e+05
9.730544967470750271e+04
4.028511900237096124e+05
1.745210255098267808e+05
2.016540325479722233e+05
2.151851339869837393e+05
1.485947592534950818e+05
3.837486542641359265e+05
3.780769853361314745e+05
1.738419493247107021e+05
1.164380175439543964e+05
1.324540413858777611e+05
4.590700287278792821e+05
1.700286521159897966e+05
3.634807628062664298e+04
1.858492558416268788e+06
3.436671259858239209e+05
8.837558732881110627e+05
2.176333642396131181e+05
1.283094381591293029e+06
3.578558423835236463e+05
5.039996735386491637e+05
3.603556807190905965e+04
2.314220803833467071e+05
2.644902370067144511e+04
3.833734503091035294e+05
9.870141248032360454e+04
1.223766193358087912e+05
1.306031218713935523e+05
3.329447407818975043e+05
2.193632131744704966e+05
9.697409453806743259e+05
2.323563131380152190e+05
5.618998738885187777e+05
2.752056088908363017e+05
5.045969755814500968e+05
8.972488389525121602e+04
7.186511659328411333e+05
1.470939468484570971e+05
4.759153174430531217e+05
1.377048820432953537e+06
4.149763710921350867e+05
8.432460646055894904e+05
3.060429265616462217e+05
1.581865878638772119e+05
1.266183151735653169e+06
2.263986157053042843e+05
1.109725551623894833e+06
3.421872825943960925e+05
1.361689829841332976e+05
6.569468985166789498e+05
1.381006817000739102e+05
2.904618871370371780e+05
2.097163590829439927e+06
2.651272430060534316e+04
3.137241943536536768e+06
2.712422391265925835e+05
1.160042681570291752e+06
2.863907710603540298e+06
7.171811863389144128e+04
9.736395492117869435e+04
1.051007642595262034e+06
1.692434747365030693e+06
2.821646690342180664e+05
5.385266508205673890e+05
9.337509165678801946e+04
5.316405516648448538e+05
9.205526460101176053e+05
1.820562286738388706e+06
8.324587934605705959e+04
5.034825140804185648e+05
7.457061684037462692e+04
1.519547121572270291e+06
1.559395288069284288e+06
1.038485276446868666e+06
1.706073036053129239e+06
1.514443695233720588e+06
5.668454124415168772e+05
5.061355482915832545e+05
7.926126307494560024e+05
1.193300979600134015e+05
1.647785290069762268e+05
7.858048321056663990e+05
3.378311557117209886e+05
9.333239674594365060e+05
5.015483089167296421e+05
3.961208500940980739e+05
6.582329455596067419e+04
1.605070816138559952e+06
5.050966936020037392e+05
3.661686957476211246e+05
7.257631739614256658e+05
2.695405472600246430e+05
6.041052158967048163e+05
4.296396853709854186e+05
3.511988789100797730e+05
4.973549591749607353e+05
1.266165635977814818e+05
1.565410812371688429e+06
2.051041883273627318e+05
2.822979640659825411e+06
1.256865596109294333e+06
2.366101213530540699e+05
6.858472807093880838e+05
1.050677380184201320e+05
3.634615870655968902e+05
1.168329400306116586e+05
1.122803436378279934e+06
6.208175062879982870e+05
1.190051731935946736e+05
2.678231599817489623e+05
4.418087975610397989e+05
4.777313120768930530e+05
1.740527520926617144e+05
2.261827874604641984e+05
4.296937860324694775e+05
6.082868251544224040e+04
1.920451183057894697e+06
5.391739757116237888e+05
2.909112896072548465e+05
1.473990829977570102e+06
1.525986712133082910e+05
2.494807184959988517e+05
1.388117300853862893e+06
2.813146454442295362e+05
2.864125473029111163e+05
1.470991787187949230e+05
2.287042476719409460e+05
8.680122309484021971e+05
1.326460419335709303e+05
3.701499295776081854e+05
2.090074470477050927e+05
1.769300695061102160e+05
6.590450610095400771e+04
2.944122233140763128e+05
5.656023297412812244e+05
5.602129253809573856e+04
1.864456388849489391e+06
5.055943773821010254e+05
2.184499266621354618e+05
1.884871067688942712e+05
1.831649387946703646e+05
1.517642738121905131e+06
6.719963684756174916e+04
8.925832982826645020e+05
2.287902878210054711e+06
3.384750378792664269e+05
1.142040324426331790e+06
4.424149051894450095e+05
6.456178608969115157e+04
1.929774999304757512e+05
3.448143281495678821e+04
2.167725481741116673e+05
1.874998608186269703e+05
7.291815429589693667e+04
3.487084465729466756e+05
6.795528767508552410e+05
3.133071149549531285e+06
2.253818871416707989e+05
1.612600510752750233e+04
6.333361455162657512e+04
3.454955986896875547e+05
1.263346423141168634e+04
8.024535955603529001e+05
1.212088968140423676e+05
8.470478578557082801e+04
8.084102969534590557e+03
9.424583120329369558e+05
1.723245852549358679e+05
3.892498779918485088e+05
2.973506507159628673e+05
8.724826329479010019e+04
6.231428888299598475e+04
1.772307659000580607e+05
6.822176420475790510e+05
1.250054683520580176e+06
2.078806309880467597e+06
5.180402977305949898e+05
6.817882361804592656e+05
6.697080535222819890e+04
8.087387983516512031e+04
5.799507619741607923e+05
6.801113806576208444e+05
2.174915688396817131e+05
3.207991521932146279e+05
4.096000209565491241e+04
2.052362879292422440e+05
1.176864524783401284e+06
2.980740138270391035e+05
1.923375735228843114e+05
1.844928117970222957e+05
1.432199986714056286e+05
5.432966687113211956e+05
1.223116386318143923e+05
1.224427355287517858e+05
5.575833815080928616e+05
2.933296286924682208e+05
2.384382594114184612e+05
3.036945610045720823e+05
4.959701669398757076e+04
4.254014156452711322e+05
1.339197226580081042e+04
1.624400209545215766e+05
1.732720364523480879e+06
3.537471476452635252e+05
2.487226524838779587e+05
3.085800448522460065e+05
6.295761953410783317e+05
7.575919423723926229e+03
9.502012228361961024e+04
1.436001446917710709e+05
1.634465972515410976e+06
1.371751602067610365e+05
5.182158597977067984e+04
3.291446851458934834e+05
4.524303500997383380e+05
1.709042889582429081e+06
2.500442281502750993e+05
2.184285165182832770e+03
1.751003960022297397e+05
1.263817412958249915e+05
8.082374659067942994e+05
6.247273661698163778e+04
3.711444182676536730e+05
7.288248306402912131e+05
4.681127493707260874e+04
7.193720407525134215e+04
1.944453821878229210e+05
4.448182298829057836e+05
6.092426564792251447e+05
2.433884837688496045e+05
2.037865648954995209e+06
5.098521132464925176e+05
4.392548826368786977e+05
5.471976623717665207e+05
1.862466566234682687e+05
6.042115840390522499e+05
5.116575290506189922e+05
1.157939702131632657e+05
6.324428318699460942e+05
1.069910152637387160e+06
7.289188772041490301e+05
3.943598484107122058e+05
2.956006570529701654e+06
2.812918868811046123e+05
1.305020130887883133e+05
6.315650277582787676e+05
2.739583991986889159e+05
8.753238144945575623e+05
4.204762169953721605e+04
1.025916701241746894e+06
6.600534706723584095e+05
5.987008226530991960e+05
5.538520248377152893e+04
1.671422193243513175e+05
5.220131786057967838e+04
1.352392947359445272e+06
9.204635795608500484e+04
4.012398168366515310e+05
2.079877089088052278e+06
1.507164951509182720e+04
9.148965861292075133e+05
1.250212103346198273e+05
4.634368741301573464e+05
2.488489511198745458e+05
1.509634749518730387e+05
9.035380034470815735e+04
1.642957033329781552e+05
1.528972673505728832e+06
1.298189000937199919e+06
3.550295589413252892e+05
3.609274948919418966e+05
1.392334581027398526e+05
3.871637933090929873e+05
2.668054478263116107e+04
1.895985618291144783e+05
6.443961853150982643e+04
2.010418805786626181e+05
8.796298797555471538e+04
1.845111229576005426e+05
1.252962227647538297e+06
1.643733727501516405e+05
1.144994087822622241e+05
1.969170036620431347e+05
2.147278254934023134e+06
9.318477068675907794e+05
3.784458001985389274e+05
3.890714315988448216e+05
1.522919008688707436e+04
1.570584839374879084e+05
2.403402958141730342e+05
8.118356443534053396e+05
1.076987390310532792e+05
6.159960489648100920e+05
2.014472734776211902e+06
2.729644977396367467e+05
1.024013593843702547e+05
6.395875168721257942e+05
6.570160599822180811e+05
9.586476101894777094e+04
4.955031999232280214e+04
4.788165332311073871e+04
2.501109518512951036e+05
1.367450226785393897e+05
1.055094333282472217e+05
5.670069042658496182e+05
1.195830433833768475e+05
9.519620385243522469e+04
1.147905991806806065e+06
5.112100958704005461e+05
1.105624210996303009e+06
6.215867318714535795e+05
2.160457696049519000e+05
7.393101810127082281e+05
2.769786663571069366e+05
2.959409642730861087e+05
6.421458729509883415e+04
4.280306063230305153e+04
3.742952664453511825e+05
8.250461537804781692e+05
1.772218877073198091e+05
5.200534108183506760e+05
7.996197611829816015e+04
1.660827200034502312e+05
4.166915374368418125e+05
3.995538227068475098e+05
1.157691938093864359e+06
4.366534078212765744e+05
6.761299305045694346e+05
2.566345417951832525e+06
1.953675278500929417e+05
4.725344974924203707e+05
1.539427109039974865e+06
2.160101929118829139e+04
1.969927221056113194e+05
2.220942826424885716e+05
2.104131236512989562e+05
8.094917279686584379e+02
7.688404495875717839e+04
4.505623190372165118e+04
2.309243962802953029e+05
7.758126031093072379e+04
1.659918548575871682e+05
1.246335464287412819e+06
6.472195286469645798e+05
4.834791776798099163e+05
9.824697826247795092e+03
1.163258033374362160e+06
5.793095979593057418e+05
1.117832493245448684e+06
1.740603149408103433e+06
8.865875015006383182e+04
1.578521029558677983e+05
1.911057364354672609e+05
3.466394550078869332e+06
8.728773785601115087e+05
4.252212150392131880e+06
9.617079107500424143e+05
5.909024947509559570e+05
2.334249433589996479e+05
2.829018822977671865e+06
7.732445052235398907e+04
1.068039630492196156e+05
6.858916591653668729e+04
4.299364277930579148e+06
1.062310898840277223e+06
2.971548558314727270e+05
7.736811306962593226e+05
7.672015180990580120e+04
7.729523720264622534e+04
5.506681227117474191e+05
2.202877576713856251e+04
2.250517225344481412e+05
3.187196495679501677e+05
3.843926083690297673e+05
1.723512574547795812e+05
7.124838974081887864e+05
2.821608153234989732e+05
1.094986364977817284e+06
1.142789141095434781e+06
1.504507093841255410e+05
3.691336978495438234e+05
7.463284727401263081e+04
1.258430377743661636e+06
2.370288710908649955e+05
3.396509705273706466e+06
7.196888892841422057e+04
3.530358662797409343e+05
3.968367908468675159e+04
1.349151025043978589e+05
3.614145710180173628e+05
5.242158501263799262e+05
6.904002438832301414e+05
7.514616358988218708e+05
6.845398059451397276e+05
9.848597776992897270e+05
5.289005085142353346e+04
1.095223773651883239e+05
5.690051875702067628e+04
4.609367753608565545e+05
3.313397250245305477e+05
4.754801500122014550e+05
6.464550998477910616e+04
1.711348409118568816e+05
1.232085397681230461e+04
2.613687019024625770e+05
3.727346714433672023e+05
1.272928264401774504e+05
4.477069486831208924e+05
2.605149522520794417e+05
1.723073260336382082e+05
3.194044068821273395e+05
5.679872426568272931e+04
2.209148261926997802e+05
3.116939089109853376e+05
1.523860289409880992e+06
3.747184123695648741e+05
1.166974242649137741e+06
1.030125375419791817e+05
9.069224579357217590e+04
3.647955458007092238e+05
6.926003684058068029e+04
1.075517272211769363e+06
2.477023544393664226e+06
3.357995708976500900e+05
3.480942202730255667e+05
4.815319522348678584e+04
6.713610226978638675e+05
8.552358333975793794e+05
1.452725723560238257e+05
7.938440470363076311e+05
1.181738408058887726e+05
1.043253931959796464e+06
1.232657593364926834e+04
1.279809323973239661e+05
1.687367951959911734e+05
2.885919441966246814e+05
7.307657513977729832e+04
6.393174653175770800e+04
2.178017215396458341e+05
8.216325137097159168e+05
5.879906479109781794e+05
3.156714760775635950e+05
8.086343837698991410e+04
1.844237689882923150e+05
1.369554228298615431e+06
1.479326867556092620e+05
1.565910656417820835e+06
1.352654717317763425e+05
3.972696263961485820e+05
8.879996973153345753e+05
1.354679580663597735e+05
5.399325063018004585e+04
3.713489647699765046e+05
2.897978907468861435e+06
2.817023373338285019e+05
1.211892930355946883e+05
1.032543056778065366e+05
1.409695534178810194e+05
1.222671095971408358e+05
1.664345864865983138e+06
1.075243648281054047e+05
2.001217946196250268e+05
3.503859103980052168e+05
1.052097281461309642e+06
8.710857568532214500e+05
7.094686200579906581e+05
8.162099117498284904e+05
1.490809232341574971e+05
8.341734784966751249e+03
6.610212207219373668e+05
5.567917128970727790e+05
1.333706303962911014e+06
3.999026313788415282e+05
2.073392832370252814e+06
6.035757931329453131e+05
1.270055635200132150e+06
2.058691441505269540e+04
1.070053963388616918e+06
6.444124831583393971e+05
2.930999339154023910e+05
1.806319046894554922e+05
1.957023021269456949e+06
2.607586046770723478e+05
1.656899377828399884e+05
3.845443524277650868e+05
1.126277720121531514e+06
1.759544827422894887e+05
4.899490486110522761e+05
9.022566348567538662e+05
8.819976787996403873e+05
1.900301182234453154e+05
1.912099114691977389e+06
4.164177336382512294e+04
1.416534350734180305e+06
7.970750683552328264e+05
7.456714344095103443e+05
6.567441131772919325e+05
4.067262558936348069e+05
6.600946815478642238e+05
6.190997712824473856e+05
1.498840472014783882e+04
1.035227963159516949e+05
3.212999825024891179e+05
1.546599665586173069e+05
1.322733594185959082e+06
1.616791682194035675e+05
2.011083446117102285e+05
7.293878109793960175e+04
2.693362224499179865e+05
1.926623843682618462e+04
6.070642727872827090e+05
9.205749829722072463e+05
3.832882604183675139e+05
9.537593367952072003e+04
5.246813633396622026e+05
1.885511561564527219e+05
3.257455954061875585e+06
9.209514480517063057e+05
1.828998906189999077e+06
4.681623371495227912e+04
9.432681473953445675e+05
5.446325865223637811e+04
2.798133569294465124e+05
3.251586022868127911e+05
2.311465100752040453e+05
3.612055017340196064e+05
1.563547270537517965e+06
7.950991018368038349e+05
1.925599066356275944e+04
2.563525016911380517e+05
1.726974026401802548e+05
1.564667844664255972e+05
2.510092302506389678e+05
8.008191216852677753e+05
1.058981029455971584e+05
1.137912693456701469e+06
1.738725689620931633e+06
7.712669087705416314e+04
6.095575968767065788e+05
2.918431928871874115e+05
4.529403570459028560e+04
3.733652858234102023e+05
2.440304190269242390e+05
7.904301356668433873e+05
5.568186986102436204e+05
3.764145566779250512e+05
2.938636078830067418e+05
5.235271317874943488e+05
4.786428383842561016e+04
4.772006497878867667e+05
1.260371419032539707e+06
4.416359864528410253e+04
8.239413643788803602e+05
8.558470820742179640e+05
3.585737573289823195e+04
1.083806509832333686e+05
3.193452955014240579e+05
3.044202052253278671e+05
1.418535437344089733e+05
1.760810308660525770e+05
7.724707935159072804e+03
2.089594153079176031e+05
1.354166323142648034e+05
4.744365352949800901e+06
7.081424163261808280e+04
9.153988025652723154e+05
2.828745385651401593e+05
1.542895811545235920e+05
5.270521533507849090e+06
4.953671371001538937e+05
1.264882397905154357e+05
1.576858724395776633e+06
2.516469496280899330e+05
2.701768514661707013e+04
8.761068020841589896e+04
6.827393595257966081e+05
5.682714093864164315e+05
1.773971830056459643e+06
3.124253847767811385e+05
1.001597485833713086e+06
1.826673398865207273e+05
7.936830568387820676e+04
1.121163404322693532e+05
8.059726242524579902e+03
3.930825178313073702e+05
6.410796536374714924e+05
2.052338094445960596e+05
1.415727974160458427e+06
1.997470613125276519e+06
4.206251058463050140e+04
5.087373808479447034e+05
6.767156733122801234e+04
8.611795613949411199e+04
4.578863130017287331e+05
4.228449128452778677e+05
3.626755584937362000e+05
5.596171091121690115e+05
9.194384470392907970e+05
6.398056042231228639e+04
1.163223474517968498e+04
2.125480861734239152e+05
4.240860396814427222e+05
4.549250548460509162e+04
6.085821221922993427e+05
2.610065117406059522e+06
6.339892625705273531e+04
1.199507832910507132e+05
3.681847361677248264e+05
3.686956679789229529e+05
3.954717913075158140e+04
1.472322703645321773e+06
1.116270916623143945e+06
1.515035070777781657e+05
1.659018666075409274e+05
1.072517591232493287e+06
5.765757227984151104e+05
1.447087966223626863e+05
2.727239255952713429e+05
4.099169091364079504e+05
5.756925014848525461e+04
1.945081237067952461e+05
4.412352790889440221e+05
3.912926176439139992e+06
7.498798828878510976e+05
3.877811729537494830e+05
2.543878446772713796e+05
5.602017443676153198e+05
1.374862423494928284e+06
3.743176413290232304e+05
5.570115576327982853e+04
1.313279821217962599e+05
4.458125050815289840e+06
7.742083414049759740e+05
1.034935227929550107e+06
7.820020992999143200e+05
7.576080594717037166e+05
2.287676052023357479e+05
9.682105422015403747e+04
8.609625878670410020e+04
2.522369866528381128e+06
1.300541586901617469e+06
1.649724241811227112e+05
5.545523347918794025e+05
5.684142164721933659e+05
7.983555099808931118e+04
2.855583034374178387e+05
1.026973257231772295e+06
1.613497023130723683e+05
3.256851343295992410e+04
1.043039566304601729e+06
3.828315884944800637e+05
2.538507326047568931e+05
8.644650277803938661e+04
2.057663719574937131e+05
4.365705032496768399e+04
8.374284919151521754e+05
7.233594803341040388e+05
6.492993305712723173e+06
1.952520157477415050e+05
2.227874561321011570e+05
1.079893155665920349e+06
2.886289954051460154e+04
7.271789118034039857e+05
1.260643591020909662e+05
4.266661229783755261e+05
2.086847672527169343e+05
4.580299603378310800e+06
5.524422848996330868e+04
2.626690247813162277e+05
1.520515028371746012e+05
2.398928092104307507e+04
5.566119002241472481e+05
9.592553140325362619e+04
1.630241739847778808e+05
1.038851876011649001e+05
6.769131634027617984e+05
1.233534053828356118e+05
9.176516134880989557e+05
1.182076049099579686e+05
1.721613982472479111e+05
1.521533032471010461e+06
2.191963306939195900e+05
1.765233406668436655e+05
5.951498459086584626e+05
1.017781820429264044e+05
1.636372191337240511e+05
1.966022803862230212e+05
3.398189864934147918e+05
7.460964070981186815e+05
5.295637743271393701e+05
2.722329109006937360e+05
6.663266163177265553e+05
6.133410435798370745e+05
2.422464795640307129e+05
4.171179629915552214e+05
1.081571639192017727e+06
3.105112292327093310e+05
3.504370390568526927e+06
2.533184061437117634e+05
3.245613049945035018e+05
3.941543002382388804e+05
8.836153627739583608e+05
3.062710541749534241e+04
9.792788741416315315e+04
2.175505483142067678e+05
8.160479628956186934e+04
2.185344118170104048e+05
5.519409486667846068e+04
3.260466748100926998e+04
1.160560888778111432e+06
1.573455610346149479e+05
7.964952721843669424e+05
3.134497499171172385e+05
5.972732826295890845e+05
1.448954526612118643e+05
9.691114474525857950e+05
4.738008179553571972e+05
3.138488781568160048e+05
1.769384561860957416e+06
1.026386870454946999e+06
9.038826679150731070e+04
1.192632840157901228e+05
7.844447328192036366e+04
8.662350160414463608e+05
2.735925769398048054e+06
2.270286833605811989e+05
3.684178930994974799e+05
5.335472025141579252e+03
2.023018959308789636e+05
5.375585102683219593e+05
1.439615923114838544e+06
1.720639075695368927e+06
1.489542624173084041e+05
1.126821169368547387e+06
6.127350970401599770e+05
4.239634384259510553e+05
8.042128418217223370e+05
6.087294251078759553e+05
3.207534646105380380e+05
1.790079412780987623e+05
1.379192713974541984e+06
5.628563805720434757e+05
1.017830370492486691e+05
1.253540514421585947e+06
2.762481956143840216e+05
2.301785573977524182e+05
7.994775112930089235e+05
5.442179836703144974e+04
5.487259597683807369e+05
6.919769757252100389e+05
9.674339477214591170e+04
2.569473479042471736e+05
6.153302138339931844e+05
2.488805256341130880e+05
7.012624573730645352e+04
1.526923592415013700e+05
1.605090467796286102e+05
6.923729037056259112e+05
2.057583477207491233e+05
1.770871476320663933e+05
6.072036941694116686e+05
5.641485309423023136e+05
1.780100050393821206e+06
1.404818292963581393e+06
3.391906494436347275e+05
9.930165875873776386e+05
1.045657262219073134e+06
3.357395463584801182e+05
1.029276656249449356e+06
2.569333620479368983e+04
9.951371613255979901e+04
4.531817565501375357e+05
1.009935126188586233e+06
1.009437939247398637e+06
3.867370028003019979e+05
1.484394037503564905e+05
3.778939629535413114e+05
1.953599584697434329e+05
7.340037180401515216e+05
1.771076883384005399e+06
2.198610710483409930e+05
1.072809725568961818e+06
6.478602239968003414e+04
1.283144155287239002e+06
2.593371812436261680e+06
1.628950678108066204e+05
5.642692496118430281e+05
1.015206719033446425e+05
1.383304752824868308e+06
3.082107522091187420e+05
1.140061145107014105e+06
5.456184122800752521e+05
5.091693891090503894e+04
3.649989874185670051e+05
5.220723384833300370e+05
8.325876486029395892e+04
8.637677015363188693e+05
3.473959154502746533e+05
7.390366117935030488e+05
1.700477091019924555e+05
6.546636027483774815e+05
3.902752065882814932e+05
3.118796638386057748e+04
3.356939501606744598e+05
3.791476773147827043e+04
2.889295243292483501e+05
4.898100246030647308e+06
1.925415006532670523e+05
3.222729653950752690e+05
9.988656632922504796e+05
4.169821085960430355e+04
3.291352110820100643e+05
4.116825191269573406e+05
5.489416745111525233e+04
1.741997305100512167e+05
1.646188926252315519e+06
5.063195107442855806e+04
7.528962966298119863e+05
3.792665203432274284e+05
4.563992648488379200e+04
2.050233082523464327e+04
2.011760877765227051e+05
9.227117489228089107e+05
1.622374270905538462e+06
5.219154104124666774e+05
3.798446178804560623e+04
1.922824671883609146e+06
4.752233734880030534e+04
4.412941504711745307e+06
1.135728371363618935e+05
6.208852850835541030e+05
1.018461685068033985e+05
3.534666112567812088e+05
9.866645733984332765e+05
4.487195785383345210e+05
2.902869784515344072e+05
2.465631898727140215e+05
6.050120797589124413e+05
1.880721921576398890e+05
2.459174515146520571e+05
3.581327726862095005e+04
8.645070039803480904e+04
1.418191836874254222e+05
1.124704955813854700e+06
1.404884058098561654e+05
8.333860322202298266e+04
2.511416582458336197e+05
1.558781337243091315e+06
1.808522948067547288e+06
8.501062706203755224e+05
1.666459397324576566e+05
2.677655134203986381e+05
1.882314969189749972e+05
1.106381292788438965e+06
2.278315248205885873e+05
5.929469871223499067e+05
1.761042639941784320e+06
8.151594918174159247e+05
5.999062428056774661e+05
4.888688949426567706e+04
5.607006912097095046e+05
2.479307664737111481e+05
4.270820636456236825e+05
4.218952404332495644e+05
2.065809721279072401e+05
3.647550203304740135e+05
1.174994063606087875e+05
5.203697734302256140e+04
5.860259584413041594e+05
2.344103102914515184e+05
1.524054783865233185e+06
3.864562381823093747e+05
6.334786206214061240e+05
2.162063665809758531e+05
8.087291708226551418e+04
2.501989348514994781e+05
1.700501284748482285e+05
4.782404077658245224e+05
2.840127902860502218e+03
5.059449844958520407e+04
2.173393025043819507e+05
7.187997924641762802e+04
7.701227814442653907e+05
2.703737352332054870e+05
8.498374745602267794e+05
5.238479772888487787e+05
1.040345685810713680e+06
1.125084970870578254e+05
2.124380384104359546e+05
2.810122447974959869e+04
1.645597213604460470e+06
2.490008258425042441e+05
3.375481671202081488e+05
3.828325237299365690e+05
9.311482562152900500e+05
2.109239807525127835e+05
1.454547239813901542e+05
1.083589827599509852e+06
1.747218917607983109e+06
1.902465331651057815e+06
7.570609211133027202e+03
8.094262954508718394e+04
5.558265920480214991e+05
1.039907876770051917e+04
5.736696553725835838e+04
4.298920207228818908e+05
3.404442787385668489e+05
1.281131516598672373e+06
4.605569947808734141e+05
6.827921511820986634e+05
4.547053651358117932e+05
6.039872001733110519e+05
2.458770266528581269e+06
6.831229938611987745e+05
1.065248626269939123e+06
7.601002104060763668e+04
3.739518204325818224e+05
2.057625373237155436e+05
3.648109610922590946e+05
3.657369281440638588e+05
1.442161735159059521e+06
1.158908349515342852e+06
3.647578711044798838e+05
7.540686506897700019e+04
4.898158856666317442e+05
2.678091655590859591e+04
2.909742331881562714e+05
6.167230542614879960e+04
8.022748389336396940e+04
4.609665796318450593e+05
7.260675624477820238e+05
2.967137302652066865e+04
2.167611121811546909e+05
6.338879017976605101e+05
5.274160532141986914e+04
6.371057361830094305e+04
1.898699613271353592e+05
4.500852549029488582e+05
4.419426112141389749e+05
2.248304241962921878e+04
7.778361846698521404e+05
5.716584126576412236e+05
1.615888433253425639e+06
1.808073887757145101e+06
2.432836690842846408e+06
8.953908835321346996e+05
2.868304635212404188e+06
3.211991292040687767e+03
4.949934061643387540e+05
6.480081781316696433e+05
1.111687495108490984e+05
3.036849211327750236e+05
9.115970372996381484e+05
1.121964996643227525e+06
3.507156915721293190e+05
1.340664879744406790e+05
2.825930762834746391e+06
1.525078023279714980e+05
4.561130056529514259e+05
3.126016872094313730e+05
3.073528821169973235e+05
4.183351998699149699e+05
6.092051969656620349e+04
1.399486785828804132e+06
5.093247696638368652e+05
3.115784624443600769e+05
3.911523618637233740e+05
9.942359654646072304e+05
4.356635361291670124e+05
4.261133863601066405e+05
9.565868070876380079e+04
3.318879438677218277e+05
2.510952720963094907e+05
4.718145584217485157e+05
4.440622760124907363e+05
8.850241331937428413e+02
3.974531085711114574e+05
9.800096949735285016e+05
3.512736326509966602e+04
4.880489039432221762e+04
1.394660613901934121e+06
3.299475427328078076e+06
1.218664407695878181e+05
1.291780070139665040e+05
1.972870224169918103e+06
5.665903015481285984e+05
2.291785530530062970e+05
2.589841506862722235e+04
8.398165444770135218e+04
8.901434913438905496e+05
4.303154016693517915e+05
4.664346178685812629e+05
2.173187452567569853e+05
6.801713083581507672e+05
8.868733132118178764e+05
1.248689474314889812e+05
8.614113908987242030e+04
6.078020139073746395e+04
6.381569516433611279e+05
3.275309445244172239e+05
9.120076169409456197e+05
1.302950811545800883e+06
2.159590888941643352e+05
5.852663472988472786e+05
1.414813581848758622e+05
2.678674623052603565e+05
1.891190005633228924e+06
4.874242734805077780e+05
2.123791008337313251e+05
4.232284374793228344e+05
1.446236526934912836e+05
1.773946047125343175e+05
1.557060738776076469e+05
4.107918389736968675e+04
1.502076912107511191e+06
2.722915870657284395e+05
9.530490228413854493e+04
3.310520536886221380e+05
4.378924673275670502e+05
1.762282314140353119e+05
2.769716154104232555e+05
9.629027475930565270e+05
4.472003467281910125e+05
3.348794856503605843e+05
1.682688034783149604e+06
2.314639386301181512e+05
5.074239738262100727e+05
1.314352420148251811e+06
8.794605762379687803e+04
8.782913433177393163e+05
2.718342482901794137e+05
2.506337310098758608e+05
4.015047444085871684e+05
1.729856856306448113e+06
1.676952296582146955e+05
6.346218330136210716e+04
2.530383911102603888e+05
5.245269111145291245e+05
9.308573579229412135e+05
1.455623716706003295e+06
1.551552847341662971e+06
3.629060116322395515e+03
5.022134589697438059e+04
3.201957680086162145e+04
1.325870273197466740e+06
1.326551940118779894e+05
5.498306363206236856e+05
3.381167150728313136e+05
4.079160722226249345e+04
8.078905569676846499e+05
2.327050540826392535e+05
9.347249713010579580e+05
5.166431289055836387e+05
2.378256548809194646e+04
4.351655464493175386e+05
2.461539641455323435e+05
1.176714299370524008e+06
7.314890457268045284e+05
9.612356318217078224e+05
3.506444425795671123e+04
9.172246796212559275e+04
9.206616152010989608e+05
1.441119023494564230e+06
1.480718031004256569e+06
7.819672087677121453e+04
1.102769398228606005e+05
4.897436004533772357e+05
8.700143175631150370e+04
5.128208305386142456e+05
4.206527086676399340e+05
3.806488951421529637e+05
5.111587975576461758e+04
2.776564732151036733e+05
1.295066541602688609e+06
4.828129846225737128e+05
4.432614032870362280e+05
6.136960375564029528e+04
1.225733469807028770e+06
4.948140119730166043e+05
7.153351785438399529e+05
3.740780613476271392e+05
1.460913781958456384e+05
4.050935790658947080e+05
1.736912703322221641e+05
8.305990848335446790e+05
2.213455649468532356e+05
7.141007228954230668e+05
9.212605115124713629e+05
1.003979626011203276e+06
4.619251778681910364e+05
2.821916522899073316e+05
8.542314775339901098e+04
9.169330931533675175e+04
5.608258771432302892e+05
5.581507522446608637e+05
3.261152211296484165e+04
9.430616146346589085e+04
7.936008080706115579e+05
6.522136533549946762e+04
1.310225842749450356e+06
1.432438276288218331e+05
6.064052759368582629e+05
4.246254839510449092e+05
6.984316159893624717e+05
4.211206899939734139e+05
7.724888406499946723e+05
6.660113525746553205e+05
4.872362752358176513e+05
1.021323704656243062e+05
2.130465697952450137e+05
3.051045960627384484e+05
1.128664332299922593e+06
2.899620370232609566e+05
1.916814020728247997e+05
6.057593618604381336e+05
7.706191771422765451e+05
2.650601238222940592e+05
7.996604616622715257e+05
1.214006994993016124e+06
4.394280382425888674e+05
3.326741765209167497e+05
1.941763252837263863e+05
3.797556424509715289e+05
8.806049256651991163e+04
2.687346047152313986e+05
9.976691493666238966e+04
1.209812676939018071e+06
3.691343435300624114e+05
6.284521575622098317e+04
1.679716093089080532e+05
3.311756089783147327e+05
4.601279304374547792e+05
9.084096808212172473e+05
1.405687418444622890e+05
9.177543653543037362e+05
2.109070525870562415e+05
8.062230222255479021e+04
3.237940890359168407e+05
6.281003417175649665e+05
3.043744977748257574e+06
2.625998549515303966e+04
9.369306440919357119e+05
4.656300503564962419e+05
7.584552173507705447e+04
6.227709639155989280e+05
2.471813994187948701e+05
1.462138481360288337e+06
8.628561038530264050e+05
4.170635307464269135e+04
3.869714566193341743e+05
4.935518630482790468e+04
1.978789066365490726e+05
5.075680209594547632e+05
1.469554096088100341e+05
5.816960707300518407e+05
7.948765099362046458e+05
1.067926047814036952e+06
5.033553809258246329e+05
1.331767629700365069e+05
3.174912290021668305e+05
9.527994749332569772e+05
1.113030351028376317e+05
6.686491687314730370e+04
4.251505292894269805e+05
6.416594875911338022e+05
5.616453550718447659e+05
3.316257708030471986e+04
1.012256316552799777e+06
2.131366294879405759e+05
4.056013156719075050e+05
1.702095594620527234e+06
3.427357979524243274e+05
1.395707309262467083e+06
1.386970500047696987e+05
6.687855974297524663e+05
1.268819877369375754e+05
2.175686668607797939e+06
4.691475615527873742e+05
1.689315029195563984e+05
3.655630695047357585e+04
3.017329751774090342e+06
2.067748909660233476e+05
2.613595125016616657e+05
1.581416587011120573e+05
8.155211489132316783e+05
1.632327073261276819e+05
9.786117647248525464e+04
2.450291925554752816e+05
3.282006420483419060e+04
1.505641309009543620e+06
8.941411362952450872e+04
2.039850921903122508e+05
1.055855649066844489e+06
1.934117449225141609e+05
2.149897391099661181e+05
1.119347207370002754e+06
7.583435851232013665e+05
2.242278268342512310e+05
9.848809674058548990e+04
9.366044634149125777e+05
5.272016331149323378e+05
3.864700658621906769e+05
1.025552220320138586e+05
8.957033915253168379e+04
4.323114946905858233e+04
4.193847386312935851e+05
1.953215571965801064e+05
1.136030275872746715e+06
7.083503392087013344e+04
1.285339080132748059e+05
2.768531984499358805e+05
1.096357595894235965e+04
6.985231919774066773e+04
6.884706335162182222e+04
1.329696248430727748e+06
1.195839024895446055e+05
3.163562244631247013e+05
1.212581061711271293e+06
5.772480861916604917e+05
1.273841463066519005e+06
1.933498859408912831e+05
1.120648170656565781e+05
1.266151551822775946e+05
1.691027817188450426e+05
5.951860286741033196e+05
2.077089213383964729e+06
1.652204685264641012e+05
3.258682747971959761e+05
1.257262322313159704e+06
1.163601199811175902e+05
1.557919667658088147e+05
3.877002696444061585e+05
1.962880313091541757e+05
2.317054475649504093e+04
4.866488915017962572e+05
4.938057901370681357e+05
1.840238063846739242e+05
1.422070757146062970e+05
1.413895320221399190e+06
5.817964590104357339e+05
2.658263246451879386e+06
2.309896012041859794e+05
6.403066562510829681e+04
9.028143134934385307e+04
2.479068903730787570e+05
1.485943380450564669e+06
1.502711544168917171e+05
2.282124566825421934e+05
5.163282038442672347e+05
1.160981651476998115e+06
3.522014042335221166e+04
4.733053794365452486e+05
1.612116119738729612e+05
4.455588971616479685e+05
3.985973371752480743e+05
1.504379524269873509e+05
2.661850534231579513e+05
3.103738119002512394e+04
1.047941287474284909e+05
4.225070169716204982e+05
6.528907628896656679e+05
1.838542162787641399e+06
1.074596878947844729e+06
7.409038563513029367e+05
9.508985296426217537e+05
4.344096703257780173e+05
4.253137312395208282e+05
4.365074731763307354e+05
7.802234079785669746e+04
3.427875938505390659e+06
4.572907304695966304e+05
5.892819430449316133e+04
5.369392878811409464e+05
7.700977839117200347e+05
2.894679019038047409e+05
2.492154841386248299e+05
1.945330117959851050e+05
7.682312454481021268e+04
3.032410098694032058e+05
2.252239867661883472e+05
4.520135498797147884e+05
5.218856623580970336e+04
1.988113630522478197e+05
6.523240915675697848e+06
2.984402487269991980e+04
3.694334776683999371e+04
7.713415634437130939e+04
3.922670813641955028e+05
1.607355829964957047e+04
1.258985772024622274e+05
2.334197047296505189e+05
5.098261892279145541e+05
2.526341119486348180e+05
5.910342176280521089e+05
8.297389222914018319e+03
2.300468025833527790e+05
3.484007938769497559e+04
2.346102723910721252e+05
9.328351723442129150e+04
1.200837417348341551e+06
2.165640803692670597e+05
5.373274263732505497e+05
9.880575495244944468e+05
8.804511434979268233e+04
1.683434482723136025e+05
3.363467182994398172e+05
1.598515564863845939e+06
2.200940584456024517e+05
9.492352733959539910e+04
1.261727077080740593e+06
8.822177696943891933e+05
8.958508832042361610e+04
4.271156512524734135e+05
1.818580048181407910e+05
7.785123030412761182e+03
2.597984002074615273e+05
2.266161687957652379e+06
1.677593578095360717e+05
1.971676587436781847e+05
2.825486104107923806e+06
3.458884212707694387e+05
2.637932414089508820e+06
2.856264787005512517e+03
2.385155318716705951e+05
1.433684116577372770e+05
4.483822881197675015e+05
3.231452586538450560e+05
2.578314750455597532e+05
4.618354582361237408e+04
9.686252621158160036e+05
8.515158898573084734e+05
1.932975035126960938e+04
9.632613706622497411e+05
4.690043847274154541e+04
3.947997738381241215e+05
3.443751745562491706e+05
2.048634868330474477e+06
4.112605282688325970e+05
7.274132736551045673e+04
7.055106588354436099e+04
2.956997871859433362e+05
4.749238940609726706e+05
3.526993484389437526e+03
5.742384660791081842e+05
2.557643056320314645e+05
5.460670169628531439e+05
5.385281275350049327e+03
3.494085694419663632e+05
9.854051103097511223e+05
4.942323032259630039e+06
3.083432740822467022e+05
6.627025509501190390e+04
4.801590762815361959e+05
4.591906206371862791e+05
2.781394196764568915e+05
1.904213104828155774e+05
1.293627892706737330e+05
1.021513228391553508e+06
4.631500539567341184e+04
1.033387232974533690e+05
5.996071476820604876e+05
2.290585338298727002e+05
1.016188417149808374e+06
1.053800035073718172e+05
6.626941169730846304e+05
2.471176064733027888e+05
1.314579049664999126e+06
2.290574042233007276e+03
3.875192588768113637e+05
1.262158771963361214e+05
5.180691575125502422e+05
9.545271615890023531e+04
5.629728380615102360e+05
1.902741856045583263e+05
2.051839073446521525e+03
1.944874671126375906e+05
7.721386125801805174e+05
6.229277182054240257e+05
2.267052275431843009e+05
5.520128399437590997e+04
3.899287882377948845e+05
3.586287913201025221e+05
2.061085899123444105e+05
2.010949799117380826e+04
3.056163790639746585e+05
8.996629518398881191e+05
1.580522698523078579e+06
3.554633420029454282e+05
3.602619985778517730e+04
3.694978362406633096e+05
5.764401097335927188e+05
2.552190464170012274e+05
1.085991382476231374e+05
5.719858996198351815e+04
2.981310655559975421e+05
2.236417876361699309e+05
2.328466934278979897e+06
1.744509746007831418e+05
8.776508869729039725e+04
5.297534591110794572e+05
1.146566102818671847e+06
1.453810701647785754e+04
3.814629344594487338e+05
1.923868021309924370e+05
1.644895009456557455e+05
4.636977545506537426e+05
6.447276620106948394e+04
7.404357846843642183e+05
1.367276768370025820e+04
6.458526797057165095e+04
1.715650331420673989e+06
5.720429900713792304e+05
8.911633610594012134e+04
5.869417883427224297e+04
7.752539168005149986e+04
6.214388140893802483e+04
4.274785856571990880e+05
6.568245718171885237e+05
2.871569346617372357e+05
3.556156958089149091e+06
8.645992701030310127e+04
3.870857484755815240e+05
7.010723900074639823e+05
1.592496420958336385e+05
4.514180448412194528e+04
7.561627780451856088e+05
7.396527575724131020e+04
6.715192086007650942e+05
1.881237541126443539e+06
7.401958721198490821e+05
4.726148458352702437e+05
2.025029810462533031e+06
1.367206962301030755e+06
1.037401486028599436e+06
3.002581810576631106e+05
1.093398927806276130e+06
1.727589887853343971e+06
5.259103970438171382e+04
2.143568994708569371e+05
1.513044410218792502e+06
4.620585717722477857e+05
1.822582151534163277e+05
6.557489998477218905e+05
8.754111156555406051e+05
1.344387220285844814e+05
2.286577184938409482e+05
8.168169585002376698e+04
7.874708604984157137e+04
4.196654603398897452e+05
3.184487473619552911e+05
5.212158081461772963e+04
1.114046514521567617e+06
6.828360511215985753e+05
1.090954352305174398e+05
2.618823550041673298e+04
5.705091824277131818e+05
1.702770090012851870e+06
4.477560328149056295e+04
1.088211200625275669e+05
8.334950442328845384e+03
9.459050482055183966e+05
3.042564022505725152e+05
7.266565795139971888e+05
6.972965512160602957e+05
1.220486132266566128e+05
2.355536056513169606e+05
3.481484904873892083e+05
3.187805911905038520e+05
1.378760113699900219e+06
8.740720108359173173e+04
1.802830374932569248e+04
5.304926331845521054e+04
5.002211298038088134e+05
1.706526450850807014e+05
4.309763959168317378e+05
1.562720036245613301e+05
1.581281347246519317e+03
8.791486662714120466e+05
2.133041331336348667e+05
1.742415939678647323e+06
5.503727255999533372e+04
2.230540997250643850e+05
4.621002653544206987e+05
6.299192420899567660e+05
6.634439336721226573e+05
1.047275088561010081e+06
7.864192439661998651e+04
1.259028908573921508e+05
2.173006168092924345e+05
1.428574586324488046e+06
1.737295616354519036e+06
1.005525904971430660e+06
1.479810739503359582e+04
2.279169629681427905e+05
3.031554352615503012e+05
3.431381758035834646e+05
2.031816614541731251e+05
3.380826106666739361e+04
1.048658606540553883e+05
9.475335491272903164e+04
7.874247166905876948e+05
6.646827232713638805e+05
2.334630668431537633e+05
2.356766089034860488e+06
1.385956394928461523e+05
2.178875615546450717e+05
2.768109759640155826e+05
2.075298878441913112e+05
1.040301433253198775e+05
4.496343905295535806e+05
7.581081352262056898e+05
4.109014070445104735e+05
1.137488008659617335e+05
3.013825901453766855e+05
3.072882950488072765e+03
8.826209918800396554e+04
1.836971825426426076e+05
5.209659900043229572e+05
2.417585854009200993e+05
1.884709485446986509e+05
4.536164637212041271e+04
3.415522365628023981e+05
6.097424805397576420e+05
1.301203093892735778e+05
8.537976427200734615e+05
3.227838847838850779e+04
1.492555129260027898e+05
5.956714223446589895e+05
9.143441759273232892e+05
4.722233420238126564e+04
8.139356011720302376e+03
4.347691001628232771e+05
2.283248185336505121e+05
1.005667610195376474e+05
3.017395581999639049e+06
8.621506715772565221e+05
1.375707673809159314e+05
5.812666383713269606e+05
2.985311350929345936e+05
5.185773470660012390e+04
2.691804270015103393e+05
4.058304369004914042e+04
3.292589632100992021e+05
2.027349670670724008e+05
2.442391872783367522e+06
1.002708604083140817e+05
1.051862760875638807e+06
7.602673592256978736e+04
7.429291810882008867e+05
3.796466435278172721e+05
1.693476656675923732e+05
5.502365902288795915e+05
1.777228693110201275e+05
7.147381918803595938e+06
4.284353400157913566e+05
1.448834555792040774e+05
1.312157901333329501e+05
4.409773895822215127e+04
6.284597459619545407e+04
2.883304275886189193e+06
3.771747346646623919e+05
6.907923708761227317e+04
1.297110004245335440e+05
9.226140286562846450e+04
2.081848262855577923e+05
2.591022241248897044e+05
1.079474189251441043e+06
1.374583227007849375e+06
1.746932699755133362e+05
2.822198873164906981e+05
3.784248654484377475e+05
2.117656775761668105e+05
9.001449586541177996e+04
9.173497670586422319e+05
7.799224291305382503e+05
4.489654455559830531e+05
3.296444878361335577e+04
4.492328749917879468e+05
5.149405311525883008e+04
8.269686610853140010e+05
1.291416838411782228e+05
1.302101626373770850e+05
6.266819512947995681e+05
9.086685242014215328e+05
4.536942076805327670e+05
2.684905848582402105e+05
4.295996253361721756e+05
6.898711598634572001e+05
1.858673317966175382e+05
2.621521984339339542e+05
3.396092188455195283e+05
7.537206964585235983e+04
8.233888569946518401e+05
1.809283813898969209e+06
2.768372990110512474e+05
