5.987760246121924865e+04
1.197846286484647775e+06
1.718025825339877745e+06
3.801958303771771607e+05
1.671022474684533663e+06
1.953367015628227091e+05
2.359467525348415133e+06
2.206762442043589836e+05
4.752347618566900928e+04
2.377962066103140387e+04
2.535051507444645278e+06
6.448692362380836857e+05
3.691800872710199910e+05
1.201051447276853723e+05
1.799080716033422796e+05
3.575321307233166299e+05
1.321704489222897973e+05
5.603473133379604405e+04
3.820369753219568520e+04
1.247835695171351545e+06
5.799379649858358607e+04
1.158941640558606712e+06
4.362820320674082905e+04
7.066165061252292071e+04
1.575296494172826642e+05
1.279064104582263157e+06
1.478331604689102678e+05
2.831495070309095317e+05
5.942096627437855932e+04
1.597005315568277729e+05
1.202765819451488554e+06
1.213768389836616348e+06
2.624188980087380041e+05
1.689024635611165722e+05
1.645603943193473096e+05
7.266279890960238117e+04
7.465273639324367978e+05
8.306262544751948735e+04
1.899322516648311575e+05
2.309883573455814912e+05
1.598975401439274661e+06
3.640407343295031023e+04
1.527977586229083827e+05
1.135730499214805197e+06
1.585226737580148329e+05
2.753142352084538652e+04
2.495313641800757323e+05
3.584443329644788755e+05
2.922001371471892344e+04
3.983207801557641942e+05
8.506178711971441517e+05
2.299989047136596928e+05
2.808945351790669374e+05
7.038250777976533864e+05
1.109322684483529069e+06
1.896078077926226251e+05
6.905927122591921361e+05
1.346333768694331171e+06
1.136462355489639594e+05
5.402718141222281847e+05
1.075467274511254800e+05
4.615473658371394849e+05
1.166438504031252814e+05
1.597765103646651551e+05
3.929188927431775955e+05
2.968980235888089053e+06
1.946005128910999629e+05
1.432715937544699700e+05
4.515018650333138066e+05
8.931414188336617372e+04
3.695164962196850684e+05
2.162134861068034545e+06
1.117339118470065063e+06
6.617451839010831900e+05
3.293415544378940831e+05
3.083541708773343707e+05
6.208002324380406644e+05
4.205958492302852101e+05
2.207699377423932310e+05
3.399417684196901973e+04
2.031226663991409005e+05
3.136187411849163254e+04
2.202042968164909689e+04
7.780002875144860009e+05
2.699009369742733543e+05
6.650634920156613225e+04
4.281649309754341375e+05
1.162575902248826111e+06
6.834001606194697088e+05
7.679340411496507295e+04
1.076191879423216684e+06
4.538698143511166563e+05
5.553996467777916696e+05
2.770463452149875229e+05
3.482112016572569264e+05
3.467110380655560875e+05
6.058660176508154254e+05
1.401726334720079612e+05
5.742551186588545097e+05
3.122753960367657710e+05
5.231841955559604103e+05
5.089285411849351367e+05
2.514986958531650307e+05
2.198267902563117968e+05
7.315565641655751970e+05
3.650358733991759946e+05
7.068481218016031198e+05
2.693015433716488187e+05
1.241054497841135366e+06
1.158827576040150365e+06
8.511933507300633937e+05
1.975926833966583072e+05
1.580556379864854738e+06
4.818564892844569404e+05
1.138941141167384776e+05
1.216340962926011533e+06
7.340322552749350434e+05
3.207691637808602536e+05
3.133373226648321724e+05
4.910586934441577760e+05
2.370126849082113768e+05
7.206275353832963156e+05
3.805303978045164840e+05
5.648413330061433371e+05
1.085400134218652674e+05
3.975964980861735967e+04
3.113771544812362408e+05
8.674740517709710402e+05
1.917926133662564971e+05
2.074526852556918748e+05
4.113029869433990680e+05
2.278794378639332135e+05
4.062244326169929263e+04
4.843611642211179133e+05
2.747679193241692847e+05
3.291124879629532807e+05
7.355224512227730884e+04
1.650118584949056967e+05
2.244682699207474943e+06
4.800059609752321849e+05
6.705902166129265970e+04
1.689038865230203664e+05
1.951610627232236729e+05
1.988318425155916193e+05
4.242895169193823822e+05
1.943045152349169366e+05
2.116690706430371210e+05
1.461661687980353832e+06
3.894299788091648370e+05
2.653764028772559832e+05
8.712690227202957030e+05
8.105652935337271774e+05
8.221916215333273867e+05
2.470104130688653677e+05
6.216449091710019857e+05
5.328310980994310230e+05
1.554379586304593831e+05
4.225884439078141004e+05
7.433069223517570936e+04
4.873195160981709487e+05
7.816905865729287034e+05
6.187521306941207731e+05
1.407517305414864677e+05
2.073572892182671640e+05
8.383013115857677767e+05
2.935544654466791544e+06
8.479494482816079399e+05
6.473499607382440008e+05
1.445318627641289029e+06
8.299167928083600709e+05
3.279802308537942008e+04
3.707839605218628421e+05
1.448184548150584567e+06
3.143640288102019578e+06
2.266372169559703325e+05
7.412255279932005797e+05
1.747576294810332765e+05
1.634530193885610439e+06
2.697453343019426684e+05
4.544460338529507135e+04
1.915641646469334839e+06
1.777552332624496776e+05
2.707332717780990060e+05
1.533452598767359974e+06
8.715409344327257713e+05
7.732772720466650790e+05
4.958453170920932665e+06
2.586995923363213296e+04
1.577920976522541023e+05
2.327109199913244811e+04
1.196390459678454645e+05
4.189963987459351774e+05
1.740437860170086613e+06
4.718314584857664886e+05
2.278376519011546334e+05
9.827957609758777835e+04
1.191949730971445970e+05
9.369912944543811027e+05
2.712317064764724113e+06
2.941848359381437302e+06
1.926492261107293656e+06
4.179982720576792490e+05
6.725902348944194382e+05
3.498090953806695179e+05
4.098094253946253448e+05
3.974416606817103457e+05
6.243258182780361967e+05
1.942118229227011790e+06
3.101586527699695434e+05
1.049745095440309815e+05
2.338722943882063031e+06
1.262397082040139212e+05
2.691665100205042108e+04
3.271855416601295583e+05
2.317951341021103726e+05
3.112343422624499653e+05
3.491335889145293040e+05
8.050557453191773966e+05
5.143925268396995962e+05
3.896618708097297349e+05
1.072687891587348131e+05
4.304101653806060203e+05
2.281940731870209274e+05
7.082445446988033655e+04
4.557356288728879299e+05
2.088295063117868267e+06
2.249249856446884573e+06
1.433655789977444510e+05
2.831414807852405938e+05
1.833051077641512034e+06
7.229440249669725017e+04
2.823751945934807882e+05
4.201790489351807046e+05
9.035604754523696611e+05
3.171668397470296477e+05
1.445301360592255369e+06
9.257279766993818339e+05
8.731275509132284787e+04
6.988402617352453526e+05
3.908080824014417158e+04
2.024548196636172943e+05
7.106704883583672927e+04
4.266696643277473049e+05
1.277129570819791406e+06
4.212457427875575959e+05
1.295145871444665594e+06
3.325338064940057229e+06
2.249136182292161684e+05
5.564116845879230823e+04
2.128101834954914229e+05
2.365690219576949603e+05
3.208261191853092751e+05
3.805196793826435460e+05
2.207665731786218530e+05
4.842787811395860044e+05
1.258687883643899986e+05
8.134591590132209240e+05
8.965851783824197482e+05
1.200540169436892262e+06
1.327604101919648529e+05
7.418828114441844635e+06
8.828367649381491356e+04
4.859559892983093159e+05
1.539206345224936958e+05
1.140265599451312737e+05
1.528899853991062555e+05
9.150177119187550852e+05
2.112302458318856079e+05
1.776449557038576575e+06
2.774706458933999529e+05
2.634687815235330258e+06
7.026321878730960889e+05
6.720048781548866828e+04
4.937998692359028501e+05
6.530657283235119394e+04
3.208663644576320075e+05
3.703997308584026177e+05
2.218487727256762155e+05
1.409077290760865901e+06
1.298537027680806117e+06
1.641237778891609516e+06
2.402066265651788563e+06
4.140731473319925135e+04
4.272115981093287119e+05
3.138369509576843120e+06
5.925134353342809482e+05
2.798004622553701513e+06
6.782792348156403750e+04
5.386643359431466088e+05
3.867340662879739539e+05
2.047103110165121034e+05
2.404160796226399951e+06
1.329470813503467070e+05
3.237163955872757942e+05
7.252787994221653207e+04
8.047767248159392038e+05
3.112529879546273965e+06
2.824185656252485351e+05
5.303450663756055292e+05
1.785235001335141947e+06
1.131574184783111326e+06
1.698892944421847351e+06
3.512409672641810030e+05
7.252042733596455073e+05
1.652506675965145929e+06
1.668248975029521098e+05
4.228252919456434436e+06
1.226998195712281158e+05
9.717687159095089883e+05
2.840031766179043334e+05
3.154552524404813885e+05
5.714502393458387814e+05
8.756811488739636843e+04
2.167741870040924696e+05
5.122273412812355091e+05
3.642279237553499406e+05
1.434937454358778195e+05
7.004490341391793918e+05
9.348231283923884621e+04
1.899664892044356093e+05
2.821440825845029904e+05
6.817392313539759198e+04
2.294883223295395510e+04
1.132808899535606179e+05
2.129515102705426398e+05
1.162491414764605288e+05
1.619631403394920380e+04
1.550990117742876755e+05
1.771984694600611328e+04
3.197229612539471709e+05
1.406718582738978439e+05
2.787884736786992755e+06
1.394837216626659501e+06
6.133582776026063366e+05
8.897536180206510471e+04
1.060019329870356247e+06
1.498513241361171822e+05
5.625810935068810795e+04
1.822667353819909738e+06
1.178479160348577279e+05
1.067904581574860931e+05
6.609994044326992480e+03
1.941242681681897026e+06
3.331834511084344122e+05
1.459353054038105765e+05
5.572664802552593173e+05
3.778068155679765041e+05
6.899710549111537402e+05
1.193285802547015337e+05
3.584693472478961921e+05
1.533337148867911019e+05
2.496647487516063266e+06
1.205284003512399213e+05
1.714915936295401771e+05
3.085910979035283162e+04
4.450201301871243631e+05
5.089510288728060550e+05
9.755999047581772902e+04
1.305476924215580802e+06
1.149208016674920917e+06
1.085336517686197534e+06
3.646422926962921338e+04
1.807832389964233385e+06
3.538454097685772576e+05
5.292894863187011797e+05
2.551091033756731485e+05
3.016479830777612980e+06
5.294435936922349356e+04
2.042176183464423229e+05
4.180647016335387598e+05
1.582535866133681498e+06
1.239664858024488349e+05
4.912392025162946666e+05
2.888060565122810294e+04
4.494255813530173036e+05
2.054109572148660664e+05
1.944163829381631804e+05
1.952834497517632321e+06
5.704809737696272787e+05
3.527035142833813443e+05
1.084096141119007807e+05
1.568594797641525220e+05
4.192131683320089942e+05
4.379303457078086649e+04
6.064087855041793227e+04
1.100354518858128286e+05
8.627979839682481543e+04
5.322780589473115833e+04
3.998841011298007215e+05
4.123183773868448916e+05
1.737336556966072530e+05
3.021762520034278859e+05
5.716575631257640198e+05
2.608771483505725046e+05
1.055831356872076722e+05
8.272192858085166663e+05
7.420297209494236449e+04
6.600945057559802663e+05
1.397055832199438242e+06
1.078912465357422916e+05
5.726911975294549484e+04
1.655618454018703429e+06
9.623362344258246012e+05
2.611286973658697389e+05
4.410129675824244623e+05
1.951758670072353852e+05
4.487326223649847816e+04
1.073492367211823293e+05
5.269384763988190098e+05
2.296247623135683534e+05
1.167372387933691498e+05
2.251388353801789694e+06
1.549162169831370935e+06
1.518153721879888617e+05
1.172897249108756194e+06
1.458033666937340051e+06
3.659548163411846617e+05
3.738653735802070587e+05
3.236828159299778781e+04
4.932079213273482746e+05
2.796427348223067820e+05
9.760749943780920003e+05
1.034143516597866983e+04
3.800167565345518960e+04
2.798158621398006217e+05
2.809650272114208783e+05
7.231602255974999862e+05
2.738039005910082487e+05
2.360667567822156125e+05
3.293419080351706361e+05
6.806564048042192589e+05
3.164413402697696583e+05
1.424142512269396866e+04
4.792785004732653761e+04
1.913004594119226094e+05
3.785507218881844165e+04
7.492270367084919708e+05
1.140057494972467888e+06
2.302374517147532315e+05
2.798519268604425015e+05
3.555306502540332149e+05
3.543660841171857319e+05
1.616825172169978614e+05
7.221090194481493672e+05
8.857482088183691958e+05
1.259720878062663687e+05
1.712548475406927901e+04
1.964295512328509067e+05
1.936168459757916862e+05
1.574821940403576009e+05
1.298198094408349571e+05
2.703119250435149297e+05
2.928183202123528463e+05
3.201383069822757388e+05
2.912332974217282608e+05
1.845419830103793647e+05
1.311810757081844495e+05
9.082581160538534459e+04
2.073791067336327105e+05
2.018732013023899926e+05
2.764802099306256059e+04
1.480077975260544918e+05
3.192560103488410241e+05
1.404653288838931825e+06
2.642595313004234340e+05
1.791620093961337989e+05
2.638304920621844940e+05
2.156233172226107854e+05
8.281270193651800510e+05
1.716016549195268657e+06
2.514166317821721081e+06
7.728504018987496966e+04
2.372288187524338719e+05
1.673353639647731616e+05
1.334958412674287974e+05
2.411370937866614258e+04
2.644862917080855696e+05
2.305543952551572293e+05
4.625473696532715694e+05
1.087250616701343824e+05
2.276024948695751082e+05
2.895817831912608352e+06
2.586753984042857192e+05
3.744826783254698967e+05
6.894536583571638912e+05
2.723899020438051317e+06
2.051114163022389112e+05
2.338441116226558108e+06
1.930094658305796620e+05
1.718681855943785515e+06
1.310024535320458090e+05
1.994920678541201341e+05
3.862086109888010542e+05
5.991846520826702908e+04
5.072879301368956803e+05
1.172628293534488039e+05
2.009648184380940511e+05
1.832052809670366696e+04
1.707103422676721239e+05
7.660074017005609348e+05
5.469434174205656163e+05
6.421293133391218726e+05
3.423214345943725202e+05
1.940477826379822800e+06
1.881097834443973843e+05
1.741479517253092257e+06
6.946462335489394609e+05
6.401346410223902785e+04
3.509671233952301554e+05
2.785834370213972870e+05
3.691246747987637646e+05
2.436889634093967325e+05
4.253003642422560370e+05
1.742501204308962042e+05
5.881422548534724629e+05
1.298991509240531595e+05
4.777543084325016825e+05
2.382649864781597862e+05
9.184710089097199671e+04
7.657973331246660091e+05
4.818303015987072285e+04
4.815055895236910437e+05
5.982449663249416044e+05
6.769668986143080983e+05
4.677239609791714465e+05
7.390089668982850853e+05
8.520336961985394591e+05
7.046089932732546004e+05
7.206975487228026614e+05
5.490734815257757436e+05
4.386599452340849093e+05
4.460280114974118187e+05
4.362981426956075593e+05
6.214038251826799242e+05
2.004819963012969820e+06
3.230644070159794646e+05
1.672045079420970986e+06
2.346120829188455828e+06
5.434588804126548348e+05
1.325201033891604493e+04
4.118562887750835507e+05
2.822984307909221970e+05
1.727650718486978149e+05
5.582759322210439714e+05
3.185862239890219644e+06
1.365143528324988438e+05
1.104688625659658137e+05
6.203731786715557973e+04
2.906052918251245283e+06
3.303465386735460925e+04
2.596291381349186704e+05
5.016708772269681212e+05
3.633571400853719679e+05
1.162843124954017258e+05
2.286059336537768831e+05
7.612799223094204208e+05
7.767799605064345524e+05
2.593737983501645504e+05
3.395498469891121495e+05
1.125725574422224425e+06
1.496579963781252154e+05
1.815814596597203985e+06
1.616731669801976997e+06
8.012303906515642302e+05
7.459525359416548163e+05
1.447796488715070300e+05
6.790514028682803655e+03
4.335653850718755857e+05
3.094122040388548048e+05
4.299250171804912388e+05
5.212313889047476114e+05
5.930487096212574979e+05
7.820628833933415590e+05
2.817619330187978921e+05
2.429564440976515471e+05
2.573555326440654171e+05
7.087016132977128727e+05
7.248178613794744015e+05
1.169916862071596261e+05
1.601552140609749767e+05
9.394594104761972558e+05
6.640774412316180533e+05
1.631983673144440982e+05
2.894102073696430889e+05
7.536362214424645063e+05
8.761690265335865552e+05
9.277030468707751425e+04
2.259988132130195852e+06
1.397590883716486132e+04
3.748377631043882575e+05
4.951546257578771329e+05
1.126936452191291937e+04
6.627483224162584520e+04
1.933825468047069735e+05
1.652246196957642911e+06
8.186341582680906868e+05
3.217169817040195921e+05
1.614348535255086026e+05
1.811955883976690529e+05
7.326562246818153653e+05
3.807037957950002165e+05
1.031582743257873692e+06
3.210683958546836511e+05
1.449455575388715079e+05
3.067769140260155546e+05
8.412956161726840073e+05
1.711051212917844532e+05
1.147628098597888835e+06
5.731655651901759120e+04
1.920154458008358779e+04
8.249550334285361168e+04
2.581876181051758118e+06
1.100723106020641280e+06
1.141392624220732832e+05
2.060737911305553571e+05
1.279051396844934934e+05
1.348641995060138579e+05
3.535600307825345662e+05
1.759599928972061258e+06
6.103838784069232643e+05
3.977843756259438815e+05
8.125590293147166958e+05
1.035798119933399721e+05
6.046537986121238209e+06
3.853227205621072790e+04
1.073482938777903328e+06
1.893899207063198846e+05
6.421615809341060231e+05
1.967684474274644454e+05
1.667554798950297525e+06
3.640036188803790603e+06
5.687899174945503473e+05
1.559614807561597554e+05
2.617257280919609766e+05
6.029976712030799827e+05
4.826449603421476204e+05
8.071800489270656835e+05
5.955700714188812999e+05
2.984462037620933261e+05
2.403278186056432896e+05
1.193124407828388939e+05
4.775146327681440744e+05
2.502709034043021384e+05
1.050297619323403109e+06
6.371700155803152593e+05
2.910825789682182949e+05
2.541631933876905532e+05
1.072850892059397738e+05
8.639256370118699269e+05
2.011089389332073624e+05
4.230463804842832033e+05
2.058676390001327964e+05
1.706490296615754778e+05
2.806740458114060457e+05
1.683747894954674703e+05
1.918547730925084616e+05
8.409557877055031713e+05
2.998319261377337971e+05
1.890206980495448457e+06
4.026158784145590616e+05
9.290401096033779904e+05
1.437884852142925083e+05
2.038453366053630307e+05
3.297637033775316551e+06
8.174222216354364355e+04
6.881598946278594667e+04
4.298905804714658880e+05
1.937958702989530284e+05
3.981026278930864646e+05
8.686327612696496362e+04
7.279911293789553747e+04
2.921567454861960141e+05
2.878594308266291628e+05
1.137997442398482934e+06
1.049724522207336850e+05
9.384423058481358748e+04
3.244870025974895689e+05
1.020963758604165749e+06
9.965723759430364589e+04
1.243296559487424558e+06
3.987108878977188724e+05
2.020121276135546854e+06
6.172685990854313131e+05
4.396612230751009774e+05
2.649849926678321790e+05
4.731499014192274772e+05
3.295356195942233317e+05
6.311209846337469062e+05
2.521052755621838733e+05
2.523581008725066567e+04
1.123233777816752117e+05
1.287854784642919694e+05
4.817231656911890022e+05
5.630127788738737581e+05
1.484278826948128990e+05
4.791242222000296460e+05
4.552229503561661113e+04
5.270031488457744708e+05
6.235007294981732412e+04
9.175040370385809802e+05
1.391913611542940605e+06
2.647462050637003849e+05
1.220754205103929708e+05
8.284682234395937994e+05
1.803496949933341471e+06
5.934162829638640396e+06
2.112183308085587341e+05
1.222084996977411356e+05
1.213303463012227323e+06
2.981459862884799368e+05
3.050669726048631594e+06
5.864248901877865428e+05
1.698493827163882670e+05
5.692913529564271448e+05
5.115510434407869470e+05
1.473911217503788183e+06
3.755763939074671362e+05
2.567501857547177467e+06
2.615205736073107983e+05
2.720576656528273015e+05
1.117181757666190242e+05
5.028981276722435141e+05
2.493997206552524876e+05
2.677116750481259078e+05
1.233381602492360544e+05
1.467329029361648099e+04
2.683836648326542927e+05
2.362541029173205898e+05
6.312417426434177905e+05
4.773479693696306203e+05
8.606718188849193393e+04
1.391139901175104023e+05
1.806325938378734863e+05
4.548792012096246472e+05
1.328787299456607318e+06
2.005054402082754823e+05
9.682286619594375370e+05
2.584686471546273679e+05
1.905921365097280941e+05
7.237784443102401565e+04
2.861653179691815749e+05
3.339713607832840062e+05
4.662770752474941546e+05
1.008269158880033647e+05
6.038630732920622686e+05
6.453567703750723740e+05
5.264059588708980009e+05
8.408243013781033223e+05
1.482837057066272791e+04
1.346502226071858313e+05
5.073472502479661489e+04
9.595521681419495726e+05
1.720423261492111487e+05
2.799883815244635334e+05
9.517181819595854904e+04
1.766995148654805089e+05
2.247423836412865494e+05
2.536835197159257368e+05
5.565980804322765907e+05
1.336479020787239075e+06
5.215043966794874286e+05
1.260677220429661538e+05
1.399003851412309101e+06
1.413482437602126040e+06
3.094787928474108921e+05
2.510685748248744931e+05
4.402676628508706199e+04
1.905653446240339545e+05
9.050368238789420866e+04
1.373114353410273558e+06
1.581123165536563843e+06
1.975541563476071169e+05
1.724098165092037292e+06
3.995195184263545671e+05
2.464805955806782295e+05
1.416980759934118390e+07
9.620651166007244319e+04
1.093522218571001576e+05
1.282870217577585863e+05
2.148781714448213577e+06
4.047147170283265295e+05
1.548559813947412767e+05
3.777083474628014956e+05
3.450141964721528930e+05
3.480947560994565138e+05
7.376068120246354956e+05
4.628571570557740779e+04
1.560026587510638819e+04
1.582027164792152180e+05
1.483504364971239993e+05
7.058509518795137992e+05
2.438694905594787851e+05
1.054719464782714378e+06
1.813041108683637576e+05
4.531940792723597260e+05
2.248264604950661887e+05
2.729614436782347504e+06
2.655360411456357106e+05
2.103368314491347992e+05
5.359383242798068561e+06
9.571285515957537573e+05
4.180214525582531496e+04
4.816675382507440518e+05
1.619755734961664712e+05
8.750939772055636859e+05
2.181776290481624310e+05
3.980262050104682567e+05
7.501973092002898920e+04
6.810530648683170148e+04
2.069288559194218833e+05
1.640828040179180680e+05
2.921598714360793820e+05
1.567926952171761368e+05
7.935496751381382346e+05
5.196872643776529003e+05
5.548393269151408458e+05
5.712081745104162837e+04
1.769824571190277056e+05
1.278910075348909450e+05
1.572549160084253235e+05
1.479532490332274698e+06
3.199244625388022978e+05
2.344249386029321700e+06
1.109528053259145672e+05
9.947125455107967719e+04
1.499692118151480099e+05
8.596921836560635129e+05
1.865747885289549959e+04
1.740267006279568595e+05
7.215229026032686234e+05
7.010749570851591125e+04
1.879302906139040133e+05
3.138587871407754137e+05
9.322418606519061141e+05
5.389440588768131565e+05
3.707756705534573121e+04
1.607829478910470207e+05
4.149302056446885690e+06
5.683932548423010157e+05
5.313376876966950949e+05
1.127931430243157083e+06
1.602863204086254991e+05
4.809599855585878686e+04
1.779164834005103330e+05
1.465355345148427004e+05
1.233797802116504899e+05
6.421801828196376300e+04
5.809121221316457377e+04
7.942664237240867224e+05
9.245856266991667508e+04
9.193634632359584793e+04
9.227347091042759130e+05
2.488424878915831214e+05
8.133051746626514941e+05
4.060298524069488049e+05
7.942943479160877177e+05
1.019795024113105756e+05
5.521185144183152588e+05
1.583385256895954808e+04
1.593338336794060888e+05
1.747267896781475982e+06
2.831844112163076061e+05
8.356110411468708480e+04
1.245429257147140306e+05
1.094373532755601918e+06
3.677912046350229648e+05
2.652335283930409933e+05
1.474022079393687309e+05
9.160653269081756298e+04
8.533087351120231906e+05
3.621964178447483573e+05
1.143049269510904269e+05
1.709928914989612240e+05
4.177932859486302477e+05
2.475137792891236313e+05
8.149903780077018309e+05
3.308199885815699236e+04
7.445158840716144769e+05
8.664137027758928016e+05
2.010170857282202051e+05
1.037632990825372748e+06
2.798088825281912577e+05
3.970671235808914644e+05
5.522926068734121509e+05
2.352475945434524911e+05
2.022598282410782995e+05
8.202434800367569551e+05
1.358958658538127202e+05
2.056775519781580893e+06
5.542041941339534242e+05
1.269381456010022433e+06
3.332382500025772606e+05
3.797329749517848086e+03
8.701548510338834603e+04
1.756241664219514059e+05
1.131568240727171069e+05
2.150718536595128942e+06
3.290518129467315739e+05
1.737200990836278303e+06
4.837241190711053205e+05
4.128887731234891806e+06
1.935776556654732849e+05
1.587236411740969401e+06
8.426495665301040572e+04
9.099215483913412754e+03
1.333152366665003821e+06
4.771963231236831634e+05
4.001838070968856337e+05
1.602640847142125247e+06
5.049291116890384728e+04
2.767830145253199153e+05
1.309771384541744919e+05
1.829561659759336151e+06
2.511762548332706501e+05
8.329553839523379793e+03
6.795827446400409099e+04
9.357271316586049506e+05
2.660737020699435961e+05
6.902243460857997707e+04
5.829791907681640005e+05
6.587588192307482241e+05
4.176961780404254096e+05
5.366215187178839697e+05
3.454446847069566720e+05
7.560717974894144572e+04
5.136904462092372123e+05
9.855311597546304110e+05
2.357661687452191953e+06
4.904753409426275175e+05
2.959636369726015837e+05
3.346495585526424460e+06
1.992354286457667593e+06
1.004819819531292305e+05
1.619083472378599923e+06
7.504115972841449548e+03
9.590722921498355572e+04
4.479749188396805548e+05
2.086068477580521721e+05
1.471839498477927991e+05
2.143234316083123849e+05
1.153568166508288123e+06
4.816175237734089023e+05
1.379923075084036682e+05
2.968930707139417063e+05
2.697535153988010250e+06
4.723080593473209301e+05
1.625406888004587381e+05
2.532714842414653976e+05
3.726741138599787519e+04
2.407745859128569253e+06
8.380749781105694128e+05
1.562174582836778718e+05
1.312531336621572846e+05
2.309061181440645887e+05
1.570775899479679647e+05
1.589784926979098818e+05
5.229173411476594047e+05
2.863393263211512240e+05
2.043458706087685132e+05
1.566420112009377917e+05
1.047330340514156967e+06
3.524821067888203106e+04
1.439549305979809724e+05
5.411514830863013631e+05
5.920622962478094269e+05
1.415715963566035134e+04
2.002199789512733114e+05
2.353381634618414391e+05
8.038561913901006337e+05
1.760202971520652063e+05
1.528573708796906576e+05
1.785351104325398570e+06
3.890092855577302980e+05
7.180619268747420574e+04
3.339609555428650929e+05
3.749370388109260239e+05
1.603521153913588787e+05
4.295373164387625293e+05
4.832579591306836810e+05
2.008261904638649721e+05
2.721899561190100503e+05
1.703640085489510093e+05
2.076409496513675549e+05
2.394188501567079220e+05
5.055407468241958995e+05
1.225312798583491473e+06
1.302662641004608886e+05
1.055220437805545749e+06
1.124470208394569112e+06
4.352275463318362017e+05
2.278311762507921958e+05
3.190405830282939132e+05
9.215366100009911461e+05
1.536574665394266776e+05
5.649061784309820505e+05
1.717767910311619285e+06
1.003757568103229569e+05
9.176211608567896474e+04
1.555709639046084194e+05
1.152978573856255738e+06
2.134076032666349784e+06
1.263262101633695886e+06
2.858885311778825708e+05
1.186538746832421166e+05
1.105662922316916374e+05
1.502424031190928072e+05
9.344436215240100864e+05
1.808197445440850919e+06
8.224807437800492335e+04
1.706679827073229942e+06
1.014381881126370048e+06
1.742655473880205536e+06
5.225325094127673074e+05
4.132446262305403361e+05
1.714425291565230582e+05
1.556493160259033320e+05
1.749431043191540812e+05
1.445140175331394421e+05
9.339854056644800585e+05
6.607140417610838776e+05
4.366507264744507265e+05
6.759226466071070172e+05
1.943441170988344238e+05
4.449236897228510497e+04
1.612367499690286058e+05
6.614821991189535474e+05
1.468678606931199785e+06
1.084027922587794747e+05
2.668656233322282787e+05
3.404617188754671952e+05
4.139640623139084200e+05
1.247020043503769441e+06
1.291272622930725105e+06
6.369033804514140356e+05
8.892740493676540209e+05
3.222914141928719473e+05
3.306837499824240804e+05
2.301230475895776181e+05
2.736672268073106534e+05
9.625676017420331846e+03
6.192959473884363251e+04
7.677400723119761096e+05
4.199414852879598620e+05
8.608232670140775735e+04
3.283451322500256356e+05
3.894214611737751693e+04
5.195658765398101968e+04
5.152116810794789926e+05
2.720537334953610552e+05
5.831539938952346565e+05
6.763873741335289087e+05
2.275437064181558962e+05
2.472623320408715867e+06
3.555106752474219073e+06
7.139451814743210562e+05
3.301374779180519399e+05
4.406049483877904713e+05
1.474443097356076818e+06
8.983546854937501485e+05
2.197107947941808379e+05
6.931337120280718664e+05
5.084729959929260076e+04
8.275394190454337513e+04
1.743873467128943594e+05
1.787878889728524955e+05
4.089775386844917375e+04
3.056254794556940324e+05
3.716726089838878252e+05
8.491352407255384605e+04
8.686781375415922375e+05
1.504698501863257727e+06
1.899300998628552770e+05
5.603569012484485283e+05
1.269715330835741945e+06
6.118573847997789271e+05
2.287333723622606194e+05
6.565741137441761093e+05
4.650334207962458022e+05
2.289386317913975217e+05
7.811730087332727853e+05
1.668079604162742035e+05
5.544264215512696683e+04
1.831100650781321805e+06
3.105109996866711881e+05
2.265061855773018033e+05
7.630643877317465376e+04
1.224644704338602955e+06
9.187838719935866538e+04
4.505307578248759382e+05
1.243853917935332429e+05
3.907623253703532391e+05
5.813690813520865049e+05
4.515757414563636412e+05
1.142192429131456884e+06
3.299928164480040323e+03
1.198419677546191378e+05
7.072459970248441678e+05
1.716466432109425950e+05
3.062626382987105753e+05
4.058598222856157809e+05
6.051838217148230615e+04
1.132100438031619880e+06
5.590409495190752205e+05
1.156161610030553711e+05
6.695947207526208367e+05
4.427114923093628022e+05
1.748355708639288321e+06
7.936379480760326260e+04
2.575107730581017095e+05
4.911855219741613109e+04
8.025478924623205094e+05
8.125436253097742156e+04
4.152923250002261193e+04
8.436288994054102805e+05
1.391621418132893159e+05
4.772764687250158167e+05
1.311563086286192702e+05
9.277152703916579485e+05
3.911877610082097817e+05
2.758114017010573298e+06
6.204930153442224255e+05
6.913275488747492200e+05
9.005654120449456968e+04
5.537377630680315197e+05
3.420400615163624752e+05
7.563062147313775495e+05
4.194990503003830090e+05
8.649816810536394769e+04
4.090583769801132730e+05
1.942162796750118723e+06
3.842723618340108078e+05
9.964424304103452014e+05
6.510326053340986982e+04
8.540472018538240809e+04
9.676184966270846780e+05
2.488093558776086138e+05
1.430807883145716733e+04
2.937108494041349040e+05
1.153039872856900765e+05
2.704996312007447123e+05
8.079202136322357692e+05
5.340597526893488830e+05
2.079301573161591659e+04
4.471004511301043385e+04
6.528297765764064388e+04
1.048914009214714635e+06
7.956102779252718901e+05
1.792223537130024051e+05
4.112917451134952134e+05
6.409280883206753060e+04
1.212450819579196628e+06
1.591847427125913964e+05
1.498467388795336941e+06
1.820082137451798772e+05
1.888976300352237653e+06
3.712712893106431147e+04
1.417805687579839141e+05
4.004843002113570110e+05
5.490928890418702504e+05
2.999155945979805256e+04
1.221597830241953779e+05
4.450031973233143217e+05
1.592198852100208867e+06
1.318415403774471721e+06
5.084215710479577683e+04
1.105590434697010554e+06
1.291582949558474647e+05
7.311641020564198261e+05
6.985219614446233027e+05
1.964989889790003654e+05
2.334647323905585799e+05
3.496110295688956976e+05
3.498669896579033957e+04
4.836265696818614379e+04
1.010496481534069404e+06
8.015252532967448933e+05
1.964131197603269829e+05
2.462756120625607669e+06
2.377641061256634421e+05
7.394086747267153114e+05
3.142280714106606320e+05
2.469666186583015078e+05
1.074368999983451504e+05
7.624735892706691811e+04
1.269660206206888688e+05
2.054512952279776800e+04
4.226241059489581967e+05
2.198095591000989953e+05
8.062434894591744523e+05
7.682994422624885920e+04
4.371666076438394375e+05
3.348427598542705528e+05
2.109421357800239231e+06
1.566848635723375446e+04
5.425424404756039148e+05
4.343739291258170124e+04
7.290696131050604163e+04
9.636256263716828544e+05
8.692413939667455852e+05
3.976443402024866664e+05
1.029998467163895111e+05
3.368547541430654383e+04
1.636153462052822579e+05
1.199312406350002129e+05
3.066760559354075231e+05
3.937133627469529747e+05
7.599450573995482409e+05
1.632976322381940205e+06
5.472786066967740771e+04
1.695689381346599839e+05
5.684114007674171589e+05
6.590015139681070286e+04
2.658604196116036619e+05
1.896623284548253869e+05
1.836526467697576445e+05
7.378162994798361324e+05
4.523355905064670515e+04
1.325898775136786746e+06
1.540889839757376467e+05
2.297407812260405044e+05
2.008623347225644975e+05
8.880549293045597151e+05
1.653629959114675876e+06
6.146160354943950661e+05
4.282651609460379696e+05
6.569026618668377341e+04
4.766146493298101705e+05
5.061554897458231426e+05
1.103558088928865734e+06
5.709513463794917334e+05
7.950694904026652221e+05
2.562259471174965147e+05
1.008644060294946103e+05
3.040498170636419673e+05
3.224569162550556357e+05
2.250946885714751552e+05
7.358682988593090558e+05
8.157242665862227113e+03
1.155131654512197943e+06
2.281109449625511188e+05
7.288776409571010154e+05
5.440644944070351776e+05
3.017023165187558625e+05
5.099242778730801307e+06
2.972044444353261497e+05
3.755355110785907018e+05
1.949677617148047313e+06
1.532030762950568751e+05
3.315891862772892346e+05
2.472633255162030924e+06
4.545945610061089974e+05
5.027043592361559859e+05
1.159907108285253780e+05
4.827616990699425514e+04
1.150393963370946236e+06
1.347242342887638370e+05
3.176498412632780382e+05
2.051813099106659938e+05
1.021965683953789558e+05
7.710590921401588712e+05
5.674662452018902404e+05
1.160621185333591566e+05
1.161864370956907514e+05
2.448623182615878613e+04
1.762380746361325146e+05
5.680921264264962636e+06
4.571436692629698082e+05
6.157582325687442208e+05
7.537350840574948816e+05
4.222463246337868040e+05
1.205991177109532990e+06
1.778452260881779366e+05
4.740203764283861965e+05
5.903082356043797918e+05
6.349870926289554918e+05
7.357530774866085267e+05
1.036675270475410507e+06
3.711062248320964281e+05
1.054952087775736582e+05
1.712995570798281406e+05
2.682887539892735658e+05
7.035627116608528013e+04
2.871133763034415551e+02
3.408306402125378372e+05
4.303927986558862031e+05
1.621699930283076363e+06
1.562349760583284369e+05
3.030685550455533084e+05
5.238533374492947478e+05
9.746577080073651450e+04
7.713377166005477193e+04
2.337606114035000093e+06
2.233945762976544938e+04
2.214727324477802904e+05
1.505428711750124348e+05
3.019210777044679853e+05
1.951299060132018931e+05
1.886360509887697408e+05
5.217680270025405334e+05
2.223143407859604122e+04
3.483334197490190127e+04
1.578067243443744956e+05
8.075384791089693317e+05
1.900830370300130162e+05
3.000230284775374457e+05
1.259898249405357288e+06
2.828308986258385121e+05
7.191843693496949272e+05
2.674656377445642720e+05
4.558148987820904586e+05
6.744933819556568051e+04
5.612419122549091699e+05
2.729849492302854080e+06
1.234151752560561581e+05
9.545712426867634058e+05
1.207811218048349256e+05
2.590983435263865977e+05
1.534808869981116150e+06
2.546221462285374582e+05
5.231019457034257357e+05
1.301935406870428415e+04
5.277114924251014600e+05
5.598490825216281228e+05
6.891070351858912909e+04
2.632775889430303941e+05
2.330275527034811676e+06
4.423806027947500697e+05
8.925064817394866841e+05
9.152382694585304707e+05
5.609878157329666428e+05
9.327329748163248587e+04
1.077319248903623316e+06
5.513737105125772068e+05
5.104295382513249293e+06
8.372380662026857026e+05
3.454522076476057555e+04
2.138630735083909531e+05
4.474868984400076442e+05
2.896453720588432625e+05
9.203603093232009269e+04
1.347017030306650791e+06
1.404741202685247699e+05
1.250130048164012442e+04
1.002774867962335993e+05
1.373502828791665961e+05
1.296035788080321072e+05
1.927707700092923478e+05
1.373343816783251241e+06
5.037723380269336631e+05
6.430140389517909352e+04
4.219533713165239897e+04
8.550107982081766240e+05
1.813970397810805298e+04
1.046108119437100017e+06
2.689181411097498494e+05
3.144658206678056158e+05
3.323152034327872097e+05
6.483501492764909053e+05
6.668895914865406230e+05
8.846382585643182974e+05
1.549542133255255176e+05
5.374187509769801982e+05
1.506217278087003797e+05
8.703597174856348429e+05
6.238279223079605727e+05
1.028514197732215689e+04
8.955935789849350112e+04
1.576296693102197314e+05
1.969797017964785628e+05
7.701292916373378830e+04
1.523901258304678486e+05
1.184434421467579523e+05
9.729275141681022942e+05
3.982649969078220893e+05
3.523318040432797279e+05
4.282309305144145619e+05
3.164708361396499095e+05
8.036871022508917376e+06
1.350891603035026346e+05
2.963187428936625365e+05
8.109855670700605260e+05
1.960384370606840239e+05
7.995075376429852622e+04
8.384162989945015870e+05
2.721395364188567037e+05
1.835219678336475510e+06
2.117148267557171930e+05
1.142142330890865065e+06
7.616969188284823904e+05
2.335365218070106639e+05
2.608363640041807666e+05
2.141529514616899833e+05
1.197898245624269592e+06
4.159427474564305739e+05
1.307595100469387544e+05
1.992439380094256485e+05
9.417112813881538750e+04
1.056238921006488526e+05
1.045614207686487585e+06
3.233600584800699726e+05
1.372258103600746254e+06
1.086204635882945498e+06
7.934014092854927294e+05
9.383952411488693906e+05
1.881185915079720085e+06
8.012501382844780164e+04
9.596463898717056145e+04
4.597784048892641440e+05
1.511093537015928887e+05
3.076785954874333693e+05
9.637835572278477484e+05
2.804032343465717277e+05
2.040273931377320550e+06
2.060146348030753143e+05
7.978909687010232592e+05
1.239623997863500845e+05
2.384642305888933188e+05
2.132388985073728836e+05
5.196120176728954539e+05
1.149034647417634493e+06
7.277037472880916903e+04
6.334498738856692216e+04
2.745918383083024528e+05
1.562492483092108741e+05
6.509898893471035408e+05
6.254997525594148319e+05
9.264083005270687863e+05
1.038664326465530030e+05
2.440142690080943430e+04
4.569132482971126592e+04
1.225345003054613480e+05
1.094305512995336612e+05
5.367337593996848445e+05
4.613330282483416377e+05
9.241748847644428315e+04
4.809658110777948168e+05
9.119338608185150952e+04
2.571919964279784181e+05
4.811995737631295342e+05
5.888768468083199114e+05
5.446080120501164347e+05
1.909724846510920033e+05
5.017760663189395564e+05
5.407869638651201967e+05
2.491624696499111596e+05
1.818936612404086627e+05
1.226715629288380267e+06
8.069168715745089576e+05
5.537630104795997031e+05
8.417133871794724837e+04
1.779042392447445309e+04
6.508029857819853351e+05
2.676574593920657644e+05
5.749363148272756953e+05
8.552845982285990613e+05
2.693891543986458331e+06
5.106397437348476378e+05
1.340069611269875022e+05
1.771938068954361952e+05
1.682872770181168744e+04
6.631362001208604779e+05
1.036189483402272221e+06
4.577752197316634119e+05
8.641382724719350517e+04
8.007148828617857071e+05
5.269658739437555196e+05
1.031481109319732292e+06
1.576679077782310778e+05
5.112515353813516413e+03
5.316786847774500493e+05
4.190514748330783914e+05
1.302240828283338051e+05
6.568860621615445707e+05
6.241012962884594453e+05
6.800708275404699380e+05
2.450116065155627148e+05
2.895401818165746517e+05
5.241726932890739990e+05
1.499102197596237784e+04
3.845629241174632916e+05
4.155913859822314116e+05
5.896758332478038501e+05
9.930015883376017446e+05
5.502440872873754706e+05
3.212327333601877326e+05
7.979612860672026000e+04
1.013897495238873962e+05
9.076367006850989128e+04
6.434438986900155578e+04
1.312661328548616031e+06
9.628958809703050647e+05
1.935498948131496727e+05
7.500633238390223414e+04
4.047005373146153870e+05
8.992589958955217153e+05
1.693851502952200826e+06
2.955016925028490368e+05
3.098918222073727520e+05
5.800607714105432387e+05
8.512079373708517523e+05
4.340540126542946091e+05
2.754536858558875392e+05
2.009871627482716285e+05
6.601641135325041832e+05
2.468408776692965766e+05
6.858949557513277978e+06
1.014537320740856230e+05
1.598566686407228699e+06
8.302818763942113146e+05
7.329270041421399219e+05
1.326589127014537808e+06
1.349871188328862772e+05
1.428851286919000093e+06
8.578572869348716922e+05
1.176778102297290461e+06
6.030881196135038044e+05
1.172166950714609120e+05
1.975762145624340046e+06
1.527883587957069278e+06
4.026501090301956865e+05
4.215654424309828319e+05
6.890738528258147417e+05
5.418531527689347276e+05
3.238182877776622263e+04
3.608866194469687180e+05
5.240941828144416213e+05
6.326132559289695928e+05
4.631083472297058324e+05
1.050391884565873304e+06
8.183287340765064582e+05
1.021192121683929465e+06
2.257270545318639837e+06
8.797248331887072709e+04
2.110826690398253966e+06
1.049067562342976686e+06
2.660980689111847314e+05
1.092740822407802101e+06
4.764945743974954530e+04
3.361928792735253810e+05
1.980663682418909448e+05
1.052191789388729259e+06
5.044496783373386716e+05
1.717702788891580421e+05
3.492042742741907714e+05
1.091065866413731826e+06
2.941595836691067670e+05
2.097523381461544777e+05
2.418018891130040283e+05
1.301791858574430458e+06
4.555654134462425718e+05
1.585842112032650912e+05
8.518128465289094311e+04
3.826844108134884154e+05
3.023124802121745961e+04
1.484889691258099047e+05
6.665567392687472748e+05
2.086482886772921483e+05
1.457543110953769356e+05
5.891219626062178286e+05
2.507648796708233422e+05
2.323116507570753747e+05
1.071851032202425122e+05
1.038205719061518321e+05
7.056606652716214739e+03
3.120086729169771424e+05
1.041371959494784824e+05
1.643646969359908544e+05
2.249512680205614306e+05
1.316324314408084028e+05
2.990055726826427970e+06
2.587058555842758797e+05
5.961045958618386649e+05
5.261964302412173711e+05
1.634870300890315557e+05
2.308318461837906398e+03
8.265421419952186989e+04
3.654630202107853838e+05
8.472948099774860311e+05
2.531178447522563511e+05
3.088034933707282180e+05
2.476589806448447052e+05
1.802895125844134891e+05
5.708606221355642192e+05
3.885343778447236866e+06
3.261524448518526042e+05
3.076325080478869495e+05
2.554797312947669998e+06
2.828097013710475221e+04
7.264525329495115438e+05
6.351676771702420665e+05
3.910336482271990390e+05
6.810557565486693056e+04
7.295352897031946341e+05
1.064915706918018172e+06
7.437872635033594270e+04
2.826243152999040904e+05
1.693936625820286572e+05
1.008694911120143719e+06
8.273331513129459927e+05
1.034347171312902501e+05
2.644692678158031194e+05
4.016027154272404150e+05
4.993584250380062149e+05
3.364259865386441379e+04
1.582192085523040500e+06
4.931011109893500106e+05
6.034560597492323723e+05
3.075283960220150184e+05
1.951776608116875286e+05
4.586223494533689809e+05
1.538803870032079751e+06
2.241757203114469012e+05
2.916799112270281767e+05
6.682666882384721248e+04
4.545033981707560015e+05
2.841208611177680432e+05
8.722959953079750994e+04
2.201111904375756159e+06
2.162863754496407055e+05
1.601881184559758112e+05
5.432582992703835480e+05
4.374949153826411202e+04
2.872402127910210402e+05
2.600938300879002782e+05
3.269792048200148856e+05
1.473252665450124478e+05
2.890413587469806662e+05
1.108631583852127939e+07
9.744675212645481806e+05
9.065685894685841631e+05
4.085760968549633399e+05
4.906612635109653638e+04
2.354525942940335372e+05
1.100040539657615882e+05
2.948054924281426356e+05
7.502026369080475997e+05
2.360143407247711439e+05
2.323823380500845960e+05
5.328036401694355300e+05
7.088547146491818421e+04
5.736194164017002186e+04
6.106425972243851284e+05
1.825811433349355357e+05
1.552310683679328649e+05
1.118565103614529216e+05
3.857724114440491539e+05
4.067429919035982457e+05
7.027148895875711460e+05
3.549220840326934558e+04
2.738894183576587122e+06
1.019792240550761489e+05
1.625951307841265807e+05
8.354125279659949010e+05
1.323182183270062087e+05
2.271467292534575972e+04
2.837430526048796601e+05
1.084965916946862999e+05
1.001671382642135024e+06
2.318002680846161966e+05
1.846904776791044278e+05
4.339315786545196897e+05
6.913398128015390830e+05
7.463839627226740413e+04
1.024294979945806321e+06
3.756086643454762525e+05
1.252403971643167781e+06
4.981108598486872506e+05
2.545913874389341800e+05
9.839292395597188442e+04
1.431677339313201082e+05
6.615014061648392817e+04
1.751082559914735320e+05
4.424537347680555540e+05
1.105970043851423077e+06
1.376489641749129805e+05
4.630665995553080575e+05
5.476441706949149957e+05
6.294985745547828265e+05
1.675842710159097624e+05
1.969624396726530686e+05
1.304878342231993447e+05
8.417672007944181096e+05
9.333662669141244260e+04
2.449100339964196974e+04
3.059060445429462707e+05
1.680230239573571016e+05
1.376518796702905674e+05
1.078189492058082949e+06
7.947752452757407445e+05
7.798520384604338324e+04
2.371515925220833160e+06
7.364522909081067191e+05
1.250716173750286689e+05
4.018048547215411090e+05
1.648819078466393403e+05
4.613891330402371386e+04
4.162068220567876124e+05
1.123105715632172301e+06
2.302712577161200752e+05
8.590438143577562878e+05
1.212011552328109792e+04
6.910563806712253718e+05
7.756199570855089696e+05
1.478909656214831048e+05
1.517886280161908071e+05
1.514158175383622525e+06
2.033455227943615173e+05
1.121533301115440190e+04
1.907975990333291993e+05
3.355281497755195014e+05
3.702195832798676565e+05
1.602533013219517852e+04
6.893512186004614923e+05
9.991793817183384672e+05
1.942472710329903348e+05
6.186936785954942461e+05
2.909816657831380726e+05
8.970505157179298112e+05
8.020766068145657482e+04
4.027726883112450014e+05
1.113521005595054157e+05
3.500105880707975593e+05
8.818260958880257385e+04
2.013537687168354460e+05
8.842831958874987322e+04
1.441081570882042404e+06
4.926081678387793363e+05
3.037039008520469535e+06
7.139829085770620732e+05
3.989385887774628936e+05
3.965730350995611516e+05
1.235689226628262317e+06
5.260987379118698882e+05
6.464573786763359094e+05
1.398538089009851101e+05
1.239951692277674883e+05
6.290623853548973566e+05
6.413323499754753429e+05
7.891899721864982275e+05
1.099400382055119378e+06
4.599224406293468783e+05
1.598406990313720598e+05
2.448514347557584115e+05
8.551674163740278163e+04
6.906343515977865318e+05
7.408066655836716527e+05
1.840484013134184643e+05
7.973563932058431965e+04
3.209855923763297033e+05
9.284549227176607819e+05
4.007391669081677537e+04
4.995017419869143050e+05
5.642117849744018167e+04
1.533901122635986540e+05
4.072446293162897346e+05
3.488590046217346098e+05
7.423856793566922715e+04
4.260227584185352316e+05
5.358444346549877664e+05
6.884147269495588262e+05
2.497733837324516790e+05
8.612955147995599546e+05
1.673103651697168360e+06
7.231151784400227480e+05
3.959896109271818423e+05
3.155870961636340944e+05
2.119692865810904652e+06
7.451554198960587382e+04
1.445941282030254370e+05
1.853263341288708616e+05
3.050366034868522547e+05
2.260419269795567961e+05
1.321486152127040841e+05
5.628531557710462948e+05
2.024975511983718607e+05
6.399208695664826082e+05
9.184487590049901337e+04
5.911670996701362310e+05
7.459012345556937158e+06
2.352890983691786823e+04
1.675860996920027537e+05
4.216181259716323693e+05
4.155290343431344954e+05
6.740315653814465622e+04
9.882197927222416038e+05
5.138068687277543941e+05
2.837636224826570251e+05
7.534230210672846297e+05
5.356683824458484014e+04
1.224360025436146971e+05
4.838599341769079329e+05
5.827972888086220482e+05
2.148641115502287284e+05
2.750360460262416163e+05
2.286731606180471135e+05
1.580391985488719656e+05
2.217745892817214481e+05
2.724089913067125599e+05
5.961299714824866969e+05
5.548532149989025202e+05
2.426107920707554731e+05
3.541534483269882912e+04
2.085238046391445678e+05
5.556146615414571716e+05
6.898085399764443282e+05
4.511923084108424373e+05
2.030699486676551402e+06
9.758244839928699366e+04
1.866390332554757697e+04
5.687830063949337637e+04
2.411826618835785484e+05
9.481346723804620560e+05
3.749751533490393194e+04
4.962836646147146239e+05
3.814371675566060003e+05
3.664973577796907630e+05
1.578940277158075944e+06
9.349041508727319888e+04
4.304959282509519253e+05
1.871136955436004559e+06
9.490089941044269362e+05
3.772185339527269825e+06
6.950557094273802359e+05
2.744249563150289468e+05
3.904169407518308726e+05
1.071392744529967458e+05
2.443770240116641507e+05
4.879022989782849327e+05
3.605231266148440045e+04
3.192987084020982147e+05
2.335118226213609742e+05
7.503000127250801306e+05
3.314707368866309407e+05
2.920816827026233659e+05
3.629167022581304191e+05
3.635565266587362275e+05
4.437002785314535722e+05
5.670809743570638821e+05
2.256420076463185833e+05
3.727128118485196610e+05
4.114444699207569938e+05
7.330130158723383211e+05
6.536184382928067353e+05
3.042839237044351758e+05
1.140020295010772970e+05
5.376785549539574276e+04
3.047081328567452510e+04
3.899807342759491876e+05
5.372762068470863596e+04
8.052042098545837216e+05
2.195077712934760784e+05
9.166404292137990706e+04
9.706287953007580945e+05
2.012888609343415592e+06
4.241478655176974135e+05
1.621236031814639864e+05
2.180924830272216059e+05
3.616672274578806479e+06
5.152460994932913309e+04
1.547087390918958467e+06
3.034492096359102870e+05
4.158021224673301913e+05
3.256178074116139906e+05
2.764413482753768098e+06
2.667078229498068686e+05
1.498464915603788686e+05
2.846279012940285029e+05
8.430129864275400905e+03
2.332224778847882990e+05
9.067457471802963410e+05
1.218392729456186062e+06
7.950921853307484707e+04
1.933461711480618396e+05
1.359763194541686971e+05
1.877599813652059063e+06
1.254587065478217119e+05
8.617413678805259406e+04
1.667064544326989853e+05
1.874571563275986991e+05
2.133621988704875694e+05
8.680804531683356036e+05
5.376900122071898077e+05
3.781319968939864775e+05
3.669060761939332006e+05
2.597140469356168527e+06
8.828185871605502325e+04
1.658953603466842906e+05
2.762611252613261342e+06
6.537384343082963824e+03
9.709860574447015824e+04
8.355055194496448385e+05
2.221035489149932255e+04
1.408479734755828977e+05
5.951914452271920163e+05
4.424885084899137146e+05
1.931716003448788542e+05
8.171752377129166853e+05
1.739799384723683179e+05
5.818315776982920943e+05
7.938141841020581778e+05
4.801020448734130478e+05
2.002196041118896334e+06
6.246546399110679340e+04
3.412003167186783976e+05
3.951672870925008319e+05
2.755023615720706875e+05
8.193939851629619952e+05
2.367971668360735057e+05
4.446201296403957531e+05
2.300550947753931396e+05
6.444696493529683212e+05
1.682908413637433201e+06
1.594532667569287587e+05
1.702523714905484347e+06
3.603012339040051447e+05
6.104081559612528654e+05
3.002163627450998174e+05
7.491419158442276239e+04
2.855679648686654982e+05
2.858843817626005039e+05
3.601466292212207336e+05
3.196380346282162936e+05
7.362608700841884129e+05
7.445288956772320671e+05
2.591919237697883218e+05
5.280477147064115852e+05
1.511596451631322969e+06
1.138035785749765346e+05
6.297719117209655233e+05
4.703523781520447810e+05
1.882839610717825053e+04
4.893471570500211674e+05
5.116705648080357350e+05
6.120756252610108349e+05
4.707565075315936701e+05
1.776214988243934931e+05
3.292098972126140143e+05
2.703224802666048636e+05
1.872005619460174930e+05
9.963105519714350812e+05
1.107659031769428402e+06
2.295567045981395058e+06
2.907175811027326854e+05
1.717171305880131258e+05
2.080556241588236066e+06
2.959112274413009873e+05
4.648651065407053102e+05
1.110000180983546452e+05
2.551875047004984517e+05
7.780010453904331371e+04
1.409570937285026303e+06
6.088358131998769240e+05
2.472143624803340936e+04
9.979790730878742179e+05
7.332340971062433673e+05
1.271164758993218420e+05
3.884073480376341031e+05
2.578749597034264298e+04
3.867177652120071580e+05
3.784551185187452211e+04
2.059597697545910778e+05
2.996753973330160370e+05
3.587921707625713316e+05
4.487038817653459264e+05
5.372082313185785897e+05
4.710087902325374889e+05
1.691092406238318188e+06
2.572531299326949520e+05
1.342710955509466003e+05
1.494625206528865092e+05
2.070283414956338529e+05
1.571020973965621961e+05
6.373769821580557618e+04
5.163889002333771205e+05
3.735591199387012748e+05
2.542100744367236621e+05
2.932448966264897608e+05
1.065218073277705844e+04
1.781420364070124342e+05
1.304764361155540391e+05
4.280513819838909549e+05
3.427264888940849050e+04
4.429238874711481854e+06
5.139937934252381092e+05
1.187312376164581947e+05
1.995045279284270015e+06
8.748804179262965044e+04
1.028834466412323673e+05
1.321005490668595012e+05
1.298350677736014593e+06
5.190212006203968194e+05
5.638092166393079096e+05
8.691383383755374234e+04
6.497371383424325846e+06
7.466732017311372329e+04
7.270523478747135960e+04
1.357239492400214542e+06
7.979756477868416114e+05
3.405467958811368444e+05
1.243136454264741951e+04
1.682446309322773595e+05
1.655528663091970375e+06
1.217533591348485555e+06
2.288436217115413456e+05
4.868375700736144063e+04
3.853137248555897968e+05
3.929847791015896481e+06
3.073352142531923018e+05
2.446311202301257581e+05
2.504861856871670170e+05
2.009165109707966039e+05
1.805556841362254345e+05
3.663894471877278993e+05
1.663466815186464810e+05
1.339314740970072162e+05
2.061958210415294743e+05
4.070693919847643119e+05
5.499481494232299738e+05
8.627124083230359247e+04
6.644035161816551117e+05
2.194471009821609769e+05
6.846605187795594102e+05
3.486040330287174322e+06
1.216405357040001109e+05
7.651227393097231397e+05
9.533695570530017721e+04
1.249158649939111434e+06
3.483017756781314529e+04
5.592472256399855250e+05
5.031833231194057153e+05
2.371999170309218578e+06
2.786313082186249085e+05
5.920709097562759416e+05
2.712437338663258706e+05
5.796561763072723988e+05
1.891884936438840305e+04
9.664237269495327200e+04
5.892040687755153514e+06
1.987348332217279822e+05
4.699257842816642369e+05
6.580533250438417308e+05
2.919563449140334036e+06
2.096069959661729168e+06
6.962433081726492674e+04
4.962869995220121345e+05
1.443004879993401701e+05
1.218770399334755784e+05
1.341099170166266849e+05
5.537687316054615658e+05
2.040718487235659268e+05
1.347220994712343672e+05
8.951297498800620669e+05
3.861549101888557198e+05
1.859457597211874090e+05
3.187197872290555388e+05
1.181951161055567645e+05
3.099368754192588967e+05
2.685852566684324993e+05
1.524072310449053475e+05
4.899488928341796855e+05
2.050733702957045520e+06
6.053108840820424957e+05
3.266914655227813870e+06
3.361870672931620356e+04
5.044934539673220570e+04
9.374048786206021905e+05
3.642590734563551843e+06
5.389087145292798523e+05
9.303683569490842056e+05
2.444147577405155753e+05
1.253234784661555168e+05
8.763969054234416399e+04
1.220586752474411333e+05
2.307063014374499617e+05
1.851301436727951514e+05
5.305397263052767375e+05
1.458400250400408171e+06
3.400582908967487747e+05
2.081631565345156705e+05
8.299933989581222413e+05
9.820688044375252503e+04
3.256774795934527065e+05
2.224737030252430486e+04
1.894671865238078404e+06
8.553358673437412363e+05
1.256771915649234579e+05
9.114012353002453223e+06
1.532343743921510468e+05
1.383610510236282134e+05
2.631408850193397666e+04
3.260046035102832830e+05
2.663587326616052305e+05
6.031226711367114913e+05
2.708370083207865711e+06
5.195412339814976440e+05
1.472355583127388498e+06
1.097504508979929087e+05
1.393935542238887574e+05
1.962851770026297309e+05
9.329621488453277852e+05
1.156413951339263294e+05
3.513139896650610608e+05
2.662998825080223032e+05
4.974029420900751575e+04
1.384176723357079085e+06
4.331025638630826725e+05
6.830929975911412621e+05
3.809513689817724284e+06
8.767587930915877223e+04
8.085727667642234592e+05
2.387376439558917657e+06
1.942536901494492195e+05
3.266014526032480644e+05
1.378855361792574695e+05
2.521573068818722095e+05
1.085983699647126487e+06
1.220434952664880402e+05
3.498564375834935345e+05
1.162949754329718708e+05
9.257985027019471163e+05
3.235268748603735585e+05
6.954128133497914532e+05
9.342421627399458885e+03
1.865095201397565252e+05
4.222652464812598773e+05
9.249313036201029317e+05
1.550514389404511894e+05
2.060454307213635766e+05
2.612857840198051126e+05
4.164635066106676240e+05
2.878758185482558329e+05
4.535072642277952400e+05
2.162235881316048035e+05
6.245241353473162744e+05
3.006848821702451678e+05
9.008495413418172393e+04
8.510862671749300789e+05
1.019614786847922005e+04
7.826664186589228921e+05
6.632809713134217309e+05
7.054815983633491851e+04
2.229730343442754820e+05
2.672537940902828705e+05
1.776461862809397571e+05
3.486641506894043414e+05
7.500970333635424322e+04
2.925894402345083072e+05
3.336590048361524241e+05
1.480582501838441938e+06
5.579235737359708874e+05
2.525605190376042174e+03
2.519105175384686328e+06
1.930940557809699385e+05
1.731306497258453746e+05
1.551234786398476281e+05
5.293164056358898961e+04
9.241647135486139450e+05
1.396343101237022493e+05
5.836290158656424610e+05
1.431932626925670193e+05
5.360721523768663406e+06
1.163038421943090623e+06
7.938380600524642505e+05
3.999552563438959769e+05
4.551035239912319958e+04
1.766400427026819962e+05
2.625986310681354371e+05
1.096158260288118763e+05
6.042991544941073516e+05
3.725133490121227223e+05
5.867302898233927554e+05
1.618554518953929655e+05
5.458932699440474389e+05
1.695644085708806524e+05
4.643619752344110166e+05
4.501264130522073247e+05
1.601439709677844075e+06
6.594935840364765318e+04
4.772390013833874254e+05
3.626989533234086121e+05
6.854939851866001263e+05
2.088871746316638310e+05
6.240258949224824319e+05
1.413177681006279017e+05
1.213198619548205053e+06
1.605910008787739571e+04
3.748970888294480974e+05
9.082732987601056811e+04
1.045733746831944329e+06
6.778441190142035484e+05
1.440388309270790080e+06
5.220029926473640080e+04
3.109561758893062943e+05
4.878580332912346930e+05
3.158809938522145385e+05
1.266908697221745824e+05
2.054278327107618330e+06
1.475681185440040426e+05
4.483821404634007922e+04
8.255899821879980154e+05
1.452333544564764597e+05
1.343630537739580614e+05
2.121460886366647319e+05
1.319234077167782816e+05
1.473333497134624340e+05
4.645857950101890019e+05
9.961901601181722945e+05
1.141874215882568620e+06
2.326812370087237214e+05
5.959571959385386435e+05
1.944476278512986610e+05
1.600367412610848260e+05
5.170006942779071978e+05
4.064699554841272184e+05
2.132580250655078271e+05
4.829155960641691927e+05
1.347800219718243694e+06
5.918987978087461670e+04
3.299396733207090292e+05
1.135652503178669605e+06
1.284137485265365103e+05
2.499221766405384915e+04
1.588336757715996355e+05
1.159085668702065886e+05
7.768194031267309329e+05
8.555924121559753548e+05
1.498545100993449450e+05
7.877106652035213774e+05
1.647447982610493200e+06
8.616896818799673929e+04
7.788870895753676305e+05
3.474887276100028539e+05
7.652598324831599894e+04
3.507922843943277840e+05
1.823704944762901287e+05
8.233904878127352276e+04
9.602515804496764031e+04
6.212951798485209292e+04
7.013495935255938675e+05
5.209853848514528363e+05
2.162929829500247724e+06
1.962268767250678502e+05
1.128188512372117257e+05
2.295192430570141878e+06
6.154940429286133731e+05
3.123931325332772685e+05
1.869770528245934402e+05
4.938174773178757168e+05
7.887756329904791201e+05
7.001965641354675172e+05
2.510733327695803717e+06
2.489519251028652361e+05
6.119606185359996744e+05
6.487016635173467221e+05
7.805235061955655692e+05
3.861111350091468194e+05
5.474919590819689911e+05
3.315740760171959992e+05
2.213750425671218254e+05
3.488903124502247665e+06
2.092235547461792885e+05
5.779821339821967558e+04
1.721570071409506490e+05
3.940452524666853424e+04
2.991062685788423987e+05
4.638378087879188824e+05
1.121484028562593739e+05
1.749500655839165440e+06
2.564577923288169841e+05
7.875324422271237709e+05
9.474160262706815265e+05
1.148180731088292523e+05
4.588335331774167717e+05
1.569069825645320525e+05
5.028480056485683599e+04
8.265139529785029299e+04
2.144125027157789737e+05
3.901275952025937731e+05
3.747655665762207354e+05
1.467289664476422127e+06
2.829314184832744650e+05
7.779794610835301864e+04
8.462305410144921625e+05
5.575343983452193206e+05
1.826569746256449493e+06
3.737440742789150681e+05
2.783504846359505318e+05
1.565634371613929688e+05
3.517159211214365205e+05
2.058766600670033135e+06
2.972899845979182646e+04
2.348182245101485751e+05
4.963663494168146281e+05
3.127458769994435715e+05
1.783961254899043357e+06
7.693872468147377949e+05
2.499974748413821726e+04
6.872085630329048727e+05
1.086262186684487388e+05
1.382696090362572577e+06
5.394076999134577345e+05
8.245085166996538464e+04
7.848325715644459706e+05
2.988313764980586348e+04
2.379810371666818683e+05
3.000148505690497113e+05
2.789412257451696205e+05
1.071686372982775560e+06
9.064316583882908162e+04
4.828992153219960164e+05
9.997059856346491142e+04
2.236214280968391802e+06
1.634536830385920126e+06
4.004195387074334431e+05
1.324947333604770713e+06
2.075309375910061062e+05
4.414129849880724796e+05
7.831190379709798435e+04
4.240529535967067350e+05
1.142455668215252808e+04
7.122981526310275076e+05
3.128150716046040179e+05
2.374473134916321433e+05
8.638728222883514827e+05
3.164985277007719269e+05
5.870605292151824106e+05
1.725683081255410332e+06
2.743540022810688242e+05
1.481811787470992655e+06
2.635733569157841266e+05
4.044658029171865783e+05
2.911790465618879534e+05
2.150356832719604950e+06
7.154748741417138372e+05
9.063414947711073328e+05
4.872341447554505430e+05
7.293094382157014916e+05
8.299924252407815075e+05
4.283192402526394580e+05
7.567607037280487129e+05
3.511899312845567474e+05
4.256447742060738965e+05
2.157336088137021288e+06
4.829845836665759562e+05
2.102283802489624941e+05
9.229274350585478533e+04
2.060040487246838748e+05
3.451690631296507781e+05
1.193632428870573640e+05
6.344653176651564427e+05
5.614063078267625533e+05
7.691213494020345388e+05
1.813245851447348017e+06
6.577998022590443725e+05
8.701267264773477800e+05
3.877327502160168951e+05
5.931327415010271361e+05
3.381112577092509018e+05
2.724714830726904911e+05
5.069444777180286474e+04
2.166330707744521787e+05
3.581407253132142359e+05
5.168430671505650389e+05
4.507345994414492161e+05
1.672999744018006604e+05
1.715970402524264355e+05
1.967676185366985446e+05
2.048442377850552730e+05
2.895522878256721888e+05
2.847525073677530745e+05
7.055327168398927897e+05
3.133851729171158240e+03
4.186965700928830192e+05
1.007162435477065287e+03
1.034890043630826549e+05
4.531034996514157392e+05
3.015813235949765658e+05
4.968417812076419359e+05
2.213928271652204567e+05
4.599416676137045142e+05
2.134604178327618574e+05
4.856212492121350951e+05
8.568883097837066744e+05
1.332887568546044349e+05
1.163384218335678568e+06
1.075915925997805170e+05
1.159924421980011510e+06
3.748378661269508302e+05
5.916068712734531146e+05
1.796943082755432406e+05
1.927162784998329298e+05
1.169015371231619501e+06
1.050450130551455542e+06
1.463331762880632887e+06
4.121270831988507998e+05
1.807218331336148258e+05
2.283996511092816654e+05
1.291769682282006601e+06
6.502256477070780420e+03
4.704033772520808270e+05
3.128948347285970813e+05
3.153827906099885004e+05
5.715217524059251882e+05
6.552365583156635985e+05
5.229413134898530552e+04
1.370495671372165380e+05
2.312793940993846336e+05
1.902029214659195568e+05
1.038888938201426936e+05
1.224972945986603852e+06
1.043725889471445989e+05
6.236896323414851940e+04
7.117469440917011525e+04
4.455889891373990686e+05
3.256235841236161068e+05
7.941947344180879882e+05
7.021982044547711848e+04
3.306604047910165973e+05
7.583552326667074813e+05
7.819250629422371276e+05
1.020076903938058647e+06
2.037266365551362687e+05
2.302113955460749567e+06
5.918166483418681892e+05
1.565071739464645798e+05
5.774856730809474830e+05
3.969810517452924250e+04
2.105485106066882436e+05
2.120877932502666954e+05
1.261539056672802893e+06
1.085943553535631625e+06
1.676604836141007254e+05
1.475566903070775326e+06
9.322821107957379718e+04
2.235619693732350715e+05
1.293685781133874261e+05
7.994176968335551210e+05
1.657068305547850439e+06
3.716060528712105588e+05
6.211236892240252346e+05
7.630429967720294371e+05
1.226033111572111957e+06
1.687226113277389435e+06
8.092519646673304669e+04
3.219285482662480790e+05
2.177305917759431526e+06
8.370992578687519999e+05
9.530467634574076510e+04
1.315052798896208405e+06
4.874792959980217711e+04
7.996115740349995904e+05
1.944046216802948038e+05
1.585240143704050861e+05
1.162311271568970697e+05
1.942317059402324376e+05
3.253949425036018947e+05
1.883184714285232476e+05
8.882400423889545491e+05
3.601731000087406021e+06
8.045893304916745983e+05
1.535592304211649753e+05
3.675467996677996707e+05
2.516099538187732687e+05
1.056152531787557760e+06
3.020078181994459010e+05
1.178748774276769254e+05
5.873733692496732110e+05
8.204287268265197054e+05
3.954498360848104348e+05
1.927499295940882294e+05
4.804029644751671003e+05
8.034778375664214836e+05
1.680960316975422204e+06
4.104113835215532454e+05
6.022371943280252162e+05
1.123831441593622323e+06
1.822610663680222351e+06
5.806409928058126243e+05
6.824385612438358366e+05
3.526676805210671155e+05
3.175082906380431086e+04
4.221317560338575277e+04
3.719082273502042517e+04
1.486190983326229034e+06
8.057498567030596314e+04
2.332404439894206298e+05
7.373349366535116860e+04
5.721399417491700733e+05
2.732796661118648946e+06
7.261417662047989434e+05
4.684430502706653206e+05
7.059060438618251355e+05
6.818922148907692463e+04
8.384653717959733331e+04
3.459828116496565053e+05
9.712059089298022445e+05
9.335065730767999776e+04
1.448521650025171926e+06
5.474069121912167175e+05
1.473012196577509167e+05
6.034628281823074212e+05
1.510254563523424731e+05
1.862190687670823827e+05
3.761516017820870184e+04
1.746117165865132585e+06
7.079405088782452513e+05
3.090925162068378995e+05
6.289471850927200867e+05
3.292531785222520120e+05
4.668238485289295204e+06
4.352544838959674235e+05
9.534423920381676871e+05
8.545657335554008605e+05
2.948202618447160930e+05
6.937776935529559851e+05
1.903157136990631989e+05
4.356295865043333615e+05
1.655083531809477601e+06
1.715920312572247349e+05
1.897320478503408958e+05
3.494115838510425237e+04
1.914756910630015482e+05
1.033771280582679756e+05
8.843815939724424388e+05
1.680630260849259503e+05
1.537875232934609812e+05
1.299643933404060779e+06
1.333766345872976584e+06
3.835268020017016679e+05
6.950358717183393892e+05
5.819588482683711918e+05
2.042128348887159664e+05
1.281458366932465869e+05
5.300012850709318882e+05
3.098088968302103225e+06
7.730242925689183176e+04
2.571761204751953483e+05
4.498329324150243337e+04
2.887079783698047395e+05
1.870655358415802941e+06
3.698059918379372102e+05
1.410585300579494797e+05
4.206956902510249056e+05
3.594379544304822339e+05
3.307692267807620810e+05
4.690682606458243681e+05
4.199198742850918206e+05
3.536659182752674096e+05
4.958399133797630784e+05
3.828136643488484551e+05
1.877547990559310419e+05
9.399723151041551318e+04
1.014840191079429787e+05
9.322369184376040357e+04
3.609809361918170471e+05
3.871986786979332101e+06
5.209999106182302967e+03
7.111454035430573858e+05
2.769248298954110360e+05
2.340749915593286511e+06
3.097276576381174964e+05
1.450402234535867756e+05
4.031463678151515196e+05
4.671371743818860850e+05
1.075583122322447831e+06
3.821896142602087930e+05
6.060555347578981891e+05
4.121632439681857250e+03
3.077123584283938981e+05
5.639825030517705018e+05
5.277115590699068271e+05
1.469798230265624006e+05
3.922547849868852063e+04
2.448972890399640601e+05
4.477194389422539622e+06
7.234795723046142375e+05
2.475319635450228816e+05
7.470364868618627952e+03
2.658969204505594098e+05
4.613789412569887936e+06
3.991218465812190698e+04
1.157068217755775986e+05
1.819013659769011138e+05
1.093664183264138177e+06
6.952957546802494908e+05
3.779949610711053829e+05
1.341022550326329074e+05
4.582098864589612349e+05
3.222744150355614838e+05
6.279691830808143131e+05
3.235187857103684219e+05
1.293656235797081375e+06
3.259642327083117561e+05
8.399913129708031192e+04
2.780887341659572849e+04
9.080382753623201279e+05
7.623369684727867134e+05
2.097313611106315511e+05
2.300706923293201253e+05
2.941975426781820715e+05
6.155341222713850439e+05
9.669370117224111164e+04
9.272933544046510942e+05
1.010705098262647662e+05
1.414107748859736312e+05
1.603411715028696461e+06
2.852285778172750492e+06
9.599154927436781581e+05
1.205898644516424829e+05
8.985676679996587336e+05
1.932594718569810357e+04
9.553205820228701923e+05
3.749475665537543828e+05
6.421714672050017543e+04
6.054423636678102193e+05
1.138503728039914276e+05
2.419866759332327638e+06
3.925383258214913658e+05
6.789755422225382645e+05
4.822772499682797352e+05
8.530668103638921166e+05
3.362487943875953206e+05
1.912623383381116902e+06
1.102312092600179603e+05
8.624290849595530890e+05
2.542741521706019994e+05
5.082665106724675279e+05
7.587865104439326387e+04
1.529528738454452832e+05
1.422201691407340579e+06
5.483418153691015905e+05
1.905418550791591697e+05
2.868208370022521121e+05
4.777198860677646735e+04
3.596666874621054158e+05
3.171734577067305800e+06
8.653687543923885096e+05
7.477613112688713009e+05
6.921331667071752017e+05
6.164011457698512822e+05
8.367013065260346048e+04
4.710661152927891089e+04
2.333221445374693139e+05
1.448907652644470218e+05
5.372686490183027927e+05
2.950009348655286594e+05
2.338961962572621997e+05
2.330535086217189091e+05
1.153622284581321292e+05
3.601555141946577933e+05
1.565288603841586155e+05
2.158883192017071124e+05
1.745750960150281317e+05
2.607522971199562307e+05
5.609395797571928706e+05
6.596898135852176929e+05
2.032079389269062958e+05
8.793679881397264544e+05
2.527211132862882223e+05
2.849527702572236769e+06
1.424875932206852303e+05
1.978339217551576730e+05
6.812805426119023468e+05
1.285926617989137070e+06
1.477946880235869030e+05
3.395262594389241422e+05
3.736680713148480863e+05
1.157277475553710945e+06
4.290456322003267123e+05
2.621145406692731922e+04
2.836528066386633436e+05
3.138915343003559974e+05
1.310154843674910226e+05
2.246834573156343249e+05
4.507880406498681259e+04
9.125662843170436099e+04
6.023654946094104089e+05
4.370669789164515678e+05
1.577449528624656377e+06
3.233188225532430224e+05
1.606179367919931829e+05
2.625407743919157656e+05
3.471351741708163638e+06
2.847568684754343121e+05
4.066685799014555523e+05
1.361598751598948147e+05
7.370594746721548727e+05
6.794124151080590673e+04
3.525163081957980758e+05
3.694616497730951960e+04
5.996667502121413127e+05
1.724234697875197162e+05
8.470408598293110263e+05
6.005246290967282839e+05
3.690890708782813163e+05
1.321715512892940314e+05
8.358339430668413115e+04
7.938540261326883046e+04
9.900435461580350238e+04
1.369710698561966419e+05
2.378221169419914659e+05
7.694493611274140421e+05
2.219611764254389564e+05
2.097317684797537513e+05
9.009382994282738073e+05
7.725288049909974216e+05
5.085233105981228291e+05
2.547871969991006190e+05
6.313343999422906199e+04
8.263666929565794999e+04
2.782248819099930697e+05
9.834696258734659059e+05
3.787411630626718979e+05
1.384108092360664159e+06
2.913842625098837743e+04
1.890162435335861228e+05
2.690540846424842603e+05
9.799452595342098502e+05
5.022248286226708442e+05
4.343498908821989316e+05
6.793926495853844972e+04
6.553162264026959892e+05
1.347696522175689926e+06
6.524951206734344596e+05
1.021678451302495901e+06
6.945349484219480073e+05
2.959843773142011487e+05
3.619377523733032285e+05
4.508954961355094565e+04
8.673301924639419303e+04
1.069648953692928655e+06
2.335200845312284655e+05
3.505355841292397236e+05
2.470844304866487801e+04
4.242356375146665960e+05
1.206745688744449755e+06
1.273508238032806694e+05
1.325637404038941022e+06
1.120919961819569726e+05
4.422340947414694238e+05
1.247752157426585291e+04
5.565609923865416931e+04
7.564575325160205830e+05
1.967138127838194836e+06
2.412034202832895098e+05
6.491256523745188024e+05
1.315895944739543367e+06
9.852758968093007570e+04
3.415991926321866922e+05
3.464979112138236524e+05
2.820558098902229685e+05
4.124192214807447162e+05
1.739485855673891783e+05
5.959131829023212194e+05
4.337008565475024516e+05
5.783547389881383860e+05
1.489716391560335644e+06
3.116390373312670272e+06
7.216552214413476177e+05
7.523114695236703847e+04
1.211670794979061233e+06
4.333789058033048059e+04
5.704136984714899882e+04
3.531147393195410259e+05
3.175913133593029343e+05
1.539291573369588004e+06
1.780315881735662697e+06
3.330751583352039452e+05
5.499005211951099336e+05
2.389439606769396050e+05
2.143517811682441679e+05
3.040587653031686568e+04
1.080600391395848710e+05
4.340423398611347075e+05
1.226677158104560571e+06
1.631950058849307534e+05
2.221863864366037771e+06
1.283781767242379865e+05
1.714366610999354743e+05
1.947810511959692230e+05
5.219283038869579905e+05
6.625998540581473208e+04
1.468738380967485951e+06
4.387168717406907817e+05
9.346603779779157776e+03
1.703743770740648688e+04
6.300665271581665147e+05
3.349897941851251759e+06
1.884902640893916832e+05
2.026562819842100726e+05
4.201799680004684487e+05
4.673293726326030446e+05
4.282136822868282325e+05
1.813293834801263642e+06
4.423268485693186522e+05
8.869279522922774777e+04
5.410356494117230613e+04
1.695949330208053580e+05
2.857628239097002661e+05
9.832265888445179444e+05
3.970897405539447209e+05
1.754074608405855179e+04
2.619988288923989458e+05
2.192259767879869905e+05
9.038959725243125577e+05
1.335777685635647795e+05
4.389844207194064511e+05
6.092774881475823349e+04
4.312403659577709914e+04
8.880980444647957338e+05
5.801107001508943504e+05
1.611613219510411844e+06
4.266837261540687177e+04
1.098960946928531164e+06
6.074651270400041249e+05
1.473735010607949516e+05
2.107817127713596274e+05
5.821391864421729406e+04
9.344045052303201519e+05
5.310499163178918388e+04
2.065362819118983462e+05
1.954570413338512008e+05
5.920515265378585318e+05
1.147251533081906149e+06
1.459394497369862627e+06
1.656866443369860761e+06
2.428583652654626349e+05
9.799668329026818974e+05
2.347600774371614389e+05
2.082238214752456988e+05
8.229354603162373678e+03
2.690322790652475320e+06
1.009059219698584406e+06
3.782903391954979161e+05
4.063747351965167327e+05
3.006599456149837351e+04
1.589932591411759146e+06
4.566288913077955949e+05
1.484156859177498554e+05
1.368490519674059469e+05
9.775052861042642326e+04
1.429814575509362621e+05
7.244799145605709637e+05
2.082898221969350416e+05
7.210362994684316218e+05
6.300947308560409583e+05
6.413213239681284176e+05
8.138513563429695787e+05
8.951181462556904880e+05
7.521588167003483977e+05
2.504464540643254295e+05
1.668720812021190359e+05
3.384277856495830929e+05
2.291678271175711707e+05
3.522673599197783624e+05
2.465941462725242891e+05
2.098052143278174044e+05
1.094838261672960361e+06
7.293057403647298925e+05
1.537722875516314234e+05
8.773819069312007632e+05
1.283042742450610269e+06
1.932903590423348651e+05
4.517267450627726066e+04
4.249495094006762956e+05
2.107702201017001353e+05
4.317213848531684489e+05
5.004433026216056314e+05
1.046041226561261574e+06
6.292851096495898673e+05
1.248061067739337450e+06
1.738328847693486314e+05
3.531098530189554731e+04
2.225073080251331907e+06
6.357778490805485490e+04
6.748393424012373725e+04
5.424784945949732355e+04
3.361864824892461911e+04
8.212432760689837160e+05
2.489337330830723979e+06
2.120435870673291211e+05
5.582858839512991108e+04
1.723984946485172259e+05
2.000575851067205193e+06
5.342197986964661395e+05
1.138206365553684445e+05
1.326967974652704550e+06
7.496442123852890218e+05
4.559832179999506334e+05
3.335134544852742110e+05
5.300050333689292893e+05
1.505994974614809325e+05
4.715670444560475298e+05
1.555050012159273319e+05
5.631989829470772384e+04
1.099358398917165759e+05
6.770053966930732131e+05
2.507393369000538951e+05
2.031483876684452989e+05
3.106584929571082466e+05
