1.243541327189562435e+05
2.341698105879990850e+06
1.069643808884472586e+06
1.031707296437256620e+06
7.889035330029619217e+04
7.726571318939005723e+05
7.325049484316830058e+05
3.883063339731184533e+05
2.230086172403341159e+06
2.520476577325309045e+05
2.122280759919444681e+05
1.297786666327943822e+05
9.981318198284885148e+04
4.783999898309309501e+05
2.913481220979730133e+05
1.049871520275593648e+05
1.360555670915977389e+05
7.220592874655579217e+05
3.586665106421684031e+05
2.134685183325175894e+05
3.190037560992272920e+05
1.376434986283465289e+06
3.077033967594295740e+06
1.559415848873047507e+05
7.445917424754401509e+03
1.795148191525174771e+05
1.351262314691309817e+06
6.121418155593753327e+05
1.924479171593951178e+05
1.951436410862015327e+05
8.118709611117275199e+04
2.626236430986722917e+04
1.453347954900442855e+05
1.813431533246852923e+05
3.059450163227426820e+05
1.583794979580697836e+05
1.925986828808055492e+06
5.443188600823991001e+05
2.454267214175443223e+05
5.424718596309436543e+04
7.701016607919981470e+05
2.493356333473659470e+05
1.821877218190031708e+05
2.498324926116728748e+05
1.723618232045635581e+06
1.452074692656661209e+05
1.520063243086320872e+05
1.734574490231319563e+06
4.515686640032411669e+05
5.292462638365793973e+05
1.357863548990451032e+06
1.361164808284727391e+06
4.599286519945936743e+05
6.640153353215158859e+04
2.966712315163442327e+04
1.702661846867141780e+06
3.892564785309672588e+05
2.447480614590512123e+05
5.596049854437725153e+05
9.947903108187166508e+05
1.907877031110109820e+05
5.673668952121668262e+05
4.942744907314539887e+05
4.697325309699364589e+05
2.300720947221274546e+05
1.526166197773182357e+05
7.529110651583608706e+05
2.001360132759866538e+05
8.628542930474987952e+05
1.969631306824755738e+05
1.079139280971816770e+05
2.075165784883594461e+04
2.884792155561145628e+05
8.808861498276656494e+04
1.163922721068133833e+05
5.626508190532212611e+05
1.189295677639323549e+05
2.851955923941100482e+05
9.150855004775480484e+04
9.009652137283244519e+04
5.471830628991957055e+05
6.533744204804339679e+05
3.542818947810532991e+05
1.646098808666016557e+05
1.296770881960385159e+05
1.185614612238250702e+05
7.947805889241109835e+05
1.642361647013777401e+05
8.052617227058028802e+05
3.449580446601369185e+05
3.031507677171871765e+05
4.899374269544208073e+05
2.275261337501453818e+04
1.000594240225504764e+05
5.122809953117157420e+04
1.347257404071422759e+06
2.495353270280646684e+05
5.977569138775038300e+04
5.652943718626201153e+05
2.617240861500333267e+04
6.062788433354665758e+05
2.418732563385076821e+06
1.668587817919377994e+05
7.034405641594185727e+05
1.164982666387954378e+05
1.006561102123746241e+05
2.816400673389630974e+05
5.873224000566368923e+05
6.227223679989824304e+05
1.113180607136430219e+06
1.589676101420398918e+05
3.619345365030706744e+05
2.353787314317035198e+05
1.623830035822058097e+06
4.316871032776668435e+05
6.901830557633506833e+05
5.922368937144066440e+05
4.211546111067883321e+05
1.971012113219056919e+05
7.018999014778477140e+05
5.266415148551022867e+05
7.208836627035276615e+04
6.329418011601666221e+05
9.360890845282763476e+05
2.462524506279368419e+06
8.813501634509767173e+05
8.553336964958941098e+05
9.983103392329392955e+04
2.785272157721247640e+05
8.737248386584381806e+05
1.728316007417968940e+05
1.064228711059578054e+05
8.636890987593599129e+04
3.386091837314667064e+05
5.171928448568481253e+05
1.229365740106713027e+06
8.618955389401713910e+04
9.098512210997709190e+04
2.135929893512787763e+06
9.705920335930526198e+04
2.932981796356774285e+05
2.271312352206539072e+05
7.527153504436304793e+05
2.197548167854310304e+05
5.173410623276703991e+05
1.741795216204233293e+05
8.120085816931740846e+05
9.468123196711645869e+04
2.506436098550332244e+06
1.756535874866077793e+05
3.116270557842256385e+05
4.307447159864698770e+05
1.820217642028042814e+06
7.050725236130912090e+05
1.612292630862631195e+05
2.660739306129007018e+05
1.407470829117998946e+05
6.106994282437571092e+05
1.792130639705562498e+05
2.503054895012842317e+05
1.206833320837417705e+05
4.736683833380943397e+05
6.551145255716554821e+05
2.959469099775768336e+04
2.266095816092889290e+06
3.158778470604252288e+04
1.022029581425526412e+05
2.118754722838507732e+05
1.203917586041388800e+06
1.803876116152933100e+06
2.669220483196586138e+05
2.077761325758972380e+05
1.104349757993300009e+05
6.467310932561934460e+05
1.480066953026452102e+05
4.528835488042186626e+04
1.524914374849222833e+06
3.883004241970782750e+05
6.486185236166052055e+05
9.306962629939867475e+04
2.908196714917193167e+05
6.911212414280056255e+05
4.867720714057231671e+05
2.261925989039801643e+05
2.657057321948157623e+05
7.400953732748198672e+04
2.170647710591689392e+05
4.023230665263690054e+06
2.250428215539614612e+05
5.169815952245317749e+05
3.593504602962291683e+05
1.197246731625506887e+06
6.113370342497370439e+05
1.468425578682571067e+05
3.848698211498536402e+05
1.055536715641353512e+05
1.844627421088080853e+06
1.404465884013670962e+06
1.105885131620393833e+06
3.734671444665149320e+05
3.425076378637797316e+05
8.885038395455674035e+05
1.535829559271011094e+05
1.182056225759790745e+06
7.660267435054552334e+04
2.790339014449008973e+05
2.616177790894678037e+05
7.775299425006182864e+05
1.157587681511507835e+06
6.891473245581249939e+05
1.298772004634719196e+05
2.010086277339629363e+06
5.487909193560951389e+05
1.917936425217664691e+03
5.140049799226667528e+04
1.496212425339040055e+05
4.252040839651555289e+05
7.883534278184786439e+06
1.377456059909714619e+06
1.392159923488666769e+06
2.138338665572188329e+05
1.058748698984373361e+06
7.936619731668289751e+05
4.786291824500841321e+05
3.340908897164504742e+05
1.738503720629480085e+05
7.155416470034457743e+05
1.113546807731999143e+05
3.570733008155549760e+05
4.993318093286848161e+05
1.437827703550781007e+05
1.323688943569406692e+05
1.527023630177988962e+05
1.589103726463881612e+05
1.427248743646232761e+05
3.468343272236299817e+05
3.608963068882474327e+05
3.594287973916754709e+04
2.446149594380822382e+05
5.971621439534653473e+04
2.904058503125305651e+04
1.415336633417473058e+05
1.249883509826620138e+05
4.273281783269236330e+05
1.558757365471053927e+05
3.813714891426263493e+05
2.705128340293085057e+04
1.589773813630155288e+06
3.161761764303790405e+05
1.295517412950838218e+06
4.692113805083071929e+05
7.269016091437296709e+05
1.290384507112336869e+05
2.178295968800418777e+05
1.048569340676176711e+06
8.025559517915095203e+05
1.042216310067676241e+06
2.442337255557756871e+06
1.544306240101512230e+05
1.007693756839117414e+05
2.506779657975337177e+05
8.450623169630247867e+05
4.869925568462593947e+04
3.164113227376044961e+05
1.110387501439659682e+05
4.076326703873029910e+05
4.548912878854021546e+05
1.754067603305488301e+05
2.359436867426772078e+05
7.338820376632952830e+05
2.895113505369335180e+05
5.158093605722440407e+05
9.962454742655747104e+05
3.554942481672748108e+05
2.657758147898543393e+05
3.200022942055271938e+06
7.601678977877572179e+05
2.384614026599056553e+06
2.214092490201003384e+05
7.542562713836380281e+05
5.190869496239344153e+04
1.342225171901924303e+06
9.566165763958980097e+04
1.620806239494735841e+06
8.679099506030377233e+05
3.930559079691026825e+06
6.428220395649399143e+05
2.888782412869609543e+05
1.010489685253987845e+05
1.187044246924061154e+05
4.778289402877924294e+04
2.397338183653882879e+05
2.823545513478132489e+04
1.146979997866505058e+06
3.142390247203497216e+06
4.771425130354901776e+05
7.102581405621097656e+04
4.735198353608325706e+05
1.286216255011565518e+06
6.617333021986454260e+05
5.398822292435708368e+04
7.487648794758721124e+03
3.765909066421228927e+05
1.382249876366926765e+05
5.603592470783540048e+05
4.436399969711719314e+04
1.228943212160976545e+05
2.251887078022404457e+05
2.552594963668822893e+05
7.682998865695752902e+05
6.521793454559404636e+05
6.633102343140842859e+05
2.681888568364745006e+05
4.869750152880611131e+05
1.424522665897326544e+06
1.215520549685091712e+06
1.156136563183108519e+05
3.148212588927564211e+05
2.457585427382499329e+05
4.830119621536549676e+04
2.309542835955116607e+05
2.596754256708100904e+06
3.877380404692827724e+05
3.589763419827873586e+05
6.394278802735164063e+05
1.320325392656382173e+06
4.424252086005270248e+05
2.462035229280440763e+04
1.925966619687344792e+04
2.705724336249652551e+05
1.993683423711201758e+05
3.535325861592594301e+05
6.382433166768543015e+04
5.803552056422387250e+05
4.398963463385561481e+05
3.511519132157285349e+05
6.801231281340471469e+05
4.440987656278043869e+05
1.969126537481468695e+05
1.085875905305677094e+06
9.411841132034037728e+05
2.772063274422476534e+05
3.102493540006665862e+05
1.078454205313556740e+05
4.191959410465495312e+05
2.063853939264458604e+05
5.293021688441451406e+05
8.152647630189583870e+05
1.117798737131657399e+05
1.174902812451050268e+05
7.308227787950032507e+04
3.895936389143444248e+05
1.315076023185381899e+06
3.299964816748861340e+05
7.312825734559530392e+05
1.213349511574144344e+04
5.585792628267678083e+04
3.330108291739476263e+05
9.051071193109696032e+05
5.145527880513916898e+04
7.973219930536817628e+03
1.933216398388022935e+04
5.509672029910092242e+05
9.946951212232052349e+05
9.138492929969668621e+05
3.761981810916667455e+05
6.459430056757341372e+05
3.945629902453611139e+05
1.837172901565182954e+06
2.212887978097027226e+05
1.194657626531641581e+05
1.819995261302407365e+06
8.095144224950582720e+05
1.379573070458962757e+05
1.015739334644102375e+06
5.843954256960878847e+05
1.282051481310138042e+05
4.794398361190960277e+05
2.797984051630361355e+05
2.896497478693625308e+05
2.463233370778711047e+06
7.779886634083560202e+05
2.323015859520992963e+05
2.527236026412528299e+05
5.394286307648012880e+05
1.749672782086230000e+05
1.586255410888693295e+05
5.834634514931492740e+05
1.349906718193270499e+05
1.881373905163769223e+03
3.560320656425377820e+05
2.204654559062943736e+05
5.861948046602774411e+05
3.773930841887925635e+04
1.031801165443080536e+05
6.874310988237833371e+05
6.561224717410891026e+04
3.396158466015777667e+05
3.142589257102069678e+05
1.240145934535862878e+06
6.252423938079213258e+05
1.077017466604269430e+05
7.504192766461623251e+04
4.137601399868262815e+05
8.282685459268502891e+05
4.315286740887150518e+05
6.757748762900756265e+04
5.758255067327339202e+05
4.620023784401483135e+05
3.806680135232252069e+05
2.281718318316782461e+04
1.092164068202262279e+05
2.949282089280439541e+05
1.275717592416870903e+05
2.101002320957329590e+06
1.207547916896366951e+05
4.382770072568054311e+05
6.626899346775910817e+04
4.571881066529041273e+05
8.034318920227828203e+05
3.957930906762925588e+04
8.594040900943279848e+04
8.016847761825727066e+05
4.716397927139179956e+04
7.334101083559871186e+05
6.953756551374761329e+04
5.585277486542095430e+05
1.407949136038764846e+06
9.661171628183829598e+05
1.283499622143838496e+05
2.159137931827448483e+04
8.917723392297890678e+04
1.041773441010739480e+05
2.452880693804738403e+05
5.205166222719437210e+05
1.328274143946116674e+05
3.331060611196742393e+05
2.680534548300626338e+05
5.515067001467507798e+05
1.141926112821373157e+06
1.759447639885263343e+05
4.721621091170795989e+04
5.984180844798597536e+04
1.172966149212244200e+05
2.861464121732143758e+04
5.426826151631643297e+05
1.623804029184533516e+06
6.080115236965834629e+05
1.899095216000580986e+05
1.814022414402821101e+06
4.091798913077571196e+05
2.751324508475459879e+05
1.014081882852442359e+05
8.725281383515056223e+05
5.175541206498154497e+04
2.871874655700184521e+05
1.156719782689476851e+06
6.133174047958499286e+05
1.068961537191434763e+05
7.036210509668382292e+04
1.858529062947422790e+04
5.168992605861108168e+05
1.644120826850590820e+05
6.086365478179592174e+05
2.116583305985182815e+05
4.568548676825835719e+05
1.253828649653628236e+05
5.682255400847489946e+05
5.691035810618593823e+05
9.605759338891449443e+04
3.820437016162899090e+05
6.224466245951231103e+05
2.052838297706648300e+05
9.589845699828740908e+04
4.613370833046580083e+05
2.730510032694122056e+05
4.393944426168060163e+05
2.767473645047711398e+04
1.087785953039602842e+06
1.336571197976171970e+05
2.092608845635897305e+05
4.531436750729047344e+04
1.451533589143744612e+05
1.728131634266312700e+06
2.460026633368831244e+04
1.189401175530244829e+06
9.794935352956588758e+03
9.043169180616235826e+05
2.571067971968156053e+05
1.457815997150910553e+06
9.396015913566322997e+05
3.554116793240708066e+05
5.750021475796599407e+04
3.350523691141030286e+06
1.393801571873173525e+05
8.479326779218571028e+04
5.718235980106233619e+05
1.121085218284614821e+05
2.211414794303388044e+05
4.157306180120179779e+05
4.924944104729836108e+05
3.229340233099298712e+04
2.088744543834490469e+06
2.218722931209689341e+04
3.625794775468482403e+05
1.776219037660020113e+05
6.050792953482825542e+05
4.619936309725616011e+05
3.196736460187774501e+05
2.474350021607922099e+05
2.938212588091602083e+04
1.568530706133077329e+05
9.096553620580341667e+05
1.144403093893337063e+05
4.338071086085929710e+04
1.403214981127093197e+05
3.747480000449609943e+05
1.174507165144033963e+06
2.926660506785288817e+04
3.006872254284936935e+05
3.397611124599742470e+05
3.664709915689660702e+06
1.275984674143584678e+06
2.959028510664335336e+05
2.455832010637444910e+05
1.396211256660325162e+05
1.427531920070962748e+06
1.601245528031004069e+05
9.205518822828147677e+04
1.744525277095976053e+06
3.173368832292824518e+05
2.615865370007927995e+06
5.830122674579336308e+05
1.804854361447681731e+05
4.269521696712059202e+04
4.015756957592907565e+04
3.588770337494263658e+05
4.649870330145932967e+05
1.565413717647194397e+06
8.866759345759032294e+04
1.303711022901851175e+04
1.711173246642391023e+05
6.504971290140203200e+05
1.112397792798850453e+06
5.618235110544658964e+05
1.600926892114519724e+05
3.382167043054709211e+05
4.164210509364087600e+06
1.907703144847154908e+05
4.219309378832200309e+05
1.884714131772031251e+05
2.094416672499896958e+06
3.278320068788624485e+05
3.489961500000734814e+05
3.940418397532102535e+05
7.809500212329540227e+04
4.098895699730970664e+05
1.710997166721353424e+05
6.814682112543458970e+03
1.550084141837920062e+06
1.800874840109459357e+06
2.563768645905301091e+05
1.086041339562373701e+06
2.278629036886401009e+05
1.330936020921072341e+05
5.168786939650127315e+05
7.120241319388106058e+04
3.536311212384661776e+05
1.837662129494115652e+05
1.646192100987527519e+05
7.487409351602765964e+05
2.862681867335044080e+05
6.531412131652390817e+05
4.513310833395186928e+05
9.530910091283053160e+06
4.873507412481931970e+05
1.407930404271153675e+05
3.091934019025961752e+05
2.797493069153577671e+05
1.537661530578339007e+05
3.744826376125051174e+05
7.040042138140161114e+04
1.324827295681131945e+05
3.010893513330749702e+05
4.031225126875282731e+05
2.616946637995307334e+06
4.501084809479357791e+05
2.899123722110631061e+05
1.865840425842121767e+05
1.230133795342296944e+05
9.121492181682650698e+05
2.794325401204226073e+05
1.555344713312926178e+05
3.687977680101153965e+04
5.919088584293462336e+05
2.146051149546795990e+06
8.499818942161867744e+04
4.580983852411438129e+05
2.200843060154738196e+05
1.443480171568183578e+05
3.793251693748221733e+05
5.176356065027232398e+05
3.506304450666808989e+06
4.031054363184033427e+05
3.257316782268994139e+05
9.820794306328423554e+05
8.044866571462267893e+04
1.697483119570186536e+05
3.590055468829974416e+05
4.606259501454484416e+04
2.656894900078470819e+05
1.622797280343018356e+05
2.468797059712991584e+06
2.101886547190236161e+04
2.413192761249198229e+05
1.251024814701991709e+05
3.080760397259098827e+05
4.784136779885888682e+05
2.654375009615076706e+05
4.682835264003663906e+05
2.643597960445887875e+05
8.555898342531966045e+05
1.416003358337724931e+05
2.193238253803770931e+05
3.835899460493507213e+05
5.035695023014189210e+05
1.634152063660648710e+05
1.768691572817519191e+05
4.325276279446107219e+05
4.092668935452532605e+05
2.673384798338374239e+05
1.190938828745114151e+06
2.380502688735572447e+05
5.980631843765900703e+05
6.669580885492818197e+04
1.908490518063500058e+05
3.194277227747750003e+05
2.070006652982868836e+05
1.829939895018698589e+05
2.512661089549896307e+06
4.167804905613454757e+05
2.505091880839909136e+05
1.041222067554166773e+06
9.713866090035378875e+04
1.591419638842915301e+05
3.549571641484656138e+05
7.027952927598771930e+04
1.083667426358889206e+05
3.884151630291072652e+05
5.982563859649001824e+04
5.756160255600759992e+05
5.076083676538777945e+04
1.452243040821356590e+04
1.027984527879077214e+05
2.290780735514178523e+05
1.048348442027485580e+06
2.883015380395821994e+05
1.429858597418783756e+05
6.571993738818628481e+05
1.630658138900111371e+05
2.010437868275247747e+05
9.659364149775722763e+05
3.028057523691555834e+05
8.901024149016273441e+05
1.655388414236202661e+05
5.914734553466182842e+04
1.664434590941831702e+05
4.931119230254564900e+04
3.253053700771254953e+05
4.688505717949950485e+04
4.259046808963859803e+05
9.318164768015972804e+05
6.266209021904369816e+06
3.775604091988874716e+05
1.965692315550486790e+06
1.053678863922677469e+06
4.625705224670704338e+05
3.238782091511726612e+05
4.913268304628010956e+05
8.507159655457347399e+05
5.909593690572396154e+05
3.795137367447115830e+05
1.176190980967283482e+06
3.549272524469824857e+05
1.241050633809496649e+05
1.995316641873140907e+04
7.078794230819517979e+05
2.080348968212405161e+05
2.034288050502014230e+05
2.279371725976982852e+05
7.574972881183013087e+05
1.091527230212739669e+06
1.759368159242661204e+05
4.756984127685335116e+05
6.214267201411215356e+05
1.991377441393433255e+05
4.396430941431086831e+04
2.224990503656699439e+05
5.279254890680651879e+05
7.911542627293001860e+05
3.153800287201750907e+05
1.487052303818709042e+05
1.058479948180259205e+06
5.698974142003296874e+05
1.025172458100365126e+06
8.424696581269332673e+05
1.433787043597591575e+06
9.488151308044908568e+06
3.686497381456831354e+05
4.256543730041692615e+05
9.856835104438989656e+05
3.940843955991473049e+05
3.354307942764502368e+05
5.777757101268316619e+05
2.012245313210568274e+05
2.173667592988290824e+06
4.384519523954730248e+05
6.928080853017861955e+05
1.132711654173106363e+05
7.026053871283892076e+05
3.962310514842450502e+05
8.078120929465674271e+04
2.836951790293096565e+05
2.180814831776862411e+04
9.317583080543171382e+05
1.743500108878544706e+05
6.330735875749407569e+05
1.902548666053585184e+05
1.316782032727926853e+05
3.556724611806680914e+05
1.584601215551458881e+05
1.330944169161634054e+05
3.470238472616975778e+05
7.278105376666868106e+05
2.014672506046351045e+06
1.756207895975302905e+06
2.267921814771764330e+05
2.024758242641434481e+05
2.609377551279129402e+05
1.510044157811969053e+05
5.070861362456585630e+05
5.568195674976974260e+05
1.803835342300274933e+05
1.252043593195114809e+05
3.220100801567039889e+04
2.419393885100247804e+06
8.777651866172655718e+04
3.781941370498378528e+05
1.568528170732182451e+06
6.216190251481274609e+05
4.611315797156369663e+05
4.172175339601127198e+05
2.818401964235980631e+04
1.628853373847901239e+05
7.986229827792891592e+04
1.554011587539202592e+05
6.619803729120016214e+04
5.888548001162079163e+04
2.784341840971092461e+05
2.253620520867325366e+06
3.537551070142677054e+05
2.581821158444412053e+06
4.935792045233026147e+05
5.865070074178004870e+05
3.182088497104324051e+04
4.659675078574533691e+05
3.535431038158106967e+05
3.292946091136192554e+05
1.962617802710546821e+05
3.520062545191472746e+05
1.869480462732494925e+05
4.462082937117640395e+05
7.392828557890172815e+05
9.758482708220921922e+05
7.506414881351127406e+03
1.356997248965455510e+05
9.765561538618415361e+05
2.713326352742161253e+05
1.121594441423497396e+06
3.639353112981887534e+05
5.780575110779971583e+05
1.570771127258781635e+05
5.552771591412249254e+05
3.594378558482548106e+05
1.818241579241637664e+05
1.585386533012111322e+05
5.624204892829924938e+04
1.406281417463740567e+06
1.105791413977198070e+06
9.883345997222402730e+03
3.416802675833663088e+05
7.959017188965780952e+04
1.663647645375400607e+05
1.292018557705637766e+06
1.374627502775189059e+05
3.631981732797864242e+05
7.833330583193956409e+05
2.200312533553777321e+05
5.296425884670064552e+05
8.791492222787726496e+04
2.874615875385075924e+05
5.479193649346142047e+04
9.373019904964228044e+04
3.826467579986537457e+05
3.497921439521916327e+05
1.443779979536475614e+06
7.259079907390503213e+05
1.273121944265970524e+05
6.779383704876416596e+05
5.787529569082583766e+05
4.097892156557835406e+05
3.291679764514770359e+05
2.167816545857382298e+05
1.412308311750897439e+06
5.672636906964050140e+05
1.974752502870754106e+05
2.212546270394606516e+06
5.760554692692076787e+05
6.753539501000380842e+05
2.077071666932612134e+05
2.732076276342828351e+04
5.467929159121309640e+05
6.880500148024069495e+04
3.757000745060246845e+04
3.727394118842190946e+05
4.284232185080675990e+05
1.115366846408897778e+06
1.422417265008659160e+05
3.666902139339201385e+05
1.953081420719095040e+05
2.246488515885866072e+05
2.391612482055573259e+06
1.898136956942155957e+05
1.083691868621769681e+05
2.898049309991067857e+05
1.068535320230845129e+06
2.060607454014894553e+06
8.225700006013170350e+05
5.170223713853555382e+05
3.696495660911098239e+05
2.518771724121668376e+05
1.472184512451085029e+05
1.400580585223544331e+05
2.433513011703936500e+05
3.981472646500170813e+05
1.215457457711886382e+05
8.795011089663234306e+05
5.545297908171494055e+04
2.594212325266712578e+05
5.095122353629352292e+05
1.976839897282212740e+06
6.633229668864916312e+04
3.005773669284888310e+05
4.313361463361640344e+05
1.789018974666055874e+05
3.689029616672643897e+04
1.250993345616230363e+05
1.766955877337582351e+05
3.236481080648397328e+05
1.118853123749183724e+05
4.169374901427407167e+05
1.769486032674924936e+06
7.387318305057734251e+05
2.913967056671316386e+05
2.625174270727959811e+05
1.591321047978676324e+04
4.652563293690363644e+05
2.028685200725881732e+05
1.737183578710579313e+05
4.052221859442285495e+05
1.665925152569679543e+06
1.106198485502999043e+06
1.092369174005288369e+05
5.077550841213531676e+05
2.504217144897006219e+05
2.320864110567605530e+05
4.888405956054631970e+05
9.731030163391305832e+05
5.685227279236032628e+05
1.012781795486159273e+06
7.819823777693812735e+05
1.536871360975119169e+05
4.646782200869343069e+04
5.319208447834126855e+04
1.961949752453435445e+06
4.167057477477780776e+05
1.029617645409562829e+05
6.211938482122572168e+04
3.652268442333102576e+05
1.578093734102871385e+05
1.423014151536046062e+06
4.235832278272484837e+04
3.582699686386337271e+05
8.737480774292863207e+05
1.073920498282221815e+05
9.396234311549925478e+05
7.129598981836141320e+04
1.093085703704976477e+06
1.113462887758674042e+05
7.680409790150651243e+05
1.450426442240445758e+05
1.489163280486476142e+05
2.784415348022312392e+05
3.184400914389633108e+05
2.605322880268088556e+04
7.142800600326535059e+05
1.203882202346761711e+06
2.773973707555860747e+05
2.421809911833411752e+04
6.691401547955911374e+05
7.149399076487228740e+04
2.541811277215218433e+04
7.464173676967710489e+05
1.013427919025336741e+05
7.062446384360170923e+05
8.958301944180319551e+05
1.023752047512972495e+06
1.177296073442197172e+06
1.097720561628062860e+05
5.310718843580653192e+05
8.688482445028076181e+05
1.290493043570007198e+06
7.323130865208996693e+05
3.953205770041119104e+04
2.856805906296356115e+05
3.833731762036068831e+05
5.830567186511359178e+05
3.965867567480458529e+05
4.224331916547606816e+05
7.249947843827580800e+05
7.974414190759902704e+04
1.727863531307582743e+05
8.116154272096538916e+05
2.020402607325167628e+05
2.408987097265690973e+05
6.072855205846835452e+04
5.628049539443978574e+05
1.994811603615985950e+05
5.410531094511758420e+04
9.161649121419691946e+05
6.365721064329607179e+04
2.598753774991898099e+05
5.186733480124533526e+05
2.805657147026808816e+05
2.213366030137409107e+05
3.739699539371241117e+05
7.907285066088974418e+04
2.182575884820464533e+06
2.137586136024425214e+05
7.392347576033904916e+05
1.630689515669879038e+06
1.450482173244031146e+05
3.226208000087220571e+05
5.132933195260937791e+05
4.004896111957175890e+05
8.024748679519187135e+04
1.902484010902752634e+06
3.646925525718727731e+05
2.660904978595646025e+04
3.726538886665950413e+05
5.064090303904694738e+05
4.722837718943136279e+05
1.156086094912777626e+05
1.061682019618034363e+06
4.912152974872016057e+04
3.561540696192636620e+06
8.100439605648105498e+05
4.735218142820386129e+04
4.120739773479888390e+04
8.072771848994349421e+04
1.153307483563676651e+05
7.904646184528997401e+04
4.337965962629553978e+05
6.365422727663146798e+05
1.538825549215609441e+06
6.925862325301907549e+04
1.745307580739248951e+05
1.028019221182016627e+05
1.540770553325893707e+05
4.548089092536447570e+05
4.862814006265458884e+05
1.274720493106819958e+04
1.645148530543712259e+05
5.591254427708877483e+05
6.784643269374109805e+05
5.897760400218262803e+05
1.132812717827607994e+05
7.148046676375257084e+05
6.707225577197314706e+05
2.096649375194109161e+05
4.563947344217934005e+04
3.747932581778078456e+05
1.240375343774820940e+05
1.806596027513775334e+05
1.724982813564807177e+06
2.215087405128336046e+06
7.822552809082405292e+04
2.939664000003915862e+05
5.770895719873644412e+05
7.048269391381407622e+05
1.917826652819309093e+05
3.634336075603734353e+05
1.280747569510362664e+05
2.899363898680820130e+05
8.877150498161027208e+05
1.042130750311918790e+06
2.487425035330567509e+06
5.345922100286729983e+04
6.771445322979751509e+05
2.125301878813037649e+06
9.596257473024652572e+05
5.032663238922207966e+05
1.314491940785856685e+06
2.643621117082101409e+05
1.290141494508096948e+05
9.630089687145347125e+04
2.182334606244757015e+05
1.766589429431082914e+06
1.187096034872457385e+06
1.143652457490445086e+05
1.472559281630327168e+05
1.309240231685820036e+06
1.079126300573059561e+05
1.085541420456855994e+05
2.344973204510920623e+05
1.039207539529583009e+05
2.073627790013763588e+05
4.683993207302399242e+04
7.312911047553647077e+05
2.820512183942387346e+05
1.383777074230336002e+05
8.625191432762081968e+05
9.703172162060708797e+04
9.711932705055060796e+04
3.814567896288788761e+05
6.158533904492921429e+05
9.509160696739154810e+04
2.065739125695381081e+06
1.806800140801285394e+06
2.672448093325808877e+05
2.745010249431435368e+05
5.000068026144372299e+06
4.958492905615020427e+05
1.006682607501077882e+03
2.389821867105186684e+05
9.497705644779506838e+05
7.577246913158993993e+04
1.001097015483268187e+05
1.167872546641884837e+05
3.072408643488693997e+03
4.767650289782443433e+05
2.668036825146985357e+05
7.162204014387395000e+05
1.214321017202637813e+04
5.222652200848781649e+04
5.076191293927291408e+05
4.480660424577706726e+05
2.555824893424748443e+05
6.868143819009091239e+05
9.188792098150885431e+05
2.784984899030900095e+06
1.672846061341349559e+05
2.854732282339866739e+06
4.922484087854252721e+04
1.271284121901767940e+05
1.434426731213648338e+06
3.339094030730339000e+05
8.633916445383369864e+04
1.477666159508136116e+04
1.700292589383481827e+05
1.793713323690120160e+04
5.568278146518329158e+05
7.853936062759199413e+05
4.399335734085134231e+06
9.302917315381086664e+05
1.878103146641170606e+05
1.269471146591578436e+05
4.306207134110655170e+05
2.159566221737985325e+05
2.102393986157916079e+05
2.010235899252211908e+06
3.502497885419003433e+05
3.172642569605443277e+05
9.945320951976451324e+05
2.201120610655289784e+05
5.163360998260638735e+04
4.054718746924540028e+04
4.736384399165690877e+06
4.312905959241079399e+05
2.442259649195996826e+04
3.249661477257453371e+05
1.178570079274535645e+06
1.406484065634619037e+05
5.210808909953377442e+05
6.684739517586543225e+05
1.323601386029644636e+05
1.240200717988390243e+05
1.175268949589490512e+05
7.935098839920898899e+04
4.698401902725699620e+04
3.585576698877483141e+05
3.967286370503903890e+04
2.160065509212948091e+05
2.058261594659198308e+06
5.239612369978408096e+05
7.657096346183775458e+05
1.030571431690453755e+05
1.123950373115218099e+05
6.275512726737819612e+05
1.587141603446711961e+05
1.553647347432775889e+06
2.312078788599288964e+05
7.940246928858467436e+04
6.983878617205702176e+04
3.693232072903270018e+05
4.079862515660688514e+05
5.160532545920301345e+04
1.406173730921971146e+05
5.379622762269121595e+05
1.678224940756055526e+06
6.447420315150052775e+05
3.697117492411831627e+05
1.259856516773146286e+05
1.426109346360755626e+04
5.032372269320679479e+05
1.286540265939749079e+05
5.222049581486390089e+05
1.608308349796070252e+05
3.609427252365238382e+04
1.202869783511627757e+05
6.165459370799046883e+04
1.242868333608391258e+05
2.251485595446048828e+05
1.682761044155694617e+04
1.003611095679115533e+05
2.561404305925515655e+04
2.665282042078655213e+05
3.120661600173265208e+06
1.355073429453597928e+05
8.441044862255322514e+05
1.253736502229290054e+05
4.647513912283774698e+05
9.722081335791730089e+05
7.957046960575740377e+04
9.493123522388894344e+05
1.252562415183735546e+06
6.868227253115300555e+05
9.117662987522481009e+06
4.300446205969380680e+05
2.947760584246875369e+05
1.252615526540859370e+06
6.035615351721885381e+05
7.757742330867616693e+04
4.648330337912382092e+05
2.032771302794922085e+05
1.249311990306724794e+06
1.543385547853891971e+06
1.966007833267996321e+05
1.771429071360815433e+05
1.859120337245065457e+04
1.841484050726422109e+06
1.732091748094432696e+05
1.474011527247746999e+05
3.905305558003446095e+03
9.420990113897083211e+04
9.770454620888004138e+04
7.684294455182027305e+05
5.695291649673976644e+04
1.846802968519155169e+06
5.461162318600945873e+05
1.065244129459465621e+06
5.536635491422521882e+05
2.897095898783342564e+05
3.527650271931217867e+05
6.796720081159996334e+04
1.608405093919341452e+05
2.351946074600399937e+06
4.573201833091723965e+05
1.265765928484790675e+04
7.037901024835042190e+05
2.720989246316045173e+05
2.014383141416451836e+05
1.505364974612264486e+05
8.376932399261857790e+04
8.105049595371766482e+05
7.486059245725062210e+05
1.957887279453175375e+06
6.200596951402948471e+05
3.596347437277337885e+05
2.868361010098881088e+05
6.630705048010844039e+05
6.347496490526230773e+05
1.503649401513052406e+06
1.265670414204029134e+06
9.193872914164876565e+05
6.594401494471934857e+05
3.986777176892083371e+05
2.509012993324545969e+05
2.702999515900855840e+04
4.266498263667219435e+05
8.424137228767861379e+05
3.684158497630172642e+05
4.265964925469815353e+04
8.792847439308834728e+05
8.674450996908235829e+05
1.912828522029327578e+05
3.082483544892065111e+05
1.388836273101723520e+06
8.685427979042836232e+05
9.081914600377036259e+05
2.582211671965181013e+05
5.366449399933526292e+05
8.002557035013769055e+05
6.929842679658102570e+05
8.433102744010182505e+04
6.046543045904738829e+05
1.356087483600658888e+05
3.006199274016761919e+05
2.403116897059089970e+05
1.700931914112418017e+05
1.615300076278565975e+05
7.986933845381806896e+04
8.834323754606761504e+05
6.355427670689518563e+05
3.489997106784082134e+05
2.446962131683152402e+05
2.258982830904854636e+05
1.297425892068944959e+05
5.099770934861316346e+05
1.237345203201804543e+06
5.277995155639663571e+05
6.037576762497146410e+04
5.530502495926478878e+05
1.588463129117935430e+06
3.724876098086211132e+05
3.221337563965150621e+05
3.835069792747867759e+05
2.164625967908646562e+05
2.269694252932613599e+05
1.603914883256795118e+06
8.058436999288450461e+05
6.995549437008169480e+05
6.357024989738286240e+05
1.457834955244144192e+06
2.658773378502808628e+05
2.776780871871112031e+05
3.034080282804575836e+04
3.174544618486250401e+05
2.665396110592136392e+05
2.922953943479576148e+06
1.436712409259489796e+05
2.348124693324850814e+05
1.815601726450228598e+06
4.913399261031302012e+04
1.730210117181686452e+06
4.937101916580412653e+05
3.963804249094926054e+05
4.554292489841469796e+05
4.160550009787428426e+05
4.240198867360103759e+05
6.719209491835150402e+04
5.730576558150773868e+06
1.129906156003858632e+05
6.356118290755441558e+04
3.863873889309714432e+05
2.147580788297997322e+06
2.831181971838471945e+05
9.327679306948934391e+04
1.096359631586440373e+05
1.480295410090840014e+05
5.531005059812442778e+04
5.202334375486543402e+06
8.002328371265222086e+04
2.227959811376798025e+05
5.197259423128749477e+05
1.762844034502377617e+05
1.989414892183677584e+05
1.581740797795125749e+06
2.732805995299785864e+05
7.395994124184594257e+05
4.954610395169879775e+05
7.548935795445183758e+05
2.093857123772885243e+05
2.032868759578968631e+06
2.845577845014056657e+05
1.812962638430835214e+06
6.230622458603318082e+05
1.261169189963708195e+05
1.759456110492003063e+04
5.261129509842121042e+05
9.068496111057350645e+05
5.343073071856151801e+05
4.154611535818234552e+05
8.801848570994990878e+05
2.069125330987814232e+05
1.068437347873240100e+02
5.775137612502809498e+04
1.263858052386509517e+05
1.135830420591537608e+06
3.954262843222228694e+05
1.650330719439317181e+05
1.079479325963522861e+05
4.680622897708773962e+05
1.461465831024995423e+05
3.847427672719285474e+05
1.119494486027383828e+05
3.887417224439670681e+05
2.954400946836329531e+05
4.895444510321644484e+05
2.090217768667399359e+05
6.025690577863938961e+04
1.716223230023574724e+05
2.094803997560256976e+05
4.945240150883363676e+05
4.127699591154757072e+05
1.998520141408509808e+06
1.726452450544918975e+04
5.561882670192261867e+04
1.143774187018240569e+06
4.436555046395236859e+05
3.994272714463642333e+05
4.694530684616458166e+04
2.817641107455501697e+04
1.464966045040685567e+05
6.210681017451916123e+05
1.237351248822996393e+06
3.900121962992390618e+05
1.978177165345122339e+05
2.212199073521019600e+05
1.230383636126706610e+06
1.205519199271127582e+06
3.207774775092301570e+04
6.397274142564604990e+05
6.361601019530900521e+05
4.322598064772525104e+05
1.420903477922152728e+06
9.326933353431205614e+04
1.742012832571366162e+05
1.843597274825285131e+05
3.683542777842512005e+05
2.659391173687999253e+05
6.316608444794288371e+05
5.489566881447075866e+06
1.414900017079833196e+05
4.069413736592955538e+05
3.794444851998896338e+05
1.860678768941417336e+06
1.044703651546051493e+06
3.230282140670506633e+05
7.627986886958913237e+04
1.461288751294487622e+06
4.408322418952026783e+04
5.373802576402630075e+04
8.617462858596792212e+05
5.936894146328386851e+05
1.991002444354328036e+05
2.944889497682439396e+05
5.697771128499279730e+05
4.991945557597214356e+05
8.234713557960550534e+05
1.028520287653470528e+06
3.593476938116037054e+05
3.411410290306907846e+05
4.803018262892797939e+05
4.650947151680638199e+05
7.378667753089295002e+05
3.399056105234856368e+05
5.021278607614582288e+05
4.987882194865050842e+05
4.393603531921169488e+05
1.930852375448060920e+05
2.348575715055948967e+04
1.101691015851890435e+06
4.463067008546756697e+05
1.304361100929022068e+05
3.640795527429342037e+05
1.406754064059373050e+05
2.669931568122089375e+05
7.778750922666910337e+05
4.769888076766353333e+05
1.972395020775591547e+05
5.549422384252569173e+05
8.970372146749525564e+05
2.072511535259720986e+05
5.678925889137026388e+05
1.552681097624094691e+06
5.987782035017027520e+05
4.208572827593926922e+04
2.087926996384613813e+04
5.600425556196449324e+05
6.576464637004144606e+04
1.489618690795485862e+06
8.520597591469386825e+05
4.966529011553730816e+06
1.194306299940164434e+06
5.718275491122370586e+05
1.406945530138440372e+05
4.361459911337181693e+05
2.462426290972108836e+05
6.616064014315127861e+05
6.113011991522518219e+05
2.443519809006447322e+05
2.586002393521252961e+05
3.303035256572946906e+06
4.022286444693415979e+04
5.313797415741881123e+05
2.655946374085973366e+05
7.351444072290890617e+05
8.456707129864798844e+03
1.262511629756115377e+06
6.793343723427190445e+06
1.409993784714015666e+06
4.683047924910689471e+05
3.417136864784825593e+05
4.854705867791503551e+05
8.343582433083477663e+05
4.058916565566569334e+05
9.330458173195121344e+05
1.476886465664665739e+05
1.956239646783376520e+05
1.929793920248809445e+05
9.370441633833107771e+05
1.478548412749813579e+05
7.423211614271787694e+05
5.469108047144171906e+03
6.372483495185197098e+05
4.233163936266491073e+05
1.949398675728879971e+04
7.901283935208345065e+04
5.148897952156383544e+05
1.774652860971212212e+05
1.809966336416989099e+06
3.339088670533107506e+04
2.717847323273007059e+05
2.166968400869592151e+05
9.055190708747517783e+05
6.797553295201105066e+05
1.190043175410549011e+05
3.857347940714538563e+05
2.299660494049751433e+05
3.478640398209156701e+05
2.894911489556700108e+05
2.895489930966039537e+05
4.855767348578896781e+04
7.541272933345843339e+05
7.284696489576443564e+05
2.554908165426030755e+06
4.138893665310619399e+05
2.124572982025425881e+05
3.851844130425410694e+05
1.521698202507151756e+06
3.492934496766467928e+05
1.419130318321365630e+05
6.330243001501734834e+05
4.272280020344860968e+05
3.493763035699352622e+05
2.996437384298839606e+05
5.578268723701051204e+05
3.875134704703490133e+05
3.500684124181335792e+05
1.181739162491354946e+05
4.694241741031087935e+06
7.837711973759243847e+04
6.291755373545460170e+05
7.295442811686967034e+05
2.724269830427386332e+05
2.512728394814086496e+05
4.602002144492515945e+05
2.431371701562719885e+06
2.114391897151233861e+05
1.686734333030998474e+06
2.039247145366689947e+05
2.917119200180114713e+05
1.733978687384347431e+06
2.136518416184570815e+05
2.456935797433604312e+05
1.601018969304569473e+05
8.622512008291340899e+05
3.657320018294251058e+05
1.216378607873471919e+06
3.185520364728490240e+05
8.736839185835770331e+04
2.055822887881408969e+05
1.343467249002492754e+06
7.238827246036895085e+05
4.509705507616564864e+04
4.254397512790841865e+05
8.130157547915483592e+05
1.281565812019228237e+06
2.648227757435968961e+05
7.653651058648241451e+05
1.340757577663118427e+05
1.724981693981948047e+04
7.530801054784012958e+05
3.028198319546908897e+04
3.748929551272884419e+04
4.595051242142677656e+05
2.601356850494290120e+05
1.347411125589289004e+05
6.737649286901119631e+05
8.716375701356800273e+05
1.127520150073389057e+06
4.263202561448451015e+05
5.859875028666969156e+05
1.376374958742032992e+06
2.566640496479679714e+05
2.017456375512364088e+06
4.596430544177066768e+05
2.837551379447560175e+05
1.050199559800604184e+05
1.505628704486407223e+05
4.114842943257304432e+04
1.915132181636050882e+04
8.231346123019941151e+05
2.007950864391459036e+05
2.033755154553400353e+05
1.351861053083632374e+06
7.715794901185125345e+05
6.244261828093804070e+04
1.708211654150617251e+05
1.858781550284160767e+05
6.377712030386857223e+05
1.377485628505003697e+05
4.998421108188093785e+04
5.018316212482151459e+05
2.635236227326200460e+05
3.125815134431647602e+05
6.015982506799269468e+05
1.370336777005205397e+06
2.812307641807505861e+05
1.327167879209272796e+05
1.064565300295359630e+05
1.048862887197446544e+06
1.522526062780859938e+05
3.307993001584634767e+05
6.120914570177984424e+05
6.071845160463254433e+04
2.581474897164546564e+04
1.315008627981517639e+05
2.368740055643674568e+05
1.145228506995284115e+05
7.236927526254344266e+05
6.548819096454939572e+05
2.291235551603448694e+05
4.149164742124673649e+04
2.263851348492188845e+05
4.723796990399491624e+05
2.951810037489131209e+05
3.392774837139768060e+05
7.475664206358203664e+05
1.072708775020738598e+06
5.022468866191158886e+05
9.499525105331087252e+05
8.834128404293968342e+05
1.760293607911184197e+06
2.850666326022245921e+05
2.898851282689522021e+06
2.627492348316439311e+05
8.628747573174156714e+05
2.708902287831688300e+05
3.471378009101949283e+05
2.972631859546105843e+05
1.550912636229323689e+05
3.225724749241123209e+05
4.483163010978404782e+04
3.845835265293644625e+05
1.570883765060950245e+05
1.321192643507936446e+05
2.533418869859895785e+05
4.103079363280609250e+05
3.543640535250861431e+05
6.010813771018501939e+03
5.507682943154450186e+04
6.855508068938176148e+05
5.788051315557069611e+05
1.291541434902434470e+06
1.252091544596354506e+05
1.119031444463509979e+05
1.131300556210822979e+05
9.849015369704029290e+05
1.323852682154336246e+06
1.652791237371305760e+05
7.351256356404694961e+05
5.179135662832287198e+04
2.649604088259090786e+05
2.318451944022699026e+05
9.521341504047469061e+04
2.462807023367077636e+05
3.580682821382756811e+04
9.156672955050789751e+05
3.898987244560325053e+04
9.763865549426444340e+04
9.372044893909830134e+05
6.093048209042545641e+05
6.229528400985402986e+05
2.169832375507528777e+05
5.717116188684116350e+05
5.595814086043837960e+03
1.165821759971100983e+05
1.869398110428013606e+05
3.195223924231958808e+05
1.156975473466145340e+06
9.798066098250250798e+05
2.631728506299189758e+05
2.678018202012177790e+05
5.843393047187350749e+04
2.258578873734137451e+05
1.055646114789202577e+06
2.529277037244386738e+05
2.405024740291875205e+05
4.301881833029557311e+04
1.248190407259893109e+05
5.549486251531020971e+05
2.343172350643076468e+06
3.982908117973380140e+05
5.730135909375395859e+05
5.730223980180436047e+04
3.234156200605845079e+05
6.566808828865918331e+05
8.816726362363200169e+05
6.512289757576629199e+04
4.466347703908422845e+05
2.968505027530626394e+06
9.689235155103191209e+04
8.182131977047815453e+05
5.694185539159724722e+05
2.178004137759131845e+05
1.483725064901751932e+06
2.041832451579363085e+06
6.555381714693609392e+05
2.746066899020944766e+04
6.741549526852907147e+05
4.296992127350969240e+05
3.179871781102440436e+05
5.016327390993146400e+04
5.336715062213896308e+05
3.250752977963007870e+05
1.184774931355533656e+06
5.716698031417841412e+04
3.624473948476454098e+04
3.124589033690747456e+05
1.616243451139566954e+06
3.518800309923698660e+05
2.291718842839788122e+05
1.413121837218522269e+05
4.319627989837795030e+05
1.319057721104146622e+05
3.544232230195771554e+05
1.188192988412029226e+05
1.703998358839579450e+05
1.922937848209094955e+06
2.815271307444863487e+04
5.415347755747358315e+05
2.257000905290173978e+04
1.769099727213745646e+05
6.356757346529076312e+04
1.059244149605464190e+04
2.895535578937926912e+05
1.736878303010965232e+06
1.157635356252677040e+06
9.933709729811828583e+05
2.185944345781103766e+05
6.334721310742673231e+05
1.286047353748836555e+06
1.275168918528719340e+06
4.508888018449678930e+04
2.276813162567037507e+05
1.995033207677988394e+05
1.469098437057876494e+06
3.589551697494116524e+03
3.696174220325957867e+05
2.848062732626614161e+05
3.040952700009305045e+04
1.343786367991589243e+06
1.683608581996510038e+05
1.577164145239926875e+05
1.340782393844311126e+06
1.561673792550481448e+05
9.464910190439713188e+05
3.728359854614420328e+05
7.272630728972550714e+05
1.833657348712021485e+06
3.354835126029669307e+06
4.077957699623560766e+05
2.368426357802032362e+04
2.423118787294303547e+04
4.463428068185284501e+05
2.317367770408274955e+05
2.766643327758595813e+06
9.980957100607220782e+05
8.741601157153920212e+04
1.245041340894739988e+05
1.139327525604808616e+05
9.564024870125823654e+05
7.965865543950861320e+05
8.547703464230126701e+04
4.582918567457444151e+05
3.211005511261605425e+05
8.970042900029817829e+05
2.931839679434513673e+05
2.687261717132717604e+05
1.437758746070142835e+06
3.837587795025429805e+05
1.364162041382859461e+06
4.381765935998718487e+04
4.351964573941973969e+06
4.733214222825971774e+03
1.482988968438340351e+06
5.009937473778189742e+05
4.279575728385590483e+05
2.448240440062385460e+05
1.950214656951839570e+05
5.012957855233144364e+05
9.017412245272468135e+04
2.413329626418626576e+05
8.276746100089479005e+05
1.719340428693659778e+05
8.748005463349429192e+05
2.752089737429624656e+05
1.357919021184255369e+06
1.204473144937362231e+05
1.733317133972755983e+05
2.909985609395256033e+05
4.614163747166316956e+06
1.875508926483085088e+05
7.073588354004114808e+04
1.958923876402476453e+05
8.125157450605665508e+04
7.558545592424321221e+05
9.473228261585583678e+05
5.368820748183922842e+05
1.520658251494131109e+05
1.230191028363699006e+05
1.126658815677157603e+06
4.860460581690380932e+05
7.579956843352618162e+05
9.864058110325476155e+05
2.926971344061073032e+05
3.407110210049086018e+05
5.301775843219381059e+05
3.732323239710131747e+04
7.245873363180580782e+05
4.804187482273275964e+05
6.545998637407174101e+04
1.751214153728100355e+05
6.141406310886419378e+05
3.025345402824516059e+05
2.642568682945114560e+05
7.415136345732256304e+05
2.801193118376018247e+05
3.380223841431144974e+05
4.579590931306620478e+05
8.400578027987699024e+05
2.047397412504408858e+05
2.652595856083236868e+05
8.646870975040950580e+05
3.090978967102770694e+06
4.201186397110883845e+05
2.128858748822219786e+05
5.391037491558841430e+05
1.091416998279246502e+06
1.066464648215848138e+05
1.443341931562089485e+04
6.465671242651998764e+05
2.414752190851602645e+05
1.715981323328309227e+05
8.094820142906892579e+05
1.096634150091110729e+06
4.227073757248022594e+05
3.134476438003134681e+05
8.828626584911862155e+05
1.643735407453525404e+05
8.132787057780914474e+05
3.421122450529338093e+05
1.108978045105413912e+05
7.042462449892812874e+05
3.475770244072849746e+05
4.252443790887658251e+05
2.015908676484153548e+05
7.401458829735842301e+04
3.598708088845829945e+06
2.459913568215401028e+05
9.737454307236676104e+05
1.415997173377222862e+04
1.869075526746772230e+05
1.417152378418112872e+06
2.468987647555764124e+05
7.916029978760253871e+05
1.924717066363737104e+05
2.957392211774089374e+05
9.162486559968630318e+05
3.727238695163980447e+04
2.573965901520775165e+06
2.519633717555565527e+05
1.049420117684511933e+06
1.538469011500597408e+05
1.211956867127585690e+06
6.662426142795270425e+04
2.469640023553826904e+05
3.766685324932797230e+05
2.163824750733150635e+06
4.608636648987413355e+04
2.161498525421949453e+05
5.079127443670096109e+05
1.444901562321911915e+05
2.120654536752637650e+05
7.835650034577315673e+05
1.552695966037662467e+06
2.277854007663667653e+04
2.743334027998773963e+05
1.427488154803695506e+05
2.282372106082005484e+05
6.711798699506277626e+04
2.787274847691858304e+04
4.110722885395904304e+05
3.126785307831131504e+05
7.063569379837473389e+04
5.549604927005935460e+05
6.945513685925991740e+05
8.981580137512123911e+05
4.419576939259157516e+05
1.132565848980786832e+05
2.180235439402557677e+05
8.904507854037559591e+05
1.687229303467413178e+06
4.557344413060341030e+06
4.731179119548488525e+05
1.137533433802325890e+05
7.993415154047593242e+05
9.779574066223857517e+04
1.913472762678966625e+06
3.944345972107942798e+05
1.575758452534046774e+04
7.469485140673529822e+05
1.570388725018231431e+06
3.008200482480370556e+05
2.436453031611418992e+05
3.771622634553164971e+04
8.221809177608449245e+05
2.816960303978550364e+05
3.773729616534197703e+05
1.814991424977059069e+05
4.358168344740055181e+04
2.009096099601939786e+05
2.453303596093741071e+05
3.557501685883249738e+05
4.017525132549668197e+05
5.201080202466816991e+05
3.740969212521227018e+04
2.732569873295522993e+05
6.781905032264010515e+04
2.229337496771748411e+05
8.164508934653164761e+04
5.573209631280851318e+05
1.371493248167844722e+06
1.664683790783377364e+06
5.796294060962847434e+05
1.360174913144403254e+05
1.119771926042893028e+05
1.511368009044098726e+05
4.219531667407117784e+05
1.467030338229867630e+06
1.687287930314550249e+04
1.061702248824476963e+06
1.434855019758820126e+05
1.721663167744958075e+06
3.551908824909914401e+05
1.533071193764404161e+06
1.519341890264509711e+06
1.484186332390029565e+05
3.876052461449802388e+06
2.027767598129606049e+05
6.372903219783277018e+04
1.762413914616924885e+05
1.728877585367129068e+05
6.142165595222094271e+04
4.992279801949915127e+05
8.621295596252178075e+05
1.725556875160730269e+05
6.618763130334311863e+05
4.852945297454878455e+05
3.419693981243405869e+04
8.228518005430752237e+04
5.044546879254662199e+05
6.967297559026305098e+05
1.605891688046728668e+05
9.470463340822868049e+05
3.258924875414554481e+04
1.574859159637487028e+05
3.043997654985074769e+05
1.967259001346458681e+05
8.563822691717831185e+05
1.644740941848044167e+05
7.462063352052759146e+05
2.484405386135613662e+05
5.029217776407988276e+04
2.513213255356207083e+05
2.990465752732196706e+05
5.242267539522451698e+05
3.853801336423024186e+05
7.927848088384162402e+05
7.144427799915780779e+05
1.685684852880932740e+05
2.539063025896551844e+05
3.177287030866660061e+05
6.329472389412904158e+05
1.483201326416324300e+05
7.470125253158926498e+05
3.328260471971040824e+05
1.385646787824791681e+05
1.510498917960350809e+05
7.648157923323804280e+05
7.249477282513395185e+05
2.236725448200345971e+06
1.046623025456464151e+06
8.061968594572175061e+05
1.407252632803806337e+05
1.290749342703430011e+05
7.366020469176105689e+05
6.893880818017872516e+05
6.379795951615059748e+05
7.391505458753627026e+05
4.891474047486056807e+05
2.589380620732050738e+05
4.623597119399597868e+05
1.850715094369096041e+05
2.575151575473054254e+05
3.473005228652374353e+05
1.822427963531906251e+06
6.721392577832271345e+05
3.914671455984169734e+05
9.961133357100348221e+05
1.133895846832825046e+05
2.638857204763846239e+05
3.794273790554841980e+04
6.764796183271291375e+04
8.124524134639233816e+05
6.183017460777865490e+05
1.800779964276067331e+05
4.805195888055925025e+04
1.179399299657567753e+05
7.306895781854897505e+05
4.288064697335706442e+05
1.970896657925162581e+05
7.621389304197862512e+05
6.004408053693338297e+05
1.343479482757296180e+06
2.966225901352410438e+05
2.271651402597367414e+05
2.594105801514454652e+05
9.070087696178425103e+05
1.474741679896900314e+05
5.112415669028182747e+05
5.971262181093472464e+03
4.517564904578280402e+05
5.813417671677164035e+05
3.958537266614370747e+05
2.667256790893956786e+05
3.766232159079271951e+05
1.845367996974654030e+06
1.216924059865248710e+05
1.135786385605696589e+06
1.363966805990735302e+05
6.744899657391237561e+05
2.004842902815556619e+06
2.619658082767176529e+04
2.611080969041199132e+05
1.151691543952666980e+05
1.315047518321988755e+05
1.211385849857442779e+06
4.523117827999041183e+05
2.204731330753729213e+06
2.877718650845098309e+05
5.843607264001567819e+04
1.270593141298824776e+05
2.736886407349118963e+05
8.943124093863084272e+04
9.471884444119102554e+05
1.439903529825219302e+05
1.109063626842045924e+06
4.430206763350011315e+05
6.631756283406692091e+05
4.354631665971066104e+05
2.164466963253293361e+05
8.965652213636630913e+05
1.585031012365211500e+05
3.098331545896636671e+05
1.101264019138948788e+05
2.002696606855243153e+05
4.196448161197898444e+05
8.217535925058331341e+05
1.516823497811615234e+06
1.386487836485633627e+06
8.034422153519686544e+05
4.612327335225427523e+05
4.254772612022077083e+05
3.115494005340634612e+05
9.607937338987513795e+04
1.666022144369873218e+06
5.696829726722473279e+05
1.358952545937502524e+06
3.625972197809406207e+05
1.105926266965261748e+05
5.004539386958009709e+04
2.164202534809445206e+04
6.578431695191913750e+05
1.349929492242417764e+06
4.702918165738564130e+04
1.729802627523293486e+05
4.635574924914588337e+05
1.504878515108919528e+05
1.581780127659713326e+05
2.618002887426067027e+05
2.077454138174320397e+05
9.765604737216263311e+05
1.648154818572826334e+05
4.951425611840503407e+05
9.586629311715270160e+04
4.882554414651199477e+05
3.029793500235796091e+05
8.095993409647798399e+04
1.288091954342905199e+06
5.111787991200494434e+04
1.799412120601733332e+05
3.754981216029357165e+05
2.126567811855494510e+06
2.055634902060813693e+04
3.513334700367658515e+05
8.738575206181161047e+04
3.175525393365735072e+05
5.915286800569627667e+04
8.281290289179071551e+05
2.139868057032718498e+05
2.575315253510014736e+04
6.674923614781440701e+05
1.198978520102762152e+06
8.484537652647052892e+04
3.705873675026320852e+05
1.065414099968499504e+06
9.510563456845175824e+04
4.872288507423285628e+05
1.497245971397834655e+05
5.029663352942459751e+05
3.606496323063981981e+04
1.547716865683208453e+06
2.140185335096658091e+05
4.109606115634370944e+05
1.475111130335364025e+06
1.063055910555697745e+06
5.322630302661824971e+05
1.788917861581270990e+05
7.970667415997112403e+05
9.719279675789899193e+05
8.807704177096809726e+05
3.533214191091745743e+05
5.549726691752864281e+05
1.748128963073451014e+05
7.066776946312685322e+04
3.076093490221271713e+04
5.635189355356323067e+05
8.944536875568098621e+05
3.278562032701590564e+06
2.612406824773532571e+05
1.862639432132659946e+06
3.651909264664138900e+05
4.246583343584470567e+05
2.968046672941747820e+05
2.651815893471774762e+05
4.893628760899840563e+04
7.103733295325272775e+04
1.825756433156310095e+03
2.088244240085170371e+06
2.753291404355832492e+05
1.319799774635544163e+05
1.429032371102427715e+05
6.541001029514254333e+04
6.297127032830168027e+05
1.126400601074449020e+06
3.497198749301931239e+05
6.130764249970985111e+05
4.950661792190370033e+04
1.158997912059597875e+05
9.738522813533592271e+05
1.605721641155351885e+06
1.311011459213621682e+06
3.036127321479484672e+05
3.300662637958733103e+04
2.250916321960521454e+05
7.768132510416038567e+05
1.442408470744150691e+05
7.040018208604288702e+03
5.036059692544372519e+05
1.088255679755754973e+05
2.596350798101713008e+04
1.156320139796408621e+05
5.616434652102551190e+05
4.492683101806328050e+05
2.299036327106981073e+06
1.590221969003776321e+06
3.237454873692115652e+05
5.022167319288916187e+05
3.943107635780565324e+05
1.255240070331876632e+05
9.651855294251367450e+05
1.024036991889990051e+06
5.403940339485966833e+05
2.143479293072537985e+06
1.498567257737895416e+05
1.938114222488169617e+05
1.207094901701621013e+06
7.171279693041514838e+04
1.003072609736176964e+05
2.485154938993084943e+05
8.323122628024568257e+04
1.133633280013014330e+06
1.242138829635086935e+06
3.045621253309836145e+06
8.340567567636228341e+04
5.384601947668263456e+05
6.706440194380176254e+05
1.106947872228825581e+05
2.889258739611329511e+05
2.306704592554876581e+06
5.012382052369578159e+05
9.453615599294423009e+04
3.802459543334778282e+05
1.414004257754176622e+06
2.537317809986096690e+05
3.417249407246822957e+05
2.267740559229892388e+05
1.703062228891985724e+05
9.723734137583629927e+05
3.280010812705619261e+06
1.255042243583316449e+06
1.158954778886533604e+05
2.706090848816352896e+06
9.233863102454009932e+05
5.788347555822045542e+05
4.800765313197402866e+05
2.964622940857309732e+05
1.317856865587962093e+05
1.926617890649370966e+05
3.316988844008042361e+05
1.596511122903316980e+06
1.042409294378096471e+06
4.387056587810372002e+05
6.917221876183091081e+04
5.375895926349251386e+04
5.594488012904714560e+05
3.582359252260610810e+04
1.723910446043091069e+05
3.286471860364281383e+03
3.629907475960938609e+05
1.019753983944870997e+05
6.131291375369134039e+04
4.896785159198042238e+05
1.997491358097546618e+05
1.574517584267921120e+04
7.550099296504154336e+04
3.983786910941807437e+05
7.155849996283607325e+05
1.759679449503314972e+05
3.960915392959514866e+05
1.036800196674191509e+06
3.463973671915702871e+05
1.174849595104736509e+06
3.065607836278511677e+05
1.512887391933986510e+05
1.638731932467113947e+05
2.935284386540118139e+05
1.628650770272959489e+06
2.184833428882068838e+05
5.129656411043088883e+05
3.583476315876164590e+05
9.313838449868268799e+05
3.068364016619987320e+06
3.842677476315358945e+04
5.128173164270374109e+05
6.747238054105242481e+05
3.175306994572303374e+05
8.629741212988631742e+04
7.904444159273100086e+05
2.313197993343900016e+05
2.919666915242641116e+05
9.572956847355516220e+04
2.239281097106825910e+05
1.811157583460188005e+06
1.731512180143118370e+06
1.543974830062475230e+05
1.831379407044882886e+06
2.816653967673285515e+05
3.985632057817328605e+05
5.382255051323385851e+04
1.739772820278625295e+05
8.997130293051020999e+04
4.406415769197892514e+05
1.153825906627531367e+05
4.529162107535631512e+05
3.719952328724247491e+04
9.520472677450568881e+04
1.024837432112257578e+06
6.237777039449166041e+05
1.165230870870457962e+06
8.311558286859574728e+05
1.651763027438980644e+05
8.522425409094511997e+05
2.042398168013495393e+06
2.396217497417308623e+05
6.115702253592779161e+05
2.436740074483865465e+05
1.908313420196612831e+06
1.463703540173647925e+05
2.318428443024176522e+05
1.057312934701410588e+06
1.923146456647876767e+05
1.002819438996440149e+05
1.201219846965497360e+06
3.152399185360107222e+05
1.548856378553112445e+05
7.497457300721762294e+04
1.814556433574544499e+05
4.295130425015797373e+05
1.363490266072072845e+05
2.798032636155929067e+05
6.515483605077918619e+05
1.337646948959410656e+06
3.624056568214077270e+05
1.101262180034465855e+06
2.300266601705150679e+05
1.591241488065462909e+05
5.658121888136626512e+04
1.003191285570066248e+05
3.977673875063216547e+05
8.410161731147463433e+04
5.271932908831676468e+05
7.484584638359371456e+04
2.825513497886768891e+05
1.495489985965269385e+06
2.254827801994806505e+05
1.172138527248276630e+06
6.748471962325896602e+05
3.815488016909968337e+03
4.884892276183184003e+05
2.019819278822220804e+05
3.681013122907203069e+04
6.634299532790373632e+03
1.418740151956268237e+05
2.080105470554413041e+05
1.175580086709337629e+05
6.002573480732530588e+05
3.632754850280264509e+05
7.031073762998695020e+05
8.988761827678270638e+05
2.370643685005644802e+05
8.684434852827769937e+05
1.700676086278139555e+05
1.543762616895372281e+06
1.163666869108845945e+06
1.057858335615620890e+05
1.807698489787403669e+05
1.642046499615800334e+06
1.148608882660224801e+06
9.045090187849313952e+05
7.512274171479446522e+04
3.849306975799328065e+05
8.079718292215055553e+05
2.023801230851833243e+05
4.845491301343163650e+04
2.644217563202593010e+06
2.035195894780888630e+05
2.554455525873912557e+05
2.468269565728539019e+05
6.940907634073047666e+04
1.744193369142329611e+05
5.765250897811288451e+04
1.952363823300785734e+05
7.280956012245503953e+05
9.481325679180948646e+04
1.219897771126475884e+06
9.978563074610158801e+05
4.977936741070453718e+04
1.282601887974778889e+06
1.084591006527943071e+06
1.129947090380693320e+06
6.385513734184631612e+05
2.563885239761392586e+05
6.205238681208492926e+04
2.469572513509514276e+06
8.422595191218392574e+04
1.272985820224538445e+06
4.329726729099186487e+05
3.817995074369800022e+03
2.003313028941467928e+05
7.939643196871675318e+05
6.533652042519612005e+05
2.669105068533559097e+05
3.523386325312741683e+05
2.571472672883565829e+05
2.424506091711046174e+05
2.667240969463266665e+05
3.733900057154059177e+05
2.447911174320899590e+05
2.065048870067140087e+05
1.456699868900868205e+04
2.407587082607668417e+05
1.003602534528045100e+06
4.350458962629864109e+05
1.824847536110740330e+05
9.401611846978240646e+05
4.729120637645996758e+05
2.734655806725152652e+05
7.867120218788346392e+04
6.674524918405940756e+06
2.728437645003338548e+04
4.972861294156366494e+05
1.050642492085767008e+05
2.504515335398024879e+06
3.317370115243627806e+05
5.229141441496795160e+05
4.489466567571762716e+05
3.342251999539478682e+06
3.087004960563263739e+05
9.229579615285401233e+05
9.496118912865436869e+04
1.496725097107302572e+05
1.703398695205766242e+06
1.926958811082995380e+05
7.335340952834730269e+05
1.517634754273900064e+06
5.237633996439669863e+05
6.027734269957522629e+05
3.783712150656300364e+05
3.189774636304798187e+05
3.656382865491013508e+05
4.562892207567858277e+05
2.783861334671858931e+05
6.239788488954867935e+05
2.980845336630496895e+05
7.202658282776883570e+05
3.558891371731936815e+05
6.557062933741221204e+05
2.875111599138540914e+05
7.306577135294959880e+05
1.131895003717259504e+06
2.917103320896820514e+05
6.981413643256369978e+05
1.228571106283569010e+06
2.498652944823561993e+05
4.093894349413274904e+05
1.212373426044657594e+06
7.428507296690471703e+05
1.397604136743652169e+06
2.291189033712220553e+05
6.577739035230560694e+04
7.276112311018350010e+04
2.131112894306879025e+05
1.173849948153415928e+06
1.212409788333580596e+06
1.398463035484568216e+06
9.643015508032669313e+05
1.027191604385187820e+05
7.310680998967792839e+05
1.266676578239472001e+05
1.186229378513285628e+05
4.834100049156958121e+05
6.549766283103579190e+05
3.361855184796425165e+05
7.308344657669088338e+04
1.220088409349553520e+06
2.979882324898835941e+04
8.711662037171316333e+05
4.626857119305110537e+05
4.055923051487247576e+05
2.976441631748478394e+05
5.810081235647553112e+05
2.077113940965625807e+05
1.091774085066649830e+06
3.755256487356922007e+05
1.012209440257913782e+06
5.628088066913065268e+04
2.663538634586379398e+06
2.663722943265831418e+04
4.268450051041965489e+05
3.825530433302278398e+05
1.531957525161655503e+05
3.151827634337461204e+05
9.855776039560938952e+05
8.096803034537106287e+05
2.123024918185828719e+06
1.721386035099521687e+05
1.339002174685368082e+05
1.788449563699953491e+06
2.022740108517761691e+05
3.656215545058283024e+05
2.651105739883527276e+05
2.215258365124417469e+06
5.676144893755824305e+05
5.794497533222075617e+03
2.353478078068223258e+05
1.847079251477223297e+05
3.797074434532933403e+06
8.560889976825892227e+05
1.005987623168767430e+06
7.415561212433351902e+05
1.344593904452512797e+05
2.026785050397554878e+06
7.856056668991751212e+04
1.988955852536654857e+05
2.635477657123024110e+05
7.550846526321934070e+05
1.690856590726319700e+06
4.094869998973928159e+05
2.599266715984054317e+05
6.832335690768249333e+04
2.576237886291134346e+05
2.900010236230601091e+06
2.540177195872307348e+05
7.061717306063689757e+05
1.627157049382913974e+05
1.608597509184083319e+05
2.232235425077794644e+05
6.324742285197700403e+04
2.101417745976048987e+06
2.381006368614994572e+05
3.576499852158494177e+05
4.043260188836502493e+05
1.386445551572529948e+05
4.470754984776463243e+05
4.603028112145992054e+04
7.357622728874633322e+04
6.405515057869688462e+04
1.824913411645721644e+05
1.863555333672522102e+05
1.059197069610354520e+05
4.611541863937989110e+05
6.717343772839328449e+04
1.704868109741456574e+05
1.536248162791795039e+05
1.116477145197228063e+06
2.356158545529720141e+05
5.541757233835046645e+05
2.777206508271018392e+05
1.139044170775509265e+05
1.369454997826507548e+06
2.228122737478308845e+05
8.199183713397042593e+05
5.930896754411019356e+04
4.967090221267118613e+04
2.478154997506741493e+05
4.028122404143399559e+06
2.470905895431429963e+05
2.215636318586043781e+05
3.174169556874453556e+05
2.544160616908533557e+05
4.079945277123161941e+05
4.542025004491256550e+04
5.465300839557000436e+05
3.957224788637214806e+05
1.069625207414082251e+06
7.109427586830533110e+05
6.602873984634212684e+05
1.512444000210148981e+06
5.999014498932767892e+05
6.596272255354402587e+05
1.481302306700843852e+06
1.187973407094664173e+06
3.260042133247730089e+05
1.722834334544713201e+05
3.933724497612474952e+05
2.261590538899897074e+05
2.243494004742817197e+05
1.873139434740516590e+06
2.211301451121013961e+05
9.600844240350077162e+05
8.279979868844506564e+04
7.471454143943821546e+05
7.170227718189615989e+05
1.346992942176657496e+06
4.563630248424272286e+05
1.835402306266574597e+05
2.242434184585773037e+05
6.676888847146428889e+05
7.520280483461762778e+05
2.896401486413907696e+04
4.175803122642823146e+05
1.365683947130850749e+06
1.391479760673451703e+06
7.141388076024320617e+04
1.964409176730232721e+05
4.356401963478974649e+05
5.697957337295506150e+05
1.924648216945844470e+05
1.091330805280388595e+05
1.278761028975862311e+06
2.552304342665909324e+06
6.131878971113976149e+04
3.713232705866893521e+05
1.606530426257900195e+06
5.005055591090027592e+05
3.412338863534744014e+05
2.924206907103611156e+05
1.480300354348495603e+06
2.085260808201310865e+05
1.826969080854047323e+06
2.226087197875865735e+06
1.088462881350099633e+05
2.478339758880250520e+04
6.778209181944646407e+05
8.235656281029538950e+05
1.570609089581758017e+06
2.120543968936523888e+05
4.780997819677382940e+05
1.263150482353855914e+05
1.999241811406905530e+06
2.407744243781119585e+05
3.687439088266234379e+06
6.785791612442338374e+04
1.480887437724120391e+05
9.719086278542050859e+05
1.493724824462966644e+05
2.979030571698173299e+05
3.422456337086998392e+05
5.052857676075274503e+04
2.337074026236432255e+05
2.587321154013108462e+05
2.389623133781209472e+05
2.695900050141689135e+05
1.517179749770865019e+05
1.215933433305405197e+05
6.332672408559538890e+05
2.958074931990628829e+05
8.304374473175083986e+05
2.003920123178005815e+04
1.301053602609445807e+06
3.544247652919449029e+05
8.250032834640383953e+04
7.353297954849033849e+05
7.590996888930676505e+05
4.486693179506065208e+05
4.878477817943494883e+05
2.716966191539820284e+05
8.354653831385533558e+05
4.858442341667782166e+05
8.067181469967250014e+05
9.552897382541017141e+05
2.839061658842299366e+05
2.118867066573457269e+05
2.846019047000920400e+05
2.193554001032251865e+06
2.172578166870863177e+06
1.715229613727533724e+05
2.313728311120147409e+05
1.091025278892770584e+05
1.873717702388219186e+05
6.691014611324758152e+04
3.945823815886327066e+05
2.928335716157272924e+06
2.151182579327714338e+05
3.007184786667556546e+04
6.799105235762626398e+05
4.913459622158161364e+05
1.191449473399975803e+06
4.236665650893787824e+04
2.427782659304284243e+04
1.241357452311649977e+05
3.969512460110253887e+05
1.465998304516153876e+06
5.929409912002280180e+04
1.525364665867290692e+06
2.865641710098633775e+05
4.049652876416333020e+05
2.542924816470305959e+05
1.068793085808256641e+06
1.654214567479352001e+06
4.131431813404224231e+05
2.488271199588018935e+05
2.349989567762934021e+05
9.157248459936996223e+05
4.773786029619292094e+04
3.296955729578654282e+05
1.491139471987492580e+05
2.143032937621071469e+05
1.267710618100888329e+06
3.158425204382447992e+05
7.714259799281038577e+05
1.561912399470691569e+06
1.753125590207149799e+05
2.935660670064000296e+05
8.401166313508299645e+05
7.855095757349912310e+04
1.487436254332171753e+06
1.146637827202175249e+05
8.048164352428162238e+05
1.972428274788608775e+06
1.195972619301484810e+05
1.412003683053207118e+06
3.520164705068499316e+05
2.693591511734289816e+05
1.511308497736829100e+06
6.048587000721354270e+05
4.914816491854315391e+05
1.437269829381953168e+05
1.721840710903846659e+06
7.608037396699134842e+04
1.860384207681623287e+06
3.490041792519013979e+05
7.514112466933342512e+04
5.241120674170870334e+05
5.674869616023367271e+05
2.344729444058995286e+05
7.362487743297265843e+05
1.078870952637295704e+06
1.711804842757733713e+05
2.861997230327900616e+04
6.659059335533982376e+05
3.629007452364999335e+05
1.572001351406493086e+04
7.392095228528041625e+05
2.833543250091770315e+05
6.693621056299647316e+05
2.237500131936720281e+05
2.425494867146950273e+05
5.004669683090887847e+05
5.761158206774777500e+05
1.766868250831547193e+05
3.008164450242603780e+05
3.323439359212152776e+05
4.899382774713445455e+06
6.698314331183014438e+05
7.735286425282327691e+05
1.008251614257540314e+04
6.296519431298412383e+05
2.230601216393889626e+05
2.759172366092815646e+05
5.413268160415484570e+06
2.612113245731391653e+05
7.695799324345217319e+05
2.114914199921767577e+05
1.392110909485617885e+05
9.951431435743157053e+05
1.478668613895992166e+05
2.914006065744914231e+05
1.398834637761523249e+06
1.131724423663164926e+05
7.541874133907870855e+05
3.194475468729338609e+05
2.192955549528970150e+05
1.492837303743071388e+05
2.698606390428201994e+05
7.907691007939689734e+04
2.057677002613024088e+05
5.875475495485586580e+05
1.965919168449074030e+06
2.120012290167624888e+05
7.061618050151121570e+05
3.061664048108316492e+05
1.109609073723851761e+05
1.552738449246522214e+05
6.380938318057325669e+05
3.231657423057143460e+05
1.186706034177357797e+06
3.518982366492631263e+05
2.700863452821318642e+05
4.415534000764351804e+05
2.297076058963062242e+06
1.174184688292017905e+06
2.855589526686873869e+05
2.966341330442814506e+05
8.644850858616597252e+05
2.045358688248204999e+04
1.651911203224213750e+03
1.274489975139608287e+05
9.080452315841826930e+03
2.462646924804002920e+05
3.486418549782879185e+06
7.289504074539164139e+04
5.941183956603650004e+05
6.409717421277954709e+05
9.892365865021946956e+04
1.710116136378576513e+06
4.044040615281712380e+05
1.020803189306261484e+06
3.226130186464006547e+05
2.543547048355306906e+05
1.298857659534316190e+05
1.883548936153571121e+05
2.301453417560574890e+05
5.858466267269199016e+05
7.529973596045640297e+05
1.378906692170552909e+06
4.120421976145734661e+05
1.194619410987850279e+06
5.019586695680503617e+05
2.181079101517544594e+06
2.333780153496881831e+05
3.221959390923306346e+05
7.922146880367480917e+05
5.870663437482210575e+05
1.473355572749935673e+05
1.689983272744071903e+06
2.439750942760292382e+05
2.047944007740727859e+06
6.714109588488423033e+05
4.484759104566336464e+04
8.220232297473409562e+04
2.387467804900974443e+05
1.758805032849952986e+05
8.728616794605423929e+05
1.149150747999138111e+05
3.585128072920325212e+05
4.004756010979813873e+05
3.881016987238071160e+05
1.623632566486683441e+06
1.537920566609561909e+06
3.802656294139668462e+05
4.750916880795360194e+05
5.833444449281112611e+03
1.188364782952450332e+05
1.145112582071182842e+05
1.437041205171245849e+06
1.262378399373660068e+05
2.804679328153675888e+05
1.439821225137770234e+05
6.064105020939569222e+05
1.549098519786999328e+06
5.767660319212431787e+05
1.205842200692183571e+06
4.621227565116939950e+05
1.005429653966055484e+06
2.900737360430924673e+04
5.323367666211713804e+05
2.781511213658452034e+05
1.239526028488555748e+05
9.173398186502408935e+05
1.287148449430065230e+06
4.913354294280686299e+05
1.637849355240203731e+05
1.341454321707158524e+05
4.057707352288427064e+05
2.648977089872650322e+04
5.364377440442428924e+05
4.195111880187359056e+05
1.564763229542839981e+05
7.091125599803872174e+05
1.824511905339839868e+05
4.650930177803358529e+05
5.522101175789787667e+05
1.303316316928275395e+06
2.653738362020454952e+05
4.360891250489779632e+05
2.500693830998337362e+05
1.247810403452186147e+06
6.549310112127712637e+04
1.392776127890700242e+06
1.214285431217986770e+05
1.149643861063647084e+06
2.663159235566821299e+05
3.638064273762585944e+05
1.180012627478178183e+05
1.144661469436545449e+05
6.774764397078233305e+05
4.837459627213405911e+05
1.173913323904496850e+06
6.150314361503674882e+05
2.143346130081067095e+05
9.536883327757209190e+04
3.981478532838828687e+04
4.109716803045081906e+05
2.650778111774932593e+06
1.173594628086148994e+06
7.404874791645744117e+05
1.741875396161914614e+04
4.904563283694797428e+05
2.996756154905114789e+06
5.657133769470077823e+04
1.939640687463413342e+05
1.613692099910780962e+05
1.370859820132538443e+06
6.981904490914988564e+05
4.380487344413792016e+04
2.117085382233641576e+05
7.557468758734976873e+05
4.260730551011306234e+05
3.681962959594206768e+04
6.410930871797988948e+04
4.623275136447678669e+05
4.077288551532337442e+05
2.721224752491210893e+04
1.159851184787161910e+05
1.815860093963376945e+06
1.167526200571281806e+05
2.655686483671184033e+04
8.439120686054408725e+04
4.172388494259361178e+05
4.274236337424354278e+05
9.342781553800732363e+05
1.807701725428449572e+05
6.723273059684211621e+05
9.002304065559752053e+04
1.812874313170506386e+06
2.421935512771825306e+05
2.890320103134923149e+06
2.441544354498963803e+05
5.053129916013901820e+05
2.042249128346997546e+06
5.598967583185367985e+05
7.862228890297102043e+05
8.888531217276651296e+04
3.199669376355234417e+05
3.200904495756097604e+05
9.651141694400648703e+04
1.278541040796080139e+06
4.813289947605049820e+05
3.659829076495419722e+05
