2.529261520676904765e+05
1.484048078297910106e+05
1.700049602841850428e+05
3.142427106083168765e+05
3.980969320431508822e+04
1.773773804986818577e+05
1.105535209570631196e+04
1.101177100194188970e+05
7.962780409687642241e+05
9.016965016467339592e+05
2.901707018663279596e+05
6.442553295837425394e+05
1.190391367292021314e+05
4.582550115661267191e+05
1.585557454795400554e+04
5.589691282446199330e+05
1.412845329565262364e+05
3.491086150980923412e+04
3.526059755548516987e+05
4.684945395093147526e+05
1.019351406303056399e+06
3.111336993618507986e+05
4.338803530282634310e+05
5.197667223549620248e+05
2.780963009870690294e+05
3.501337331254676683e+05
7.056715702424675692e+05
5.446507094078549417e+05
1.807110360038245854e+05
6.575827905000473838e+05
1.110684059456845745e+06
2.038811937003475905e+05
2.897423299072976806e+05
6.709552260552879306e+04
6.797967217057292582e+05
2.115650834058624692e+06
3.137360378463282250e+06
2.215934173511159606e+06
2.084130836782580591e+05
1.802223616622760193e+06
1.893603586032997118e+05
1.987513439134694054e+05
7.669353143470882787e+04
1.581389463089956553e+05
1.611665939636676922e+05
1.020083204680897878e+06
9.340191434279482346e+05
1.072051440971696429e+05
8.361239091380192258e+04
3.717278542679487146e+04
4.402732100384701043e+05
6.502867652995946119e+05
3.486758288750959327e+05
1.609562418190248776e+06
4.618949419357175357e+05
8.561724371287917020e+05
1.287786606631215982e+05
3.402013914206715999e+05
2.566315749756158330e+06
1.464445104495047126e+06
1.242736257352588000e+05
4.353529052019680385e+05
1.207702435515998513e+05
1.947609104617377161e+05
2.602889043769907730e+05
2.549680037673296873e+06
1.648426829084435885e+05
7.882400804790559050e+04
2.755015724661625572e+05
1.037575199133782007e+05
5.345727752439887263e+05
9.906780105518366909e+05
3.467665239713457413e+04
7.940700899950580206e+05
1.468500710695864167e+06
4.971204145298800431e+05
3.322063324997577001e+04
1.380862783025747049e+05
2.627984098846118432e+05
6.393267665509829530e+05
2.048763709825268234e+04
4.496950129239030648e+05
4.805426522458287072e+05
4.692983627925097244e+04
4.946656073139388463e+05
6.936732509092593100e+05
7.756961179447438917e+04
6.200818629345441004e+05
9.094563816897632205e+04
4.573067753963018185e+04
7.992528402481495868e+04
2.461984716322306776e+05
3.315223713141740300e+05
4.975540542309557786e+05
1.137474100069238571e+06
7.529463693501015950e+04
2.039315346536956495e+05
7.027922051860405190e+04
4.564920428581616725e+05
7.025102994241342458e+03
3.878860616140923463e+06
4.671905441630075802e+05
1.999775603487410117e+06
6.736309958820593311e+05
3.028205950326664024e+05
1.409434798743251944e+06
1.202367851274793968e+06
2.074570953309989709e+05
1.187806083370666252e+06
3.348286518143080320e+04
3.866683888304987340e+04
2.151077870928001721e+04
9.851340915039193351e+05
1.663089345599438238e+05
1.352964655499944463e+06
3.743357181599762407e+04
1.740518699625678419e+05
6.450541584189119749e+05
5.874813039190109121e+05
5.980648888522417110e+04
2.084002750283073983e+05
3.249559268814227544e+05
8.852418611026365543e+05
6.261294338676999178e+04
6.745631164513893891e+05
2.075605052356091619e+05
3.717898076667153509e+05
1.144192334994539560e+05
2.876408298848339473e+04
1.029168295861392980e+06
2.122555881442165002e+06
1.159151648475209076e+05
1.890382942128814757e+05
6.537891925020411145e+05
1.375221993780826742e+05
7.971680858008598443e+05
2.704964796521606040e+05
2.051027505631803942e+05
1.063680741448260815e+05
5.583250331228973810e+05
2.602647593430546112e+06
1.119691033899614413e+05
2.642394934939972591e+05
1.035957145683321869e+06
4.774125219947418082e+05
2.135423154306490032e+05
3.967606275862609618e+05
4.039903374349039223e+04
6.122853786404496077e+02
2.035203690295337292e+05
7.831040380646649282e+04
1.893611100902356848e+05
1.898399330782950856e+05
2.458507866913596226e+05
4.652357565113261226e+05
6.554918344926196733e+04
1.364776830271203304e+06
2.787605683040491422e+05
4.057716834058852401e+05
1.189783688248641556e+05
1.854885345840437803e+05
2.277907865700939670e+06
1.472369750091027003e+06
2.065432058037134702e+05
1.002018539856578718e+05
6.815926774956799345e+05
4.954641360362481209e+05
2.891891284450968378e+05
7.643964598518566345e+04
1.619645195096025418e+05
2.632148703669253737e+05
3.016838375960520934e+05
2.983721054602172691e+06
1.132018799380858429e+06
4.285949760151985101e+05
2.591312066184440628e+05
5.005224750153099885e+05
2.613612728116115322e+05
3.471422972699797829e+05
4.759355772601558128e+05
2.431856961421191227e+05
6.901817173226079904e+05
8.930616082097779727e+05
2.727298496126918471e+05
4.758597527607900702e+04
1.608098545340196288e+05
4.045126762737272074e+05
8.122359010131506948e+05
2.801037643395382445e+06
7.185741301479510730e+04
1.452188189861379669e+03
1.193082841012801044e+06
1.417959523954252654e+05
1.724852871685841819e+05
2.870861921768297907e+05
2.134729994020386075e+05
2.631140134500488057e+05
2.556836097238230650e+04
4.418736428170917206e+05
7.501848769472079584e+05
1.408966631840562623e+05
1.576829349205452891e+05
5.169518910785074695e+05
1.281202441161122551e+05
3.981379110196984402e+04
3.549333255530689843e+06
1.157327696008595172e+06
4.783757109854140435e+05
6.154678133075001824e+04
8.014070031477279554e+04
1.692333757056799368e+05
2.116077316473138053e+05
8.989175252911798889e+05
4.747963379324958660e+05
1.431978877344781067e+05
3.659671046707498608e+05
1.426167759058808209e+06
7.016541449639551574e+05
3.233732723691235879e+05
1.293926440482337959e+06
9.982540432938240701e+05
4.768092640521399881e+04
1.099301483595713973e+06
2.153613579489705153e+05
5.925782068330187758e+04
1.129104445598598249e+05
5.007041091302696441e+04
7.342279487267994555e+05
5.124045126315942616e+05
2.492124872529440036e+05
3.453201239119556849e+05
6.510527744918535609e+04
1.147055413548218348e+04
1.915910580636305385e+05
1.495486903546671965e+05
3.559754315027933335e+05
3.243864540340585518e+05
4.625770297598790494e+05
6.398133029021115508e+05
2.064308871398987249e+05
5.252546244858214777e+03
1.006428076933486300e+05
4.208737341760723939e+04
2.138228223036202544e+05
4.296023429186899448e+05
1.693452087038373866e+05
1.212950876030628104e+06
3.447445466548269615e+05
3.633083806838238961e+05
1.632863159691141336e+05
3.636464042751169298e+06
1.001379157388528460e+06
3.718504441495791543e+05
8.083162574016747531e+05
5.171547494228042779e+05
4.128563808531044633e+05
3.898684519896649290e+05
9.575921656112651108e+05
1.627004666990102851e+05
3.380954789098741603e+05
1.523422636223673588e+06
1.433903234803495463e+06
5.809076062102882861e+04
3.302746128834981937e+05
5.746066244666578714e+05
2.807235343758049421e+05
2.383839889254657610e+05
6.953994610240352340e+05
7.835822774869099958e+05
8.094790256037508370e+05
2.597629005516116158e+05
7.144960450142568443e+05
1.346896175162452564e+05
3.518817248741689127e+03
1.734505437725583033e+04
3.120969416600277182e+05
1.190822332698974787e+05
2.851347598836375983e+05
4.512213707653665915e+05
7.944392943450987805e+05
5.493268759449501522e+04
8.963322155289050716e+04
1.284571040732772381e+05
1.245000876230832364e+05
2.960060292751888046e+05
1.409936759591519134e+06
9.063085823847912252e+05
4.184572093160272925e+05
2.662887392371120513e+05
3.063474899681073730e+05
5.574282757787215523e+05
1.188096804326365236e+06
5.550393608447611332e+05
1.313746069001980686e+04
1.906629592939418217e+05
5.362401401681468124e+05
1.108090560537008801e+06
5.722561109683442628e+05
1.150567855643205578e+06
2.250413014896495442e+05
2.032029675751373870e+05
4.402852478646868258e+04
8.420845467072319298e+04
1.627496085969111649e+06
5.207994798617346678e+05
2.288406550709462026e+05
1.281596790892098943e+05
1.393514139207395492e+06
1.038359523452605063e+05
6.210912986946620513e+05
2.295835294358433748e+05
3.725187859948071418e+05
3.432824282353498274e+05
4.684462923463595798e+05
2.033276236401948612e+06
8.890142877023709007e+05
2.775491785541898571e+05
5.079727867487819749e+05
3.595764222739441902e+04
7.842688391335410415e+04
1.244140160722786095e+06
4.932197939510019933e+04
2.843328730141492561e+06
1.805776844420275011e+05
9.901141088982420042e+05
2.343317518437034742e+05
5.047732813851520768e+05
4.529170249454587465e+05
1.362363740066862432e+06
1.028062576894772006e+06
2.981305909265385708e+05
1.844357344239595113e+05
8.647582555709336884e+05
1.649654143241228536e+06
3.314236553335630015e+04
6.946704080639530439e+05
3.517921503080388648e+05
3.497356948818457313e+05
6.433883727193512022e+05
2.498479526420487964e+05
3.585907995339703630e+05
2.557935146327189868e+05
8.159437083834315417e+05
3.501943934442800935e+06
4.655301413874726277e+05
2.171824462279982108e+05
1.046039080169626046e+06
1.010485462761679548e+06
3.718082302687518531e+05
4.911656176560926542e+04
6.249537072877369355e+05
1.826353812225016998e+06
1.975800325904732104e+06
1.094029517199259135e+05
1.346088468949705129e+06
1.569422116247330268e+05
8.722071705840401410e+04
9.852754106096767646e+04
9.868609048114262987e+05
1.182569210913179122e+05
7.828212054308337392e+05
8.489408626739995088e+05
2.110121342354783264e+05
6.226086079704861913e+04
6.154850937601084588e+05
9.195301397866740823e+06
1.430186617803128902e+05
1.157286295284492808e+05
7.259899366257708753e+05
2.363991369937409763e+05
5.145433639612953993e+05
9.881447153539778665e+05
2.678998259933009467e+04
1.849328482020394003e+05
7.263104888504990959e+04
8.757935992715276370e+04
2.448513162363419833e+05
3.737678592225185130e+05
6.111002570280154468e+05
4.662648640869049268e+04
2.984670431956120301e+05
4.178715430204044678e+05
1.771303729805062059e+06
1.552861653071974404e+06
7.585018515987736173e+05
4.457904493158377009e+05
2.393972014803999627e+05
2.806256828353093588e+05
3.638668619915487361e+05
2.401585087379433098e+05
2.878139059382624109e+05
2.192044611832022783e+05
2.673626803422561497e+05
1.617289344026825856e+05
1.843473647865943145e+06
3.226970675008658509e+04
4.386801560290361522e+04
2.298689054348015925e+05
7.553752207061969966e+04
4.428930945663668099e+05
1.177051884404956363e+06
4.742804435677896254e+04
8.951960842357624788e+05
7.454538113639112271e+04
8.013358485340795596e+04
3.336552858943504980e+05
8.403198014509984059e+05
4.383383399678731075e+04
1.903504990893166279e+06
7.968260515219744775e+02
9.777585908075544285e+05
2.310168221106504498e+05
8.584608753375133965e+05
5.148143202843915788e+05
9.188200948572704801e+05
5.391446300905242242e+04
2.274183291486492963e+05
1.414585535301813856e+06
2.396448420931476576e+05
2.067052611608677544e+05
1.234305140298512924e+04
1.971120420990626735e+05
1.912754204812645679e+06
1.063062760009011021e+06
1.813356439838175429e+05
1.075165179282678291e+06
9.230379067512364127e+05
3.255088012551492429e+05
9.621229330349625088e+05
9.474529378778596583e+04
1.241848701539416361e+05
5.378646245000470662e+05
1.510974958679520991e+06
2.227253678421554505e+05
6.513612754382423736e+04
1.477217628493980446e+05
1.126728279083650123e+05
7.051971035032882355e+05
5.729614899132589344e+05
1.847388384441465896e+05
4.319266112684236141e+05
1.543913511684847064e+06
1.259840224179927725e+06
8.087962536604775814e+05
3.070199481168694911e+05
3.689464435431572609e+06
4.244084409344502492e+05
2.430797596213654906e+05
6.793233053715134738e+05
8.047385709382302593e+05
1.123812150640794542e+06
8.817013632856952609e+04
2.922204880330354208e+05
3.339231820828584023e+05
1.753499707382515189e+05
2.842469638941558078e+05
3.922871781930955331e+04
6.850792656492784154e+05
7.804752826443639351e+05
3.775668155026946915e+05
1.339066001414101105e+06
3.278025418802195782e+04
6.147522575500283856e+05
2.398862964758257149e+05
3.275081335504163289e+05
2.882728366335767205e+05
4.941479171060531371e+04
6.029482734613560606e+05
2.368441793008658351e+04
1.983922021434070484e+05
3.028995810914869653e+05
1.948234721462509769e+05
3.451152825480736210e+05
5.965331837643835461e+05
2.012166372821518453e+05
8.720615810414280277e+05
2.647649773405658780e+05
2.667429967841219041e+05
3.091036394041172462e+05
1.547717490464856091e+05
8.898662719501475294e+03
9.038543647813923890e+05
6.148961354368593311e+05
4.932705424249001953e+04
9.023951427275449969e+05
2.354439505328786618e+05
3.665221100173439481e+05
5.930189185407568584e+04
1.146806029256588226e+05
5.741581367925513041e+04
3.270980942136658123e+05
3.994462503020113218e+05
4.912988663942706771e+05
4.334883938010147540e+05
2.091299205677227001e+05
1.610400454619756783e+05
4.249134381015017862e+05
1.181369632971413434e+06
4.231520072047738940e+05
2.606240051020522369e+05
4.132278474113262491e+05
3.994538215308873914e+05
1.139856446296218317e+06
8.312211124741809908e+05
5.898143842738995329e+06
5.371669347723086503e+03
2.830130648939501960e+06
2.904485647294422961e+04
4.436520082344473922e+05
7.407277868755314266e+05
4.534105673100925051e+06
3.327024506486020982e+05
4.072720473715665285e+05
1.756506898974221433e+06
5.167766543895938667e+05
7.110551067150753806e+04
1.684627206453449617e+05
1.469445717301727564e+04
1.440929655036452750e+05
5.923465735636779573e+05
8.848704880108755315e+05
5.606637593817849847e+04
2.702601743538338342e+05
9.450462565880287730e+04
3.638858361035706475e+05
7.343666623395679053e+05
6.203245649083519820e+05
6.742427236926499754e+05
9.221113953743553720e+05
1.733179580534953493e+04
9.181193390851604636e+04
1.522749703149725792e+04
2.636415877432822163e+04
3.131592057221677387e+05
6.391154043592363596e+05
1.243258639969412616e+05
3.106266027822191827e+05
2.907328767805416137e+05
1.722900922186832177e+05
7.366481245390033582e+05
9.371736815106171707e+04
9.350126624348731712e+05
6.050821544812851353e+05
1.707028891501212958e+06
3.835333940828873892e+05
1.658489225322576531e+05
7.557104102033256786e+05
8.147741226942541543e+05
5.198115525935502956e+05
3.733790027122465835e+04
7.218210068942498183e+05
1.385692608561583911e+05
6.664622969057223236e+04
5.946335647599524818e+05
6.266754610082517611e+05
2.454923484994296741e+05
4.549635744381105178e+05
1.471346747652770136e+05
3.562480496992327244e+04
7.308661261216651183e+05
1.075685166236069490e+05
5.323113827356519323e+04
3.094405948107065633e+05
3.922581794620880391e+05
1.745767889187909896e+06
7.202228171635728795e+05
7.912550397559144767e+05
6.776035099253116641e+05
1.166442695561620174e+06
5.761257407114162343e+05
1.835259147294065449e+06
2.615045957295393164e+05
4.824237307544657961e+04
2.270083372767427005e+06
1.479269429013711633e+05
3.550012713824213715e+05
2.889332736738881213e+05
2.342388738912286353e+05
2.099879721059289295e+04
1.268167429265589220e+06
4.590160716140972800e+05
5.976484090877885465e+05
6.906288784876895079e+04
1.337602774852243019e+05
2.849155096060622949e+06
4.886784080211191322e+05
2.578572091244651820e+05
9.894046876858966425e+04
3.832716112862911541e+05
2.873220290450746194e+06
4.571902462443546392e+05
4.671799374401484965e+04
8.942899516952789854e+05
1.130940930592542136e+05
6.806737636483929818e+05
3.294756520649468875e+05
8.435878508360749402e+04
6.778007938180699421e+04
9.296113206850447459e+05
1.882948325203110580e+05
6.176847975513969868e+04
4.085114444879551302e+05
3.545070850500238594e+05
7.170298063353942416e+04
1.864044079190471966e+05
3.097949827994544830e+04
1.056512766740974272e+06
4.198021175908670411e+05
4.931779176861252054e+05
9.854535150478333235e+05
7.746687850172227481e+05
4.562516916675011453e+04
5.050404582143167499e+05
2.358475657809226832e+05
5.628491000028512644e+04
2.024204751843180857e+05
6.918330272203349523e+03
8.292981762349951896e+04
4.094051333524523652e+05
1.654113364493324189e+05
2.608916650862261304e+04
1.903542579057061521e+05
3.368168135845681652e+06
2.272900884360200143e+05
9.145379022389162856e+04
5.225824439849733608e+05
5.615902727561631473e+05
2.418193110452070832e+05
1.039716654343674891e+06
1.165539358764111821e+05
4.687700648797795293e+05
5.730490838348004036e+05
4.972175868573920452e+05
1.501562009903266735e+05
1.865415324357273348e+05
6.955463144089268753e+05
1.236748111599775584e+05
1.650521564788487158e+05
2.349097653098794690e+05
8.879215970294728177e+05
1.633225415176650509e+06
1.132458294188467989e+05
2.653624476084502530e+05
2.168207919323298556e+05
5.254644651605960098e+04
6.276334999977821717e+05
3.265685127280994202e+05
1.740349537940369919e+04
9.152712435793038458e+05
6.553810537713831291e+05
3.245038753690583981e+05
5.492034840759821236e+05
2.967118219836604549e+05
1.119100927996667335e+06
1.661159364840253256e+06
3.250696732252398506e+05
1.382127520848923596e+06
2.157066952202973771e+05
3.232258166005646344e+05
8.961043330744039267e+05
1.426500976625421608e+05
7.245422315565512981e+05
9.326905296071080375e+04
1.808858054403936549e+05
1.942903077541073071e+04
2.895248196912125568e+05
2.407703257978293695e+05
2.313088667261271039e+05
6.489078799119241303e+05
1.018087971925504244e+05
1.498938143300936557e+06
8.369260556034909096e+05
2.146927019597374019e+05
3.228217064734203741e+05
7.719369764906471828e+05
4.906918631063598441e+05
9.386400413851396879e+05
7.979125435125122312e+05
7.339666258169623325e+05
1.733359145402309950e+06
3.166288292861481386e+04
1.393287594035980292e+05
1.850520919127491070e+05
1.326334066216344712e+06
2.899468625929633345e+04
2.595754361010264547e+05
2.760442468807122204e+05
6.659027041801209270e+04
1.798855159175095032e+05
1.942638017486210680e+06
1.136470753213528311e+06
2.343855988429004210e+05
4.009306323074974352e+05
1.176644537447184848e+05
8.218038296634163999e+04
6.801468379527108045e+05
1.169525385259565664e+05
8.799013670330756577e+05
1.151819891706300696e+05
1.000423646718350472e+06
1.844410050605217402e+05
6.111368931650264421e+05
1.794841638625672203e+05
2.887466532542336499e+05
9.101216096509351628e+05
3.314224647474949597e+05
3.593995207053824561e+05
8.301137852209302364e+05
3.220516219539018930e+05
2.729547260880562942e+06
4.507890864562628558e+05
5.219554055630099028e+05
8.625087947271564917e+04
2.525110670459237008e+05
3.108594588754757307e+06
1.155484537971554091e+06
2.192284991145879612e+05
1.560780345483618476e+04
3.171405603668792755e+05
7.372182299133141059e+05
5.757453301963262493e+05
7.328803752499941038e+04
5.244969197418539989e+04
1.126934749079874164e+05
4.383831417870883161e+04
1.175254057758482173e+06
3.080041031071540201e+05
3.450413696326442878e+05
2.302561586991354998e+05
5.458077967488605063e+05
2.040877080417052202e+05
6.185437795966401609e+03
2.811654740516722668e+05
8.502925032754852436e+05
4.239924018190948991e+05
1.374353057966468157e+06
4.589948280378335621e+05
2.518327024465771974e+05
5.776013077814355493e+05
6.720460728467303561e+05
3.477155719739437700e+03
2.643878921372414334e+05
1.811517270929454127e+06
8.008432143785065273e+05
2.750833438380370382e+06
5.902023801628836372e+04
4.023253601352595724e+05
6.056055252081200015e+05
1.176631767245015508e+05
2.064012776602346450e+06
1.094051595052391640e+05
1.983521131863195915e+05
1.847135696949981502e+05
1.779483858302682056e+05
5.651193800846228842e+05
3.147422091015509213e+05
1.421432513862899272e+06
2.275668629666056950e+05
1.345563049246829469e+05
1.505023173002770171e+06
4.197463787928319107e+03
1.260105104348399211e+06
9.439924779245067621e+05
2.242449774721314607e+05
2.818566861208305345e+05
2.419002519875986909e+05
1.466876829937500297e+05
9.555664309677665005e+04
3.104756423215410905e+05
2.097296311891799851e+05
2.635290233998480471e+04
1.248846140784148156e+05
7.377678014143246692e+05
8.952806209503333084e+05
6.667420729532846599e+04
5.257707953241673531e+05
5.584587409837296000e+05
9.148318074568937300e+05
2.727989294711582479e+05
3.554301022842813400e+05
5.954129513883647451e+04
1.364899416698181594e+05
3.425177233365848078e+05
3.105137687865529442e+05
1.245897994897228491e+05
8.609478463397965243e+04
8.436850955660031177e+05
3.375188242331848014e+05
1.830551473011595954e+05
8.956216107078088680e+05
1.058819383291148348e+06
1.810608285900918301e+06
1.742909215352087922e+05
3.282603848343538266e+04
3.988785310634220368e+05
8.503383660458638042e+04
2.206198670154490101e+05
6.729691056529006455e+05
6.666835286907239060e+04
1.424040609678832698e+05
1.935178391913088271e+06
1.272002493899347028e+06
1.396387854957623858e+04
5.752219851448313566e+05
5.333887326071797870e+06
7.292913612887699855e+05
7.641102527193605201e+05
1.190743231153688539e+05
1.584711415043449088e+05
1.160442911977736745e+06
1.420323949058905127e+05
6.495597942581950520e+03
6.351169528339803219e+05
3.618971864212303772e+05
2.383155906185679778e+05
8.404231483266993018e+04
2.238949335101927281e+05
7.549298003736734972e+04
2.028037780222857546e+05
1.683494700385078031e+05
1.562215918983995653e+04
2.687797363007450986e+04
7.006348711872961139e+05
1.182653367585366068e+05
1.634771609184181725e+05
3.196334623359347461e+05
1.203961388460419985e+05
1.205465595267806435e+06
1.257705029612544749e+05
5.658868918320030934e+04
1.361281885839397146e+05
1.089505006482895988e+05
2.563627001143244270e+05
1.824291504318636144e+06
5.772352409331585513e+05
1.999854088638754329e+05
9.104962385193852242e+05
5.813863578656397294e+05
2.410977079676160356e+05
1.165097946658075089e+05
3.940927002311216784e+05
1.009625512750102498e+05
8.579515984248979657e+04
7.249490383041868336e+04
1.554302614555173088e+06
1.489871306252527516e+06
2.951201129423337406e+05
1.484978467562513542e+05
7.161847966262334958e+05
7.845086708732700208e+05
3.046558956749334466e+05
2.526919834093629324e+05
4.701043149166055373e+05
2.767271234616790316e+05
8.007602786719151482e+04
8.386248247274251480e+04
2.010390404994606040e+06
2.729663044739219476e+05
4.312893488795817248e+05
3.212421813082396984e+05
1.166853626080056129e+05
4.893384015858236235e+05
1.867757781085035764e+06
3.501264535708460957e+06
5.086073945398275973e+05
2.403974965456320788e+05
3.079630713395235580e+04
6.683498687533945485e+04
2.980740888651050045e+05
4.767838299314687902e+04
5.264609501223360421e+05
6.166167023901920766e+05
1.263436685210043215e+05
3.707668795161940507e+05
6.611566298528272455e+03
2.570336245718818391e+05
6.872214802953286562e+05
7.199106953261800809e+05
1.822525136057107011e+05
8.746722130593964539e+04
1.080923137664118694e+05
4.455026966451157350e+05
2.613720922595574229e+05
6.489588756013974780e+05
4.076171729125219863e+05
1.028294935639744624e+06
1.663992728259193245e+05
2.309229622917890665e+05
1.936399452249698807e+05
1.340953525714937714e+05
7.744624440140543738e+05
9.411105167041018140e+05
2.017185225656727562e+06
2.020663247455935925e+05
1.920484007443455339e+05
1.035140373462145362e+05
8.523734149574657204e+05
4.293108090281088371e+05
7.533779411923645530e+05
1.465014709837224109e+04
1.944059207283929689e+06
9.412730626773833064e+05
2.000850082338178472e+05
2.074891929371407488e+06
4.813722265647039749e+05
8.216359306204519235e+05
4.708655027258452719e+03
1.731352587313841796e+05
8.721544457234597066e+05
1.387946787224952714e+05
5.383471715099104767e+04
4.279182718149996363e+06
2.608609085311953095e+05
8.664667722887411946e+05
7.996482933209926123e+05
5.267124258318360808e+04
1.572503525872573664e+05
2.851733620802393416e+05
3.792699864498718525e+05
3.396297568247202435e+05
5.618474971735856961e+05
1.749509419936993509e+05
6.836815741236588219e+05
2.204897125848164796e+04
4.812058864441286423e+05
6.524172778648677049e+05
3.384348768521996681e+05
3.528879958165027201e+05
9.016984372467591893e+05
7.001254577276506461e+04
8.021291048734274227e+05
3.727327960282088025e+05
2.213816914478444378e+05
1.424066317713424563e+06
4.089608636191558908e+05
1.212255179994279169e+05
6.050837400505484547e+05
2.964745035001281067e+05
1.354949797504028538e+05
1.486744860773664666e+06
1.924329481187098427e+05
5.213648233948058332e+05
6.893502718430201057e+05
1.975258199329105555e+05
1.727727815527634812e+05
2.507817514622465242e+05
1.512428364367230097e+05
2.454224979114924208e+05
2.498098402465503023e+05
2.779359084121584310e+05
3.944129508997291559e+05
3.977046443718321389e+05
2.103621420421220246e+05
1.521219576979537669e+05
3.983612228663429269e+05
2.580451123512664926e+05
2.341017517971477646e+05
4.152242655886379071e+05
2.422214825062535529e+05
1.959494979484490177e+05
5.943529318854993471e+04
4.661521895451188902e+05
2.506634111747553688e+05
3.174091727120531723e+05
4.393521034476748900e+04
6.283385295670909109e+05
4.815706348960825708e+05
1.802669657001695596e+05
7.118946950102504343e+05
5.779278129342928150e+04
2.563520301189116726e+05
6.075110915440729586e+05
9.643723002306719718e+04
3.785414760085041635e+05
3.642075263113105320e+05
1.299060221239149396e+05
2.070473918783623958e+05
2.760038187087613042e+05
2.322005969815524077e+04
9.722592746266524773e+05
6.954514307683111401e+05
2.465076535217306809e+05
1.811585803511952981e+05
3.240866194181258325e+05
1.993818316966753628e+05
1.910274541544882813e+05
2.927685627502015559e+05
1.034904211365006398e+06
5.875179428023362998e+05
1.287606265415539237e+05
2.347118668001460901e+05
3.293231766310645617e+04
3.733043314184223709e+04
7.584465839097028365e+05
4.138592052805713029e+05
4.832001706172905397e+05
2.656773513876760844e+05
1.498111157727527199e+06
1.544528967879319098e+05
3.585331058131265454e+05
1.284181146302002599e+05
5.054104643519669189e+05
8.719141187267056666e+05
1.248519079823886714e+05
1.491845142826803203e+05
3.535032368043251918e+05
2.238225416843002022e+05
2.402665751062711934e+05
4.800727148267325829e+05
4.483462153830038151e+05
8.096753538674402516e+05
2.435239008149661822e+05
5.312325966975837015e+06
7.469876688117689919e+05
3.254122271447357489e+05
1.348617491586560849e+06
2.786988630628014216e+05
3.265560431265681400e+05
7.272556194530280773e+05
1.733089309771976667e+06
2.830342165629711235e+05
1.439720063032274484e+05
1.784359383415523916e+06
2.478885940095023543e+05
2.952636211988872965e+05
2.452484021196398244e+05
1.805035158258298878e+06
1.449967547028384870e+06
1.506673085837563733e+06
4.482675748340691644e+04
3.005700829547442845e+04
1.640322899134156760e+05
9.619124746359945857e+04
4.816555089700144017e+05
3.826573743437363300e+05
2.281511045069328684e+05
1.126380452159915440e+05
3.792350093883941881e+05
3.766618599909366458e+05
6.048916477017545549e+04
2.262899181400827365e+05
3.140420582076434948e+04
1.563596536326997681e+06
4.681964544984165695e+05
8.679659980860875221e+05
2.703890506931960699e+05
7.755676592421584064e+05
5.830648649040611926e+05
5.724234189230127959e+05
2.197736718468921026e+05
5.748133082059775479e+05
1.070008272788581671e+06
1.041258976855351124e+06
6.078336679608450504e+05
1.698341417389471608e+05
5.081985292690958013e+05
3.908061637846795202e+04
8.757742354238716653e+05
2.246958293231008283e+05
9.665393208342364524e+05
7.404542502420068486e+05
8.624314557092945324e+04
1.448763510282387142e+05
1.079489265214492916e+05
4.072114727844864683e+04
5.306965412183206063e+05
1.899725466847594827e+06
1.515073181450115226e+05
2.382127377534357947e+05
9.613631976193358423e+05
5.632074553264075803e+03
2.494138062360221054e+06
6.220622251503484586e+04
5.148327193604790373e+05
3.755014136036317330e+06
3.722170235639596940e+05
1.762717170902649814e+05
1.608038820299033250e+05
1.099266932350666961e+06
4.237443826706711552e+05
4.426871804849660839e+04
3.935123634721104987e+06
9.386158622586469864e+05
2.153918835347011336e+05
7.385078514502365142e+05
7.843188391514918767e+05
2.906333308729367564e+05
1.494424856769968756e+05
5.438849928692697722e+04
1.022858593977517157e+05
1.787033798878813104e+05
7.106056890046130866e+05
4.360189080452478374e+05
1.426014975713694876e+05
3.102809023973147850e+05
1.994174884293599171e+05
1.301413296754372277e+05
6.807854949863601942e+05
5.778595704970869701e+05
3.840679081838053535e+05
4.082905386605740641e+05
2.800830994879174395e+05
1.195710722031852230e+06
8.934340386346037267e+05
1.775135306232574221e+05
1.772042247898839123e+05
2.151164404843905359e+05
1.416720784689410822e+06
1.845119948713356280e+05
2.831311180992468260e+06
1.117280755609098356e+06
6.049969654564555967e+05
3.666015084746928187e+05
2.765510843243877171e+05
4.652922626551302528e+04
2.671094212173463311e+06
2.166238856217054185e+06
2.464365231270735385e+05
5.125627058308075357e+04
5.901715653789216594e+04
8.720909506564999174e+04
7.118569682960121427e+05
1.264730617130544502e+06
8.452952804486334207e+04
1.605867762424939137e+05
2.621622467105436954e+05
6.996448149631518754e+04
4.504220145855165174e+04
7.487536782705353107e+05
2.094288293092866195e+06
3.124719465567485895e+05
1.283371417746948282e+05
4.551908883433029405e+05
3.913128167767707491e+05
5.542023665677815443e+05
2.504135155905849533e+05
1.213695725677455484e+05
1.708786996568268805e+05
1.817466636815501624e+04
7.942486319812303409e+05
5.251309621105020597e+03
3.383015931628855760e+05
1.580856783610476123e+05
2.183293193821769091e+05
8.577550441285362467e+04
8.857789773257850902e+05
7.144949072642392712e+05
2.640224034259662585e+04
1.088219980977680098e+05
3.335590450716678752e+05
3.699596466403816012e+05
1.110139991085627844e+05
2.194787425508051238e+05
3.262348129159546806e+05
2.837212629997915938e+05
4.358295393596000038e+06
5.260707939706987236e+05
4.048453121157349669e+05
1.391131761951629771e+06
2.759780367483209120e+05
7.548213279167043220e+04
3.980429379842522903e+05
3.741267828157369513e+05
1.970648011422430500e+04
3.437815981200375245e+05
1.645548868500212266e+05
4.731102988199954852e+05
9.943720385716499295e+05
7.935864650060082786e+05
8.979297282062332670e+04
2.834230102353665861e+05
5.059084760291119455e+05
3.857336988743515685e+05
1.771651755942046657e+04
4.012295122103265021e+05
3.457428591484274715e+06
1.978551194681558292e+06
3.780555081513389596e+05
8.515680622595040768e+04
2.817192858150432585e+05
1.200240318650811911e+06
6.110220318007310852e+05
3.290442752350756899e+06
1.063302009887041204e+05
1.836870409725107020e+06
1.080964189232497010e+05
2.840346890364014544e+05
3.334197166248819121e+04
3.069815068983954843e+05
1.027024661660516518e+06
1.261027444518815959e+06
1.412760523741699581e+05
3.408663804084013100e+05
2.246912659605513327e+05
7.171058582040284527e+05
4.774398362228179467e+05
2.324627140991181368e+05
1.672096333067891537e+05
2.923091860925930087e+05
4.574283695445775083e+04
1.370149976800290460e+05
6.655625030271077994e+05
3.063864430510424543e+06
2.669375774431062164e+05
1.642988190731595387e+05
5.814766344513123840e+03
1.413607459868716833e+05
7.663940702303500148e+05
3.309384053767825826e+05
3.567512478865763987e+05
7.367301804290870205e+05
7.075452041409539524e+05
2.559786367031419650e+05
1.285267992793793557e+06
2.801585772299211385e+04
9.102992656680821674e+05
3.945091263983694371e+05
1.427115821545766958e+05
6.431020293052947090e+04
1.243707496513292892e+06
8.527718977745171287e+04
2.168587908063837967e+05
3.362102100882941158e+05
8.128699616222654004e+05
1.341647229543296562e+05
1.338401922906152031e+05
9.278613951162223238e+05
4.398084760180172743e+05
2.059165636162343435e+05
2.640918035642283485e+03
2.563579150921840919e+05
5.221322611581321689e+05
9.649184997643431416e+04
2.894282003020070260e+05
1.245989639944879105e+06
6.501154042721140431e+05
3.794841820484949276e+06
2.852778970286863041e+05
2.338523261898208002e+05
1.746058161383237166e+05
2.072251510253707878e+06
1.335029356968971551e+05
7.464532573401057743e+04
7.933086541654898319e+05
1.778203338408233831e+05
8.673819122228294145e+04
1.682709465508858557e+05
2.920957851602677256e+06
4.590438289408005949e+04
9.996379914855452953e+05
3.540138033920634189e+05
2.067772038764144527e+05
1.807100917574255436e+05
1.557494878649842925e+06
4.682572756581702852e+05
7.623599193759664558e+03
7.967043165482414188e+05
1.940828438739168632e+05
5.605823117630573688e+05
1.763313243741377373e+05
2.166447847458386095e+05
1.841067107284654630e+05
3.549762336971018231e+05
8.606755425714895828e+05
2.998736339663714170e+05
9.035792376913019689e+04
2.179826561259770766e+06
2.719049758492924739e+06
1.894509753770756943e+05
2.533840679107852629e+05
1.139934902918322477e+06
1.201043974128985312e+06
3.425421004130705260e+05
1.502018161829068558e+05
3.738864340167912305e+05
6.472392464536530897e+05
5.664048400332648307e+05
4.187267464200507966e+05
1.865978646879199950e+05
1.243873940625312534e+05
1.464265038605741283e+05
2.084578671057824977e+05
2.088005614161054255e+05
5.590860636906514628e+03
4.191748170784728718e+05
2.261792403072719753e+05
4.669841068469432066e+05
3.326995169058944448e+05
6.755722897130627825e+04
7.102021364807424834e+05
1.254084856517354783e+05
1.605431707383180037e+05
2.834587818031393923e+06
1.830172207139827660e+05
1.812014927816278068e+05
2.958555304518188816e+06
2.335628093373327050e+06
2.767164297761949128e+05
4.200901635891650221e+04
1.538053106723815436e+05
1.737005391357703484e+05
1.992732920910646208e+06
1.358431427297907649e+06
5.272437927931336453e+05
1.282537095263276948e+06
9.170533299259287014e+04
1.218393817653770326e+06
8.247665591745473212e+05
3.189372964500953443e+06
2.725541973688846920e+05
1.604930711540669727e+05
5.745266120471890317e+05
7.536843625443362398e+05
2.000611840763804968e+06
6.879916024499530904e+05
3.137462808773388620e+06
1.671846382280010730e+06
6.061064673640858382e+05
5.546323978969013551e+05
5.233700582958331797e+05
8.469570949391472095e+04
9.126047877725753642e+04
9.106489011640633689e+05
1.667761655541699292e+04
4.600405869436227367e+05
3.989214953089735471e+06
1.635528009285051667e+05
7.000302980141381267e+05
4.869833113681184128e+06
1.854146894625387358e+04
2.787267416121193091e+05
4.389669493403079687e+05
1.704498284223988594e+05
4.057386698656578665e+05
4.362421914838693920e+05
2.705497947664977401e+05
5.182351339559270418e+05
2.750568178685706109e+06
1.455718320135695976e+05
1.606575082271143328e+05
3.021911032780510141e+05
9.791757789640651317e+05
5.910940666987952864e+04
2.002820473347950901e+05
3.373714978125315392e+05
1.439136103268719162e+05
6.565698400367775466e+05
1.632117414102851413e+06
1.474621019019121595e+05
2.335837498310257506e+05
4.265401192724909051e+05
1.570780279595115571e+05
1.221363476085740374e+06
1.702649107243831037e+06
7.816646959118501400e+04
1.351221728870896157e+06
2.585313507379718358e+05
1.878484125612740754e+05
3.044797569318409660e+05
1.938433210026439046e+06
1.227606617614152376e+06
4.245223103217338794e+05
2.889854469981165021e+05
2.608239122168660164e+06
2.822057764985860331e+02
1.092806204581431812e+06
7.004119039335822454e+05
2.629898880853511509e+05
9.249617303274752339e+04
2.315004571592502762e+05
6.678429223764422350e+05
2.823227477293681004e+05
1.217453082411210751e+06
2.022156196602181590e+05
2.961933510138965794e+05
3.589283895248018089e+05
9.181478434460751014e+05
1.615444569474858290e+05
7.419479649502284592e+05
6.524913469184369314e+05
8.290353006037550222e+04
3.308641621247350122e+05
4.877544753182175918e+05
1.605554156181185972e+05
1.084986372879130504e+05
8.084652615653537214e+05
1.937225297956092400e+05
3.215923732364343014e+05
1.440552175250913948e+06
5.182407909438506467e+05
1.838422076555595268e+05
3.045457278816337348e+05
1.159559036885979585e+06
1.308716744407769875e+05
1.764131254817164445e+05
5.076354588657104759e+05
1.106715621698145755e+06
8.351495511308021378e+05
1.961109617766038282e+06
1.381624388124116522e+05
1.397216922700962517e+06
7.782934836639877176e+05
6.247477231862090528e+06
9.992306966605511843e+04
6.878581501810008194e+05
1.272011590659430112e+04
3.080725719388392463e+04
3.116005056440792978e+05
1.122433274454084225e+06
4.344401976477283752e+05
4.592322535101572867e+05
1.092143125649422727e+05
5.355771686330506345e+05
3.447771943619945087e+05
3.870561665652530792e+04
2.409513588068381650e+05
1.052101609873404494e+06
3.596206764522471349e+05
2.230776184687762288e+05
3.439837850457471213e+05
1.180522258872831881e+05
7.205365919493985130e+05
4.891968044405793189e+05
3.862142231811876409e+05
3.266530062444175710e+05
4.746429393797389639e+04
1.988617621177434223e+06
8.655772240714376676e+04
8.412004869929020060e+05
1.197903054679595516e+05
2.233763675504907151e+05
4.702456032159506576e+05
7.773437273534010164e+05
6.813863694482973078e+05
8.988120245301278192e+04
2.682058123850387638e+05
7.073798398289767792e+05
2.157600999902728363e+05
1.145425931170238764e+05
1.201454795047657681e+05
5.204880345492595225e+05
9.144582058322923331e+03
4.484403403759256616e+04
1.509295548760020174e+05
1.552549580907230033e+06
8.266639095331933349e+05
3.083034739703417872e+05
4.085711989457383170e+05
7.883869856255271588e+04
3.536752444044623990e+05
1.529813484344436729e+05
1.405885022522781743e+06
3.926897410161073785e+05
3.748084543406967423e+05
2.006182893770916271e+05
1.907840753237687459e+05
1.760665641124675458e+05
4.569525926534647006e+05
2.564903821833930269e+05
2.967176128219121601e+05
1.409773501169142837e+05
4.476437538378401659e+05
2.408051744882497587e+05
3.340546074401205988e+05
1.160776242269007489e+06
3.180168367505254690e+06
1.292449898905258393e+06
2.871816016440914827e+05
3.379730336000024690e+05
3.181478939792550955e+04
3.695452804905652010e+04
6.308455367625509389e+05
1.459179647783781402e+05
4.264669155584403779e+05
2.208456358042897191e+05
3.746276224763435894e+05
1.588331022741327994e+06
6.623448234766724636e+04
2.235442053951458074e+05
9.198614575002428610e+05
2.666208671082471265e+05
2.897540865384042845e+05
2.462420041536147764e+05
7.988961204489620286e+04
6.299999740946011152e+05
5.229876335957436095e+04
1.171226412910616491e+05
7.090517880613695597e+05
2.057051427240992489e+05
2.890358949340993422e+05
3.447973292482404504e+05
3.347663951225358760e+05
4.468307563298648893e+04
2.585407296500036900e+05
3.947800544363762252e+06
1.154245986133076512e+05
1.534087339109169552e+06
6.816514258101347368e+05
2.937933326846763492e+06
2.660266643836069488e+04
3.897156013306549285e+05
1.226430641792571405e+06
1.723887090557688382e+06
5.316908758870139718e+05
2.607419758009594079e+04
6.005558736695118714e+05
8.623614997669890290e+05
9.461915209790105291e+04
3.326434646259958390e+05
1.956075389331514016e+05
8.734578887283721706e+05
2.481549843831885955e+05
2.755891870153798955e+05
4.911312183857691125e+05
2.321125049614656600e+05
8.225575083221441600e+05
4.277211084526544437e+05
2.037793968095975928e+06
4.811236133473836235e+05
1.169826197897658130e+05
6.411587125359134516e+05
1.631547783057852939e+05
5.243133073875840055e+05
1.219601866045216302e+05
9.486774800176081480e+05
3.455480536667653942e+05
5.020547049634825671e+05
5.795879313667777460e+05
3.398262350632695016e+05
1.718900585992650595e+05
2.637386549698836170e+05
8.604249756770586828e+04
2.126749353263249213e+04
2.330852301170803257e+05
9.648322295510203112e+05
6.874948996646683372e+04
1.500479083612737886e+05
4.292654365056517418e+04
1.464715378783872002e+05
1.604946703309991572e+05
3.629787840044830227e+05
3.733449333313441603e+05
1.092700439840557519e+06
2.485649223775303108e+05
5.354985131718053017e+05
6.212520785727123730e+05
5.673533742028627312e+05
6.507850176666938933e+04
4.913319836612856016e+05
4.617086820300254039e+05
9.199292634783354588e+05
1.149444630638110102e+05
6.425978630426389864e+05
2.248546639054878324e+05
2.773139172261854983e+05
2.163747606827309355e+06
7.866862647175522579e+04
1.277779873715055292e+05
2.405617806621288182e+05
1.961352632409516955e+05
1.049303515897773672e+06
1.083424915750507032e+06
4.594397401291990536e+05
6.460638633553645341e+05
3.245077282868069015e+05
6.594508064483533381e+05
6.453046945298163919e+05
2.198065478732910706e+05
1.555849397130732541e+05
5.853152818977908464e+05
1.249636213567442610e+04
7.390378287346809520e+04
5.160714283432292723e+04
2.606113268937540415e+05
1.737400384745818446e+05
1.282279762266123544e+04
8.309143921162253537e+04
7.145212201510536252e+05
3.779135740728256060e+05
2.424457737232033105e+05
1.329321853970838711e+06
2.329834265687523002e+05
8.605255733919151680e+03
1.626611956459230045e+06
3.938077136211992474e+05
6.287953028213015059e+05
3.737897186073951889e+05
3.606263521231035702e+05
8.204370483538324479e+05
2.391931635580652801e+05
2.570663289284272760e+05
5.886051293747790623e+04
6.501063063339473592e+04
2.214661153282689702e+04
3.973610626853363356e+05
4.276092362866111100e+06
1.199381657518137072e+05
1.517566958887513611e+05
6.523814938257236499e+05
4.246669135343317175e+05
2.828488191356315510e+05
9.726252629356331890e+05
3.202109129780557938e+06
7.856526286422202829e+05
3.698594604461552808e+04
8.392725917556504719e+05
3.252025598506290407e+04
4.599929073981925030e+05
4.913941912233739276e+05
3.664193037405038485e+05
2.524024667416878219e+05
6.953707003223511856e+05
1.200503003669335885e+05
7.633416479823195550e+04
2.313600886933530564e+05
7.923594005660187686e+05
1.076961495755985525e+05
7.496229580021572765e+05
1.091989787926837336e+06
2.674258339211774364e+04
1.669213753995589213e+05
4.244109864285922959e+05
3.429464107148826006e+05
1.654800249887186801e+05
5.066781029226261126e+03
2.970370485488545964e+05
1.691941344304492231e+05
6.198849854910545982e+05
1.240923069230615161e+06
1.359044506556898705e+05
8.291763290349292220e+04
1.611657160955104337e+05
9.775762258645348484e+05
8.952600638726072793e+04
4.008697975110533182e+06
2.933233533642666880e+05
1.084941224312775070e+06
3.357055064673579182e+04
1.587186282313400880e+05
2.722911356725082733e+05
1.886531405373826055e+04
1.556362515604733489e+06
1.510989961655081250e+06
1.805249977203837479e+05
3.557133521374783013e+05
4.679822555186883546e+05
1.166389409533556609e+05
8.862016417214750545e+05
2.112559752840605797e+05
3.708747444268314866e+05
2.316442328711733280e+05
1.016043687833395437e+06
3.958514388789078803e+05
3.107396878945261706e+05
2.619310015718388604e+05
4.470308170714056469e+05
3.834852419285300421e+05
4.921066085166628473e+05
2.664240656135297613e+05
6.459937967736634891e+05
7.740756826476864517e+05
3.643189582771064597e+05
1.388427579281662125e+06
1.095844955641132256e+05
1.825679385915474850e+05
1.225614079340926255e+05
1.000828075523540610e+06
2.884815099884390947e+05
1.581649244688641338e+05
7.987839586989531526e+05
1.095403678070118418e+06
4.524787753639567527e+05
1.417462667786816019e+05
1.592885120708504692e+05
3.048663259524168679e+05
3.165338679268822889e+05
2.308230457954923913e+05
2.898449064603738370e+05
3.088931261685072677e+05
1.629486608167459723e+06
1.155633435003261111e+05
7.635019775332811987e+05
9.976606035311424057e+04
4.566772699314978672e+05
6.813643600136550958e+04
7.003270081748912344e+05
9.458031252320918720e+05
9.836655331915364368e+05
3.802441611788410810e+05
2.906321971922832308e+05
1.738367425880776136e+05
8.550247483337322483e+05
2.309192642701769946e+05
4.370480017037491198e+05
1.944908009652318724e+05
1.060682171986621979e+05
1.646668033090230078e+06
2.536076652461916092e+05
4.526046184209029307e+05
1.299490523370265291e+05
3.138645297473188257e+05
3.175062530144816265e+04
2.669563064155311440e+05
1.282389214897917409e+05
1.299389569836207957e+05
1.151496954980846785e+05
1.269110639169123024e+06
1.996817502748849802e+05
3.857890431446463335e+05
6.617560342236735160e+05
1.280376852389025735e+06
5.141563516424914997e+04
6.280364443423560588e+05
6.309144511315367417e+05
1.933556615356555267e+05
1.168532932127333712e+06
2.261941596539821185e+05
3.874180455254972185e+04
4.352497485286489973e+04
3.578436255911440821e+05
7.533760292947882554e+05
1.486299120544744073e+05
6.852851192791564972e+04
4.070555906082832953e+05
6.401941476306286640e+05
3.527595662730797776e+05
6.229463714209016180e+05
1.322331923813289031e+05
8.305062478190384572e+05
6.003144021350885741e+05
6.282818836722016567e+05
4.339415746479622612e+04
2.839911233394981828e+05
1.777089665865984047e+06
1.472191020517818863e+06
4.009790428008649033e+05
2.544740080014870546e+04
2.099311673347720644e+05
2.128386731409433414e+05
4.700638860225008102e+05
1.297788723716064560e+05
1.719933377528534329e+05
5.629574800069342600e+05
1.528350584907120792e+05
2.848767527342597605e+05
2.646824938369781012e+05
4.416028118174721021e+05
1.090512233700875659e+06
1.629022312601510785e+05
1.774853567840525648e+05
4.087687459181281738e+05
4.269704646557767992e+05
8.193999978480983991e+05
2.081309185740966350e+05
1.421091329243909859e+05
2.557865632694018423e+05
4.829349856856747647e+05
7.003262777393311262e+04
1.689832139686871320e+06
1.178614467693318147e+06
1.293795966094399802e+06
1.028743808113846317e+05
4.492370370227820822e+05
6.598389286669507856e+05
4.061908025100063969e+04
2.902290725868063964e+04
4.691915187503059860e+05
9.466334640178721165e+05
3.826756905017267563e+05
1.235829466354652541e+05
2.918684572190791368e+05
2.916335149188433425e+05
2.272299318551088683e+06
9.877415638281355496e+04
7.489877909165563760e+05
3.539833748409664258e+04
3.626766828995269025e+05
6.853756099994287360e+05
5.604407060952566098e+05
4.615050773071251460e+05
3.569278528356453171e+05
1.439649341064223554e+05
2.594039913505840377e+04
8.955108501888430910e+05
3.442170316898672027e+05
2.671311816560461739e+04
5.800682543416888220e+05
6.831160252642126288e+05
3.782290613071870030e+04
2.459058995072224643e+06
1.953007452046929393e+06
4.072133038637646241e+05
1.362404917954828124e+05
8.404123095844009658e+05
6.008644633833925473e+05
6.962975755888816202e+05
4.519934569949459401e+05
1.136559670292956289e+06
2.888527017658338445e+04
2.499273729782933078e+05
1.109536353266985854e+06
8.497614606675627874e+05
1.012977467015175789e+05
6.157784464192651212e+05
7.198537617451129481e+05
1.407909281876029563e+05
9.903013964646935929e+05
1.423788684069630690e+05
2.249188719429938938e+05
2.511475970070752373e+04
1.170626293636513874e+06
1.582893812239060935e+04
6.035575337149800034e+05
6.786150210427686034e+03
1.172859247824656311e+06
5.981832889016706031e+05
7.624094112539993366e+05
1.278954581764885370e+05
1.062352422809396870e+06
1.251488069363721734e+05
6.297627780657677795e+04
4.436653848013032257e+04
5.670192667741625337e+05
2.876177989007920842e+05
3.780362016607857659e+05
1.518655583856478625e+05
3.787181008741282858e+05
1.465120192774230964e+05
1.753814262475863216e+05
8.520512742501038883e+04
7.166970183627997758e+05
1.863900158285101352e+05
1.337923347866094264e+05
9.868185288011605153e+05
3.433956772104201955e+05
6.081122905980393261e+04
5.411313398630544543e+05
1.638948232728791481e+05
2.538716716286465526e+05
4.070828699491092120e+05
6.056050315993698314e+05
1.658256871623443207e+06
3.382894828420897829e+05
2.216109065344203373e+03
8.002451097221930977e+05
6.922645542243990349e+05
3.251525338435180020e+05
1.306524343746479572e+05
6.390106936770242173e+05
1.764167740126420103e+05
4.776573331878325553e+05
5.684957019008787029e+04
1.591606543666567595e+05
8.580986036604017136e+04
3.023704719849463436e+05
2.928203552363032359e+05
7.115237317926824326e+05
5.225714568906816567e+04
6.971866309684501030e+05
1.459583631729472894e+06
1.929690964544891613e+06
5.583032361563000595e+05
4.343005967313203728e+05
5.178137525566586410e+05
2.965048730903395335e+05
1.150190345695295371e+06
1.031120491462688078e+05
4.192379314875398413e+05
8.059745647212173790e+05
3.151232345333696576e+05
3.699842124892531428e+05
7.242717237739235861e+05
7.177274576315367594e+05
1.469043731008037459e+06
2.988542154284463031e+05
4.736145339899347164e+06
2.324018129202866112e+05
6.276523028366978979e+05
6.874100027500217038e+03
1.272171588870837586e+06
1.246858108531705511e+05
1.990144712097249576e+05
3.740451419519908959e+05
9.066533051485590404e+05
8.627148847037936503e+04
2.618764246715449844e+05
1.356747734035215981e+05
2.105405987936710590e+05
1.056243499332374427e+06
5.467583750058184378e+06
5.243217309627165378e+04
2.654234936618719948e+05
3.253039415511682164e+05
2.208681229051174014e+05
1.263352509659010102e+05
1.937428175345372438e+04
3.614232998532029160e+04
1.050660178631628951e+05
6.991902348380540207e+04
3.358706366826373851e+05
3.082086229265037109e+05
8.417856021421316836e+04
8.619798573055525776e+05
1.043621203301631496e+06
4.965440240457027103e+05
6.587747604288650909e+05
4.708748963781264029e+05
4.664244000845906558e+05
9.597428063499291893e+05
1.182702293829341215e+04
8.795381833141667303e+05
1.526972771389284870e+06
1.005865220819447277e+05
3.969585900352774770e+05
5.312853455898952670e+05
9.741811233137168456e+05
8.677883051501143491e+05
7.648706279633409576e+04
1.524613635381185741e+05
2.564626631596198422e+05
7.446561075663131196e+05
3.182333203824979719e+05
2.070209442081355082e+05
1.992666301810852892e+05
2.533379042522709351e+05
6.844459344310808228e+05
1.466818518594485242e+06
2.661067753827943816e+05
8.013653841997624841e+04
2.417886553573864803e+05
7.425654865436143009e+05
2.133906654599411995e+05
4.156479169921596622e+04
3.482946244984996738e+05
4.144130268880493240e+05
3.950830695450717467e+05
1.652282074296649953e+05
2.128236868959763087e+05
8.168969627457022434e+05
3.022401822974673269e+04
3.234566319149894407e+05
7.405514919273145097e+03
1.499333462531887693e+06
4.860934802681600559e+05
7.689970959092994453e+05
1.773380655937019619e+05
7.232056891490354901e+05
1.134365971734001359e+05
5.257898992902131431e+04
1.315989202728963282e+05
3.786589538595121703e+05
2.920244897817261517e+05
1.121190025267977180e+05
5.976520204658815637e+05
3.418629925930938334e+05
1.292683098666788428e+05
3.052099962659134180e+05
7.503880127215308312e+04
5.141607810701305280e+05
8.662803266270610038e+05
1.413620561962338397e+06
1.722416434125436936e+05
6.343494044150236004e+04
2.067573348023217477e+04
1.567265906322696013e+06
5.652679715591548302e+04
3.413747497972924612e+04
2.958599929342366289e+06
6.553465094109611819e+05
1.081372498076960677e+06
3.134757482360014692e+05
2.938477454029271030e+05
1.579710902760014287e+05
2.958811733244917705e+05
1.476203940426685731e+05
4.759784662819349323e+05
2.871976164341918193e+05
1.232525514544432051e+06
9.300082960412027314e+05
2.791382479427377111e+05
8.399289056518423604e+05
3.649537879171166423e+04
1.521218314141066221e+05
1.055032904172181734e+05
1.380150346030550427e+05
1.311328696990870405e+06
9.159434176592843141e+04
3.279983824214619235e+05
9.092689652548931190e+04
7.497138557386123284e+04
7.890037781562727469e+04
2.139423315633250459e+05
1.717960200142925532e+04
1.513853606625909219e+06
9.665791730885489378e+05
3.397537804444359062e+04
8.966252309333470184e+05
7.049752512868146878e+05
1.518563977062627673e+06
8.494968571055416251e+05
7.680698902726304950e+05
1.777645791862096521e+05
1.607880702220377279e+05
5.892757593471421860e+05
3.364570347741451696e+05
4.677689417630734970e+05
5.743331637217012234e+06
9.603225519659511046e+05
5.264138465292239562e+04
1.015385322725262231e+05
4.379805534168868908e+05
6.128320840412912657e+05
1.505436302422224835e+05
6.142441627757531824e+05
4.459355830979440943e+05
1.468351779989541101e+05
2.156358005906862672e+06
5.134534561626525829e+05
1.479603720508721890e+06
5.153821315790775407e+04
1.368257265425726306e+06
1.034303111190228519e+05
1.678996486232000170e+05
3.969330059382022009e+05
2.988834019824757706e+05
1.155206835400493350e+06
2.840044922780657653e+05
9.248164954269720474e+05
2.124181757571355905e+06
8.515594706344035512e+04
1.170852012542616430e+05
5.281459941842964618e+05
2.539273033271764871e+05
1.973336807181203912e+05
4.471259881074986770e+05
5.970487554959956324e+05
2.571608325329061190e+05
5.396380696393280523e+05
2.389702096470404940e+05
4.840729829601420206e+05
4.029912675988486735e+05
3.037404304849160253e+05
1.114816967407688935e+05
2.099523144140449003e+05
3.463187547056793235e+06
4.449314471927075647e+05
2.316080881107752793e+05
1.995531342467324866e+05
3.158901834754580632e+05
1.500087886100966716e+05
5.993584508103190456e+04
4.643532340475648380e+04
9.399839328523598379e+05
1.694291944216615229e+05
1.134642758184504462e+06
3.039202410946043674e+05
3.490915740919548552e+05
5.248709253914618166e+05
1.193408257276806835e+05
2.655865893887038343e+06
3.570664597363029316e+04
6.840785831843464985e+04
1.046889992168614845e+05
1.251338883655957761e+05
1.288878527954132005e+05
7.802455494974042813e+04
7.216395571191885392e+04
7.886887549590107519e+05
1.989001601354452723e+05
2.255185027641693887e+04
2.477622640804595721e+04
4.628083156687423470e+05
2.889207391259202850e+05
1.260715904516285285e+06
9.681812398128567729e+05
6.506323498993146932e+05
7.423608595292942482e+04
3.113651176833151258e+05
5.865734732281537727e+05
4.787709633589682053e+05
4.766915760457593715e+05
1.456995832505018916e+06
7.720394840307141421e+05
2.958998570462734788e+05
1.491001384564737382e+05
4.338747499945387244e+05
6.753989996899572434e+05
1.182885040527750039e+06
3.257781999906355049e+05
1.267198003455613740e+06
2.933710884234424448e+05
1.057245247749518836e+06
1.680039469152959064e+05
2.121101209287416423e+05
1.644072195212217048e+06
5.657892482608173741e+05
4.672674382421849295e+05
3.160744088802437764e+05
4.312603195228942786e+05
4.038241556558285956e+05
1.228199090653658612e+06
5.700876599527868442e+06
4.234417190601554466e+05
3.405279507134611486e+05
2.233184800424976740e+06
2.448755355034754903e+05
5.372900708699865267e+06
1.824252300907392520e+06
8.284218375607762719e+05
3.453995439064354287e+04
2.540143657795038016e+05
1.003173335138437978e+05
1.357820450043916702e+06
3.524097994424631470e+05
2.391432090888314997e+05
1.054915462467597332e+06
9.657897770131824655e+04
8.503156032911012881e+04
1.503801424143851036e+06
2.950332295696837245e+05
3.019326504911911325e+05
5.547609356487406185e+05
1.761317114025766496e+06
3.470839331199100125e+05
3.863289155917451135e+05
8.856329222610947909e+05
4.913703190696554375e+05
3.971352702219847706e+05
3.492323630276432377e+05
9.905606944077980006e+05
1.818016594438994071e+05
1.379687194927952660e+05
3.973246459954999154e+05
1.491020086313420674e+06
4.295608775988353882e+05
3.389182938640171778e+05
5.892591447492440784e+04
9.942804849295101303e+04
4.774013143833139911e+05
6.905044076381044579e+04
4.976489804228370485e+04
5.442242119361021323e+05
1.380812246028318768e+05
7.911109919409175927e+04
7.485114200993180566e+04
6.391956166786409449e+05
1.801374657080957259e+05
7.975231336112337885e+04
5.037379498505158699e+05
1.343478357513773721e+06
3.732940001787554473e+06
7.316872052246308886e+04
6.052413372979960695e+04
4.714523080453323200e+05
9.601270430158611853e+05
2.706652569581934949e+05
3.414413545130796847e+05
7.664946052887935657e+05
3.746911740263906540e+05
1.250166584672340105e+04
1.001569045520933811e+06
8.681950520427961601e+04
1.141699689906075597e+06
1.432867430505427765e+05
3.896917160050576786e+04
7.864355017122827703e+05
6.159851402421800885e+05
4.229780958185535856e+05
1.259397360887823888e+05
5.218595022822066676e+04
9.398699188415796962e+05
4.997006937110128929e+05
5.141032846955929563e+04
3.689775860607211944e+05
3.484565267446574871e+05
4.915918569623182993e+05
1.408420669196908420e+05
2.033742142239587265e+05
7.509207910470005299e+04
9.497675579360441770e+05
4.535967707904708222e+05
5.384492742577521858e+04
5.102698132954614121e+05
2.351065557514492830e+05
2.862923508134508738e+05
1.977207149634211091e+05
4.012653699137358926e+05
7.811567263011171599e+04
5.227858121641378966e+05
5.895107209408612689e+05
4.765352768972641934e+04
1.651813191815804457e+05
6.793859198138698703e+05
1.014272501698882901e+06
1.159539102941977791e+06
3.055039915584037590e+04
2.217907297983386379e+05
8.807476529631901940e+04
1.541821236622285796e+05
1.276076003410033591e+05
2.210599533595197718e+05
1.269056764347396092e+06
1.858318562647603540e+04
1.064066634849532566e+05
1.484641424221017398e+06
4.386084502038906212e+05
4.650462782014973345e+05
4.929360094807068235e+05
4.322247402651655721e+05
5.754648788715035334e+04
4.376586627436459530e+05
5.682280431366326520e+05
4.729248798772219016e+04
2.545818485200655414e+05
1.511921782047987799e+05
5.042822490826556459e+05
7.506676019643673499e+04
9.339688456293571508e+05
5.791903587294005411e+04
2.907372769377680961e+05
4.157266301359748468e+05
2.902267433140499634e+05
1.131512213930047001e+05
1.545759617326301988e+06
7.850875387748967623e+05
3.121580254956039134e+05
1.958881228054911480e+05
9.655855414999162895e+04
6.444063642874996876e+05
4.618954424082490732e+04
6.059705656529336702e+05
4.934271099741273065e+04
6.229678397022080608e+05
7.415227299792333506e+05
2.431881105485929293e+05
1.797707406730575531e+04
8.918947409387361258e+05
2.688152650527763180e+05
6.730111503118090332e+05
8.227039731461255578e+05
1.844722928286980838e+06
1.179977518599895528e+06
3.098342707681857282e+05
3.266795769070717506e+04
8.725059447732813423e+05
1.123977136497964617e+06
2.320222470069988049e+05
4.076463762733451440e+05
3.487961488181426830e+04
5.383016674532204343e+04
6.577657892148914107e+04
1.880840820704635989e+05
6.701610686994726711e+04
6.543605413708854030e+04
3.864874468819352333e+05
1.538099890055287164e+06
9.017143110718241951e+04
1.526737474653286044e+05
1.251493335074242932e+05
1.438179427852764959e+06
1.130710361250519491e+05
9.356474697929105023e+05
5.017567885660120519e+05
7.794460995629280806e+05
1.640338937002646271e+05
6.021634975680928910e+05
1.722409580488053034e+05
3.826014807754629292e+05
1.173150188938142732e+06
5.546206745425334666e+05
4.042023506798077142e+05
1.762118055091800343e+05
3.804484112049127725e+04
6.793760077739253175e+05
2.893738249048928265e+06
1.298527090815563570e+05
8.256634596027248772e+05
3.407920001190122566e+05
9.230046309397327423e+04
4.438812214540633140e+05
1.649591008935254067e+05
9.504266305693880422e+05
5.408025413899774430e+05
9.652264269067512359e+05
6.575293030261422973e+05
1.196625596730795951e+04
1.903145633254164131e+05
1.406197683147756034e+05
6.131496292869776953e+05
6.322118375963001745e+05
1.390474202309843386e+05
1.158419822059687431e+05
1.299750398386432091e+06
2.538511894052647403e+05
6.208337537302278215e+05
4.249533707009711652e+05
7.787684824055425124e+05
2.144361462129639112e+05
5.139577151076009613e+04
1.384924951050047530e+06
4.859093634314583614e+05
4.843769625364420936e+05
1.400430375976530835e+06
7.259391271594380960e+05
3.101392652477291413e+05
1.322618281715654884e+05
1.594445378498814534e+06
1.297453436945921043e+06
2.442512656171753770e+05
2.582367902386484784e+05
1.134545226970848162e+05
4.289372503831572249e+05
1.404048642115342664e+05
9.516762734957492212e+05
1.801302050602882518e+05
6.473231821321405732e+04
8.769641572835915722e+05
1.952697172851451978e+04
6.487655982705559582e+05
1.492707682996543008e+05
6.001388623336058808e+05
7.445342209881423041e+05
7.233739574523691554e+05
9.597380291152899154e+05
5.152672351054692408e+05
7.915010839536928106e+05
2.243774387306326244e+05
6.071177718706555897e+05
1.782509929368306766e+05
5.201491663855184452e+05
2.688113428203927819e+06
1.122585485240148846e+06
1.781455600936861010e+05
2.961216978389137075e+05
1.077995242215473554e+05
1.062417431185275316e+06
2.410654760712544667e+05
3.385703697821446694e+06
7.134201083049488261e+03
2.309129689282535401e+05
4.091198445416440954e+05
1.311959148013440892e+06
5.032397062447229400e+05
9.494045860444963910e+04
1.978517148254340282e+06
2.051088078273669817e+06
6.714012738347769482e+05
4.816887006008252501e+04
8.006135631506987847e+05
1.686812989301251037e+03
6.475888746813581092e+05
1.309857809432663722e+06
5.324826566620434169e+05
9.355529138162329327e+05
3.471181820342310239e+05
3.631816702047518338e+05
9.424320534495889442e+05
1.470691454734546132e+05
2.538487990440765279e+05
2.828277171133930678e+05
2.606590642161680735e+05
5.212405908493041352e+04
1.178388531507133157e+05
1.246533624026100384e+06
5.032908097569330712e+05
1.152198570949069224e+06
1.127826467481866712e+05
1.531246409656415744e+04
1.992657690570768900e+06
9.533930974940492888e+04
5.307001539294804388e+04
7.034733022531414172e+05
2.307840693772843806e+05
2.434090053458015245e+04
6.099868823033916997e+05
1.096117025057496969e+06
8.315725856939967489e+05
8.840702102559476625e+05
6.942414231040329905e+05
1.548974794059589331e+05
7.225266399484684225e+05
4.798427653879922582e+05
7.825901040269216755e+05
7.932341691957663279e+05
3.592831931538520148e+05
3.124850016911769635e+05
1.306308701693761861e+06
1.357725172215493558e+03
3.167772732206771616e+04
1.256594772896271170e+05
1.060025938346222043e+06
1.671517478123600304e+05
5.405443750022578752e+05
2.993553896105104941e+05
4.301079769645807100e+05
1.526496933901934186e+06
2.740772359061679163e+04
2.750652475347070867e+04
1.387666744862716878e+06
5.642494520502311643e+05
1.351554309974288335e+05
2.108027362072199685e+04
3.444198048104657573e+03
4.324892341730454355e+05
7.357083751621100237e+04
1.576393945410416462e+06
1.071247808180657215e+06
4.268785498947090673e+04
2.872301057483390905e+05
1.298574065299082140e+05
1.770550255875559815e+05
3.973010266785869026e+05
5.834403009871912654e+05
1.633094448306007544e+05
2.669781411257240688e+05
1.625644490997437853e+06
2.106550419265399978e+05
2.174343784188814461e+06
2.290321727101495489e+05
9.843695629029159318e+04
3.712527924217054970e+05
3.134739942467892542e+05
5.267140469612360466e+05
1.383445981516831962e+05
1.144797815221956465e+06
8.322625143382686656e+04
4.486793423738340789e+04
3.374908172487241100e+05
2.306035353333425883e+05
1.641408252100948012e+05
2.117488008434223942e+06
3.051816410048175603e+05
1.982582075292192749e+05
5.007742363260711863e+04
2.967794919997765683e+05
3.845310697367241955e+05
4.082608733972365008e+04
1.431946363908018684e+06
6.338374905419681454e+05
4.964092392373853945e+05
1.092309969287046988e+05
1.610139413720352168e+05
1.609444269338746555e+06
9.178006220288602344e+04
3.117919260521388496e+05
2.249978938444805099e+05
1.171650962523595197e+06
2.970071659618536942e+05
3.701468658359244582e+05
3.298693597215705086e+05
4.516186000713898102e+05
6.641590537183242850e+05
2.966328898244471056e+05
3.833632699578554020e+05
1.290489453749193199e+05
3.003071246107086772e+05
5.917064358710381202e+04
1.946896779259246832e+05
3.982809178717379109e+04
8.925791640100877266e+05
4.368894292951976240e+04
2.094943242934418668e+05
1.675894272086175333e+05
7.295058738558616024e+05
3.196532474549624603e+05
6.704100762850263854e+05
9.102461160906175792e+04
3.278880890733901178e+05
3.373355574760381569e+04
6.106118642690612469e+05
1.511448220639234059e+05
1.414590807059891522e+05
2.542148664515635755e+04
2.282185195277200910e+04
7.187739149486103270e+04
2.883326269451865810e+05
1.336679941395132046e+05
9.672296738539211219e+05
3.178556659947471344e+05
3.439532959631845588e+05
5.086885036195851717e+04
2.855479776421409915e+05
1.209487662421253917e+05
5.316062739758549724e+05
1.579068436615269165e+05
3.738548219428067569e+03
2.667904727739947848e+05
2.701105257466921466e+05
1.472126437087971251e+06
9.004238799816592364e+05
1.794883802814528171e+05
7.020295547153920634e+05
4.868327275884601404e+05
1.311653019451512373e+05
1.553705800459485363e+04
9.213082892782241106e+04
1.080520836858625844e+05
2.555483144842549809e+05
1.018115987739795819e+06
7.515924569108169817e+04
2.482426621780955466e+05
7.914979410733062541e+05
3.423512797285686247e+06
1.410028679679358320e+05
1.920545089116421150e+04
8.257091766392776044e+05
2.210210410621237534e+05
1.507953772175165650e+05
1.975009042920710926e+05
1.073698427787471330e+06
9.130587890965408878e+05
9.678712173050626880e+05
4.621465049789638724e+05
4.082989200314725167e+04
6.529159436828244943e+05
2.742500617531872354e+06
1.587190189421855903e+05
5.005935152000653325e+05
5.425298370493113762e+05
2.220167178975697025e+05
4.673903158998885920e+04
1.591200092226867309e+04
5.750697954729872290e+05
2.102322025374241173e+06
7.941805124334114953e+04
4.116296433246410452e+05
1.057329479418862378e+06
2.337666108136370312e+05
4.751965529462931445e+05
1.155657299163986172e+05
1.238424065298140282e+06
1.544094054791005619e+05
1.501963537486666610e+04
3.998789564451819169e+05
3.950532639080160297e+05
7.619232986545104359e+04
1.054153928973518545e+06
4.425899517087084241e+05
1.094717635374092497e+06
1.477336507675739995e+05
3.439486386946957791e+05
4.203119602504455834e+05
4.236551285778675810e+05
3.579187959498260170e+04
4.192928085628951085e+05
8.241924666455844417e+05
1.292363689023152227e+06
1.801380080154814350e+05
4.777075010564382537e+05
2.368619997798780387e+05
2.794843142600165447e+05
1.681527943397311028e+05
1.914235205250541214e+06
3.865133509464276140e+05
1.218242864808437444e+05
4.467787180122337304e+05
3.826902754851160105e+06
1.294081929281279910e+06
1.410576607216068369e+05
2.485492094695025007e+05
1.941830686016706459e+05
8.214572062495042337e+04
2.027822863157458778e+05
1.113665839275142935e+05
1.958145208320872043e+05
2.795419638777652872e+05
8.340070268347357342e+04
1.505474048877986934e+04
2.552512958203893504e+05
1.620193160413743753e+05
3.509991748704188649e+04
3.758735570387725020e+05
2.773217012408629525e+06
3.392087988964561373e+05
1.383821833220881308e+04
6.238256219272390008e+05
8.040403781766149041e+04
6.018584384303991828e+04
2.131451188972648233e+06
6.682613936386190471e+04
3.080192493466235464e+05
4.497798218497961643e+05
5.360028473816798069e+05
1.014546850156873261e+05
4.401760732962791808e+05
1.366161395982183167e+05
1.005953770671624341e+06
1.130772563389382412e+04
1.677861739480722928e+06
2.213324461615582695e+05
1.906524046616594424e+05
2.117231020181038184e+05
2.869656073433285346e+05
1.214026411125366576e+06
1.253400916840789141e+06
2.772320438019178691e+05
1.915966444790461392e+05
1.564160430141277902e+05
7.816512022409908241e+05
1.610505542426277243e+05
1.542613853554911329e+05
4.044190725783205708e+05
7.517258379915132537e+04
1.027400773919765052e+05
3.022493650267561316e+05
4.775883286756995949e+05
1.340661316669702064e+05
1.743756923928970937e+05
1.594441464165790472e+06
2.652463406934329309e+06
3.979789585106461891e+05
2.458014476254046021e+05
6.388695260658614570e+05
3.899214390005028108e+05
3.084323164423923008e+05
2.078880974970012030e+05
1.052689610496324254e+06
5.220504568530280958e+05
7.808056464029030176e+05
1.486622919582432369e+05
3.024879337380067227e+04
2.249260780673922854e+05
4.187597629185229307e+05
3.811706909748891485e+05
1.198840063903869159e+05
4.265664618699357379e+04
1.353745457187997177e+06
1.646443072433725756e+05
1.560390688463810147e+04
2.210304014300111739e+05
5.169190016872113920e+05
1.867988319859156909e+05
4.028867601173089934e+05
7.063655031970369164e+05
3.962699045192944468e+05
1.192896932858474320e+06
6.088571665114458883e+05
1.617921897098949703e+05
9.121801233798610047e+05
7.393665797220298555e+04
3.155671259416342364e+05
3.357783455373152974e+05
2.201042007869244844e+05
2.711639598148899968e+05
5.622466822592837270e+05
6.290718876760312123e+05
1.282847439570775896e+05
1.191804979878701502e+06
3.136827739421382430e+05
9.211216271741570672e+05
1.243894157923968887e+05
3.444191098958517541e+05
4.976112520256150747e+05
7.671262505884950515e+05
1.382617034541312605e+06
3.216619740499929758e+05
4.002777305804886273e+05
1.584966583808235555e+04
1.206729877551531652e+06
2.319622877344754525e+05
5.792711733640334569e+05
2.432955359623512777e+05
5.053797434851427097e+05
1.105667486038221541e+05
5.321782954122968949e+05
8.498026589968263579e+04
9.695329929664133815e+05
1.402939441773917759e+06
1.629534196189619252e+05
2.269873020045486192e+04
4.497444265640958747e+02
7.950651587496342836e+05
3.708672334461911232e+05
2.690700536117623094e+06
5.977556533677263651e+05
1.271109528901028913e+06
9.953420586971459852e+04
5.480206267827814445e+05
1.120609537534067873e+06
3.696132941341110272e+05
1.126828269002692774e+06
2.810602254888993339e+05
8.783028411659690028e+04
4.687968488951253239e+05
2.176515561984333617e+05
1.409182148032985860e+05
2.733157445302563137e+05
6.513399076383584179e+05
1.777211670503373607e+05
4.669432686398429214e+05
3.310360076021871646e+05
1.077438693326602952e+05
1.199041301858912448e+04
2.657744211527564563e+06
1.008721532500747941e+06
8.464879988653861801e+04
3.285649679233109928e+05
2.423248581786116585e+06
1.120233934505852085e+05
3.539735591390858754e+05
2.441709955134709598e+05
9.085355748974271119e+05
2.631860903451570193e+05
1.003822995148534188e+06
3.659505339855095954e+05
1.877926669735051459e+06
7.076229199104256695e+05
4.766840682738825126e+04
3.349370062461878406e+05
1.692698794727217872e+06
3.005431632759006461e+05
1.710791688946179638e+05
2.125161662174407975e+05
9.881318356610457413e+05
1.680855616411268784e+04
2.085193501112238737e+05
2.696279563755027484e+05
8.439388234136467800e+05
7.845885857408418087e+05
4.060382944738137303e+05
7.572167774297882570e+05
1.406589623109523440e+06
2.564582539586410858e+05
8.643094676974109607e+05
3.263528662048249971e+06
2.395297163434887480e+05
3.440223504002546542e+05
1.611147163294656493e+05
8.589370580040971981e+04
2.424783442730568931e+05
1.513763330105374916e+04
2.443311864660136052e+05
1.751453605465260043e+05
1.393943915680696256e+06
1.264936115025107865e+05
1.038140129413992865e+06
5.158157258341981098e+06
2.702701501743519912e+05
4.341005849519890035e+05
5.846322201959842350e+05
9.320736401297225384e+05
3.222439132431407925e+05
5.282705016257265379e+04
2.481394174224787857e+05
2.414566991365638969e+05
2.339209285475024488e+06
3.595021738698754343e+05
2.400577251947533805e+05
1.808048715537702665e+06
2.881729161922429339e+05
1.905792564549757168e+06
4.641372050115999882e+05
6.490659171419333143e+04
4.002464410286937491e+05
1.090891203413792246e+05
5.405897075840301113e+04
3.825839918321541045e+05
4.749713837217375985e+05
3.675810968500578892e+05
7.914912731979497767e+04
1.863530992219734471e+05
1.133041701721157442e+05
2.800569788885663729e+05
5.242859694058933528e+05
1.884041503323546785e+05
1.383288492924939492e+05
2.991054398968084133e+05
8.538549521360682556e+05
1.261588709451228788e+05
2.870285507440471556e+05
6.539448143584864010e+04
2.196176937317590346e+05
2.671589527243409306e+06
2.211663581655666057e+05
1.905772544652709912e+05
6.421422441720023926e+03
1.537859224069637421e+05
4.886933950130530284e+05
4.130112789703515009e+05
9.908306564188202610e+05
2.460492170270947739e+06
4.669324478186980705e+05
5.395070759968442144e+05
4.402950850543283159e+05
8.107731392705737380e+05
2.357246756348331983e+05
8.856742397037434857e+05
1.137673327640600037e+05
4.504155071363219060e+06
1.388172491516997688e+05
5.414584000037986552e+05
7.503774053738837829e+05
7.184049406455252320e+05
4.826104901283711661e+05
9.089227758669599425e+05
2.211233824303228757e+05
6.692395148670990020e+05
1.363467006623664871e+06
2.012542362806124147e+06
7.649517484544068575e+05
4.704701290709781460e+05
4.407517692546862236e+04
2.227250189236815204e+05
2.794455342488785391e+04
1.726919742296787677e+06
3.130840919067414943e+05
3.100461238800284336e+05
4.201368848668728606e+04
5.419323782702803146e+05
7.014910290842738468e+05
2.006579536772321735e+05
7.950820523381039966e+05
1.745807977991195163e+06
2.936222750756366644e+06
9.129895164708366792e+04
1.673635364735673647e+05
5.454032427882039919e+05
2.730234441392957815e+05
1.556606035425275913e+05
5.005070609426219016e+05
1.003598981497699162e+06
6.410601121275348123e+05
1.879741698766770714e+05
3.148670003803356085e+05
1.006128756009628123e+05
2.685288987088666181e+05
6.620746005380477291e+05
3.430367047710873652e+06
5.150819758188140113e+05
1.565106400754715432e+05
3.093300875580831780e+05
1.893832407632370014e+05
2.123772399606553372e+05
1.162319016323091637e+05
2.141214736466240138e+05
2.518248065655268729e+05
4.131401375718354830e+05
1.092706436854015483e+05
1.071627181490362418e+05
1.009220909015241079e+06
3.754762739135199809e+05
1.865112821444878646e+05
9.698023089789329970e+04
1.116248259121119190e+05
6.372286810233697761e+05
4.104733405521537061e+05
3.077581970191095024e+05
3.942396690304467920e+05
3.628095838558165124e+05
3.181639060304156970e+06
9.225811173126471112e+04
7.425928438730729977e+05
6.401869149541351944e+05
5.137993330355774378e+05
5.303282332577238558e+05
1.078488304978248052e+05
5.211044883259129128e+05
3.584195321961998125e+05
8.413298620663203474e+04
8.151593390936208016e+04
7.927531046722148312e+05
1.015546410410004319e+06
8.408193398357307888e+04
4.786128627589913776e+03
3.119973105771424016e+05
4.578790663397526368e+05
8.194391689473175575e+03
1.053235096579184057e+06
1.164198976128563954e+05
1.350641902255031280e+06
1.960039786334434175e+05
7.567339767050928203e+05
2.620846731021713640e+05
6.009703727060878737e+04
6.926598691355711780e+05
1.461094942768556939e+05
2.088546289494410157e+05
1.113131173410049640e+06
1.139800662425933842e+05
3.523003633854741929e+05
5.574219869605596177e+05
3.492859522362901480e+05
1.857387646300721215e+06
7.844530461726736976e+05
1.681099590050731553e+06
5.882448392004252673e+04
2.214095946506461041e+04
1.198267983713067835e+06
4.316672523982675048e+05
5.077351437900727615e+05
2.578113347281772294e+05
6.710004592754780315e+05
5.269094727202183567e+05
9.973290963279672724e+04
1.247569796071769437e+06
3.281892376543825376e+05
1.099397897811912699e+05
2.024433056409470155e+05
4.443324805033617304e+05
1.928129428427022649e+05
3.027567981109678512e+05
8.490047559431029949e+05
1.037308002551391488e+06
1.780038567928291159e+05
1.455352544035358878e+05
9.603621361111293663e+04
3.705761358693063958e+05
2.728196966830923920e+05
1.607451437644675840e+06
7.076318782848233823e+05
1.351603748995226924e+05
1.999347177291358239e+05
7.565473138881349587e+04
5.248278311431078473e+05
8.068845670039862162e+05
1.661449671728081594e+05
4.023973423926437972e+05
1.597562486946576682e+05
6.013110544515457004e+05
2.956160686955648707e+05
8.964008323747167015e+04
1.418908364359816769e+05
7.893893413402278675e+05
5.374430734748879913e+05
7.279468757096244954e+05
1.172261917666419031e+05
3.089749618960656808e+05
2.291097050513504073e+05
2.602452976511609086e+04
2.674468454638254480e+05
5.302973019461032003e+06
2.752786228103073663e+05
1.457979667797624134e+05
9.953233035678493325e+05
3.045038831026630942e+05
2.547506705673614051e+05
3.226567244590155315e+05
2.115059308325070888e+05
7.845977756479695672e+05
1.007655331929613370e+06
2.536862512518500735e+05
4.890040815361521672e+05
9.109238779965755530e+05
9.468535504440013319e+05
2.350854592143661284e+05
3.394830845025107847e+05
9.541396992536621401e+05
5.359606575782204163e+04
1.854139859208129928e+05
2.002864948374929081e+05
4.253602792866459349e+05
1.348199559013352264e+05
4.129574687090124353e+05
4.079532568261355627e+05
3.404405213150671916e+05
9.877640222660124709e+04
1.240759513558772305e+05
2.116144584769708570e+06
5.755410875596283004e+05
1.217432147144281771e+06
4.198425765536264225e+04
8.897848507080721902e+05
1.131715172904955980e+05
1.785860309127236542e+05
4.209571642495082342e+05
9.935252160263533005e+05
4.937797648473300505e+05
1.415905432238724781e+06
1.426948886576581281e+05
1.271019339929712238e+06
3.560405439592452021e+05
7.969364817460014019e+05
1.046080980155176017e+06
3.199299861835005577e+05
1.962465009447481716e+05
1.314324587141779484e+06
7.091691948096005945e+05
2.059695944374325452e+06
2.665228664276333875e+05
2.123534547025514767e+05
2.131727133460105979e+05
3.544374499543401180e+05
2.049482144471930224e+05
9.035262753917288501e+04
6.088046041977928253e+05
3.150027336313332489e+04
2.353030437410289305e+05
1.033214083175519248e+06
2.987195978063523653e+05
3.390945176394314622e+05
1.860150222407975234e+06
6.774899599766364554e+04
2.260315052418108098e+05
2.296243675549302134e+05
4.874957745290438761e+05
6.248000289426082745e+05
1.368234664445878298e+05
5.316777864449205808e+05
4.411382870272648288e+05
1.090001999831771682e+05
1.030101692566784564e+06
1.211035987518575974e+06
3.029572677036562709e+03
1.378295488264611340e+05
8.205139641496182594e+04
1.952021509469022276e+05
2.669108927444621921e+06
1.356890462480830029e+05
8.147679922935571522e+05
1.731206783510562498e+06
1.339659491899829591e+05
1.292685143369575962e+06
