1.479167201523378026e+05
1.013327974039459368e+06
2.611684894623561195e+04
3.466230386570020346e+05
1.314393459177595287e+04
3.248043603284729033e+04
4.343232372418418527e+04
8.794354852090794593e+05
4.463323020462892018e+05
1.366323510555552784e+06
2.018111997354150226e+05
4.000803313815225847e+05
6.684463184233283391e+04
1.418958666093592299e+06
4.704999565662464011e+05
5.667510039453788195e+05
7.475145683975165593e+04
1.621871863322430756e+06
3.911140423706058064e+05
1.072827234492619173e+05
9.165285780862875981e+04
7.156675209062275244e+05
6.932181338400602108e+05
2.268864299168428988e+05
5.850389473049403023e+04
1.657739424714913475e+05
2.457656434411778755e+05
2.590297746620356920e+05
8.964082416449554730e+05
2.165052437162417627e+05
9.437958484027559170e+05
2.098080815542649070e+05
5.071253175156587968e+05
4.583044806218230515e+05
3.757039655237416446e+04
4.034777391795730800e+05
1.413811950889005675e+05
1.641777369067475956e+05
9.401914684587949887e+04
8.651242791515567806e+05
4.616910521211773157e+05
3.033964462691392400e+05
1.547424971979293041e+06
1.052491920821213163e+06
9.426690751716996601e+04
3.855039915316469851e+05
6.207056228296727932e+04
1.191475910577290459e+06
2.485846870983348635e+05
4.486370594640541822e+05
1.376607902459348843e+05
4.235371360568861710e+05
1.687434161068105896e+05
3.608329325422441470e+05
7.757857125265240029e+04
5.049294456975438516e+05
1.628827670263017062e+05
1.325592063356149592e+05
1.966272127483553486e+06
5.458215918355965550e+04
1.682497765938499942e+05
3.283227850312146475e+05
2.149887339175123197e+05
2.594362901813831995e+05
1.015676434355277102e+06
6.488635616163637489e+06
3.373241359564355807e+05
3.680450958748753765e+05
5.018669968052459299e+05
4.646294344168726820e+04
2.364641405954144720e+05
1.014177812421341368e+05
2.010578495059137349e+05
7.872607280940535711e+05
3.191495317540212418e+05
7.892446713625836128e+04
8.232124547443327028e+05
5.176642393691078760e+05
2.587434219062246848e+05
1.720128369642438774e+05
4.554432208858131198e+05
1.977563715346172685e+05
1.137335724309680809e+05
1.089423300890771206e+05
3.764435786021784297e+05
5.886979862867734628e+05
2.676003934349016636e+05
7.304466996983872377e+04
2.035878700367876154e+05
1.751192712298865372e+05
3.001213228698611492e+05
6.962338701352690114e+05
2.896321298136024852e+05
1.523093711522257363e+05
1.639780296700915322e+06
8.846920545323363331e+04
2.982560821730253883e+04
9.850209766515923548e+04
3.058945544644286201e+04
6.440389164642748656e+05
6.869752839247190859e+05
1.441392916832194896e+05
1.889679321935127955e+05
1.637851764372459380e+06
4.605184153360556811e+05
3.048330129275487852e+05
4.286407025544279168e+04
3.128343781043246854e+05
2.437372721093061045e+04
8.126130037879543379e+05
9.485054512294277083e+04
4.814276760991574847e+05
4.768642452020092169e+05
2.178351011813888908e+04
1.049909964353850373e+05
1.098414659703803714e+06
5.133454075075023866e+04
5.974950615147390636e+05
3.620995038597532548e+05
1.596170059979513753e+05
2.031323969378688373e+06
3.319213915208758786e+06
9.798996678521015565e+04
1.469120289406806696e+05
1.319870988883320533e+05
5.795554101073826132e+03
1.598177316252198070e+06
8.829986187461436202e+04
1.588140907417790731e+06
2.965621717878300697e+05
1.063615680364828440e+05
1.875718558617137605e+05
3.763479683071100735e+05
1.142582989863827679e+05
2.333637098522977030e+05
3.230119191155025037e+05
1.153886918151722784e+05
7.207345665860896697e+05
1.483369638710768893e+06
2.735984133596964530e+05
1.862840888748899451e+05
8.563137637021681294e+05
8.058597412874627626e+05
4.540798402804526850e+05
5.123578135725386092e+05
3.416157724504877697e+05
9.688037128942500203e+03
1.186123855390521232e+06
1.219775621019442799e+06
2.855212994850467658e+05
1.410416564859795151e+06
1.265290298599060588e+04
3.418521164571212721e+05
2.480833978375394654e+05
6.134571784786952194e+05
1.155747372889183753e+05
7.781056668588920729e+05
1.132795434688746929e+06
3.227082399080037067e+04
6.273085298079220811e+05
7.729568483271164587e+04
2.470256077903334517e+05
3.527390287613901892e+05
1.882788817049560894e+05
1.459965713514957111e+06
1.885209098892211041e+05
7.882348906544632046e+05
3.340111230403006193e+05
8.951012564149349055e+04
4.047333261405730154e+06
5.886667825505790533e+05
3.297305740787276300e+05
1.136582808105504810e+05
1.075213884917757387e+05
1.980176284979970078e+05
3.002672893782189021e+03
1.192543118146168767e+06
1.590353560223228706e+05
2.159564630243437423e+05
6.067336041773674078e+05
7.622258517395396484e+04
1.365459060772917474e+04
4.194842268755239202e+05
2.214246231503539020e+05
1.612286001680602785e+06
1.572460714282293105e+06
7.888305067586060613e+04
5.366123799172024010e+05
2.952110327783628600e+04
7.144396270929556340e+04
5.544925350026162778e+04
2.666013539169669966e+05
1.427654655057403492e+06
3.860719643461083760e+05
5.659230388386774575e+05
2.363131277243325021e+06
3.355934539481610060e+06
2.780477180889176088e+05
6.686884567845793208e+04
6.615014357017022558e+05
2.839281213953029364e+05
2.197766801588703529e+05
1.419942290151931520e+05
2.363420155657558062e+05
4.000807763378028176e+05
5.140069312021095539e+04
1.743539841633225442e+05
3.466826714187684120e+05
1.160238954826847767e+05
2.199761497096650710e+05
6.949947516061611241e+05
6.538613866157353914e+04
1.255436410007499580e+04
8.836562224773145281e+05
1.171385296928495634e+06
4.523541542684403830e+05
4.281485700468833093e+05
9.095374294235523848e+04
3.068978193285017624e+05
4.311458578310534940e+05
1.685182908382001333e+05
3.109112482883325429e+05
3.308433827770940261e+05
6.807344942080775218e+04
5.883287657966319239e+05
2.896494512539436109e+05
3.794475858270860626e+05
2.761978129187918967e+05
1.787717813988774084e+06
1.727176439907081658e+05
2.444906909233859042e+05
2.888095159943519393e+05
1.365095649982377188e+06
5.330904459967942676e+05
3.709856896387765883e+05
5.497963936744935345e+05
2.066614285847762076e+05
1.204157672667600855e+05
2.039124850251581811e+05
3.827818623921528924e+05
2.450120278241979540e+05
9.706388914335565642e+05
1.414920907451949897e+05
2.775167512904950418e+05
2.887028542430424131e+05
1.693969116917779029e+05
1.474469874765978602e+05
2.836386292552295490e+05
3.026707730620254879e+05
5.012810395956402062e+05
2.023984310058187693e+05
8.847894455390793737e+05
8.173542388303755433e+04
9.494911881491588429e+05
1.768376859947178047e+06
2.760706328996699769e+06
7.995361348100546747e+05
5.170666649899340118e+05
1.516788094893058587e+05
6.252699559914600104e+05
1.002806966443124693e+05
3.619757133284909651e+05
2.108583564785573617e+04
1.315596053734923946e+06
4.481895219551898772e+05
9.027864230652671540e+04
3.139708707245148835e+05
4.665722503823609441e+05
5.784603841525382595e+05
5.581704937949067913e+06
2.609442349156826269e+06
5.164678148689409718e+05
2.742515291440574219e+05
6.802588336060805013e+05
4.533754762759859441e+05
4.342647112082472631e+02
8.269755445488866826e+04
6.525408061662173131e+05
1.138872337567056762e+06
3.532608203095788485e+05
2.719682785945717478e+05
8.078542576856660889e+04
2.937439487998456461e+05
7.783155024906547624e+04
1.549232884193761856e+05
1.011529179575092043e+06
1.689532136069504777e+05
3.863836945405275037e+04
1.184270646857622341e+05
5.203995067369041499e+05
1.924948391188116220e+05
7.553073045751536847e+04
3.679735269959698198e+05
6.906945710830115713e+05
6.986468751673506340e+05
8.157967303385563428e+05
1.047735947276784136e+05
4.592797729786068667e+05
1.466956410253196023e+06
1.959930732652094448e+05
9.736415274198909174e+04
9.257866892575642851e+04
4.816336707658934174e+05
3.022330735165413935e+05
4.791857342120485264e+05
6.573643141545234539e+04
3.775086752922401647e+05
1.151747201333417092e+06
1.373859493793751462e+05
3.512238765093707480e+06
7.644818746885473374e+05
4.898213787632791791e+05
5.185145651836712495e+05
1.160026186053661950e+05
2.384417576149060333e+05
5.401778819261124590e+05
1.819260573493389820e+05
7.143269759547668218e+04
1.004377578997293487e+06
1.223611059347699193e+05
2.265225676711696142e+05
1.088824599594954401e+06
3.080219679269404151e+05
4.615547173044597148e+05
1.088004033793073846e+06
1.252023949874625250e+05
8.091771324726691819e+04
3.269890583378295414e+05
4.174565396085642860e+05
2.982638115473343059e+05
3.368188777980136801e+05
1.067830720476204588e+05
1.734636028521922999e+05
1.284005791414344683e+06
4.879585220183728234e+04
5.504318863589425746e+04
1.469728277270349441e+06
2.289592050475438009e+04
5.239609699205111247e+05
5.538304116219563875e+05
9.854971937606642314e+04
4.234146116034756997e+05
1.024068726648844895e+06
1.449146478917263994e+04
2.747393950445264112e+06
9.898254073629742197e+04
8.849535233176143083e+04
2.790593809542153031e+06
2.654829203427160246e+04
4.568764443344280007e+05
6.590151755418074317e+05
5.211811036933684372e+05
7.295827025470412627e+04
3.083937826060610241e+05
1.788787849018658162e+05
1.710380296934020298e+05
1.718037470254159998e+05
1.645209868748321431e+06
5.557647800884185126e+05
8.897869778918151860e+04
9.438881576609230251e+03
2.712235090342023410e+06
2.111818389434423298e+05
8.234097935449428624e+05
7.200197500370481284e+05
2.414861642240468645e+05
1.980528478972796293e+05
1.076332355734001612e+05
2.805687046761089005e+05
2.992548542352537042e+05
6.106171947164008161e+05
5.302252953300748486e+05
1.136458541394055355e+06
4.415288199996810872e+05
1.636556226099141350e+05
3.800527823441445944e+05
1.356512637503484264e+06
3.178933965492082294e+06
2.605106858165121521e+05
4.122804272025476530e+04
5.176659207836650312e+05
5.188033924546837807e+05
4.235983526137684472e+06
2.177300362417952623e+06
2.080480141908256919e+05
9.440285643339324224e+02
1.462874033419669140e+05
6.045720670685897348e+05
3.512172064791863086e+05
2.760414798017985886e+05
1.747405336110332515e+06
6.282083655323358253e+05
2.569922305594001373e+05
1.100429239954871126e+06
9.085841846428113058e+04
5.884329001089928206e+05
7.368168257076754235e+05
1.564180966665171320e+06
1.037817034908174770e+06
7.674292408723317785e+05
5.093512924287121277e+05
3.920509525426203618e+05
2.571242973069689469e+05
3.484928788246200420e+05
3.517087683859166573e+05
2.102104236252247647e+05
2.097079657814402017e+05
3.289650311655283440e+05
2.181558910547214095e+06
4.266848107282239944e+05
6.563327150396028301e+05
5.181754732432197779e+05
4.186302247988274321e+05
2.787169280719601084e+05
3.392761895455132471e+05
5.989042779981770582e+04
1.131724688161837636e+06
3.030357897297441377e+05
3.660776872428066563e+05
1.678492266780292382e+06
6.172847801259147236e+05
3.191497626304968144e+05
2.189618096027771026e+04
5.690329706451072125e+05
1.665530574764787743e+05
5.225770067227357649e+05
6.381317953146877699e+05
2.126719155187784694e+06
1.628369616511193744e+05
2.887084532196265645e+05
1.546485259872870985e+06
2.997112816372167435e+05
7.710606193993722554e+05
4.881354877761883108e+04
1.637940152490226785e+06
1.380284949874612736e+06
4.864184181401335518e+05
5.242028372623125091e+06
1.777386274996598251e+06
2.847457699722612277e+06
3.505356047076912364e+05
1.949175660937572829e+05
3.415653175886571989e+05
1.213062942065313924e+06
1.088132127902168431e+05
5.524151029360821849e+04
5.718602474017274799e+05
1.944984191531902179e+05
2.055299189705554745e+05
5.630505345134158852e+05
1.719128931301689008e+05
2.441057410728250630e+06
1.282534693539855944e+05
9.895132237654686905e+05
1.175990656707409362e+05
7.913240197798527079e+05
1.150712550737635233e+06
1.008921821774213313e+05
3.995355413553138496e+05
1.468640836499119410e+06
4.209932249208817375e+05
3.325902464072708506e+06
7.254773000009289244e+05
7.601504376809210517e+05
1.418128812567352143e+05
2.176145035355867294e+05
1.684983499699155800e+05
4.283982334554280387e+05
2.833027490986612393e+05
5.032900761075481423e+05
4.746584351712326170e+05
3.906557904127459042e+05
2.490939080355451908e+06
3.877774646581756533e+05
5.384531957154257689e+05
2.928979780551218428e+05
2.799443146378914244e+05
2.995321103739054524e+05
1.441255014181732258e+05
6.671025940715171164e+05
7.999245494956488255e+05
3.588387131904894486e+05
2.582392211362252943e+06
1.745124088328005513e+06
1.578612297901645768e+06
9.549492647552149137e+05
2.546218801111996800e+04
4.714500853914980544e+05
2.159992089441594144e+05
2.153016959502756436e+04
2.196990490848724265e+06
6.151547799918217352e+05
8.506166607954723295e+05
7.903873682191604748e+05
1.025884250852150726e+05
3.911856021781969350e+06
1.159527743138504447e+06
9.313374996096704854e+04
1.276925322486900492e+06
8.821255170354290749e+04
1.455487538527417055e+05
2.215107149126293662e+05
1.268828476834357425e+05
1.483530262324567593e+05
8.266890240201582492e+04
5.912380318560829619e+05
3.824238946810424677e+05
8.710463042176022427e+05
1.366321383499007672e+06
4.889576110967101413e+05
2.285854250429114909e+05
1.280147146475950285e+05
4.131879883785512648e+05
1.106156428416916751e+05
5.177826270008488791e+05
1.090212073348907288e+06
9.189725882886425825e+05
6.185473577590286732e+04
7.148073025815925794e+05
5.948085089978945907e+05
8.200861126281589968e+05
1.262217665810521576e+05
1.190190806567938766e+06
3.345240551145912032e+05
2.139265547552430944e+05
5.141060217025853490e+04
3.127553538080760627e+05
5.972550312194724393e+04
4.373724214329837123e+05
2.774189268441936656e+04
3.474448213416065089e+06
5.466538030764046198e+03
6.073342092641004128e+05
8.086719751432962948e+05
7.042693636802874971e+05
8.377443044475759962e+04
1.259829476279411931e+06
1.658010094933587243e+05
5.485738273553613108e+05
5.857939478037413210e+05
1.612666049983336416e+05
3.259474232541189485e+04
1.379109710754928878e+06
5.401096043868422275e+05
6.041038540741568431e+05
9.864753642318624770e+04
1.294148806553012982e+05
8.656438447315721714e+04
1.213564196462128544e+06
4.117047834281264659e+04
1.029877154975990648e+06
1.187982023044275120e+05
4.592738664660079521e+05
4.523228285507766996e+05
1.460711146471881773e+06
1.569230040387467481e+06
1.020491555518537934e+05
3.558573726494562834e+03
5.206008155038917903e+05
1.014936538212526124e+06
3.307947283141707885e+05
5.250728757659452036e+06
3.994403615907168132e+05
6.174613846334553818e+04
1.632700056056879403e+05
2.549265621315744938e+05
1.444437877302707871e+06
1.880737223960677162e+06
6.437546029773515329e+04
6.279026105856500799e+05
4.038490685057761730e+05
3.438975549865333596e+04
1.636914392959600780e+06
2.743521239749485176e+04
4.412645103979257401e+05
1.369415835091056069e+05
3.321599441690616659e+05
1.367513457338116132e+06
2.214263477391864581e+05
2.762819376723779133e+05
2.333950303110753652e+06
3.006437300666862284e+05
5.049263610173667548e+05
7.297274127711212495e+05
4.040806932236177090e+04
6.594907715137088962e+04
3.897337696239186334e+05
2.287587339431626257e+06
1.218215623985512648e+06
3.328863490275714430e+05
1.337444956308330584e+05
1.180437983336979989e+06
5.510341426335314754e+05
2.175913275068214862e+05
1.357202427501439524e+05
3.559427913036733516e+05
8.904691415104221960e+04
5.486748796503228368e+05
3.657917426557256113e+04
8.076583130255382275e+05
3.927183031357932487e+05
3.531402202221389743e+05
7.318090803014422767e+06
1.050211048452406190e+06
5.685816913139825192e+04
2.568418812724979653e+05
5.349855241653070552e+05
1.292592164719399152e+05
1.787198929819971454e+04
5.260668407012986718e+05
9.139953896564210299e+04
2.132663109956900007e+05
2.850508487915371079e+05
4.968929128407748649e+05
6.998401315558644710e+05
2.385592774452203303e+05
1.444103583508675452e+06
1.085512529930386925e+06
2.169738315652281744e+05
2.576834084755762597e+05
2.838106259015596006e+05
3.539900730721434229e+05
5.043200435766187729e+05
1.059181047665703773e+04
3.127038021734278300e+05
4.571578437618242460e+05
5.311176384231899865e+05
1.759311069324747659e+05
6.506912161616776575e+04
4.453546497329035628e+04
1.559612831580039347e+05
1.002815516396554449e+05
1.032896210592590796e+05
2.367220655570787494e+05
6.674619274952336855e+04
1.118182582629068755e+06
3.022287088966615265e+05
1.297167435181574430e+06
4.297999613842050167e+04
8.208244237277454522e+04
8.073269822805963922e+05
4.120366304261652840e+04
1.284819404142298037e+06
1.025240885703721433e+06
4.620559509974865068e+04
5.523417272414588369e+05
3.407707576885789749e+05
6.158043678394197486e+05
7.598816646708805638e+04
9.209933770607718543e+03
5.189133766187876608e+04
6.964147297345029074e+04
5.656908182952000061e+05
1.333819267603165470e+06
4.369654428801034810e+05
7.630669217966313008e+05
6.077933996744171018e+05
2.343125142792247934e+05
8.907979272422072245e+05
3.202025085664557409e+05
6.818044016936786647e+04
7.474123166647850303e+04
6.960145071623398690e+05
7.568193902280982584e+05
8.940431948063772870e+04
2.067346208829745228e+04
1.791784773304053524e+05
2.346151022699944951e+04
1.848418476935382350e+05
1.618495683987372322e+05
6.802952304636716144e+04
3.837610004535735934e+05
4.748495727825912036e+04
4.504708365404536598e+05
3.038977703156298958e+05
3.435266523701631813e+05
4.322068842791474308e+05
4.725602741391223390e+05
1.195467633283318020e+06
1.405733437455323525e+06
9.420352182507542602e+04
1.197376293000131263e+05
6.555587430691447807e+05
3.702350714523786883e+04
2.261978556574451795e+05
7.308195974734312622e+05
7.215201509921564138e+04
2.143358266419424326e+05
8.028567142416884890e+05
2.952595651703804615e+05
3.049419162333982531e+05
5.273236142539567081e+05
8.337901561026769923e+05
5.053999436502351455e+04
1.168667645135046914e+05
2.250643983339893457e+05
1.302146058090429688e+04
1.383740395136186620e+06
1.359701652425120119e+05
7.409236194995156256e+04
9.574562177013574401e+05
6.300236814829715295e+05
3.471196708116855589e+05
6.399034926254887250e+04
2.019195309385989385e+05
2.036739757180387678e+05
2.215008162116344320e+05
2.213338038444294943e+05
4.373945508458562545e+05
1.649446924398659030e+05
5.249316054737995146e+05
4.812698368048042903e+04
7.367577673404364614e+05
2.458084563708251226e+05
2.606342312010701571e+05
6.309024204529720009e+04
2.157773809857204906e+05
7.821153897380708077e+04
1.076569560906227678e+06
2.828554465852222638e+05
1.433811251043494849e+05
1.772595845187604136e+05
4.752362871415326954e+05
4.259274668002480175e+05
4.716103600465580239e+05
2.531071319582933793e+05
2.303025828994510521e+05
7.224850069146057358e+05
5.325276937588636065e+05
2.288154252040954307e+06
6.461102078665303998e+05
1.020179098528465402e+05
5.185558598066404229e+05
1.698581361107424891e+05
1.798011249163903412e+05
1.489179035266618943e+06
9.385880959935626015e+04
8.980630720815160312e+05
3.462839072326878086e+05
7.665040203177699004e+04
6.575819198017626768e+05
4.866881768792390940e+05
3.298815154793999391e+05
1.493626257870115514e+05
1.625853553716099821e+06
7.167113680445576028e+04
1.856147017632273491e+06
3.670819464215363842e+05
8.566583980590850115e+05
5.565386275758165866e+05
3.365061142290891148e+05
4.805938498211640399e+05
1.016237896093693562e+06
2.596542124005619262e+05
2.461902048160994600e+05
5.600135859613765497e+05
3.968050610247554723e+05
4.043399567616780405e+05
8.191024055969058536e+05
3.363915745646703726e+04
4.569060724491911824e+05
6.885052163767581806e+04
4.000293476219360600e+05
3.306083582940980559e+05
6.171536293062409386e+05
2.988136069373732898e+05
4.137337852298342041e+05
3.341474283767635934e+05
2.505639227979107236e+05
2.264067573512089148e+05
4.594514123952519731e+05
1.950341163228190853e+05
1.384812209836171241e+06
3.821096890916703851e+05
3.401477153204134665e+06
9.529090739993941679e+04
4.677141590311416658e+05
2.215357331087187631e+05
2.288960727519409265e+06
7.842167706161742099e+05
1.886932385251784581e+05
6.739219781461252132e+05
2.999308677022613119e+05
2.702474760417818325e+05
4.220144832180897356e+05
5.544184454528028145e+05
1.127294752042973851e+05
3.146871300248349435e+05
1.435816125347266097e+04
5.402121224901388632e+05
2.627467354974664282e+06
2.577164719578006188e+05
2.527316715686987445e+05
2.691498922427856596e+05
2.095125049715228612e+06
6.673333131923050678e+04
4.287406944241002784e+05
1.411598110285307048e+05
5.618350971557632874e+04
7.432720916576958189e+03
3.088499244254532096e+04
6.135507819854288828e+05
1.362781910074049607e+06
6.705461313690168026e+04
4.182198268570783548e+05
9.116899816196878674e+05
1.833376069043095049e+05
4.182002451613493613e+05
1.590235788651904732e+05
7.210278243375077145e+05
8.652372693058060249e+05
1.621345652010001941e+06
6.744140445671440102e+05
2.824408195233506616e+06
1.021801689228535281e+06
1.845293516001813114e+05
2.796741783283311524e+05
2.254437116803804820e+05
1.011144765096683695e+05
5.864605134780366207e+05
1.908521196452483069e+06
3.230017737737867283e+05
2.264197220069902251e+05
2.378737147665497469e+04
6.577264174121667165e+05
1.091954708058918332e+05
2.468702399845998734e+06
3.817674371620602324e+05
3.369321759051700938e+05
5.228182678533931612e+05
6.412875524189769058e+05
7.436190011770077981e+05
1.854231091867309588e+05
1.106719626134343678e+06
4.521378538053270895e+05
6.008099016154019628e+05
4.566765963875639136e+05
8.928162654662029818e+05
7.569232426088341745e+05
1.062073284119400341e+05
3.842335912578717689e+05
1.393178850825581234e+06
6.599426269573980244e+04
1.445348768381055270e+05
3.029497483550304896e+05
5.202713417765373597e+05
8.854205995246960083e+05
7.776383610603515990e+05
1.647256459954111488e+05
1.288705722429440357e+05
5.748385741370075848e+05
1.437418933611821849e+06
4.899165408472903800e+04
5.004906530769133678e+04
1.333458170768359210e+06
7.405218925122731889e+04
5.629892128426121781e+05
1.305934846427147277e+05
2.769661916733757243e+05
4.174410438679483195e+04
3.864955423149589333e+05
5.687248548571211722e+04
5.105298040960010258e+05
3.132480399681043345e+05
3.966983059210545616e+05
1.738987440249095904e+06
2.430040470691028517e+06
3.329235034814475221e+05
1.955302229360294761e+06
1.360060127650441136e+05
6.880518455520996358e+05
2.137687020953777246e+05
5.294045246586445719e+05
1.130654650339592947e+06
1.150788514015329565e+05
1.340884570366424123e+04
1.089584853483481798e+06
1.081467241312299739e+05
5.864387833294395386e+04
9.406359281887316611e+05
6.610604745847455924e+05
6.242231990241608582e+05
2.193865406290249957e+05
1.044574500828522869e+05
1.509558625984401733e+05
4.015512061897891690e+05
2.835204610372633906e+05
4.426231043075094931e+05
1.061796697668481211e+05
4.124335522333174478e+06
1.169504271345382091e+06
4.118016498374450020e+06
3.300163192437925609e+05
6.981071729990172898e+05
1.382089591450551816e+05
3.418133585475804866e+05
1.186989450245824177e+06
2.512928849753980059e+06
4.973719661989584565e+06
3.646928968042187626e+05
9.575001744703734294e+06
1.466128769163374323e+06
1.113828769357628917e+05
1.150721534332613228e+05
1.294562939242978791e+04
7.566013896307184768e+04
5.113314746678388910e+05
2.072524242329997651e+05
2.665824600692610256e+05
3.609214166674119188e+05
3.123838021873903344e+05
2.103734876778530306e+05
5.322380335667183390e+05
2.318255068879267856e+04
1.274578306853509974e+06
1.668267601013243548e+05
1.830231486778326798e+05
8.359321057577860774e+05
8.759722603195965348e+04
1.227870526682639727e+06
3.810658146733733156e+04
3.379523546548658633e+05
2.143072688577810186e+05
3.559688124410652090e+05
2.665787881263798336e+05
6.092221960221035406e+05
1.288026165351642267e+05
5.145382376921697869e+05
1.232276672939109849e+05
7.857900946767427376e+04
6.122520548750878079e+05
1.171110180434495676e+06
1.505882767864085617e+05
1.872360726213743910e+05
3.545323057198745082e+05
7.132050058478822466e+05
3.652442229234284241e+03
1.167622375861189212e+05
8.746578938333684346e+04
4.466530260303340619e+05
1.379991937694019580e+05
1.304426918159979105e+05
6.785764649729516823e+05
2.885322408233981580e+06
2.469551229324803222e+06
3.324511715126570198e+05
5.002437177352857543e+05
6.018152118082128000e+05
4.826789713688003249e+05
8.744981802785508335e+05
6.567464674121009884e+05
2.193233803334742785e+06
5.612676607177221449e+05
1.367427653810215998e+05
4.806007769287828705e+05
5.204867423867480829e+04
6.651463137446978362e+05
5.668486552220676822e+04
2.134790071964362287e+05
3.803850969129179139e+05
2.750234410913810134e+06
4.244521244496803265e+05
2.210835197251198770e+04
1.773319836408609699e+05
1.688969857444743684e+05
1.186139227857936174e+06
8.122524427223659586e+04
3.374155972572626779e+05
3.697148626710145618e+05
1.129341686584871495e+06
7.128223696358481538e+04
1.043358127932519164e+04
2.652458572070558090e+06
4.565290782949353888e+04
7.381165892206998542e+05
1.545727966573359736e+05
3.608589276922011777e+04
2.353397149107213598e+06
6.376287231815835694e+05
2.879688935803261702e+05
4.162080755812721909e+05
1.386712011551718460e+06
1.547626960416056390e+05
4.797845984710732009e+05
3.064864336808697553e+05
7.420337270409753546e+05
1.770251785886677681e+05
1.325077591402036836e+06
5.494738620243610349e+05
6.950830731281694025e+05
9.007655277956495993e+05
2.793827173789220615e+04
1.972634848817128513e+05
2.110799730100664601e+05
3.601672483063032269e+05
3.677344334050539182e+05
6.532290675025088713e+05
7.761599856456357520e+05
1.003497938706841669e+06
5.216033972037552739e+05
3.189946466811320861e+05
1.322281254644437460e+06
7.253561044766186969e+05
8.414340970485951402e+04
1.697277593956433338e+04
3.064951662880451186e+05
2.334760391119254346e+05
6.783348319071190199e+05
2.201752202695844753e+05
2.902289309699199628e+06
8.063303543999021349e+04
1.274170306064005563e+05
5.519176594551466405e+05
3.573719809096272802e+05
9.912331406877124682e+05
5.109682120245228289e+05
1.185635316786784912e+06
1.928555454158527718e+05
1.394237901967797428e+06
5.255115122264114907e+05
9.424678493485506624e+05
7.735846799491634592e+05
2.031272556480402127e+05
2.589282372163899709e+05
2.472152731353952549e+04
1.544302968288142001e+05
6.095435122496658005e+04
6.462314522155824816e+05
1.038677986571453948e+05
7.791766055648807669e+05
1.488765485079349892e+05
1.643865136264068133e+05
1.859086484635811939e+04
8.760935070411127526e+04
3.856872664776509919e+04
8.867693175370049721e+04
7.011802522475214209e+04
1.602192079802067718e+06
1.063266063774217619e+05
1.146337383641399065e+05
9.201725162431909121e+04
1.053752151624648599e+06
3.331808076933113625e+04
2.241864582998206373e+06
5.331048809792668180e+04
4.467474451590160606e+05
7.031887594223134511e+04
1.283583786775461776e+05
1.857049796801570337e+06
1.198400395586618455e+06
3.539522755193268531e+05
1.534480804459525738e+06
1.202376404262638418e+06
3.022444677016285132e+05
1.509219452815776458e+06
1.819668157439114584e+05
2.803796417786515784e+06
8.945442830461300036e+04
1.282029756941716885e+06
1.759205552393482765e+06
8.151683813735289732e+04
4.229798188437216450e+05
3.530634662215511780e+05
2.733099183520095539e+05
2.749979953010586905e+05
4.657595934033480589e+05
5.856420579123324715e+05
7.004790012338801171e+04
1.807513773984812200e+06
1.863722645366755605e+05
7.309171482598616276e+05
3.767641639962064219e+05
1.061162760188426357e+06
7.660593080217357783e+04
2.945641293506131624e+05
5.676340745012297994e+05
4.028638437071971566e+03
4.076697304286306608e+05
4.930132019288611627e+04
7.580069383119478589e+05
2.943540279608637793e+05
8.538388625113888411e+05
4.222963675154159428e+05
4.400398529613525607e+05
6.294908233111004811e+05
1.912838290251615981e+05
1.075636368506726430e+05
5.337158653032258153e+05
7.758098093002709793e+05
4.779604459596363595e+05
1.057145631649008137e+05
4.242721958278355887e+05
3.711243128488596412e+05
6.635225396251759958e+05
3.161634857207323075e+05
2.712818598970404826e+06
2.325307692731080169e+05
2.094724690128913848e+06
1.909595829870382659e+04
1.208276889480061218e+05
4.252365118660292355e+05
3.747081380620932905e+05
2.358671121199336485e+05
1.442180434562861337e+05
2.051087238856423937e+05
2.080265083626885316e+05
2.387168008140133752e+05
1.912774296951171011e+06
1.989068661500795497e+04
4.545621228468070040e+05
8.410927850145864068e+05
1.901164818796025356e+05
1.376791342636062065e+06
2.048304061929890595e+05
5.994315731657148572e+05
9.716047997881143601e+03
1.430539173947392032e+06
1.351481996155079396e+05
8.250891209925971925e+05
1.596044948170457792e+05
2.440912763860307750e+05
1.225035133531925036e+06
5.220892875543369446e+05
5.899799463844579877e+05
2.174670290940674604e+05
1.534260752621013089e+05
5.541825967213707045e+05
2.421033307204995072e+05
2.595815639777564138e+04
8.942644091821035545e+04
2.631443513555211830e+05
1.365770573291852770e+03
4.167472290879564389e+04
5.161547645028281840e+05
2.928859668900624383e+05
5.632865089985263767e+05
3.810703505678895744e+05
2.598254840502477018e+05
7.988961290030258533e+04
5.457875182450743887e+04
2.477974776177293970e+05
6.417719604535305407e+05
8.795234245537179522e+05
5.538242762610815407e+04
4.181846025384559762e+05
1.264795183961940929e+06
1.064544594608818181e+06
3.888197680734634632e+05
4.911467114604383823e+05
1.026291581220932130e+05
4.571007971016349620e+04
4.860561334231377114e+05
4.329816688946437789e+05
4.354319384641058859e+05
7.762044652133909985e+05
6.283145776799547020e+05
2.505036790960737271e+05
1.638254192812828987e+05
1.378078114874970401e+06
9.190672718686112203e+05
1.837502000292980520e+05
5.486510501702574547e+05
6.515518876943496289e+05
7.827081008704900160e+04
4.502983453665022535e+04
9.007988795386166021e+04
3.568955945732620894e+05
3.741051662193384836e+05
6.716069481796425534e+05
2.195534015882803593e+06
7.486853766258980613e+04
1.915809197806519660e+04
5.127529352636487456e+05
1.967476635986688198e+05
2.095586981182462478e+05
4.470512409805256175e+05
3.625501576593051432e+05
1.386035731886375288e+05
4.026272015335012693e+05
1.907335874172853539e+06
2.242465707547239435e+05
4.967939480237171520e+05
4.942759990596163087e+06
1.898989033244582592e+06
5.980549460839778185e+06
7.665546882159245433e+05
1.072501434404342144e+05
6.183182986002740217e+05
7.786589570754466113e+05
7.168957606705010403e+04
1.945405528471003287e+06
5.402994841435544658e+05
1.488627845825673285e+04
2.067905493450198264e+05
3.548355047874888987e+05
7.259134781235245100e+03
4.987679702727662516e+05
2.296159936200466473e+06
7.400257671285903780e+05
1.484774898424055573e+04
5.668503805704933620e+04
5.112576265419935808e+05
1.977523617381937802e+06
6.201955435216084152e+04
1.660502466610118281e+05
1.266713107931592822e+04
3.388721725570794661e+05
6.901907985255350359e+05
8.258971172393151792e+05
3.318653238021199591e+06
1.931573549019711209e+05
2.105408543523839209e+06
2.139432652605881449e+05
4.146442611493920413e+04
7.807387946024812991e+05
1.627012321759805491e+05
1.045269117350438260e+06
1.000112886294142460e+06
5.584116059814636828e+05
1.016635395941646304e+06
3.706812363650070038e+05
5.431464783194384538e+06
2.954952047567920526e+05
1.752664118620111607e+06
7.961152281052303442e+04
1.066681197121108416e+06
1.131832231775073742e+05
5.637464130966349039e+05
1.835355965977774758e+05
1.190062854819379980e+06
3.565671687083388097e+05
1.108730964902147680e+05
4.742531918321132980e+04
2.114813093565955758e+06
1.185867530171098479e+05
1.045384019369191490e+06
1.153554161963801889e+05
3.921251683587655425e+05
1.902376498565731745e+05
1.149607264197578115e+04
2.114529125453765446e+05
6.116067111647211015e+06
7.920549604519298009e+04
5.864235493262659293e+05
5.064403820648018882e+04
1.152725254317342042e+05
4.728455329991383478e+05
2.148538910032241140e+06
1.427322825602763565e+06
2.883070270788550260e+05
3.703613244691199361e+04
2.003117784210184764e+05
3.098204510403427412e+05
5.713131365031986497e+05
2.165772361196656129e+04
6.013552957571567094e+04
1.671154487055826175e+05
6.203830294069145748e+04
2.093465930061800638e+06
4.576559352784623043e+05
4.718678945333502634e+04
8.916046993733855197e+05
9.033342479587354464e+05
3.777652908015602152e+05
6.023303813717004377e+05
2.005929965129113989e+05
4.604723694984333706e+05
3.073383832971458905e+05
8.604081112283316907e+04
1.750360148954019533e+05
1.191208373948345688e+05
1.959438867536124890e+05
2.278492765393741429e+05
9.936705035902374948e+04
7.657762171806286788e+05
9.981252312460955000e+04
3.263434318839368061e+05
5.878846650625411421e+05
6.378653912074378459e+05
1.289627502908736235e+06
3.546023615939569427e+05
5.776575082398060476e+05
1.838044102750790771e+05
4.977107322503934120e+04
4.913584060293603106e+05
1.111699079200406122e+05
7.861830931111129466e+05
6.796821510099056177e+05
2.073230889503430109e+06
2.167038154452938470e+05
1.314176079579140292e+06
5.921852969186598202e+05
1.478521082943616784e+05
7.875002877141875797e+04
4.583112453535080567e+04
3.428467741074518417e+05
1.865117938860358263e+05
6.551082033318786416e+05
1.278131578176865121e+06
3.361272854092401685e+05
1.944574865695255343e+06
1.191380716125017032e+06
5.246897936418408062e+05
2.564248394557885767e+05
1.141761550468387548e+06
1.333454768983852700e+05
2.315662089425470040e+05
8.722441424608665693e+04
5.038857366524073586e+04
6.065249598854254000e+05
9.001332442759085097e+03
8.161660491593725746e+05
7.218678099594736705e+05
6.909879072615728946e+05
4.047096623232020065e+05
3.950722332542534568e+05
4.682475674688974395e+05
5.184590909462748677e+05
6.723132518610797124e+05
4.430371340185597655e+05
1.716377592395459360e+05
1.720508751059252827e+05
1.174971859115270781e+05
1.283142428469977131e+04
8.679416247970161203e+04
1.023721710465299111e+05
8.665845708954919828e+05
9.257078162463571643e+05
5.210236696202448220e+05
6.837633932882430963e+04
2.329730488663440919e+05
4.916057341497580055e+05
2.527215619934539136e+05
2.618082128409340221e+05
3.791165035969971213e+05
3.385735675139808445e+05
2.092228338792989089e+05
1.851684081011510279e+05
8.439883905711156549e+05
4.127146722360071144e+05
1.077081277622228517e+05
1.694868969962066039e+05
3.803570903971087537e+05
5.162715713554254617e+05
4.946146326057771221e+05
8.053600673502839636e+05
7.120646703141514445e+04
4.972792590884840465e+05
4.057126739173061214e+05
6.553373607170806499e+05
1.209928991865731368e+05
4.300687223498082603e+05
3.508804233070480637e+06
7.436898696935304906e+05
2.488234961387593066e+05
3.844704790695893462e+05
1.291629964526352996e+05
2.032336302666982170e+06
9.857432496040864498e+04
1.793141215786726389e+05
4.682940027121903840e+05
9.300689817626202712e+05
5.197829187330084387e+05
1.273956498772499181e+05
1.347059085302081367e+05
6.959379314638902724e+04
5.620800930229723454e+05
3.517639744398155017e+04
3.701499341405262821e+05
4.268691392175492365e+05
4.384996596434255480e+05
8.185909590993510792e+05
4.854726961867257487e+05
3.000879499937381130e+06
1.021390881117574463e+05
9.222734849575153785e+05
8.720558968166889099e+04
6.004494034064712469e+05
5.600215277571862680e+04
5.196408272278485238e+05
1.654250607858185191e+06
4.183037803193346190e+04
7.515900930105288280e+05
6.496021731005795300e+04
3.176764254484317498e+05
1.964056326727112755e+06
2.221752839692950714e+06
1.406506626728862524e+06
8.520099548191743088e+04
1.225515347092009870e+04
5.419342560175473336e+05
3.859613845346862217e+04
7.794522435561054153e+05
5.891349503125123738e+04
2.539760571746660862e+05
9.223939989713985415e+04
4.240412348435981548e+05
2.967614803031323245e+05
6.224349451023142319e+05
1.393408477753524494e+05
3.914843334918363835e+05
1.156265939060211822e+05
6.713133461394228507e+05
5.759275566641809564e+04
3.508677611521407962e+05
1.924415922645965766e+05
1.038060296441086030e+04
7.225095442233791982e+04
8.359029359278081683e+05
1.645223175564548292e+05
1.144153873943434563e+06
3.911440852415154222e+05
1.954749422842090717e+05
5.143809664147775038e+05
2.240847937646012870e+05
9.875300919724062551e+05
2.160515498706047583e+04
2.098919622576909896e+05
2.206420384363556281e+06
1.087435627824420517e+05
1.292710914707069169e+05
9.332079329657144845e+05
1.473885664861396363e+05
2.652099242004523403e+05
3.763089607564580510e+05
1.041376683542205137e+06
1.941986987886889256e+04
7.603517515568018425e+05
4.204721238165317482e+04
1.270619934720586316e+05
2.466538404161117796e+05
1.924115144894156547e+05
2.883654600258550490e+05
5.432481161984332139e+05
3.909841336121626664e+05
1.737127661533748033e+06
6.896417440816279268e+05
7.582865042130729125e+04
1.196343659323093947e+06
2.489961417965897999e+05
1.291063456675401249e+05
1.864306795636449824e+05
3.255694150679374114e+06
4.411078493128952105e+05
2.772780213023431716e+05
5.157626704370246152e+05
2.578107005862991791e+05
5.848243007146824384e+05
5.345676415312994504e+05
5.873652237092931318e+04
6.449814925818432821e+05
3.108226331314474228e+05
6.338196991889051860e+05
2.831124145508155925e+05
3.830312640139344876e+04
7.447465491536892951e+05
7.277399108208944090e+05
1.240336749626972014e+06
8.362565929994202452e+04
6.409027430325255264e+05
8.563571021559846122e+04
7.084494731509118574e+05
7.207526147966322023e+05
6.519928724539168179e+05
1.490908763940969657e+05
1.177077278468038887e+06
1.340624708533852594e+06
2.321254761756852968e+05
9.339804878097621258e+05
5.260818852083935635e+05
9.973636497979302658e+04
1.085749742484028684e+05
4.936883087056830991e+05
1.363613058603965910e+05
1.167043531806078972e+06
1.249275061641753709e+05
1.076852717779173399e+05
6.130392620616492350e+05
9.680951512346995878e+04
7.650052591978217242e+04
8.315972016338529065e+05
2.500683025571073813e+05
4.420481099115037359e+05
4.930200188986791298e+06
4.503730654219261487e+05
9.162324561033566715e+04
1.569058483870806813e+05
6.282266440729086753e+05
1.841916839501380164e+05
1.760174839930744783e+05
3.964378704504836787e+04
6.519286575304376893e+05
2.365912701617852435e+05
9.162580915464179125e+05
1.153168733237747801e+06
6.524101141137321247e+05
5.736309420458994573e+05
2.548744186678615224e+05
2.778464636883743806e+05
8.067686718328782590e+05
2.009485431380566210e+06
1.598034749868172221e+06
6.224402776301526465e+05
3.258849825101993629e+05
1.063449899714291794e+06
1.608278861894119182e+05
1.614677664457857376e+06
2.717497029050739366e+05
1.047611569877536967e+06
5.427757512360082474e+05
8.760185446479274833e+04
4.773097018213525414e+06
6.242794810282020626e+04
2.294700495982745779e+05
2.005762150344396068e+05
2.087594859505416825e+06
7.101268560407513287e+05
3.509885047627663589e+05
2.498842344846567721e+05
1.563565009341203549e+05
5.373615593527724268e+05
1.971380330175550189e+06
4.273965387886398821e+05
1.268362268234239018e+05
3.511168897911151289e+05
1.004410327128077624e+05
4.131437170029791014e+04
1.373853038770847255e+06
3.293853933092087391e+04
1.370308001046975551e+04
3.520101741681731073e+04
1.404128596397911897e+05
1.670077965511617018e+06
3.016728768660920323e+05
2.939936426022121668e+04
2.706314528283175896e+05
9.924454606554050406e+04
8.881243132216535741e+05
5.248391138369161636e+05
5.813838755995878018e+05
5.884888536582695087e+04
4.139006751202581218e+05
6.148637147091698716e+04
1.484874897917698137e+06
7.216324087937724835e+04
4.523429021030626260e+06
5.070278074238408590e+04
1.604615396571030375e+06
6.117061919788934756e+05
2.418732359329004248e+05
8.142982867196095176e+05
3.775859875664947322e+04
2.126296548121860833e+05
4.233036589557302068e+04
1.708808487800755756e+04
2.816633788945886190e+05
7.829490536446959013e+05
1.456534061129806098e+06
5.670648014347754652e+05
1.847985251291387831e+05
7.031727702862194274e+05
1.743115328999085177e+05
5.109917361063053249e+05
6.285499091511778533e+04
2.860429508585422300e+05
2.459455763722450647e+05
6.854233043621304387e+04
3.535797744666623184e+05
1.158165458211586811e+05
1.022146690326726239e+05
1.603375890989550389e+05
9.066557705814536894e+04
1.325800739414718992e+05
4.176679036113932380e+05
8.240860514371418685e+04
2.777091324610876851e+06
1.613892311140090169e+05
4.784489079468536074e+05
2.445597547745213960e+05
2.869237581384138321e+05
3.073526448239025194e+06
1.912521203978468548e+05
6.196967062509554671e+05
1.117552593053476652e+06
4.644140396155385533e+05
5.731539355448557762e+05
5.559769434265790042e+05
1.322839715113975573e+06
2.971751339923834312e+05
1.491179558814977354e+05
3.719214881212547189e+05
3.762719667681741994e+06
2.329940236270392197e+05
8.782860392106440850e+04
3.375785077300987323e+05
4.062145005344643141e+05
3.600069428039363702e+05
1.350335533024242031e+05
4.223709022594889393e+05
2.159050142152381595e+05
3.693381847697530175e+05
2.777776055719626602e+05
2.917175960826245137e+05
4.324492463557539741e+05
2.626066159350635644e+04
2.422985654691197124e+04
1.978316343727174390e+05
4.841749287600461976e+05
3.789281850593970157e+05
1.413441835234818282e+05
1.118341230709470110e+06
2.619359214855927567e+05
4.325103858330378425e+05
1.546873335473548796e+05
5.377396713301177369e+05
2.838943837117367730e+04
7.421906500238082663e+04
2.937819592805576976e+06
5.200932298483144223e+03
5.298285619008878712e+05
9.415319769351652940e+04
2.728282585813358310e+05
8.867596309917785402e+04
4.701606171467608656e+05
2.346127178472037485e+05
4.423077858866893803e+05
3.061562638865505578e+05
7.832322114204772515e+04
2.420860520560996083e+05
7.065804909825633513e+05
2.772460530357056414e+05
4.757435776550970040e+05
1.284192701298441738e+06
1.851841264867054764e+06
3.448023060742149391e+04
2.055939855392446276e+06
5.870678390354788280e+04
1.259819366736323107e+06
2.554290480573491659e+05
1.650302688395583245e+05
1.249564098290886497e+06
1.776908830145928951e+05
6.572894642658485100e+04
1.834263041517313395e+05
9.591510689655816532e+04
4.659092724604084651e+04
1.371745115151196718e+06
1.727771823014738038e+06
6.984483649292953487e+04
8.656368871270901291e+05
2.265506316592542134e+04
5.996021530084674014e+05
9.746544080873063067e+05
4.833390744652503054e+05
1.885420005401348695e+06
8.728976773255484877e+05
1.911470849180535588e+05
5.118110603142016771e+04
5.804773552991915494e+04
9.692846413844999624e+05
1.172363652326577576e+05
3.262632781928639743e+05
6.588972565910712583e+05
4.263196054255756317e+05
2.446332039917980728e+05
7.179127804878039751e+04
1.177989759347352898e+06
3.495603626072871266e+05
1.273681050977304112e+05
3.213846197286937386e+05
4.608861210158832546e+04
1.867390832538100367e+05
5.054149410951177706e+05
8.438580819240343990e+05
5.121948016527581785e+04
6.894593298907014832e+04
1.042568524307393702e+06
1.056449330474424933e+05
2.138909937573577190e+04
5.031072605795895215e+05
7.783398897415761603e+05
4.109139825711796875e+05
3.972654772975407104e+04
4.415418809364829212e+05
1.922702421284363663e+05
7.941526580616221763e+05
2.599017093859591987e+05
1.337973595901673834e+05
8.574899370526870189e+04
9.692993288904086512e+04
6.217173606597601611e+04
9.674655772418231936e+05
7.949712186142984137e+04
9.268394575586127758e+04
2.142728243437344674e+06
2.134559088773377007e+05
1.459618899075091758e+05
1.217545299097211828e+05
6.644214633996394696e+05
4.144479211202406441e+05
1.124038382051484426e+06
3.540579837584917550e+04
1.867579821251183166e+05
6.358879786498058820e+05
2.372678845782350982e+05
2.190835344982444658e+05
2.123615870552719862e+05
4.371403208984315279e+05
3.360473188897177461e+05
3.692224861414272891e+04
1.146669164776811376e+05
4.685260605425739777e+04
6.359334616528201877e+04
6.081245175581061048e+05
5.874404763439539820e+05
1.185898358184231183e+05
2.043329833809261618e+05
9.552982319716047496e+05
2.455183699292057718e+05
2.748313001340117189e+05
2.518814955097966595e+05
4.841138365018066834e+05
3.720521991906928015e+05
2.255997860462490935e+05
7.076645338927384000e+05
5.152856812201555003e+05
3.818914554069779697e+05
6.726368756269913865e+05
4.174660767326836940e+05
3.101650286093197064e+05
1.108439125637947873e+05
1.597764495237010065e+06
1.149593721397551708e+05
3.442160130675359396e+05
7.008728049980704673e+05
2.241431197071209608e+05
4.738457279144345666e+05
6.734887101581430761e+05
4.286523123806460062e+05
4.516885807875992614e+05
3.871518840526410495e+05
2.358305454198351130e+06
3.967768261597494711e+04
8.359676704270011396e+04
1.392883549736773130e+05
8.106236033519236371e+05
1.650473474842583528e+05
1.311633293561098981e+05
4.829652028966606013e+05
5.250189125311820535e+05
5.035568115820011590e+05
2.163752391584220459e+04
1.588860919483669859e+05
7.309417327183780726e+05
5.594591418076705886e+05
1.972024308907619212e+06
1.766356607671161473e+05
1.623443409790988662e+05
1.129471465277776006e+05
1.290145790766732389e+05
2.555650778057667485e+05
4.497353454092362663e+05
2.317113924158232112e+05
2.560474310238306862e+04
1.683774760921038222e+06
2.195123250983368198e+05
2.476628882817827398e+05
3.651714513418255956e+05
1.603783609929398517e+05
7.961871672374994960e+05
7.066991720220358111e+05
2.009820150328402640e+06
1.876321468785239267e+05
3.659916620863532880e+05
1.290447422258991050e+06
8.412979854310847586e+05
2.343762109220196726e+05
8.557030356265117007e+04
1.536159977876329212e+05
3.172929851713626413e+05
2.183427173955400358e+05
2.312969736129853700e+05
3.659297575938772643e+05
8.237214970859102323e+04
6.268991132502473192e+04
1.810651530647424515e+05
2.107377782883128093e+05
4.178651282146554149e+04
2.285184299620909733e+05
1.468192434854020539e+05
2.077893008706804831e+05
1.687829713538149081e+05
2.296247102240223903e+05
8.648498478412682889e+05
6.582641389619131223e+04
1.012819990360765136e+06
1.026410932133914786e+06
1.043393200078599271e+06
3.577433070908913214e+04
2.083967827970839804e+06
3.504848951369578717e+05
5.369191110151939793e+05
6.995231936560060603e+03
9.859466237944681779e+03
1.723890769208494930e+03
2.809753464411703753e+05
2.045111289432514750e+05
6.344224479151136475e+05
9.118980702025368810e+05
2.301515565462555678e+05
6.008837307495489949e+05
1.758189912920522969e+06
6.561045795703281183e+05
2.237443551824447059e+04
2.034834751682867936e+05
1.844564982373923063e+06
5.321859982212686446e+05
1.918257970036926563e+05
1.417141072592008823e+04
5.983699771519278875e+05
4.295843115158560686e+05
2.129717638604032982e+04
5.457254855187653448e+04
5.987480595178711228e+05
4.522507780468906276e+04
2.321561632318394259e+05
2.459985818657744676e+05
7.538031881233227614e+04
1.821389004525409837e+05
1.317974496956454823e+05
4.273508836082923226e+05
9.125406181435231119e+05
4.282441388260544772e+04
3.164437498267131741e+05
1.414059677992081037e+06
1.108802764854038134e+06
1.319979638902799343e+05
1.178782189542107808e+05
1.324351467672775732e+06
1.789637018608916085e+06
7.885876245515793562e+05
2.197883015704410500e+05
1.496077874527303211e+05
2.969727787408079021e+05
1.481078287225564127e+05
1.372494869894128715e+04
6.835719412793499650e+05
8.791946450820317841e+04
3.031488227963644895e+05
4.666287686586430937e+04
5.960036058260689024e+05
5.420316423531442415e+05
1.365088768503875181e+05
1.478094370956560364e+06
2.489710162262341473e+05
1.533569474681339343e+05
2.272128039692451421e+05
8.684228911746660015e+04
8.444991186228340666e+04
4.404246278233334888e+05
1.864005328091167612e+06
1.000855537859932403e+06
3.061642745876883273e+05
4.150577770075513981e+05
6.818415580450289417e+05
2.166413316463207011e+05
1.224651412839921977e+05
2.738715631329559255e+05
6.397839551285088528e+05
8.202598097171199042e+05
6.608034111410904443e+05
5.253756558073088527e+05
1.808352873085365864e+06
2.991281965367840603e+05
7.008007531895568536e+04
6.810902733502183401e+04
9.536425436338227883e+04
1.534051987583051086e+05
1.694389066047512169e+05
5.112517597769460408e+05
1.657553555566864088e+05
1.486126993782031641e+05
4.684205682596261613e+05
2.475724534388437169e+05
7.151043705901302164e+05
9.390532530652227579e+05
9.172088321548034437e+05
8.990433188524443540e+04
6.240759854255862301e+05
2.760663595877065090e+05
8.770911883978312835e+04
2.078991134596875345e+05
4.100896156146002613e+04
4.688521775121335668e+04
1.823380034441020398e+05
3.126981368374441518e+05
1.883602581110443571e+05
1.883764766962360009e+05
2.026464534037729609e+05
1.170846313408937276e+05
4.519626576737245196e+05
1.849675496785668365e+05
4.250949875481294293e+04
1.058534605054611107e+06
2.062590266411300399e+05
4.223785288254902698e+05
2.091448307081236853e+05
7.148822986170407967e+04
4.975463054152654367e+05
1.281861338840886485e+06
3.207847443381067133e+05
7.415527758241496049e+05
1.346860361517483834e+05
2.701020585128649836e+05
7.642832279495032271e+05
3.137518145270248060e+05
5.809215933908311417e+05
9.514811089275345439e+05
2.407239586241074139e+05
2.317121269595466438e+05
5.147869882739778259e+05
1.393247437619953416e+06
4.260742586200312362e+05
1.525034808337074064e+05
8.844407394352259871e+03
2.108815020347518381e+06
3.624955276567343972e+05
2.199376552061689436e+05
1.602250485545708798e+05
7.313519105049450882e+05
4.384163271063611610e+05
8.524834798542120261e+05
1.250139494370382454e+05
2.632746926755352761e+05
3.527102837752374471e+05
1.641346720416407334e+05
3.295184860284981551e+04
1.076686286490416969e+05
1.038956507835626020e+06
6.136400559320743196e+05
4.260807874477533624e+05
8.650178695449559018e+05
1.262311520587399835e+06
5.184276695385875646e+05
2.900398562367241248e+05
6.943468606698511867e+05
2.899191484409558470e+05
3.620346002530087135e+05
7.095893154789081309e+05
1.120877044585457334e+05
2.752705711723211571e+05
4.700845113378393580e+04
9.087420057259022724e+05
4.798395023229313665e+05
7.514488476629721699e+05
6.041895875392602757e+05
6.954421800423981622e+05
5.934839943477547495e+05
8.867552094088760205e+05
4.510225369541349355e+05
2.134493946568678075e+05
2.956404556400762405e+06
6.601519389019268565e+05
5.026569347735938500e+05
3.248481632249957765e+05
2.590492352647041262e+05
1.034952193072433234e+06
4.888923152345061535e+05
2.788642228957440602e+04
1.020467092916775582e+05
6.785048643814379466e+04
3.765036948312172317e+05
9.270333907833999256e+05
4.321094165689237998e+05
1.678651517104757077e+05
5.251171733522689901e+05
2.817425694906436256e+05
5.041705593128301552e+05
1.683849784588207258e+05
4.230522027363778325e+05
2.272352736673119478e+06
1.914044064198169508e+05
6.765941918515488505e+05
6.344324209860238625e+04
3.868852541599937013e+03
3.974851034321626648e+05
1.211384892971790541e+05
6.978177285313197444e+02
8.745824534426768078e+05
2.649855526336814364e+04
1.611376532391155888e+04
4.987939636129824794e+05
1.418151602730036946e+06
4.570818356133666239e+05
1.438801603461112594e+06
5.686923065003746888e+05
1.124975225189418416e+05
6.651076016861345852e+04
3.558042983585232287e+05
1.509345809095129662e+05
1.216741036975121591e+06
6.581931675129384967e+05
6.344451735085499240e+05
1.061201757523233769e+06
2.179330301581374370e+05
3.127522793340907083e+05
2.891009744229993084e+05
1.911702525384828041e+05
8.054533274682790507e+05
3.658205737329788826e+04
2.609592213188901660e+05
3.491587864253760199e+05
6.238396145909096813e+05
1.814749699586983188e+05
4.081285758470208384e+05
5.461550785127668496e+04
1.948215146611135860e+05
1.464737419648369541e+05
1.057332364616163773e+06
2.527039530097636161e+05
2.568691664573372109e+05
6.199115609127675270e+04
1.920292459280051698e+05
4.543056860356361722e+05
1.319445167879845540e+05
7.266486156003996730e+05
2.548862308818421443e+05
2.801967231938412879e+05
5.106961223857345758e+05
1.417738253343932156e+05
9.121468874688466312e+05
1.673932962713197805e+06
6.579057768279939773e+04
7.928239151430579659e+04
5.087780489963348373e+05
1.569491956225297181e+05
1.083843720393741023e+04
8.895566214614574565e+05
2.890412568392030080e+05
5.946311731001751032e+05
1.667679537019676995e+06
3.526607615206888295e+05
1.079904568769359321e+05
2.537473338579706615e+05
3.648337444585228513e+04
4.124680532011709147e+04
9.604913605325741810e+04
6.149230521848283242e+05
9.902340064377473900e+05
1.350006575248343870e+05
2.365379859501128958e+05
5.574367295550130075e+05
1.037245343617977807e+06
8.434308634459235473e+05
2.165284149248163449e+05
9.788310682730765548e+05
2.739184354514161241e+05
7.996049843281478388e+05
1.161474001554132672e+06
1.078466344977271976e+06
1.068755892505851807e+05
5.641550868395959260e+05
1.772237636494235834e+06
1.500489389630066871e+05
1.806928218740649463e+05
1.229970238926792372e+05
1.992631365855169715e+05
2.367144699434437789e+05
4.722812471371345222e+06
8.626813244197271997e+05
2.781937197861118708e+06
1.078990307026286377e+06
2.495603836261900142e+05
1.946381782958795666e+05
1.356023768140382890e+05
3.750132144988567452e+05
9.594400319893572014e+05
1.801033649779800326e+05
8.813323462719240924e+05
4.440445993242607801e+05
1.402510004567605793e+05
4.595261086036192864e+04
1.960903565793591843e+05
3.820004573562381120e+04
7.311206962656436954e+05
8.676188114697617711e+05
2.229478832438341633e+05
1.928499302971628786e+05
3.632691538313173078e+04
3.319465506016808213e+05
3.521066069690190488e+04
5.859146343561826507e+05
1.775501489266904537e+05
2.321175670870516915e+05
1.212324572651002556e+06
2.260820919143845793e+06
6.370947295549500268e+05
4.183972472718657809e+04
1.737266177651300386e+05
5.095287141581268224e+04
9.575232210499687062e+04
4.599940801504809060e+05
2.847700803037567530e+06
3.203320723873110837e+05
6.418393465785103763e+04
1.726231898362344655e+05
1.853271686748670472e+05
6.308676980031329003e+04
2.035712620443986962e+05
1.788084528075757844e+05
9.820609065171596012e+04
2.107018594709144236e+04
3.542844725870845286e+04
4.534057198401427013e+05
8.703061458343076520e+05
3.835159657041184983e+04
1.078872386784147471e+06
1.632635055770584149e+06
1.530754245835732727e+05
1.856206006018453510e+06
1.728428669808624254e+05
3.231114051711413777e+05
7.506671997680864297e+04
1.207745273597467894e+05
3.092263283112232457e+05
5.231725566380213131e+05
8.350484678886107868e+05
3.560907518186693196e+05
2.299025018038552298e+04
2.925575059582719696e+05
4.085172603523809812e+05
1.744913210816545179e+05
1.641857901775818609e+05
1.218193765505839110e+05
3.143920630132490187e+05
8.600952203633978497e+05
3.220566030773179955e+05
2.235431474135891185e+05
7.721346668508193688e+05
5.473173235596088925e+05
4.277318635995256482e+05
6.495598824162684614e+05
3.338617015812587342e+05
7.626384533357041655e+05
2.307574204346297774e+05
2.159062502545963071e+04
8.446260446187467314e+05
1.450902519502459618e+05
3.184843603702081018e+05
2.286895453584074858e+05
1.169229601653625141e+05
8.942717739388319023e+04
2.550394756740179728e+05
7.582934928688203217e+05
7.531835705242812401e+05
1.014205225764717907e+05
7.541716599043380702e+05
4.925810599292187544e+04
8.991164265536607127e+04
1.774902911226074502e+05
4.811704609705423354e+05
1.317061934942836815e+05
1.519397178360593389e+05
4.369239495087001706e+05
3.766674440612931503e+05
3.229704986912863023e+04
1.329980134726822434e+05
9.687739469433741178e+05
2.595436107111797610e+05
1.052105545442981180e+06
1.204745403475347848e+05
3.088652424037156743e+05
1.795096201289627061e+05
3.351688433132917853e+05
4.198896150811950065e+04
9.292565948946833378e+05
2.694185609117505956e+05
9.277321820972268470e+05
1.147954284016868565e+06
1.118629715675751911e+06
9.017032420172472484e+04
5.352328402888410725e+06
1.678201693235153565e+06
2.163467243039926398e+05
2.557499891867357364e+05
1.174847815891319420e+06
8.191117412866788982e+03
4.580474443006350193e+05
1.305397834850904619e+05
5.290849074582277099e+05
5.218006118742145482e+05
1.981969990526635665e+05
8.320599795895135030e+05
2.328835952633893467e+05
1.968549422896668839e+05
5.466387669870180544e+05
1.313845432775689056e+06
3.521669573128082993e+04
4.142167377003656002e+05
1.422062000668010442e+05
5.616629207340534776e+05
3.035355734602152370e+05
3.182175171236401657e+05
4.656162664251406677e+05
1.855522948399290442e+06
1.942482671013952931e+05
8.970573486251576105e+04
8.409983966048731236e+04
4.242981631983312545e+05
8.696576486595573078e+04
6.852863446577800205e+05
1.319229144477248192e+06
8.545086313757357420e+05
1.093853180078045931e+06
3.235431175736363512e+05
2.443888263747665042e+05
1.168942161833592218e+04
5.407831326131795067e+05
4.571318479317583260e+05
2.019754347463824379e+05
2.044753410226444830e+05
8.434363258077919018e+05
1.716976385990028502e+05
9.594613867395740817e+04
6.202960692624287913e+05
1.841221968252913503e+05
1.530593885516798473e+05
3.689496045975831803e+05
1.071941354632337243e+04
1.243085821525991196e+05
3.726814587464435608e+05
7.976560131485546008e+05
2.040569522623104567e+05
4.978584049129313207e+05
1.054843856815007457e+05
6.984243449443981517e+05
2.639635509961849311e+05
3.308451896731205634e+05
9.629738730673630198e+04
1.116993458317506826e+06
1.045569588017272617e+05
3.044182365865317988e+05
4.675762285502516170e+04
6.085069458732553758e+05
8.358623716860015702e+04
1.562958280869940063e+05
1.057412512670285301e+06
2.280529969892676454e+06
3.593307768456229824e+05
1.142411905389433377e+05
1.620306849378965329e+06
9.232143857582610799e+05
7.198850085166962526e+04
4.968424361749973032e+05
3.351634981395165087e+05
1.748519338215586962e+06
4.801601874261506600e+05
3.922819144781075884e+05
1.724056530829679687e+05
9.868766235869264347e+04
3.541482431957094464e+06
1.902068137795704242e+05
8.525145740279574238e+04
3.916688676745887497e+05
9.281422542903796420e+04
3.586988551966488594e+05
5.233341827458055195e+04
6.694923972615277162e+05
1.470731869123470678e+05
8.441666945159329043e+04
4.153792921717106947e+04
1.801320771324426751e+05
5.289299783142998785e+04
1.665150544997140300e+06
5.672463275889803190e+05
2.980971040443022503e+05
6.447371842813240364e+05
3.944606995129692950e+04
1.176072998914694763e+05
5.752174762683587614e+05
1.934369668499252293e+04
1.408570097135757387e+05
5.323637645232782234e+05
4.006568030138712493e+05
4.648942943326617824e+05
1.117408430413590977e+06
3.506073250873080688e+05
3.625428039718356013e+04
9.308992662925373297e+05
1.585117486684407340e+05
2.653311942154556746e+05
8.672882774867184926e+05
5.725614369569916744e+05
2.257345899852721952e+06
1.659941856867093302e+05
1.362121297221452405e+05
8.163485986297933850e+05
2.923300268737817649e+06
4.127496660541209858e+05
3.712747741677396698e+05
2.242648910530738358e+05
3.541737508624102920e+05
8.568801139325748663e+05
3.414521685299915262e+05
1.382063004437394375e+04
1.060830093169947155e+06
8.376430491454726143e+04
4.514179781470806920e+05
7.455876333933564601e+05
1.041546963881072152e+05
2.716430835671116256e+03
5.081068144638142257e+04
3.831239989873074810e+05
2.738893765146682927e+04
1.077254421233063476e+05
1.689650014700765023e+05
2.922137845486092847e+05
1.966871422309948830e+05
2.068096960510387435e+05
4.438375897118392750e+05
8.202237225918887416e+05
2.597022563304943324e+05
4.272692502083033905e+05
1.063759784163263539e+05
2.559724198964243988e+05
7.665622876743339002e+05
2.088256715374703635e+05
1.710162099289994803e+05
4.555373729564541718e+05
3.182759423254595604e+05
2.496315950552021386e+05
3.503047270530146197e+05
2.085459088678370754e+05
2.316119446544526436e+05
1.032625063782754150e+05
3.884660643163796980e+06
2.276145308646406047e+06
1.137790906603102339e+06
2.177136406262329547e+05
9.515490742822735047e+04
9.187110380933622364e+05
1.299258379116310272e+06
2.302267013104409445e+06
4.778759951612901059e+05
3.521801519948414061e+06
1.635032870499152457e+06
7.369383471692363964e+05
1.238004711025849683e+06
2.944110158480067621e+05
8.168014472864592972e+04
4.069420053248847835e+05
6.138589497345538985e+04
6.355906270844525716e+04
1.217207885432251205e+05
1.602559061033297621e+05
2.460844894405486702e+05
5.610008505431035301e+05
2.275833243092298973e+06
6.612773037749169162e+05
1.518673077908986248e+06
4.397791078537030262e+05
2.926577261280167382e+06
1.820608274304538500e+05
4.508551626343873795e+04
5.587398897948225494e+05
4.980688880483387038e+05
1.075080906079021748e+06
4.279745733630757313e+05
7.061806318450273830e+04
2.581430083735658554e+05
3.525486660768644651e+04
2.149592851622310409e+05
6.662933286572466604e+05
2.462489505235618271e+05
2.782311844317953219e+05
2.931212252057801234e+05
4.196468626837039483e+05
1.193144618887061079e+05
2.506506411604781169e+04
8.966452206094925059e+05
5.771841842844712664e+04
1.413383515009031631e+06
1.091743734223472187e+06
1.052722203329670156e+05
1.038468525017586886e+06
4.124097683947088080e+05
5.752921993098672247e+05
3.577987152793043060e+05
4.579125016480541672e+05
2.885054434423475177e+05
5.316706537096657121e+04
5.241482360645827837e+06
8.499963539995547617e+05
1.070451704619605560e+06
1.106279969695738837e+05
1.028618989951772150e+06
3.913855400509322062e+05
2.477889746463047231e+03
4.451195137103992747e+05
1.506510992478450062e+05
8.967442685185754672e+06
7.868844269803323550e+05
1.447529857612603519e+05
1.590259928981808189e+05
1.018122108625535388e+06
1.820849849946597533e+05
9.455934219929331448e+05
2.710442001748462790e+05
3.801979836193473311e+05
5.024136676131674321e+05
6.016217156457907986e+05
2.943102876983504975e+05
1.500837860664995620e+06
9.177343446836687508e+04
1.405899827195554099e+05
4.628289463153723045e+04
1.043898845172648318e+06
4.001270503926509060e+06
7.981831594777535647e+05
9.908687835950456792e+05
6.626060367955341935e+05
1.589509966344670393e+06
9.700646074895240599e+04
7.403195149900364922e+05
1.113008598642369034e+05
1.157909976041697373e+05
3.349183445287299110e+05
9.720749772752382560e+05
1.265245564574869786e+05
8.998030239290234749e+04
7.924065866528390907e+05
7.522020121761901537e+05
1.245199634518248728e+06
1.447487864870212507e+05
2.999141152090541436e+05
7.416506114955496741e+05
1.292590330984703905e+05
3.317340472254816559e+05
4.044235349859613925e+05
1.101301277116221536e+04
2.328830323712429963e+06
4.937130979503246490e+05
2.391354414963431482e+05
1.274275198633627966e+06
3.135380084544181591e+05
4.406303102253673133e+05
7.179356639432722004e+05
6.616438827146883123e+05
3.194035515473048144e+04
8.459163808444904862e+04
4.123762731412317953e+05
3.395255814658284071e+05
4.577672674032871146e+05
2.986289154537513386e+05
1.289059867890602909e+05
7.733154587964983657e+05
3.811159407922964601e+04
8.072157125474794302e+05
2.658429312202717410e+05
9.013079305537653272e+04
1.544136971972057945e+05
5.014760068336623372e+05
5.929185965331878833e+04
3.183830519918183563e+04
2.789227203033938422e+05
1.636287457221214194e+06
1.465944685981025104e+05
6.615395397948393656e+04
1.091897834976232843e+05
2.410454629921504820e+05
1.703662702208110131e+05
4.506154404003915988e+04
1.807692629755907401e+05
3.249205948858121410e+05
3.981293278394897061e+04
6.010589248461527750e+05
4.934143904357185238e+04
4.377663047576872632e+05
3.475268572356546065e+05
3.472638332530456246e+05
4.649676702947648009e+05
9.592845299109804910e+05
2.018408865819681087e+05
2.712168462520600297e+05
1.095266102880639519e+05
1.019507893801577302e+05
6.547378405759048183e+05
1.896858822744491510e+06
2.528853315124741639e+05
3.013710266357837827e+05
2.087561449730620661e+05
6.965082805288841482e+05
3.689047195401431527e+05
1.086232195097165648e+06
6.477483816533419304e+04
8.788259403397575079e+04
2.399447771712714341e+06
3.491399985263210838e+05
1.607845459176910808e+05
3.290591101089140866e+05
1.955077407821992878e+06
7.046076926050415495e+05
1.443819217433204176e+04
9.431229979617425706e+05
3.141439153279031743e+05
4.444145662547237589e+04
2.344228537788096000e+05
3.655950810643548029e+05
6.754449716181214899e+05
1.520745545338766242e+05
1.279055310933266446e+05
3.664663138124988764e+05
2.817778647892290028e+05
2.576237631223036151e+05
7.822399551230920479e+05
7.164735499934117543e+05
6.942210127106053988e+05
1.969150285956348525e+06
1.086084576797957998e+06
3.190576342272664187e+05
7.395493997899533715e+05
6.304309238269142952e+04
2.572938377113836395e+04
3.486600838851387380e+05
6.642011183379356517e+05
6.678377957669028547e+05
4.336259123683891085e+04
4.715895546954999736e+04
1.656978441843371547e+04
6.994719870346698444e+05
1.364414313510770444e+05
8.051071932434974005e+05
2.674306497170740622e+05
1.857105383119902806e+06
1.115275403563197935e+06
2.232187919187531807e+05
3.832004127400305006e+05
8.938470363544861320e+05
1.259051768904718483e+05
1.826024159595683741e+05
6.796238536321901483e+04
9.122490164775898447e+05
8.629228097739666700e+05
7.867439304012341017e+04
4.680238070911004907e+05
1.347678850697793299e+06
7.675631211320840521e+05
4.890753623148747138e+05
1.065526786978994205e+05
1.035840448500233033e+05
1.038434336616604851e+05
9.648288376891794614e+05
5.645137960115147289e+05
3.739026209501055419e+05
4.814408628055541194e+05
4.623589819828987122e+06
5.109693901501246728e+05
3.838934830944794521e+04
1.153695405282038118e+05
1.140186527581325936e+05
1.049715651808787137e+06
1.364184824786397396e+06
8.537557647441203007e+05
8.232000615248273825e+05
1.668602439861090097e+05
1.508924763372126967e+06
7.335675260389982723e+05
7.389089242818701314e+05
3.547975659319657134e+05
1.029223986862099147e+06
5.601276986646867590e+05
2.755809961043491960e+06
2.061739017200708622e+05
9.611975958608681103e+05
9.969419934407243272e+05
8.156359524066951417e+04
2.383261986654601060e+05
3.339754087606914691e+05
1.592157500332326163e+05
1.280256446459991421e+05
1.818310075004201499e+05
2.322626550872834923e+05
1.735980293697970686e+06
8.480378873773829546e+05
3.214869607842389378e+05
1.523824822574835271e+05
4.986989348511071876e+04
8.128636443747687154e+05
2.313570946435515452e+03
5.278850564919205499e+04
3.443885482328366954e+06
1.605031539485820103e+05
1.084182667237376329e+06
4.381350982398006017e+05
2.306478533504812731e+04
5.322502516989398282e+05
6.280164383045866853e+05
1.930501348954476998e+05
9.144578462930086534e+05
5.138998595136225922e+05
4.817190146080643899e+04
2.916513249877858325e+05
6.265569119941684039e+04
1.260494078173907241e+06
1.609997336767406086e+05
3.718775636053683120e+05
1.545028714598398365e+05
2.209411870218359691e+05
5.149984761371222558e+05
8.492989308870841051e+05
8.144652102789092169e+04
8.983245556261191377e+05
5.448978251777808182e+05
6.286345807070723095e+04
3.004382558969692909e+05
2.602933392424673366e+05
4.464145701335589984e+05
2.905626177565811668e+05
1.706657802567425882e+06
3.606502577337228577e+05
4.368981823501706822e+05
5.427730546368765645e+05
2.431054394983134116e+05
1.605686287950573605e+05
1.919294301058485406e+06
1.765635126050661085e+06
5.621231018664437579e+05
4.872710466355072276e+04
4.615574474433738942e+04
4.578448409510313650e+05
4.438837318743285723e+05
4.865867064683990902e+05
4.050146925509731518e+05
2.553470501883422956e+06
3.879662929093982093e+06
8.027555862477549817e+04
6.789377536774548935e+05
1.452231833209610195e+05
1.681978403718109184e+05
1.426391539389283862e+05
3.880012259163479757e+04
1.954674897391362174e+05
2.820602553414187278e+05
4.647562794892303646e+05
1.543792655193671351e+06
1.696587669132437732e+05
4.395919389194688410e+05
5.443168328989221482e+05
1.387085808336847986e+05
2.300325660540483659e+05
1.150420452577233955e+05
6.364870517454002984e+05
3.437250880176670034e+05
3.885499986109097372e+05
7.051111155793951184e+04
6.413107442761162529e+05
3.120727359077485744e+05
3.134488358732452034e+05
8.228912196472386131e+04
4.153052433945010416e+05
1.046359583384020254e+06
4.731002838103724207e+04
6.571122805362478830e+05
1.899378412238200544e+05
5.523325065810512751e+05
1.097680347474138398e+05
7.847936921452327806e+04
3.648833445097427815e+06
4.401964145265346160e+05
1.368209758885168936e+06
1.588984154809707616e+04
9.821645317263947800e+04
2.227337454857624543e+05
1.066402316802585497e+06
2.733306656538308744e+04
4.117160166445510695e+05
1.509190021717013558e+06
1.712804220325532369e+05
7.295432150376079371e+05
1.369581126032135682e+06
4.219615380484713241e+05
1.059330688486542349e+05
6.842726887873536907e+05
7.518905398377759848e+05
2.362182916495388781e+05
1.469329658377701417e+05
3.089103449312778539e+05
3.043833996917273034e+05
1.243538939903388818e+05
1.743041180335942889e+06
4.477004042308917269e+05
4.701249127803333104e+05
9.307285070448316401e+05
5.111957898702559178e+05
2.937380284570603180e+04
3.624521675940629211e+05
8.520297990236239275e+04
4.408189978612509440e+05
2.743086452800235711e+05
1.499326722769498156e+04
1.178361956454728497e+06
4.658956739136363612e+05
4.497211444849856198e+06
2.214812645606975129e+05
1.696391351327650191e+05
3.356773920534430654e+05
3.431682513819880551e+05
1.131439419749681838e+05
3.120628543126982549e+04
2.289888528356258757e+05
9.533933085652459704e+04
4.836110514233524009e+04
1.567199580904915929e+05
7.326385408095680759e+04
1.939145060016348143e+05
2.118600348693119304e+05
8.989734680653618125e+04
4.735472219096231274e+05
1.206357164964036085e+06
3.195673411134414346e+04
1.743813732697546948e+05
2.118320392939992016e+05
1.161674635727276764e+05
3.890229733473356464e+05
6.679739078128455440e+05
1.989075676011930045e+05
1.409161257107422920e+06
6.836807924370071851e+04
1.587120759503058624e+06
4.731180383223671233e+05
7.647687720738417738e+03
4.491841918351731874e+04
4.553034676546153496e+05
4.151052569958962500e+06
2.034204146744956670e+05
2.150002190180419420e+05
1.411911224537208676e+06
5.735524090280339587e+05
2.060749039296137402e+06
2.474998357501704231e+04
1.823594208964641148e+05
1.989449636546864349e+05
7.003898784574730089e+05
3.025464254573563579e+06
1.582964069119509077e+05
1.596912613536809804e+06
1.147798083437183668e+05
6.668134973920996999e+05
5.894433960085603176e+05
2.960783055779065937e+06
1.230831142233935680e+05
1.597559725785701594e+05
6.505427440172652714e+05
2.849369815635045525e+05
1.114560671227767743e+05
5.019351663127605570e+05
1.705795402029722463e+05
4.716043581644348887e+04
5.309008690242765442e+04
8.490596080647291383e+05
2.922270706260330917e+04
8.593246894255966181e+05
3.529728922617660719e+05
1.688731567210611247e+05
1.614387415117761157e+04
2.304867459043506067e+06
7.312896899055490503e+05
1.424531567707431037e+06
7.911082957576472836e+04
1.849593617456033127e+06
6.387025030801162357e+05
2.703455650745906751e+05
7.021107492617564276e+05
1.426328397992086830e+05
4.784683047385843383e+04
1.317014880957178539e+05
1.546582536846778821e+06
2.872558217644990873e+04
8.907313591717251111e+05
1.213787671115902485e+06
1.710632462245743664e+05
5.703677448794849915e+05
2.262211738683945965e+06
1.174310271202300355e+05
3.883145984401506576e+04
6.728110540920234052e+04
1.312348820959709119e+05
1.174103602090591099e+06
9.857582113067163154e+05
1.526549920012102812e+05
9.002294301913576783e+04
1.779090759178412554e+05
4.781740298951947480e+05
1.012709503310640110e+06
2.067605885126894282e+05
3.331595728514749208e+05
1.164024117890690919e+06
3.387168934470249806e+05
4.192996949634614866e+05
6.878404987867267337e+05
1.144946420989349135e+05
3.626111399805101682e+05
6.187441031912162434e+05
6.679117885331731522e+05
1.175703449501657306e+05
2.782767602817767765e+05
5.860070813671116484e+05
6.484470438190648565e+05
6.712036676533926220e+04
3.123150977618881734e+05
6.327018605250554392e+05
1.150684903674111119e+05
1.128031073432183592e+06
1.222017119386928825e+05
6.898051572289426811e+06
3.779010561780711869e+05
8.569951794874144753e+02
3.983960371985683742e+04
1.954679543462470174e+06
1.086351860280877154e+05
4.519445553146842867e+06
1.485517612170189386e+05
4.144812782838472631e+05
4.173636951200772892e+05
3.746027048606842291e+05
7.481366590881271986e+04
3.415305927457340877e+05
1.937816575717010710e+05
7.755470105088308919e+05
1.681354322185622004e+04
1.825958059007691045e+05
4.809633675793333678e+05
3.320799269417907344e+05
7.586507265677881660e+05
1.796744954631028231e+05
1.412257246730584302e+05
5.975624062259391649e+05
4.113183507577370037e+05
9.600932918759648455e+05
1.323074846975512104e+06
1.005667923628768884e+06
3.832005110114283889e+04
1.278527278924243183e+04
1.532469163663228974e+05
9.234209704624888254e+05
6.817951720395796292e+04
4.934536791958930553e+05
1.465213395495523699e+06
4.522382668944160105e+05
3.283235253754123114e+05
2.146093412604304322e+05
1.993047789062242955e+05
1.120950739155262418e+05
8.651147556285007158e+04
2.313942231395116250e+05
2.918871103419376304e+05
1.175552776520659914e+06
3.492495114954095916e+05
2.098054911606739741e+06
9.916339430395005911e+04
4.236075763338687248e+05
1.497361496785730415e+05
5.086413534100467223e+04
1.856881227771127014e+05
2.621363299286744150e+05
9.701638246313042473e+05
1.432357591269836412e+05
6.603632829770174576e+05
1.839169493798491603e+05
7.498067458593519405e+05
3.632649469511716743e+05
3.235456610080896644e+05
6.031469237753772177e+05
7.182003257435853593e+05
2.161280244596121483e+05
5.204483682369312737e+05
4.103148916690429323e+05
1.197766725183290895e+06
1.043505715540673264e+05
1.418339784509924706e+06
2.763903410378839471e+05
5.276748959870132385e+05
3.843726575979784247e+05
5.600333076747724554e+05
9.152067799690378597e+05
5.745676163615335099e+04
1.028364385672068805e+06
1.677287531738443358e+05
1.508628884387199942e+05
1.431692968733383168e+05
1.603249143946730997e+06
6.428845434358938364e+05
3.597366967665446573e+05
6.869121435387304518e+04
2.225633729925328807e+05
2.470789052679415327e+05
6.647655963647572789e+05
3.757005973637520219e+05
7.848960810144728748e+04
2.675198059293868137e+05
2.408284705732953153e+05
3.086041403514584526e+06
2.093009376244501909e+05
2.214910566278521728e+05
5.120892866454292089e+05
1.412766881749087479e+06
1.096411188384495617e+05
6.541129200199042680e+05
6.268069619783164671e+04
2.039696834275136353e+05
2.236879122390900739e+05
8.990274150780288037e+05
2.806677024097167887e+05
1.596454943533743790e+05
3.486335748188265134e+05
8.675386052690858196e+04
1.626268516905531986e+06
9.460634802510707232e+04
1.447103554044082121e+05
1.040436853922951152e+06
2.146742022857781267e+05
5.751823358675311320e+05
1.152730836164625362e+06
4.601404870406014379e+05
1.355633293536724057e+06
1.141683029468676978e+05
2.094902011202401482e+05
1.954273629805796081e+05
6.230569577880544821e+05
5.512572984024463221e+05
1.154468027063104790e+06
3.969374442539833399e+04
3.383594646324086934e+05
1.293109362151121168e+05
4.229232319605796365e+05
9.267899668330120621e+05
3.932486170610465342e+04
1.249214447732269764e+05
4.567076225604656502e+05
1.489285746953602938e+05
5.680162509460441070e+05
6.820450455522463017e+04
7.124233118084931630e+04
2.472781982926262426e+05
1.591473239864544303e+05
2.909188703438790981e+06
4.417674121469548554e+05
5.871970123076821910e+05
1.146175391263773636e+05
2.342936560244549066e+06
4.938603650240395218e+05
6.958880902142853010e+05
1.667600019425727369e+05
1.914359121074606956e+05
2.901560487603801885e+05
2.814642227355663199e+05
1.855220215609989536e+05
7.383565016809030203e+04
1.866233903557585785e+06
1.557155221651335160e+04
2.192948744198486093e+05
1.029704970642460394e+06
4.992244457053683436e+04
7.865748004340079206e+04
1.619550922568432579e+05
1.532975352987650840e+05
9.338306230015547480e+05
1.101260198476241931e+05
1.617439176091621630e+06
6.395249629493762041e+05
7.926027698470847681e+05
5.171819485223410447e+04
