1.565092724813665729e+06
2.095619885284418997e+05
7.573805775557285233e+04
1.668508259988963604e+06
2.995082613305091509e+05
5.619048883456832264e+05
4.509649445644675288e+05
2.853680582502919133e+05
2.057941432100663951e+05
3.734466330343688023e+05
3.269843431318202056e+06
2.737148208495754716e+03
2.656607551678444725e+05
1.170448924560009036e+06
2.028129950631108368e+06
8.435359010487444466e+05
2.572530889587608690e+05
4.738392054505082779e+05
2.247649614288719895e+05
1.103049244003514294e+06
3.706829391880655312e+05
3.216898452309259214e+06
7.925361499293277739e+05
1.034047158580189804e+06
8.747919675797926029e+05
8.838119319330036524e+04
3.794630424102659454e+05
8.632511799596819037e+04
2.628007507959267241e+05
1.039596899952657113e+05
9.043704222684593406e+05
1.335877425431682495e+05
1.805194406691703771e+05
1.613438216678854078e+05
1.516709527655364946e+06
6.462598742474969476e+05
4.692349391667980235e+05
9.249973464539428242e+05
4.492456271402027924e+05
1.565313222194868606e+06
7.217176523128626286e+04
4.206321338100783760e+05
4.279302078932632576e+05
2.478510095044996415e+05
2.517447129835842061e+05
9.803130743586162862e+04
9.489176904912288301e+05
2.276447094117671717e+06
2.048146866250216844e+05
1.352085335610380163e+06
2.109921534950971603e+06
1.140149973675769434e+05
3.012763451698348945e+04
7.285331516391849145e+05
5.048676765498644090e+05
4.125904500003547291e+05
3.887479971141349524e+05
1.064108627706998523e+05
6.224455697966488078e+05
1.393191775378263847e+05
8.557762340828708839e+05
5.908805604467417579e+05
1.090730635663619032e+05
4.059556824274794781e+05
3.714014299987337436e+05
1.383435827394207940e+06
1.083981839874889469e+06
3.919645474257655442e+05
9.331606128214553464e+05
3.941890079103425960e+05
3.516525009636455681e+06
8.060757273274706677e+05
1.160020268828632252e+05
4.958704749164727400e+05
3.715544620049195946e+05
9.596839743070633849e+05
1.478429255480507272e+05
9.513920968558450113e+04
1.739239193386294573e+04
4.527678215214781812e+05
2.273766430083627347e+05
1.383987085509293247e+05
2.794722899441688322e+06
2.639790561740197591e+05
3.218493682057179394e+05
5.760831227306594374e+05
3.889206706444059382e+05
4.171468844059933908e+06
1.711428578004557639e+05
8.511975054281605480e+03
9.331685701942816377e+04
2.728075605732475524e+05
4.360384561898933025e+05
2.079729451233676518e+05
7.461782835230676574e+04
4.099588421540813288e+05
8.980317294183111517e+04
3.552651692901336937e+05
3.985691127824767318e+04
1.696117919272186118e+05
5.606293486599269090e+05
1.146050076495957910e+05
8.760174111074557528e+06
2.309080128512096780e+04
1.795731102726602985e+05
8.404973934610752622e+04
1.619118058758581523e+06
1.037134463986921939e+06
1.277996188055625185e+06
2.129997680073659285e+05
1.456024292013866652e+05
2.089152315207688953e+05
2.915082197299028630e+05
4.300614002411613474e+05
7.332589315873326268e+04
1.173033267349201051e+05
2.169921543172211095e+05
4.830811038632728159e+05
5.118536998656626674e+05
3.011402663120389450e+06
1.514936848644075217e+05
1.283024633993694792e+06
1.775486828357899794e+06
5.798848088498006109e+05
3.153514331045624567e+05
1.757621046033806633e+06
4.770028610410219408e+05
4.368002989846578566e+04
4.036940358891475014e+06
7.858619357120927889e+05
4.371374997324810829e+05
2.068920866437052027e+05
4.510343631812997628e+05
5.309186762763612205e+05
2.143986786149378459e+05
1.248683304716186394e+05
8.656604844330924971e+04
4.742939648641464300e+05
1.401395303155762376e+05
6.642544180244373274e+04
8.840420486167745548e+04
9.763702889353697537e+04
1.127605441857946338e+06
4.914782518296744820e+04
4.495461218737495365e+05
2.404743657509120181e+06
7.509807630262314342e+04
2.299110081922549871e+05
3.708661416129377903e+05
3.507144466416792711e+05
8.699536993038094370e+05
2.900526498675131588e+05
1.731133400822010881e+05
8.303202909161298303e+05
1.438832587044467618e+04
1.396207120886659250e+06
1.131582682289225777e+05
1.160884278711520601e+06
3.023933454676772817e+05
1.878921268211129063e+05
9.913077654759855068e+04
2.262647639481743390e+05
2.706983066545558162e+06
5.696485179658728885e+04
8.271079635948770447e+05
2.869812811839214992e+06
5.420619290906964306e+04
5.795631910775541328e+05
7.231635751794602256e+05
5.701327099034717539e+05
3.051344295207468094e+05
7.567368590742554516e+05
4.272492758740844874e+04
7.612755978283916193e+04
9.402746017283198307e+04
9.000590765592814423e+05
7.181650666390343104e+05
1.112511524468364805e+05
2.771831285897416528e+06
6.405338269637001213e+05
1.879249030558652303e+05
1.823585860691102571e+05
3.569537874060639879e+05
9.617534259266136214e+05
1.544500912236417062e+05
3.400557886840454303e+06
2.988618541924729016e+03
2.889224751715883031e+05
1.321192418527212692e+06
3.160116331012991723e+05
3.527518192041482544e+05
1.470951771743556019e+06
1.767645976630827936e+05
3.274394842027411214e+05
1.155009687111521198e+05
2.099395117498303880e+05
2.799949936790232459e+04
1.088054016679408262e+06
4.739763251188597060e+05
6.553553801346387481e+05
6.594888283048139419e+05
1.167148720274945721e+06
5.101290610285561415e+05
1.799146478058294859e+06
2.252756798709134455e+05
3.703626586734807934e+05
4.262423711730143987e+05
1.942869705295729218e+05
3.013158703020481043e+05
7.487092754034078680e+05
3.573765506435267744e+05
3.353412935840899008e+05
7.294779782071516383e+05
3.271272157304467983e+05
1.318613044067505514e+06
2.135184754107113404e+05
1.090826561619834101e+05
5.770191089831962017e+04
7.769910316520843189e+05
1.090299631932200136e+05
3.658029247860185569e+05
1.322532645566786872e+06
4.045427168784143287e+05
6.018836185105990153e+05
5.093371241031966638e+05
3.138663859044282697e+06
9.900294302308144688e+04
2.833787901215028833e+05
9.094313865378694609e+05
7.068849225238864892e+04
7.174133304162339773e+05
4.106761980482244981e+05
1.707989707570435130e+05
1.956898926767267752e+06
3.144118759533285629e+05
3.772816720894901082e+05
5.615043831338289601e+04
3.698630921912257327e+05
4.838729551664719475e+05
5.846866072478974093e+04
3.026435052826276515e+05
2.143624527645980706e+05
3.214255204010828165e+05
1.802458098929070111e+05
1.971224885265633056e+05
6.246007791572210845e+05
2.735416995982297231e+05
8.756685717432379897e+04
8.243115281974552199e+05
3.148753963707439834e+05
2.758024464166453690e+05
8.204764418825455941e+05
1.182318314743431692e+05
1.546744432702040300e+06
5.572678703112393850e+04
1.636546778048651293e+06
5.781650025821460440e+04
8.421950870200661302e+04
6.121503646826921031e+05
5.926153242163687537e+04
7.957551740993408021e+05
5.614653595324469643e+04
3.080532766476306715e+05
3.324245280807970557e+05
1.152676125849854434e+06
3.350921686282232986e+05
5.756294152075310558e+04
3.458521069797377568e+05
4.764703410270916065e+05
1.083838124161826679e+06
1.555750091182205688e+04
2.679880290709744208e+06
4.364389253949131817e+05
3.672418330561758485e+05
4.570639411864636349e+05
2.063899891650088830e+05
1.156840270967300516e+06
1.424250165053102653e+06
9.966487148977737525e+04
3.245592078278852860e+05
1.197707795510583790e+06
4.736021226640075329e+05
1.786006421849416220e+05
3.903107390261905384e+05
1.738146054123555077e+05
4.968356735097905621e+05
1.595313039007640618e+05
7.553439290348798968e+05
5.899702183089846512e+05
2.018485424740532180e+05
9.033781437787803588e+04
3.297138880964592681e+05
6.487151323047378537e+04
5.956842829534402117e+05
2.762600450263122912e+05
5.800864740995231550e+05
1.411121589054217911e+05
1.078780986560449004e+06
2.815730218507544487e+05
3.007384640846961411e+05
1.200679780648850603e+06
2.686083571727950475e+05
1.101141902254688321e+06
2.025589328910593758e+04
3.770981905858632526e+05
2.684271263137676287e+05
3.083214893372703809e+05
3.450983536610942683e+05
1.884471966078326339e+06
7.986356752347158035e+05
2.574336143547200772e+05
5.545422337182800984e+05
1.127276943736325018e+06
3.249266251455947640e+05
9.653592917189610889e+05
8.100141902382601984e+05
3.212062767962604412e+05
1.409338041563580337e+05
3.913763355755071825e+04
2.709262839780763723e+06
3.421631950525271241e+05
1.453689596798132407e+06
3.276696761816969956e+05
7.496930798144966830e+05
6.799764827637639828e+05
1.755182520588429470e+05
1.057734562588140834e+05
3.306320268898028880e+05
3.794006128473330173e+05
1.448476391819503042e+05
9.437794847286923323e+04
2.769791921589655103e+05
1.031328131091109681e+05
1.629478610500411596e+05
9.814850397173725069e+05
1.403042123235641338e+05
3.184932745623349329e+05
5.472788507387117716e+05
6.313107825609919382e+04
3.157268824866390205e+05
9.848439225262872060e+04
1.202842657736825786e+05
2.115094157962441910e+06
6.631601502578228246e+04
2.563214144140841745e+04
1.827157524784811540e+05
6.766503439038420329e+05
5.635133167407267028e+05
1.922263762614081497e+05
1.150726367229694268e+06
6.817716588834571885e+05
3.698621341566342162e+05
3.118803654969789786e+05
3.648882395063755685e+05
5.901173323283342179e+05
5.786002141098999418e+05
4.155114020982288639e+05
9.553539100059404154e+04
7.167222519656225631e+04
1.283162191597312049e+05
1.218573973826653557e+06
6.138923639641029295e+05
6.442891733373849420e+05
1.722298674349652836e+06
8.339956048401886364e+05
3.019514136206664843e+05
4.884398773492470355e+04
4.081730320337259909e+05
1.534277272170949494e+06
3.757226023981059552e+05
1.584307057121899445e+06
4.295052317493582959e+05
4.293461004667702364e+05
2.664583137872779625e+05
1.238299645402706694e+06
1.382003644918717328e+05
1.969010133079899475e+06
5.806009685728872428e+05
1.116622879873760103e+05
3.425006565397195518e+05
1.744972257812093245e+06
5.186449986213377997e+04
1.972829543706037803e+05
2.361546374184574815e+05
3.138148845292311307e+04
1.019397138955448754e+06
1.258355033345682168e+05
5.490493451632416109e+05
7.333874788755868794e+05
2.577242821972458623e+05
2.977285155759599293e+05
1.129901068412715103e+06
4.469150943029119517e+05
6.764341174429773819e+05
7.011947358253304847e+05
3.493828287620707997e+05
7.937383393633491360e+05
6.270946360540594906e+05
8.347774256878885208e+05
1.257394830587609322e+05
2.655052707377299666e+05
9.916773221247170586e+05
2.170698676938272547e+06
7.397139524307710417e+03
8.553401271273356397e+05
2.192945665013342805e+05
4.288246599713213509e+05
3.150983006767137558e+05
4.423677267137001618e+05
6.719766416176789207e+05
4.741962598552116542e+05
1.484250095708335575e+05
2.128982453934080258e+05
1.354496843195152760e+05
3.138665585525783245e+06
1.899467000499391230e+06
3.851966029609910038e+04
7.824574969099796726e+04
7.721589350886759348e+05
4.900026207155400189e+05
9.581075832200339064e+05
1.170079450593456393e+06
4.564133248520635534e+05
2.737490264996448997e+06
7.025971157113902736e+05
3.765071784812156111e+05
2.127433302456993260e+05
8.617741742725564400e+05
7.457954006755469891e+04
3.559255359549366985e+05
9.998190726555608853e+04
1.045580018680710637e+05
1.508448505385564349e+05
9.748358531794643204e+04
2.322449164498236205e+05
3.293769784778071335e+05
2.013068465342232666e+05
1.606222984598572657e+05
4.899465319161852676e+04
8.179477046676119789e+05
9.396538875865939190e+03
8.807890700189463678e+04
2.394023538063856540e+05
3.105684629465535400e+05
7.580640555335307727e+05
2.131606238710074977e+05
2.375282416786261019e+05
4.184184261205113726e+05
5.655745718035006430e+05
8.840219313273589069e+04
3.971699039640139672e+05
1.018594518083065515e+06
8.325954916651805397e+05
2.648976571445367881e+05
5.671750091129757930e+05
1.025317228995515499e+06
1.749120241640919412e+05
6.759594556924159406e+05
1.349586985491984524e+06
3.208557564535082784e+05
4.922245708458519657e+05
1.937963914776884776e+05
2.916453815836675494e+04
6.252334132092484506e+05
1.251015505564553430e+06
3.184663171910825258e+04
2.313950375852262368e+05
8.531088766871003900e+05
1.058220467645154567e+06
3.309077593098975485e+05
6.882466821550979512e+04
1.955085210143822944e+06
3.049655788107637782e+06
4.382582704922359699e+04
7.620683643438178115e+05
2.472124928044349872e+04
5.186142032712237560e+05
5.501429410986504081e+04
9.727806248923078238e+04
3.386227789711313380e+04
3.491912640736511094e+05
9.983384180822949857e+05
2.134546313944551803e+05
2.538937249064834323e+05
2.789612819199497462e+05
1.229481282731093670e+05
2.258337566144726297e+05
2.834615245218736236e+05
2.373766668476883322e+06
1.140883488267961802e+05
9.890406655950541608e+05
7.268714406152910669e+04
7.121084711019224487e+05
1.296781314333357383e+06
4.277494790216558031e+05
6.161124786552466685e+05
4.003822344589457498e+04
1.295219074779481627e+06
2.211541616872753657e+05
2.324684922281662875e+05
6.138370644630444440e+04
1.858825438495059643e+04
2.149457557385889348e+06
4.615223987435485469e+04
6.282051446711190511e+05
3.441316904256663402e+05
8.675776802198949736e+04
2.828810751241784146e+03
7.287736715114563704e+05
4.506077875130937900e+05
7.986776651708465943e+04
4.736168948870218010e+05
4.509882518495956319e+05
1.324117739103083732e+05
8.502366295255321311e+05
8.973472930166241713e+05
3.018134383659652667e+05
2.040975906260802876e+05
1.855188919138255005e+05
5.918016160208963556e+05
7.599363643187986454e+05
9.841143916817929130e+05
1.189365934006388532e+06
1.285387720761643141e+05
6.184594060075480957e+05
4.868915572241405025e+05
8.030290475577507168e+05
9.410508571211728267e+05
4.869861833346075146e+05
2.100197882993951440e+06
8.042690427034124732e+05
9.794302091521676630e+05
1.545568680163194076e+05
7.205429511480914662e+05
3.983353974552304717e+05
1.766370531260835705e+05
2.939428634924602375e+04
8.815112736996533349e+05
2.559544369825228059e+05
1.071093085336944088e+06
2.047888682709305082e+06
7.075391303527383134e+05
1.257660627222519688e+05
1.945304308834150434e+05
3.506608727912398172e+05
2.295980185890295543e+05
7.352207301078630553e+04
4.441242075084155658e+04
1.462607947115345742e+05
5.247153206367462408e+05
3.934403469529891154e+05
1.900434017685506551e+05
2.633661487455234164e+05
2.500709445390988141e+06
3.565377503362380085e+05
5.257456341762333177e+05
2.837018183544017957e+05
7.171263257320227567e+05
4.516876428702282719e+05
2.964639450763472123e+05
2.386645313609824807e+05
1.186169639454582008e+06
6.614495756644645007e+05
5.823777175958245061e+05
4.064647858372172341e+05
9.653825520267412066e+05
7.644365415167792526e+04
2.295373377480274998e+06
2.783827117765821051e+06
3.520514393701466033e+05
1.377980091208304220e+05
6.235477135078171268e+05
1.095128406716545345e+06
1.091600450487788534e+06
2.096434543927103514e+05
1.522738837220688583e+06
1.592236132527840789e+06
1.116060739237407543e+05
5.403911007236505393e+05
1.087150950655084103e+06
2.054982450752891891e+05
8.190151229829991935e+05
4.110794068642702186e+05
2.637866593136318261e+05
2.175244392064924468e+05
2.179187724656224309e+05
3.429013980707828305e+05
1.000513413069750241e+05
7.054452642986275256e+06
7.222527284805036616e+05
5.509043566911292874e+04
6.548231204864068422e+05
2.927637807934801094e+05
4.186121188653244171e+05
4.905787130292603979e+05
5.925747726472816430e+05
1.484456705137159151e+05
4.120667650124304346e+05
5.272105455294135027e+05
2.045297122604669712e+05
4.272350187171392463e+04
3.800301964616018231e+05
1.608539603076835920e+05
1.281131998674496572e+04
3.495603872590458195e+04
3.080443585491382692e+04
1.731423176931071095e+06
1.766979670406343066e+05
2.992271595520304050e+06
2.250662737928110873e+05
3.599325753800483653e+05
9.969620659178872302e+04
4.065621793674156652e+04
3.158238297288731701e+04
1.013929114549593884e+06
4.169568768575384165e+05
2.280172127506173681e+06
6.525453783070386853e+05
1.397325570144366648e+05
1.748640078819976479e+05
3.764286134277963720e+04
3.428548152682868764e+06
2.395051978923126590e+06
3.114892682792712003e+05
6.682632493002256379e+05
3.108752463435186655e+04
4.555664287810694077e+04
3.355268760984363034e+05
3.257150938740340061e+05
6.558896976306909346e+04
1.952385862259983842e+05
1.286856666899894917e+05
9.441665388872423500e+04
4.210627845568921184e+05
7.387843265666459047e+04
1.483065861873659305e+05
5.198510282265845308e+04
9.336589205007874989e+04
6.211894165020078071e+04
4.510914264233290218e+06
4.889450277614631341e+05
2.042945483847157448e+05
2.358318295907066495e+05
6.947868087983455916e+04
4.030976777984466171e+05
6.319210514927613549e+05
9.402375956904630875e+05
3.528320230167727568e+05
7.142652274584834231e+05
3.874675207223189645e+05
2.084755865743940521e+05
3.842813148390388233e+05
6.456328349703926360e+05
1.352327590072561288e+06
1.090838596542208979e+05
1.313270596445185598e+06
8.759532168669921812e+05
3.040573565977707040e+05
3.764224522188302944e+05
1.542594946973764163e+05
3.550339928711106186e+05
7.112510974418869009e+05
8.920574744070239831e+05
3.073230616914493963e+06
5.161780155770415877e+04
4.425885914869571570e+05
1.443147993722211104e+06
3.007291683287780616e+05
1.052001145431899931e+05
4.179536884652526933e+05
4.070731011518260348e+05
7.849927278821505024e+04
1.109632417383627500e+06
1.774729444375767373e+06
1.721988450791118667e+05
1.023613950782725122e+06
7.207850330703833606e+05
1.049892101112414966e+05
1.074139335386875784e+06
6.670158675811566645e+05
6.100751792798388487e+04
1.657541181031737360e+05
2.353031345336456317e+06
4.206446731979107717e+05
7.327636059687553206e+05
1.844202280022742925e+05
1.199846248734552180e+06
4.175394078063201159e+05
1.324343521655165241e+05
2.624122855302409735e+05
3.374347963158887578e+05
3.555616439192617545e+05
4.292341772060403600e+05
1.508662811826420017e+06
1.195708647146084346e+06
3.592005131478272378e+05
3.707602714837853564e+05
5.628742232194464887e+05
9.080111410761376610e+05
3.439948859422935639e+05
4.850658975404931116e+05
4.652224591898703366e+05
2.086734097068991105e+05
2.042656527848161350e+05
1.334747200472577708e+06
2.675936732562371253e+04
1.484941350637969445e+05
1.302004165404114465e+05
7.267496754390369169e+05
4.062582898198607145e+05
3.338259359931870131e+05
4.086178255311212270e+05
9.833846493390516844e+05
4.430341392526970594e+05
2.090171676042705367e+05
5.215348477256345213e+05
5.861544800153342076e+05
1.232502404169922083e+05
1.410625512506403727e+06
9.141278730696580606e+05
1.362861251325504389e+06
5.753537529274420813e+05
4.166160537909853156e+05
4.896272653374007787e+05
2.000193752273332502e+05
6.831508872252566507e+05
2.118693749251817935e+05
5.479621144831755664e+05
1.870676055941620842e+06
1.291632252621572465e+06
1.464014914614804788e+06
8.176878378330279374e+05
3.030758701936287689e+05
1.613787250784941716e+06
4.212458291065289523e+05
1.213747554218073143e+06
6.680367487298718188e+05
8.478008448106073774e+05
1.294558372777619370e+05
1.266611673018417787e+06
1.034272882342566736e+05
7.571256273962437408e+05
5.434896525147203356e+05
1.307914255684573873e+05
3.125132867362026591e+05
4.260603436811750289e+05
4.307971825801260420e+05
1.251840064774086786e+05
1.328076465853771195e+06
2.260988313786882791e+05
8.347819704245496541e+04
1.448785527319445682e+05
3.135736396599711152e+05
2.565717266670749523e+05
1.600310939390933374e+06
3.992958693589015456e+04
1.873487701160573633e+06
2.214407377807321900e+05
9.797207316018989077e+05
8.480346502914616140e+05
2.583869308236723300e+06
3.429599397097055335e+05
1.034283381788722472e+05
1.142668356279263244e+05
3.439568769289996126e+05
5.936176957307603443e+05
2.096512951721249265e+05
2.173790698444966110e+05
1.155280811269330588e+05
2.682034536636836710e+05
1.631062244341903424e+05
2.667310451827726793e+05
2.933449699926394969e+06
1.530180979918941448e+05
1.447347231516711181e+05
6.711346716235257918e+04
3.351719154045844451e+06
7.480624078494358400e+04
5.913928285771338269e+05
7.578979740731391357e+05
2.342575008759995108e+05
1.932983589919185324e+05
1.188134300200241123e+05
1.351293470636056736e+06
2.988794801353294170e+05
8.206421664064579818e+04
1.311254033384860260e+06
2.187020871669239132e+05
8.471616375564191549e+04
2.785001945837239327e+04
4.257777515723201213e+05
6.926596094407204073e+05
2.070416311896697734e+05
7.424673456442111637e+05
1.497325993869257858e+06
1.725903804522067367e+05
9.378260318502481095e+05
3.775242069970052107e+05
4.703470690179760568e+05
3.659661997699175845e+04
1.681487665970872040e+05
1.131977477393057488e+05
3.110568586100041866e+06
1.011175248459521797e+06
1.475380526387040270e+06
3.299747818966890918e+05
1.805175025495429873e+05
1.356122451688628062e+05
1.665851545079459902e+05
2.240600802509996109e+06
6.778947702851641225e+05
1.990740556131756864e+06
1.329522086964196351e+05
3.793361393392571481e+05
6.211280777743406361e+05
3.973044812382622331e+04
1.373686897135527688e+05
1.342859149146988289e+06
1.498944272578465519e+06
2.899113870153957978e+05
2.477066944854978356e+05
3.822224027144837659e+06
6.854378925038523739e+05
2.128151997975765844e+05
2.874764915348652750e+06
6.190612355100654531e+05
1.412801115017101401e+05
1.027270806225312408e+06
2.196500766562721401e+05
7.128396110876425519e+04
2.140896260487936670e+05
3.169642596590250614e+05
1.552582251464876346e+06
6.489185377351584611e+04
3.564549873277791194e+05
2.337975164321416523e+05
3.601740178360260325e+05
4.607609185604720260e+05
7.225550904846325284e+04
1.814946767902665306e+06
1.591970299931030313e+05
1.806819865426151082e+06
6.912711755665062228e+05
2.242275200122104725e+05
6.401563430016274797e+05
1.220564851694446843e+05
4.502101976645079558e+05
1.237704942718931707e+05
2.007683008987086941e+05
3.797764212444513105e+05
2.875639584619380184e+05
4.936920804943989497e+05
4.659445281215725699e+05
1.210013736979082460e+05
6.754132031159180769e+03
3.008336623347851564e+05
1.184613651573441020e+05
4.559758183715568739e+05
4.567326572704758728e+05
5.900555588387452299e+05
2.336003022329988889e+05
2.813920115916058421e+05
1.246123457530966494e+06
5.722784602654420451e+04
1.572936988426435739e+06
4.977251935182779562e+05
4.593741562127567013e+05
9.749034320661445963e+04
1.385548843893861165e+06
2.847893801089493209e+05
7.016674940693322569e+05
2.791644644486017642e+05
6.419746610541546252e+05
2.475440923783709586e+05
1.396490475165762182e+05
1.869131556840598641e+05
7.085001505057172617e+05
8.612488134156423621e+05
3.635830091386159183e+05
9.320791978915130021e+05
2.185930394628928043e+05
7.046637836941615678e+05
2.872056640165869147e+06
1.244165784785908414e+06
1.193085896766819293e+06
1.025605242354008224e+05
3.218527007988598198e+05
5.633853945966062383e+03
9.151557959167250665e+05
6.151031794430291047e+05
4.459921737004722818e+05
8.912464103715849342e+05
2.398093578617116145e+05
5.398481794817495393e+05
3.109796796734107775e+05
2.357753812830073002e+05
6.802731968556314241e+05
1.025425944005396013e+05
1.517226514940386405e+06
1.109850880903214274e+05
7.265640958039411635e+04
9.846097307709428715e+05
8.276751437858492136e+05
9.832136644704225182e+04
4.255920618460999103e+05
1.253752581454909377e+05
4.434731711796674062e+04
5.313064194773552008e+05
2.229286613584998704e+05
3.089921553952128743e+05
7.225437322662569386e+03
2.073383027639586478e+06
6.787058570036171295e+04
2.032982782485057833e+05
3.066755634044900653e+05
1.018684785048854304e+06
3.842636435178555257e+04
4.854086315658115200e+05
3.446985101412040967e+04
3.048516833679468255e+05
1.791957072395518189e+05
7.039800149807858979e+05
3.569514647769677103e+05
5.854385036446695449e+05
3.741676030600412050e+05
6.691733780908572953e+05
4.099262164708206546e+05
1.862195676157151174e+05
1.819190110340575338e+05
1.899326913604624278e+05
6.100895148408770328e+05
9.806209883467823965e+04
3.228757182754679234e+05
2.602610623829021351e+05
2.137767189465716074e+05
1.383451841366649896e+05
1.025800055439136049e+05
5.532802296281233430e+05
4.361490120630554156e+05
4.468440526456282241e+05
2.449179034734255634e+06
2.102885944383943861e+05
3.431068340086241951e+05
7.866967154986402020e+05
3.072342332943250076e+05
8.810863307032024022e+04
6.608453489417887758e+05
3.549743841468702158e+04
1.682124453324556234e+05
2.282025905898164201e+05
2.147932039199021820e+05
3.059980186801340897e+05
7.781394062495591352e+05
8.550841602041724836e+05
2.429579622570099891e+05
1.493626077069698833e+06
2.223151633878824650e+05
7.349330855684485869e+04
1.701122617682274897e+06
6.456136262206106912e+05
1.619990161626357352e+06
9.446590981190601597e+05
8.219085597360600950e+05
3.251222480202859733e+05
5.666702023033109494e+06
3.258126686937616323e+05
3.098614889893279760e+05
6.771570315269939601e+05
1.056567087427541446e+04
1.428567688792854315e+05
1.089999417945439491e+05
3.770227234648025478e+05
2.455552002884989197e+05
4.010282190132595715e+05
3.185252166834002492e+04
7.393133636041678255e+05
6.479175583221214038e+04
1.559621254019609187e+05
1.985957892901787069e+06
9.938792124098179920e+04
9.224844802327541402e+04
3.896756475310266978e+04
1.428400107957703876e+05
1.034715285011532978e+05
2.304267124003564822e+05
6.027809672165040683e+04
6.042210916181372013e+05
6.188726419777672272e+05
8.092607315353147897e+03
6.305290727771790698e+05
8.742313518904874800e+05
2.120170704837030207e+05
1.521299714502280578e+06
1.987339726977756654e+05
3.850116868836573558e+05
4.243255495787533000e+05
1.594905832170081267e+05
5.829840576059229352e+04
3.817400456172944978e+05
3.036555329614974908e+05
4.663688553066888708e+05
5.969629964617426594e+04
1.808281220607571304e+05
2.311254849414505879e+05
1.092180057702806662e+05
7.876251530075570336e+05
2.850650801287994254e+06
1.140056634150068130e+05
8.379518944842363999e+04
1.337789455600615183e+05
1.043807955982289044e+06
1.321890713742330903e+06
2.120532519111783186e+05
3.195535513962511905e+05
9.641739111972854880e+04
3.542656054430514341e+05
8.131764272608611500e+05
2.656087861874604714e+05
1.776138911692574329e+05
2.797355979426611448e+05
1.854874140122261306e+05
8.660155955803249963e+05
4.671790011579300044e+05
1.908118096916322538e+05
1.067755909641787875e+05
2.898834510460740421e+05
6.175498221348847728e+05
5.882079847826834302e+05
4.839277922264286317e+05
1.795763467937565583e+05
8.693052954743594164e+05
6.630265995865918230e+05
3.425464156169906346e+04
8.430103411512844032e+05
7.882286105130955111e+05
3.755269453143105493e+05
3.070187974911456695e+04
1.714762256844719406e+06
4.643829911726652790e+04
1.138296292492136563e+05
2.397439061114114011e+05
1.557646228319643531e+06
1.014617666796570993e+05
1.115558132113406435e+06
1.277439777708223322e+06
2.662566491048556636e+05
5.757429357936155429e+04
5.243681449940057792e+04
1.169707629819086724e+05
5.263212388981344411e+05
1.877203254525686381e+06
2.694269473797436804e+05
3.252036742662881152e+05
4.728600593432823371e+04
2.894961462222883711e+05
2.721581958011256065e+05
4.341178499138535117e+05
2.675776101885990938e+05
4.637388297620219528e+05
1.119539739242713549e+05
4.861931835147908714e+04
7.554722063005780801e+05
6.429126550232804148e+05
2.667214208933807909e+06
2.534558971287088469e+06
8.050203021912447875e+05
1.142688656179889338e+06
1.112319643133758334e+06
7.725787942569586448e+04
1.995407543111272971e+05
3.893185042628615629e+05
8.177138697475390509e+05
6.786037190191011177e+04
3.320505272940548020e+05
1.280770344429077115e+06
4.073214309146711021e+05
1.482125380340570991e+05
9.302658014044756419e+04
2.761695589731259970e+05
2.633909519351385534e+05
5.876738245208068838e+04
1.080637293626399332e+05
3.879095249775410775e+04
4.542108671364620677e+05
3.728716397200178471e+05
8.133512628999193839e+04
1.673567335459499387e+06
5.490087953119203448e+05
1.524962278882888786e+05
8.491146251244797604e+05
9.078048948896859074e+05
1.228049504448483494e+05
6.523858956959181232e+05
9.933914805439598858e+05
5.693279629884684691e+05
1.526382725459805690e+06
3.895381135652295197e+05
6.198445277289916703e+04
6.948096475751947146e+05
2.523575441344097722e+06
6.192314305095509626e+05
1.102819235414541559e+06
4.600482840453767858e+04
1.632600122705907328e+06
6.881449759822896158e+04
7.897911317746024579e+05
6.404867696058579022e+05
9.400429217598345713e+04
2.521918037319489813e+05
2.473737402171401482e+05
9.386815488705891185e+05
1.034540560879413388e+06
1.184908071966652642e+05
1.220063859285935527e+06
2.075812963159872452e+05
1.223144485624995781e+06
3.574985691940318211e+05
2.617642104181998729e+04
7.132139537729038857e+05
8.588374003968350589e+05
3.240092759206076735e+05
7.757652483320817737e+03
1.247650131523726886e+05
1.399696399601284065e+05
6.811383061529078986e+05
3.537356718010150507e+04
2.516363327114227577e+05
4.836875556816990866e+04
2.087110151315927214e+05
3.886147424436026486e+05
1.952699194347633515e+06
6.168019777489543048e+04
1.415619699255514890e+06
1.815200539840549754e+05
4.010698288288139156e+04
5.850593276032895083e+05
1.706787308903692465e+05
4.444284630364438053e+05
2.635389129479686380e+04
3.402766981595772668e+05
4.252457453834922489e+04
4.413395521252004546e+05
8.262017178805785079e+04
1.018427179293855079e+04
7.752007426375699288e+04
1.503509726612372324e+05
9.927841866264505079e+05
3.835383482020230149e+05
1.423608331464010756e+06
2.023160166066376260e+05
6.838152473022269260e+04
5.194504361355906003e+05
3.750479260666850023e+05
2.061078285189746821e+05
3.010551767698514741e+05
4.746454145368844183e+04
2.218085325331798755e+06
4.505905024088303908e+05
5.088322081885882653e+04
9.451223180400293495e+04
1.239976678336273908e+05
2.388317502007513831e+05
1.427038704843691317e+06
7.786838968676298391e+05
2.348231800617837871e+05
2.759767579931811197e+05
1.684674493911552941e+06
6.443607419675766723e+05
1.614004315551190521e+05
5.764845318583402550e+05
2.542444010476862604e+05
2.078655605320313771e+05
2.599372974289518315e+05
2.797038373644435196e+05
4.246142210913629970e+04
4.526411161635001772e+05
4.107815882273240131e+05
8.982227095813758206e+05
1.983959004196693131e+05
8.526717309094453231e+05
2.611200860645102512e+05
8.227072579146322096e+04
3.986994564947446925e+05
4.373224974946827278e+05
1.195485766276450886e+05
2.754700022829846712e+05
3.689177620509097469e+05
4.737090824241192313e+05
6.658097660422050394e+05
1.259393058183446992e+05
2.735011878514589043e+05
2.805341888525594841e+05
1.435559604980145814e+05
6.109604265865716152e+05
2.629164209682751447e+06
4.734171163563284208e+05
2.642359418747399468e+05
3.931511119271158532e+04
3.416129118431188981e+05
3.557420149340833304e+05
6.624825350054400042e+05
5.114749667084616958e+05
9.383302615028746368e+04
9.293973881838723901e+04
3.593531562428334146e+05
1.176795130087842466e+06
5.659408329107751139e+06
5.695401213227475528e+05
1.765479703568137775e+05
1.195867283518491313e+05
1.160281720791058033e+05
9.834163321635567991e+04
5.063373931085167569e+05
5.880292277011852711e+05
5.913315175265151775e+05
4.282877713947012671e+05
7.384066214533047751e+05
2.286690150538863963e+05
1.857246713930204860e+05
2.070740566472305218e+05
1.186276855596767506e+06
1.045593610425292864e+05
2.234389469906809973e+04
1.554145603993656405e+05
5.858991022764341906e+05
1.519104374722493347e+06
1.711834347387267509e+06
2.743855311629172065e+05
4.125865355427110917e+05
8.928978926218904962e+04
3.197736219646766549e+05
9.733268449675678276e+05
3.787746212766542885e+04
9.115676846402693773e+05
4.626479815867525031e+04
5.540545756312937010e+05
1.866242202685344382e+05
1.729170999317821115e+05
2.004312222657015373e+05
3.284769610568079515e+05
4.056609303347602254e+05
1.504124806576931616e+06
1.274479015028809954e+05
1.294049364539286034e+04
1.635101256413420197e+05
1.175654660280139797e+05
3.743585034921516781e+05
2.715660285076693981e+05
2.741213728302826057e+05
1.021563783812326437e+05
5.496144006170327775e+05
8.438695016829893575e+04
4.874249491602833732e+05
2.321827341823406459e+05
2.218679635802730918e+05
1.116822360073421616e+06
8.620648377900570631e+04
6.135970746185564349e+04
3.025382708455163520e+05
1.250095801831298508e+06
9.202949682984031097e+04
6.361236384581926977e+05
4.962990583701370051e+05
2.812618394305689435e+04
4.093603900812987558e+04
1.608241419152387243e+04
2.006844981010118034e+06
2.860707517806123360e+05
3.447591990260997554e+05
3.569378269610932875e+03
8.679967757893552771e+05
1.523064552641238552e+06
6.544994582050822646e+04
1.793658122384215676e+04
2.231694103607562138e+05
2.957734370656674146e+05
8.247058325299688149e+05
1.251574864536663750e+06
5.747940524952810956e+05
2.041198399298652541e+06
1.123063524621117904e+04
2.668530170047952197e+04
5.494612680520873255e+04
7.142368079129612306e+05
1.078354588215747150e+06
1.693029207086464157e+05
9.347694594302978658e+04
7.255477920338517288e+05
4.738621354736799258e+05
4.255625450553576811e+05
6.003326391787321772e+05
4.131420497297106194e+05
5.342613814778897213e+05
5.751904758127708919e+05
5.596232679294005502e+05
3.408261974353324040e+05
8.808884695924313273e+05
2.704991223431348335e+05
2.488809290763010213e+05
3.798134155237360857e+06
2.219534573722391797e+05
1.577727119557087426e+05
6.526651614920897555e+04
5.203241455105744535e+04
9.834025228819105541e+05
5.802847688754581759e+04
1.599566905989531078e+05
8.052331891831137182e+04
1.800969934220243595e+05
3.665281597422633786e+05
7.819204782049177447e+05
1.442501796221442346e+05
8.194682106216053944e+05
7.785157463663040835e+04
2.872423700844699633e+05
6.463944228050338570e+05
2.667203045126423822e+05
1.303302501110396581e+06
1.672391210809831100e+05
3.966814015165800229e+05
4.021229576348363189e+05
4.843982204115225613e+04
1.444976744241008710e+05
6.338689058548383182e+05
7.632655289673757215e+04
5.068459400070961565e+05
1.065172321303273784e+06
2.224067625285357935e+05
1.787131328998734243e+05
2.367268571611716470e+05
7.923737911124357488e+05
5.226441980694080121e+05
5.404554786750689382e+05
7.872852076736030867e+05
5.687739844534142176e+05
4.142701615131436265e+05
1.416337112510438310e+05
3.365827538224385935e+05
1.705021272303954465e+05
2.980504550139721832e+05
7.084219304382237897e+04
2.493295945901519735e+05
1.910739238160836976e+06
3.404672663613508485e+04
1.205921137964456866e+05
4.242668416262901155e+04
1.899863095653160475e+06
7.658089614871953381e+05
4.381181923990693176e+05
1.048136685120318900e+06
3.028221722874012630e+04
8.223319717250915710e+04
6.418449982251160691e+04
1.580591902036948886e+05
2.001953704729907215e+06
2.079987827466934395e+05
3.307976971510854550e+06
3.044635211690630531e+05
1.581489660790092603e+04
1.496881563134132419e+06
2.782307307020818116e+05
2.568409920955878042e+05
5.159821557890728582e+04
1.535757615095508227e+05
3.355599915869813412e+05
2.707583553799986839e+05
5.556720041789980605e+05
5.937777010324283765e+04
3.575685598250295152e+05
3.220037995640886948e+06
1.025127371962333273e+05
3.372928761375761824e+05
2.687071042634381447e+06
3.866915671004171600e+05
5.443485602913831826e+05
1.610885454152364982e+05
3.599040500402970065e+04
1.025271758580496418e+06
6.465719590482147178e+05
2.387559329006440021e+04
1.110869555233538849e+06
1.431124966191498796e+06
1.244660379773282912e+05
1.520354352175403910e+05
4.246105388686590013e+05
3.329683095272640232e+06
4.435858150392965035e+04
1.132044617024480976e+05
3.868163842442907480e+03
5.215193028042886872e+05
2.613875173422310327e+05
1.631249279377574858e+05
4.176891582196584786e+05
7.098578633878249675e+05
1.096059658681781584e+05
4.322010915834736079e+05
3.020985823045834433e+06
1.234484795995230961e+05
4.724277343343573011e+04
1.733570486045195139e+05
4.043125100489005854e+04
7.027531981618445134e+05
8.809013413305074209e+05
6.975246793592743052e+04
3.935828953480999917e+05
6.539743350387603277e+05
4.216445800994059391e+04
8.502189426775148604e+04
3.787191069045666372e+05
4.242834489206678118e+05
9.368209545482501853e+05
1.498145262745378073e+06
1.538429133834298002e+06
2.790582924191695638e+05
3.276907748691716697e+05
6.827197837096875301e+05
3.951576801880215498e+04
1.262237605242381396e+05
2.173683252460289805e+05
2.148699246830161195e+06
1.301769564117890259e+05
4.627833288635379286e+05
2.274220539484002511e+05
4.649849237963345513e+04
4.839942125812201411e+05
4.896998081567165209e+05
9.590453296151311952e+04
4.769106968685027095e+05
1.354053217866765626e+05
5.865746370518874610e+05
9.937262348982139956e+05
1.333775109251717804e+05
6.944562133808311773e+05
1.312332946215052507e+05
1.367635236118242028e+05
2.042232372088833654e+05
2.496376553469169885e+05
8.460610013006238732e+05
7.979388153650345048e+05
3.925976900724613806e+05
1.088404492214757920e+05
4.207697606318697945e+04
3.953890013568758150e+05
1.479924677556415088e+06
4.843231241246390273e+05
9.743155936375500460e+04
6.949493235110328533e+05
1.881071965001326287e+06
1.915582885942801367e+05
2.240015211772963812e+05
2.470526482377887878e+05
4.823397061968424532e+04
6.797434222685040731e+04
2.590267108385965694e+05
8.687600939027656568e+05
5.750461614540923620e+05
1.412143265219689580e+06
1.527531254833885178e+05
2.172352612969212714e+04
1.642877670409816201e+05
5.156511371689350926e+05
3.807311774076715228e+05
1.057099581791845958e+04
1.403193973418128444e+05
2.001914841735982918e+05
2.152653437847491296e+05
5.383822028169974219e+05
2.192775660042608506e+05
6.674692527003840951e+04
4.057579829880358651e+06
3.687110615913002403e+05
2.664305952229660470e+05
7.144409015359178884e+05
6.936470030737887137e+05
7.801126556932845851e+05
2.827170665704362327e+05
2.430318225579817372e+05
8.878403098749872879e+04
2.280602819933053979e+05
1.478652796542893047e+05
2.433986220766569022e+05
6.520073751540431986e+05
1.114429153873694158e+05
3.720882169167533284e+05
1.017216534812033060e+06
3.073844709331539343e+05
1.115779398094175151e+06
1.051402646572455997e+05
5.450608182190309162e+04
2.030017056098794856e+05
2.718365437986157849e+04
4.958095157407738734e+05
9.334731115047494541e+02
5.985523479886336718e+05
4.275039187185824267e+05
1.963019477207825694e+05
7.169821536241149297e+05
2.460437377522540279e+06
1.165284910251841211e+05
7.713393274808980059e+05
1.003781479848579387e+06
1.284091590317115770e+05
3.445049406328912009e+05
5.773982204841938801e+05
2.760962339848229894e+05
2.254503391400087159e+06
3.987831366081331507e+05
3.372041642343512271e+06
1.602868814105994825e+05
1.166386299389719061e+05
1.597345071412122925e+05
4.405537943263807683e+05
1.480037935512911063e+05
1.235074067562093551e+05
2.442702854596596677e+06
3.431333518449322437e+05
1.587669038528277888e+05
3.193788387216293486e+05
1.133051549372490117e+05
8.127841665613297373e+05
1.750902216390502173e+06
4.187762560384770040e+05
5.658767371030478971e+05
4.737104394857150037e+05
3.909376368588928017e+05
2.643688214436947601e+05
2.091160396467596584e+05
1.591016954528734823e+04
2.865214699930830975e+05
1.460100189864689717e+06
8.167957975617937336e+04
1.783193807590925717e+05
9.619162807357424754e+04
2.991694655962391407e+05
2.498835019281467248e+05
8.897880129240894166e+04
5.883320524576483876e+04
5.324346426720657619e+05
4.114470786488294834e+05
5.297551623019435210e+05
4.384719168583753053e+05
1.905798518720427528e+05
8.579470990778798005e+05
3.111010192663001362e+05
3.190297740807263646e+06
9.046741524864637759e+05
9.025780258606992720e+04
2.052810065978133585e+06
3.370168357150388765e+05
2.331452729005125875e+05
3.023840310385501361e+05
2.114635661333589815e+05
3.181716644745600643e+05
2.424707872729014343e+04
8.521526090184191708e+05
9.596204426532323123e+04
2.191328337399236392e+06
8.857277429981530877e+05
8.384394904545840109e+04
7.297182935232421733e+04
4.155358814926225459e+05
8.093375386085762875e+05
1.973643884651299741e+05
6.187598437767795986e+05
1.303694795460534049e+06
1.058385782944391714e+06
3.337634170068616513e+05
1.309059347334822174e+06
1.707239001459123392e+05
1.951109257559214166e+04
8.701812542794449255e+05
2.079921093182182522e+05
3.147165167824231321e+04
2.437524561092522054e+05
3.520399582548919716e+04
6.560132222561726812e+05
2.329740063382094959e+05
3.575123733474590117e+05
2.296212433843909297e+06
2.297346295700014743e+05
8.104756562932219822e+05
3.141344016842749552e+05
5.980502710764644871e+04
2.224414369795241801e+05
4.584198519700280303e+04
8.530790274242741289e+05
5.255445750073096715e+05
1.750278382504872570e+05
9.654345989791571628e+04
1.161205583482104819e+06
1.880303527045996743e+05
4.752071886591501534e+05
1.110224732211290975e+05
8.910146049821098568e+05
9.507091435389081016e+04
3.834593889977599028e+05
4.125775479606193956e+06
2.419259583046978340e+06
9.944335651803156361e+04
3.235165742355319162e+04
2.273281683107604040e+05
7.943190736948909471e+05
2.817932304672563914e+05
6.639961945103575708e+05
4.724399568411682412e+04
6.265120571510389709e+04
7.314731040733159753e+05
7.997232786183095595e+04
3.024675171099332510e+05
1.425921457383165543e+05
9.999378030196411419e+04
1.201193893364913383e+05
7.303664024065042613e+05
5.854588663665040076e+04
9.870659949023960507e+04
1.331549908618269255e+05
1.873192921092571691e+06
3.152207769423119025e+05
2.476938768261106161e+05
3.998184967725883325e+04
3.179569092463034031e+04
2.273239204123283853e+05
1.316836960334933130e+06
3.260976200395043707e+05
2.422489319336960907e+05
3.122312011677047703e+05
4.732314869816656574e+05
1.040801386656271061e+06
3.423275749989745673e+05
6.441094331814870238e+05
3.726612784905075096e+05
5.767716373616920318e+05
3.288290636868406436e+05
3.271969918473254656e+05
5.040847148753325455e+05
1.364148780619332392e+05
9.548767805704810889e+05
3.017351087572762044e+05
1.505110334878139431e+06
7.576875841822976945e+05
1.642727740079988027e+06
8.428198878966500342e+04
6.952171783795555821e+05
5.203950285294568748e+05
1.719879989098164719e+06
2.358547662436754617e+05
6.445800957672351069e+04
3.308099993563988246e+05
4.509869035276982468e+05
5.480026833289009519e+05
4.955092229856477934e+05
6.473123608819912188e+05
5.526126515955735231e+05
1.928646678060759441e+05
1.334388783707147522e+05
4.295579475657642470e+05
9.457317196407113806e+04
6.656162103558679519e+04
3.747764295723261312e+05
4.409389419400972656e+03
1.262274160061138391e+05
8.412427631037950050e+04
3.893389946815430885e+05
1.345835534659192199e+06
1.163634775980319362e+06
1.654959191499277949e+05
4.262309490919749951e+05
6.686142483923969849e+04
6.528062630820298800e+05
9.401157036850852892e+05
2.787011814035964780e+05
2.539476189162381343e+05
3.996698251258686651e+04
1.208777467144908733e+05
2.119842428158030380e+05
1.301887864371863194e+06
2.255778531582260039e+06
1.994462561683095759e+06
6.278850726522265468e+05
6.148174092122780858e+05
2.837088055327065522e+05
1.373235547045943968e+05
5.857882764579327777e+05
3.494390426485097851e+05
2.021885345144334715e+05
4.900054396262212540e+05
1.021998899602343881e+05
8.699563112954023527e+05
1.048588120920695073e+05
2.860856593275989871e+05
7.000059300338975154e+05
5.688273234155528480e+05
1.616423781651872850e+05
4.127156823774208315e+05
1.696865129621652886e+05
3.167660269894297235e+05
6.377023111845700623e+04
3.709094701373748248e+05
1.226273422637871699e+05
5.459969351500777993e+05
1.687292310260311351e+05
5.175333886138697562e+04
3.508772423615820589e+05
1.436481308954658161e+05
7.550515032758921152e+05
1.892608154583738942e+05
4.440111017619551276e+05
1.708319466614980483e+05
2.242897674644695071e+05
3.057024885188965127e+05
2.986611536013595760e+05
2.000172202329974971e+05
2.682452413152799709e+05
1.229286989576963970e+05
1.210037492409924511e+06
1.679215754072456621e+05
1.075879267851153389e+06
5.024445862161233090e+05
7.499005189384029945e+05
1.060691999691004312e+05
3.461068056013634778e+05
4.596631306924645789e+06
7.413104881862553884e+04
2.332620220260191418e+05
1.073841136476020765e+05
4.260137388409842970e+05
4.072865924460850656e+05
3.760441165074252640e+05
5.063237114885047049e+04
3.532771391132909339e+05
8.950550944608529971e+04
1.408937810310393979e+05
2.792120965808469919e+05
4.895717937662979239e+05
2.408409176512921404e+05
8.770715967821619706e+05
2.344438501347932615e+05
2.461800180013155623e+05
2.903526790630416945e+05
4.296376591424960643e+05
4.068831439919653931e+05
4.909596806624316378e+05
2.345021753388722718e+05
7.154739336578923976e+05
1.196113046064273076e+05
1.497382552510427078e+06
2.615320542480963923e+05
6.859152758091042051e+04
2.296306982257479802e+06
1.139953643202624749e+06
1.952430528039010824e+05
1.357059392681809608e+06
4.518941258039569220e+04
1.405001981967239990e+05
2.973267120785776642e+05
8.654192070070999907e+05
1.607342708896026306e+05
6.884773016665296163e+05
1.029378656800655765e+06
4.619623192512546666e+05
1.967692590183052467e+06
1.304061435290602036e+06
1.898102771315139951e+06
3.653643518964865711e+06
1.428832768610957428e+05
8.263124961877365131e+05
3.229402212281406973e+05
1.954160782667575870e+06
6.136107146716194693e+05
7.314418044854806794e+04
1.813348424630647787e+04
1.076833076978811994e+06
8.157643965577521885e+04
2.917198119256324571e+04
6.135909541639294912e+04
7.692152173496892210e+05
2.245350677495992568e+05
2.682856273568404140e+05
6.362222196884259756e+04
2.959294017452445696e+05
2.015779459556925867e+05
4.674564247967720148e+05
4.262541207017750712e+05
5.020090061608113465e+05
2.777303162110014091e+04
1.230304821749980183e+05
7.321120341123347171e+05
3.077749269084005151e+06
4.579172505432292819e+05
2.526781020249730500e+05
5.232754928680466255e+05
1.481739240354995010e+06
1.412020857899452967e+05
3.322688583345589577e+05
2.832532557939142571e+05
3.289125877674391028e+06
1.428349283499733428e+05
2.086129075867885025e+06
1.126504740354786860e+06
5.354760402616971405e+05
3.431619730777579243e+05
5.241087920548261027e+05
2.100591700807360467e+06
4.333698882019433222e+04
5.124577099001284296e+03
8.017274905933178961e+05
3.517145988234040560e+05
9.234163952149120159e+05
2.138985322167034901e+05
1.040975974811927299e+05
2.349158668871039990e+05
6.416992904944282491e+05
3.679288435999413196e+04
2.307086669676236343e+06
4.256627996808244498e+05
1.179933765638983023e+05
3.038533497560482938e+05
2.201977243198071665e+05
4.021034873444574187e+05
5.055983296925960894e+04
9.801183306909048697e+05
9.698343125354950316e+05
1.335500410233101342e+06
1.304557721989599813e+05
7.127777254536629189e+05
5.421906970147646498e+05
7.824090081619468401e+04
5.660245262577518588e+05
5.598307160552850837e+04
1.044951315261854688e+04
5.126645879474842804e+05
3.705828438182026730e+05
1.494875098722758412e+05
1.352298545095127076e+06
3.576691223148727324e+06
4.279500684228126775e+05
1.111603455618275562e+06
4.481476875660233054e+04
2.454934244536967162e+04
1.012113484587198036e+05
2.604276180670446192e+05
7.481233418769142590e+05
1.647225187071026303e+06
4.824398453480066964e+05
3.866771872088813689e+05
6.645860738310824381e+05
3.191619210051217815e+05
5.100748446088889614e+05
6.538904324138314405e+04
2.143303693169657708e+04
2.310288386152693536e+06
2.393312743405528890e+05
9.169020999920555914e+04
7.271711362364814850e+05
1.579203097889171215e+06
1.291052376232380630e+05
4.577637785771120689e+05
6.313719483753686072e+05
2.065922476000745082e+05
1.862120358085050946e+06
4.844562059997739852e+05
5.614194123528468190e+05
5.658502802603619784e+04
5.639771526626065606e+05
1.385514780911873968e+05
1.492213690468283603e+06
4.475247397108835139e+04
5.957715463790987851e+05
1.491095238359193027e+05
7.786770637486784835e+04
6.133662372950941790e+05
1.419425578275475418e+06
3.106655865211873315e+05
1.801070576641825028e+05
1.554209265301715117e+06
1.300487250847076066e+06
2.681275074164228863e+05
6.185973085030153015e+04
8.674375697646843037e+05
2.491696264681940665e+05
1.577505279718717211e+05
1.898271581858944846e+05
1.474613172995747882e+05
5.965812578596080857e+04
1.310195244761543436e+05
3.127975056347658392e+05
9.287252667469801381e+05
2.817739163257294567e+05
6.179341367468094686e+05
3.051819636074917798e+04
1.395727776957202295e+05
1.173650496362483682e+05
9.037140144682555692e+05
5.120098103080639266e+05
4.886774290995844058e+04
5.655840620504016988e+05
2.307004616699132603e+06
5.573953479096563387e+04
9.275373157513941987e+04
7.479118269261014939e+04
3.977886570567419403e+05
4.430067861569739180e+05
2.696110625616894686e+05
1.921352065304703545e+06
3.668869833290651150e+04
9.752886502816724533e+04
9.449016093874272192e+05
6.138558337879829196e+04
1.734803428893324453e+06
6.640842756687630026e+04
4.001577591816967353e+06
1.167096846894616261e+06
1.280796774546824396e+06
5.453398813124160515e+05
1.788672521061533771e+05
2.234536802834245609e+05
1.462705627097024699e+05
1.877772949190400541e+05
3.761444657455076813e+05
8.099993033318853704e+05
1.063888059709773952e+05
5.269958475632180925e+05
6.526134921771095833e+05
9.503611332965565089e+04
1.580501694987486990e+05
1.100349407550024334e+06
1.387622684577207547e+06
3.021362746926436084e+05
1.644570830735142343e+06
3.099082776610590518e+05
2.271651054071610561e+05
7.678669543372374028e+05
5.862041411227954814e+04
1.245887261673300760e+06
3.069125418438158231e+05
2.641258110743816476e+06
2.488533002249083947e+05
1.102991686089874129e+05
9.221894659046097659e+05
5.981628016494224721e+04
2.274667251650680264e+05
3.546177305105843698e+05
7.658300158454121265e+04
2.798227991320761386e+06
6.106990146836879430e+05
4.540644487935719662e+05
1.586988047131869709e+06
3.224603068451677682e+05
5.129450463000347954e+05
1.052337869696289999e+06
2.806533740635479335e+05
3.443850463711107295e+04
1.462262991406334913e+05
1.995271014738344820e+06
7.314039384087709477e+05
1.006612735676761222e+05
3.692119423680419568e+05
8.835415263195851585e+05
2.327665127145708539e+05
1.362434347164820647e+05
2.222559403382635792e+05
1.830944221253380179e+06
7.818704847960358020e+05
1.868089973544540815e+06
2.447291160097912361e+05
3.760383126357459114e+05
1.496386121399547847e+05
2.543218345204928482e+05
1.031131941832089979e+04
3.335080189390260784e+04
2.707611997902582516e+05
6.994057333459213842e+05
2.484234113275140990e+05
8.630162093546785181e+05
3.706565090135728678e+04
4.372901992750632780e+04
2.160994390628862195e+06
1.451185821310017200e+05
3.460571734288354637e+05
5.447250042839193484e+05
4.231980107340369141e+05
3.956227663990321453e+05
2.949289143539525685e+05
3.765157541433472943e+04
3.749787289012593683e+05
4.452656975582955056e+05
8.430808857425260358e+05
1.224758746379774675e+05
6.544565440358469641e+04
1.595201629339375999e+06
1.241242899664974102e+05
3.621920038539260277e+05
7.578301911444097059e+05
1.510539432058393490e+06
1.984964236181874759e+06
4.718851994043342420e+05
3.913956422110140556e+05
3.634431850449867779e+05
1.370846994636856718e+06
5.770313925693932688e+05
4.379619218473354704e+04
6.642228223374372647e+03
6.269569332538342569e+05
2.391521101989813033e+05
9.109579194438324776e+05
2.835742163571233861e+06
2.815736258608183125e+05
7.788876376012327091e+04
3.882120979076431831e+05
1.358973186761596007e+05
8.609405858273905469e+05
4.939570232214889256e+04
1.600141749043291493e+05
9.288574573624294717e+05
6.366941763635334792e+05
6.783531796815106645e+05
3.044598922986385296e+05
2.307505059032212885e+05
8.443803576981493970e+05
2.041388912787816371e+05
4.023417330424333340e+05
2.761201781802272308e+05
9.074564654400175205e+05
7.433856862274012528e+05
8.753081540113518713e+04
9.453723596430108591e+04
9.285191259350698965e+04
9.550738203713051917e+04
1.453098551317105012e+05
6.152541564280779567e+05
7.232452319915237604e+04
4.862995623617290403e+05
5.417254005670027109e+05
3.476688972945032874e+05
6.797284200263782404e+05
8.984519943798671011e+05
5.017033918584389903e+04
2.221387661757498863e+05
6.799410341930768918e+05
4.056317537697996595e+05
1.071453748290335352e+05
1.268870652935245889e+05
2.741670932172221947e+05
3.373193495546633494e+05
7.014231098313772236e+04
9.949146427983227186e+05
3.131728079095695168e+06
1.643699530217639985e+05
3.842027173862119671e+05
3.816482169138103491e+05
6.188445604017588776e+05
2.611797344985231175e+05
8.491328130016814976e+04
4.259301149959575268e+05
1.309921940813671390e+05
3.626105934900994180e+05
2.674901522077994887e+06
2.251848834922709211e+05
7.531855060232206015e+05
1.710483795315833704e+05
3.382499351505023078e+05
7.520867896030829288e+05
2.603661245888255537e+06
9.413266800590328639e+05
2.859379858461592230e+05
3.922792064920604462e+05
3.105409311486868537e+05
1.018908285080689966e+05
7.645025142465067620e+04
1.748995216062418185e+05
4.380052861286409898e+05
1.875281030393983820e+05
5.012710578966711182e+05
4.277397246501768241e+05
3.022912899576259661e+05
1.440970478934690764e+05
1.694788979595097189e+05
8.290623949399742996e+05
5.621445645462543471e+05
3.462034027514557820e+05
5.455005284360345453e+06
2.464095644843482878e+06
2.434937996446031611e+05
3.612014802960460074e+05
1.550210537385831121e+05
9.571219999338447451e+03
3.091569009676532005e+05
1.617670458051462192e+05
3.161767462057798984e+05
4.013178060118138674e+05
4.841310717142734211e+04
1.095121259853912197e+05
1.381843630986725329e+05
3.107644161456463044e+05
8.784996492951206164e+05
3.844656515944466810e+04
3.674820076277616899e+05
1.555580464982144767e+05
7.783695875066235894e+05
3.538536493701058789e+05
7.462082269931936753e+04
2.422857212528128875e+05
3.478614823476694291e+05
3.985906915207473212e+05
4.422387558077505673e+05
7.307040409730703686e+04
1.017737797322148690e+06
2.198065567680234672e+05
3.433018998768876772e+05
4.816731282325959764e+05
1.972999248389487155e+06
7.379952083992639091e+05
9.047836870357363659e+04
4.286117505398564390e+05
8.172293278428951453e+04
1.555567239250737184e+05
9.142966461311475723e+04
6.691216624738267856e+05
4.885436743790840264e+05
1.263846147718735447e+05
8.024932664468901930e+04
7.181027153585826745e+05
2.222673190772146045e+05
1.677212618414085591e+05
1.347302701998122502e+05
1.222251149535927223e+06
1.822388206139988906e+05
9.205922909937457880e+05
5.564672582685133675e+05
5.368528884757914348e+05
3.251122166057752838e+04
8.575528305023029679e+04
3.505622432467566105e+05
1.900337100261724787e+06
4.573945589435734437e+05
7.513945083865605993e+05
2.564034918474236620e+05
2.355727985649808543e+05
2.509577731179697439e+05
7.608871701458608732e+04
7.102138920847339323e+05
1.560670325890560343e+05
8.268518256922304863e+05
1.439236516851014458e+05
3.297704114360784879e+05
6.302500360078783706e+05
7.751996526352701767e+04
7.306470426196875051e+05
5.222986836983152170e+04
2.422632689367526327e+05
3.228260771673655836e+05
1.335358590751999873e+05
3.563687570743003744e+05
7.545848852083273232e+05
5.470783781140419887e+05
9.542609818835924380e+05
3.413167468922359403e+05
2.967810054236946744e+05
8.389083768102877366e+04
3.341706081604398787e+04
4.426087009536332334e+05
4.714111562934859103e+04
1.813628412246875523e+05
2.630248941158021917e+05
1.541260453646640759e+06
8.708745842387372977e+04
6.106148990702725714e+05
1.164003005494632525e+06
6.115719659075184027e+05
1.747736062246003130e+05
2.311188744042874896e+05
2.813196652357106796e+05
1.788820287203124608e+05
1.682954621223389870e+06
3.521360739633202320e+05
6.256382735725304810e+05
9.330229593653493794e+05
1.997343079670860607e+05
1.391961554205906286e+05
1.732342955482471552e+03
1.177775933652811684e+06
6.205656498857957777e+05
1.244718623658752622e+05
3.621918342926111654e+05
2.035118660952409497e+06
1.108925365009166999e+06
1.636198508138475299e+05
1.579924616588857491e+06
1.353571912139998749e+05
1.370952512593153515e+05
1.031971454491437529e+06
8.236000171574534033e+04
3.407225942960380926e+05
1.366312879701122001e+05
9.997918880600316334e+04
1.936734339655099029e+04
4.034663160190456983e+04
1.224766539446216775e+06
1.284968851113716082e+05
5.721886940219487296e+05
3.071057835275452584e+06
1.641300344176226063e+06
3.408645695535215200e+05
5.614648480544121703e+05
9.559415542990651375e+03
2.045863314889796893e+05
1.820686088115854887e+06
3.834773323818956851e+05
2.426802797192000071e+04
1.778388998428919513e+04
3.277990751975065796e+05
3.693482474617161206e+05
1.476327909830211895e+06
1.299080393992728059e+05
5.879877156209778041e+05
2.401889969433834776e+05
2.322929872073253151e+06
1.177053877443119709e+05
1.619780166672035994e+05
7.674976284132298315e+05
2.145743822911179741e+05
1.796425095520677569e+05
1.198123722583191120e+05
5.067693787493817508e+05
1.717655353982823668e+06
9.778715891723725945e+05
5.492474982766009634e+05
9.189639338351021288e+05
5.949756021370096278e+04
7.920042265662516002e+05
1.411613334807966137e+06
4.374487939798302832e+05
4.204102275724720093e+05
4.986709339906500099e+04
3.755048350429737184e+04
7.641596684026744333e+04
4.472100551730123698e+04
4.784805822782178409e+06
1.222378171789680491e+05
2.461309247807647043e+05
1.632067632372786466e+05
4.984145719286061940e+05
2.599957107123539026e+05
2.602733350829238188e+05
3.804083197441397351e+05
4.668640056156788341e+04
1.702468317130270414e+06
4.336290020850491419e+04
4.780126235903371708e+05
5.913998289778499166e+05
1.701742412290033419e+06
8.541748777620701585e+05
3.344297156460479600e+05
3.925033696148523013e+05
4.102095254659050843e+05
3.042281592006984283e+05
1.142136870948769065e+05
2.666381203820346273e+05
2.729617381057440653e+05
5.768219491645959206e+05
1.100195646837397217e+05
6.525214745507660555e+05
4.851125572791148443e+05
1.140378090027040162e+05
2.892666289915065863e+05
7.895324164950611885e+04
6.716663378758982290e+05
4.527030099490248249e+05
2.081779527403801039e+05
3.387700334501563339e+05
3.550014768829174136e+04
2.912001439981641597e+05
4.251975491172716022e+06
7.099692311860932969e+05
3.482715357869898435e+05
5.436510547475739440e+04
1.069089440665128641e+06
4.712505288700586243e+04
1.430495266203907784e+06
9.726162711062323069e+05
5.251096933888217609e+04
2.212297848647959472e+05
4.979871737864078605e+05
7.028025691739936592e+05
6.575153218131463509e+05
1.259766892452951521e+06
1.014022564889545029e+05
6.080001965309388470e+05
5.364336661614041077e+05
2.537342829435269348e+06
2.902205014785474486e+04
1.566136328527159058e+05
1.426143176477881789e+05
9.515253149276692420e+05
2.844347455616872176e+05
1.047429131375860306e+05
2.452939716828666860e+04
4.710664009272784460e+05
1.593645516066314885e+06
2.346129095871648169e+05
2.669941095733169350e+05
4.220207131627243012e+06
7.002934818677722942e+05
2.041066250702734105e+05
3.941411446046570927e+04
1.596658229270900774e+05
2.771955065235896618e+05
9.336818304112033220e+05
6.614828387072053738e+05
2.170152966840632507e+04
9.716964803223185299e+04
1.235707281913354527e+06
3.892256075291179004e+05
4.171959203536891437e+04
6.208256882509409916e+05
1.874853868206209445e+05
4.782090121820080676e+05
1.870720330230999098e+05
7.365168698209229624e+05
3.855791388577327016e+05
1.741967848356610339e+05
1.549253597315820400e+06
1.586294760105586145e+06
7.744100409689267399e+05
8.232594769176574191e+05
1.901680589042934880e+05
5.340948991695336299e+05
1.708487641716873972e+06
3.427366921956893293e+03
4.341616934150845627e+05
4.612947474570641643e+05
4.704310041054674657e+05
7.246568741192321759e+05
8.505454486655980581e+05
6.249445016079276102e+05
9.088331797985569574e+05
5.590113998630762799e+05
5.269315400432302849e+05
1.340725937680873089e+06
4.979247115998421214e+05
1.563184743519701296e+05
3.445358192486254266e+05
1.129993792170796223e+05
8.928470585196126485e+05
7.089257342601699056e+05
1.928060148330627708e+05
8.637233943843593588e+05
2.589722250602645217e+05
1.175008234820332436e+05
1.055440599384128727e+05
1.010651664932325599e+06
6.786289643612359650e+05
1.014462512092812976e+05
1.731248547286408721e+05
2.391104455307351600e+05
2.081621917028273456e+06
1.366179636019980535e+06
1.606854661618339014e+05
4.349216347069789190e+05
5.601212056741608540e+05
5.398293160322487820e+05
1.807410671344755974e+05
4.003103626142528374e+05
2.462616452591382258e+05
1.860734778910325840e+05
2.818050004203380668e+05
7.607852340742406668e+05
2.595365934149975423e+06
1.125605233486279903e+05
3.153782724625348928e+05
5.304123094441128342e+04
6.539955749545753933e+05
5.417610285132087301e+04
2.735080245216486583e+04
5.173010531636258238e+05
1.137233262249593623e+06
1.190400772438567365e+06
3.736294220101439860e+05
2.685604435554122902e+05
2.054004041821963328e+05
1.001413505564192601e+05
5.111785775464845356e+05
9.000246865400290117e+05
1.490642828930553223e+05
2.430773386145427357e+06
2.935634584181834944e+05
6.662046870102140820e+05
2.756884880643154611e+05
4.880157096195765189e+04
5.189295608141947305e+05
1.502240520391509635e+05
5.831595695624761283e+05
9.956955481950350804e+05
5.365170471747422125e+05
1.657206871201482718e+05
9.465254637660209846e+04
3.568722288876183447e+05
1.299974906138323015e+06
3.683103907320473809e+06
3.905953438444487801e+03
1.902162616560756287e+05
4.511412791756860097e+05
1.495277080799585674e+06
8.854548310009858105e+05
2.036102732357706409e+05
5.471180684657881502e+05
4.360497760156054865e+05
4.116064782465909957e+05
1.331533636110438383e+05
1.025448509943118988e+05
3.067272983503092109e+04
7.023250137596300920e+04
1.702481180430893553e+06
5.721856750726845348e+04
3.918776071108402539e+04
1.812881646796453279e+05
2.167090631323348265e+06
2.219480832042815746e+04
8.127851835805651499e+05
3.211703951035485370e+05
3.251180372220535064e+05
8.971580039218646707e+05
3.887209130723809940e+05
5.832385652299729409e+05
5.938494880431044148e+05
6.771703371743895696e+04
3.761260310211299657e+04
4.912899581909332192e+05
2.060925799656363670e+05
4.205952408920661401e+04
3.038899505529800663e+05
1.643239647535076074e+05
8.177892498373046983e+05
4.647365998700700584e+05
3.625379865273106261e+05
8.283662525577425549e+04
1.499325471124803335e+04
4.957970353977535269e+05
3.619641917653843120e+04
3.952167680542843882e+05
1.004834642811037193e+05
1.386866536657991586e+06
2.883339904819910880e+05
7.615755617016786709e+05
5.642349546189940302e+05
2.351998053767529782e+05
8.769676074957591482e+05
4.959971157032798510e+05
7.513469689686018974e+05
1.584973970413356437e+05
8.559405973399286449e+04
5.517962163819327252e+05
1.619305910023360979e+06
8.850295085388364969e+05
2.012966458285208791e+05
3.955108166420109919e+05
2.121274953193530091e+05
1.743056935102962016e+05
7.172840928540604655e+05
1.678761045704477583e+05
1.423700845226710371e+05
1.780984627523856470e+06
3.080717942218348850e+06
1.282953475586938475e+04
5.786759310447829193e+04
6.255415650651338510e+05
9.048681582486591069e+05
2.562367142486751254e+05
9.145356522410175530e+05
5.379544423821233213e+05
1.215300815135960147e+05
1.679086117417186033e+06
2.022138684866472322e+05
1.180650576625886169e+05
5.603627034956649877e+05
5.653587846728541190e+05
3.101649559485240607e+05
9.649275901861584862e+04
6.359461530211062200e+04
4.026658008113859105e+05
3.298559956342256046e+05
2.744368823523697793e+05
4.669916374644487514e+05
2.070856233661103179e+05
1.239311429911274172e+05
2.993300627105243620e+05
1.183168585930455447e+05
4.831492118589358142e+04
6.856150973929946776e+05
1.927531753287396277e+05
6.290148902641790919e+05
5.079659848039501812e+05
2.670158363029218279e+06
4.609205188033388113e+05
6.298839858723660000e+05
7.030208305172278779e+05
4.593624173548759427e+05
2.155480224366003531e+05
8.388494735714653507e+04
3.272988163216676912e+05
2.151420639858073555e+06
6.803555310009524692e+05
1.308931871088139451e+05
3.764715121758353198e+05
4.401794458647872671e+05
4.013934958358192234e+05
9.975619414170355303e+05
1.197673785416112514e+05
1.232958029948812677e+06
2.224181483018344443e+05
2.056838540257050772e+05
1.663918204996711574e+05
2.146098852639658435e+05
2.099801615030831308e+05
1.745113788713046233e+05
1.242062481225156953e+05
3.019801454578490811e+05
3.947025216208289494e+05
4.111987456562713487e+05
1.797433323730491102e+06
4.287510294742236147e+05
4.008666941198679269e+05
1.450037874411281198e+06
2.442958095394529402e+06
1.182117205695305747e+05
4.485772873393711052e+05
2.250995821563094389e+06
9.415448524044806836e+05
5.001367711919435533e+04
5.598125084103139816e+05
1.512155256180776982e+06
3.473921526749691693e+05
2.947789129340350701e+04
2.845386533311737367e+04
2.677428408965126073e+04
1.450929937924912665e+05
9.925250735563875642e+05
3.853692876468686736e+05
2.132248816340654157e+05
2.926500679662096663e+05
7.749690726609497506e+04
5.050813912022269215e+05
1.641123263834906684e+05
3.421558893047911697e+05
2.085788145326683531e+06
2.199015341231519997e+05
3.927660740140827838e+05
3.758350423487747321e+05
6.799818728641486960e+05
2.094090084486108099e+05
2.919266623027608148e+05
2.641889976794327958e+05
9.517143242564758984e+05
2.591238000976635143e+06
3.311556548637638334e+05
2.171530870022518502e+05
2.218688460623364881e+04
6.168423549034061143e+05
5.778384630441103945e+04
2.174840724099352374e+05
9.531454647611692781e+05
1.097359837293258533e+04
1.384977619939893717e+06
5.565549943569109746e+04
5.723215266482877778e+05
7.427758856783341616e+05
1.045851794664577610e+05
3.889253089785730117e+05
6.028261188603415212e+04
1.113617619368612068e+05
1.826900591693925380e+05
3.126356449950483511e+05
8.539940034273023484e+05
3.044264776230179705e+05
4.765754750284751062e+05
5.397838900006406475e+05
1.252684135320228088e+05
1.681074269978702068e+05
3.405444443556154729e+05
1.236706385781452293e+06
3.232596105097317486e+05
9.098190243014373118e+04
6.620148704606360116e+04
9.355729910716340237e+04
1.225263108781966585e+05
5.979959073349357350e+05
4.450980687587826978e+05
5.958110683532723924e+05
9.905580810001468053e+05
3.022801279004531098e+05
7.245859328042987727e+03
3.736656910573792993e+05
1.974558552743770648e+06
1.144448820577077102e+06
9.484405418538779486e+04
2.548013503980762616e+05
3.630064065510820001e+03
4.532825627149000065e+05
1.220774968191979569e+05
5.595392544369717361e+05
8.287422949117688695e+05
7.607617796105586458e+05
9.522096978815656621e+05
5.050534734081634087e+05
1.228507219356209098e+05
3.399801420720619499e+05
7.921377049444039585e+04
4.336374938698871993e+06
3.180565256174791139e+05
4.751739168081730168e+04
4.030881536386396037e+05
9.350016310621844241e+03
9.560057724224528065e+05
5.257249062265615212e+05
1.063675431177084334e+06
2.978459822151640547e+05
1.359214520287583291e+05
1.052453717770605115e+06
8.168980205350192264e+05
1.062084120164264459e+06
1.376215873850467906e+05
3.151576142423845595e+05
1.025733505197629420e+05
5.102780288714991766e+05
9.555308316835638834e+05
1.046697106254558079e+06
2.549553531848982675e+04
7.596415237854571315e+05
5.174698391281797667e+05
3.243062446516415104e+06
2.921152344138726476e+05
3.148736867088905419e+05
5.778824508545913268e+05
1.697545241995617514e+06
1.283244388284987799e+05
1.199797644125308143e+05
1.253154610516066023e+05
9.126016224261533353e+04
7.932525604582800297e+05
1.908194857645664888e+05
3.738201907500256784e+05
3.269698377222960698e+05
2.127224554099795641e+05
3.865656844627645332e+05
3.745939300264096237e+05
7.235226674035800388e+05
1.281644768151652301e+06
1.075360159000884742e+06
1.998584857576404756e+05
9.152463116379770217e+05
4.637088378262418701e+04
1.809639632961196476e+05
8.911327195494095795e+05
3.916514150854890468e+05
3.911474571318939561e+05
1.970071684765176324e+05
6.514796806046965066e+05
1.809438114699257072e+06
1.358206196579803014e+06
5.189395161680919700e+05
6.425711138701871969e+05
9.973871675231713743e+04
1.609695594588228232e+04
1.453535954339173622e+06
1.672489828737481730e+05
1.750648508396193211e+04
1.668803714610486350e+05
1.107729020113863044e+04
1.782718923799832352e+06
2.806166728531281697e+05
7.747967497013926040e+05
5.044813787606760161e+05
6.573034307515044929e+05
2.940494854393847636e+05
8.212618182414660987e+04
4.301167071725896676e+04
2.896976021469724365e+05
1.357867776373191737e+06
1.343373674829069292e+06
1.611237056686981814e+05
1.492644332542538177e+05
4.304029083715462126e+06
7.166291341714047594e+05
1.561223807252170052e+06
1.633583550077793421e+06
2.756733273444013903e+05
1.354022668661436473e+05
2.467950197256198735e+05
1.507194306504437234e+06
5.175982661420284421e+04
1.886617702899062424e+05
1.543572685496764025e+06
2.919307557251683320e+05
4.585178813171897200e+05
1.258645444082960486e+06
7.553726009481205256e+04
7.098029615480389912e+05
1.254183067207161657e+05
2.769146808769244817e+05
1.076650615241124062e+06
6.206311707177219068e+04
4.394547313648662530e+05
2.984887891750014387e+05
3.563394283707716386e+04
5.737777406713662203e+05
1.882058632792480523e+06
2.919936841356731748e+04
8.359285163010063116e+05
5.226782316094778944e+05
6.311638156505074585e+05
1.577130903415019857e+05
9.819964070604281733e+04
2.877449773825684097e+05
1.348010082680831838e+05
1.350675416155283456e+05
1.423321207231311128e+05
1.320352157284044661e+05
4.407604746693489724e+05
5.152764751916991372e+04
3.508164488761363900e+05
9.370124498786206823e+04
5.879914370110909222e+05
2.492927783273636887e+05
4.222028329984455486e+05
3.558060851818614174e+05
1.095156139686089940e+06
1.237434481156569440e+06
4.263715157329547219e+04
4.539061912527628010e+05
1.589823285628591198e+06
5.199356623270109296e+06
5.489942871005969355e+05
8.670130267704066355e+05
3.670661753467248636e+05
8.752417476421581523e+04
6.435125573680665548e+04
1.110585174730909290e+06
9.166406102108494088e+04
1.040849485312620382e+05
3.640263054116182029e+05
1.102461440394288860e+06
5.241570236088376259e+05
1.547880885275896871e+05
5.844064011752243387e+05
1.673147106056109187e+05
3.468389871605156222e+05
5.121159619632769027e+05
7.248571210516396677e+05
2.084780777206844868e+04
7.738404596293620998e+05
1.470550570589211129e+05
3.887179264197161538e+05
3.720973347336793668e+05
4.595421301105773076e+06
1.373196104257216211e+06
4.891098350325908978e+05
4.592505104606027598e+05
4.979955138184187235e+05
4.514767060149666941e+04
4.226068115974479952e+03
3.029387634090679931e+05
5.904881784913718002e+04
1.184690179042778473e+05
1.690589145103251794e+05
1.546063603961148474e+05
6.568345840091783612e+04
6.953615226883721771e+05
6.766364029802494042e+04
6.638439916086500743e+05
1.559382721294873860e+06
4.491428270034401794e+04
1.185823042119004094e+05
2.106849367872441944e+05
8.049528874629491474e+04
1.873143730597153772e+05
6.826989683703247283e+04
1.814910710640559439e+06
1.152588933411924634e+06
2.161045272015679511e+05
5.453735701819863170e+05
3.408684509128006641e+06
3.880248410649310099e+05
5.099465212411860557e+04
2.343575586121506058e+05
2.881196698995090555e+05
9.534475409581203712e+04
1.219477638628946588e+05
1.006925571850067790e+05
7.054076739936751546e+05
6.269878479020918166e+04
1.719396179168788483e+06
8.647379695257893763e+05
9.966585859539796365e+04
3.591083080386245856e+05
5.979730008265404031e+05
6.348255128306137631e+05
1.148274372613580432e+06
7.242082471123170108e+05
8.470144343958450481e+05
9.098593946152860008e+04
1.190037526616805553e+05
1.238830805634580320e+05
7.788058695727211307e+04
2.780180800040789414e+06
7.315000260899186833e+05
6.273291591488766717e+05
6.582818436847452540e+04
8.671058388041376602e+05
8.960762360334514233e+04
4.070478254627443966e+05
6.982416619760592002e+05
9.625425151255764649e+04
1.249191751700011519e+05
1.272161039716145569e+04
4.782871428677882650e+05
8.427417331642593490e+04
1.197725555225928838e+05
1.294629315947746800e+05
2.853531324993722374e+05
5.505168243483736878e+05
3.131829003251710674e+05
5.470356829149045370e+04
9.643918994672034169e+05
2.417407838469493727e+05
2.127231359565886669e+05
1.267475241592834936e+06
4.823577204042517114e+05
2.705604907040427788e+05
2.734310604869605508e+06
1.692694194435975514e+06
3.206424207321364898e+06
7.694493526402445277e+05
8.552487538122219266e+05
3.091012829637586256e+05
1.091986667354164383e+05
1.680191658356950793e+05
5.154266565341145615e+05
5.437144389898580994e+04
9.090631613489058800e+05
9.832233795985325705e+05
8.004715261312407674e+05
7.575069731958620250e+05
5.933094119136383524e+05
3.423826465816587734e+04
6.153628901948944258e+04
4.124544542299461318e+05
2.984996252586444025e+05
2.644378717287134496e+05
1.346803309804737801e+06
7.124419059377146186e+04
3.285747381091860589e+05
7.692236150264997268e+05
6.378236668274238473e+05
1.872258894582405919e+05
1.325939604050676280e+05
7.021721126757143065e+04
1.048478026022587146e+05
2.183732024697660818e+05
4.409959524495401420e+05
1.656967246509469114e+05
1.505965458190701669e+06
2.899569307872109857e+04
1.645021970968122128e+06
1.412053188655683072e+06
3.889124286374371732e+05
2.126603217854342889e+06
9.253211231199766917e+04
6.630043988517843536e+04
8.990262660061531642e+04
1.267937766022228752e+05
3.890525641605470446e+05
4.704950149369437713e+04
2.904005309950280469e+06
5.593275991564413998e+05
1.518861425683624984e+05
5.881022443999690004e+05
3.315096815123318229e+05
1.054168054548106389e+06
9.191005639051059552e+04
2.721988590895831003e+05
6.679205711115098093e+05
1.115090509930470493e+06
2.511286851309080375e+05
3.274485249803775223e+05
9.641984694389881333e+05
2.264589666632431909e+05
1.689188739306183707e+05
1.401035993520733791e+04
5.390090506959808990e+05
7.772634973277745303e+04
2.763298823036994436e+05
2.546452336260945071e+06
4.090677503371485273e+03
1.734958520110132871e+06
5.689251354060161393e+05
3.477424275833641877e+05
9.981618015181889059e+05
9.217080964333385054e+04
