2.623291129319019383e+05
4.992283499437465798e+05
2.057360033788940054e+05
1.028942242021555285e+05
5.090785957620571571e+04
1.328912022208733251e+05
4.155909425028053112e+06
2.714176684511310887e+05
1.313309398014879553e+05
1.470277644760111114e+06
4.774681275813087996e+04
1.251901207240305957e+05
5.260851034063367842e+04
6.354143839786573080e+05
2.375958511237564089e+05
5.804828292981043924e+05
4.559567118382301414e+05
1.551081027696486562e+05
9.452213406285997480e+05
5.510728171946275979e+05
2.921553636449247715e+05
2.932873623943294398e+06
4.361084643165954913e+04
2.282304546708081907e+05
2.004765754310975026e+05
4.631214585689790547e+05
1.118476787144752598e+05
2.447284020764214074e+04
3.679551455286691198e+05
1.030386225740607188e+05
6.608219700364500750e+05
3.652962180689283414e+05
7.423606228728132555e+05
4.075395062954870053e+06
1.066107725520377862e+05
1.691056671277432761e+05
1.187208212912987365e+05
9.798901592382724630e+04
1.628692304445925693e+05
7.533501759013931733e+05
1.759887092281047953e+06
2.465222357185437286e+05
2.117843802153499928e+04
9.416449331322434591e+05
1.699891061871589045e+05
6.267941578870313242e+04
1.456867967484842811e+05
6.239501835097881267e+05
3.378823110061790212e+05
1.563127104301810497e+06
1.343802348942126147e+06
5.860137124186733272e+05
1.000765181205605506e+06
2.106187972759862896e+06
6.779790338864340447e+05
3.002689837856684608e+04
2.834224874258687487e+05
9.004594617208234558e+04
1.307888008964191889e+06
1.859679013474989333e+05
5.453257172046154301e+04
9.856504967518600170e+05
1.729309778700578026e+05
3.807634113376514870e+05
5.004648466224729200e+05
2.349126149838643614e+06
3.155305764150575269e+05
1.374210467200490530e+05
2.224312669578948698e+05
7.801418588813340466e+04
3.345803308035075199e+06
1.505578808862134465e+05
1.778103823494452517e+06
1.381175609231507871e+06
2.939464138093970541e+04
1.062767871726806043e+06
1.980183624572723638e+05
1.180973084904362076e+04
3.308477405972046545e+05
4.591314588573354995e+05
3.132634355709863012e+05
9.488528263460762100e+05
9.573335655475545209e+05
5.831172067937960383e+05
3.507273837259896682e+05
1.756993443989419320e+05
8.920445438153244322e+04
1.272861501641201758e+05
3.323936438687081099e+05
5.875977897156294057e+04
2.436031317000741910e+04
2.678357073857055977e+06
8.045524501348440535e+05
2.362936763300231250e+05
5.344222916358491639e+05
2.404139452262656414e+05
1.544347487308860000e+05
3.080276659628815833e+05
4.670756573559759418e+05
6.428673114135331161e+03
8.083810066843399545e+05
6.365962221329028253e+05
9.395347690656386549e+05
1.243170423410648073e+05
3.525739827888952568e+05
5.525123820841105044e+04
6.326699892607721267e+05
1.884790726926042698e+05
3.657251952365402831e+05
2.114556158214712632e+05
1.945358351238434203e+06
1.617212606392554706e+06
2.709998148086872534e+05
5.856350645628201164e+03
3.499219056464185705e+05
2.096477170850230905e+05
1.413694525375199271e+06
1.040505596415075270e+05
3.534345852424403711e+04
3.688810102497613843e+04
3.629392461314926186e+04
9.605872662242707156e+04
2.811020367150509846e+05
2.653751064212656347e+05
1.876380100812621240e+05
1.332367858523811679e+06
2.820596381916326354e+05
1.313369216962057864e+06
3.932789699350322597e+06
1.700877752272985643e+06
1.824896780739037320e+06
1.635148078037092637e+05
1.275902823150089098e+05
2.205317774044517719e+05
3.217801878379590926e+05
1.937624202964511642e+05
5.602449763113749214e+05
2.221417022428729251e+04
2.683894355827628751e+05
2.116882348437210894e+05
2.928872247211990762e+05
2.160445333449454338e+05
1.092054209745543776e+05
1.067964348088244151e+05
2.168080492450479360e+05
7.311123072267044336e+04
8.552399834767128341e+05
9.983936496085493127e+05
4.588112900475032628e+06
2.885054294898484950e+05
9.967522393516010197e+04
3.675616532407659688e+05
2.453451135444931278e+05
8.019418218345203204e+05
1.519826201197954069e+05
1.039994585746113989e+04
1.876783230067551776e+05
3.913941411048991140e+05
9.560133277602896851e+04
1.794697981951328693e+06
2.020262622186883818e+05
2.860889086361359223e+05
6.789000811181722675e+05
1.665116656257794704e+06
2.442997493816075148e+05
2.775169415487264632e+05
1.894918785108888696e+05
3.762794139787923777e+05
6.248758497554276983e+04
1.524510433850690722e+06
2.046207323789685324e+05
8.482627171902346890e+04
3.772077978209388675e+05
6.376218731310355943e+05
1.437254888974919158e+05
3.789684751715446473e+05
1.659532747086477175e+05
6.579696357371849008e+05
1.345700383160772326e+05
1.807173974440816673e+05
2.395350043461962196e+05
6.957540420774988597e+05
7.097209822833997896e+04
4.639343907781271846e+05
2.784869147183076711e+05
1.315650116132696625e+06
6.577392874515298754e+05
1.879567587279709987e+05
5.995241233354025753e+05
5.963631097377412952e+05
3.379623877730768290e+05
3.588150650013302220e+04
1.236840275380828185e+06
5.104034312525478163e+04
3.419379452053957502e+05
4.365731383792033303e+05
4.997174248091190821e+05
6.314629685981877847e+05
3.487731148736509203e+04
3.455946117102612043e+05
2.309602163603773224e+05
3.787253084027614677e+05
1.378603073063977936e+05
3.886491840448933362e+04
9.846080367350182496e+05
3.851375017057886726e+04
3.948236346347895451e+05
4.087334523147344589e+05
5.121129016028809128e+05
1.617455461478514480e+05
2.006061093548280478e+05
1.353992319104441558e+05
7.791802249747670721e+05
1.668958254550873535e+05
2.906012647512234398e+05
3.434171818256471888e+05
1.554895378462955414e+05
7.787205391161917942e+05
1.738669801089616958e+06
1.514111788805326214e+05
5.440942875316158170e+05
6.548139880178287858e+05
1.540704211088643176e+06
3.524226255086181336e+05
3.268895571992389741e+05
4.946608372454324272e+05
1.516216308052144304e+05
2.579619737271594640e+05
8.030356192723214917e+04
2.902508713178610196e+05
1.213173239044082002e+05
7.126055825644886354e+05
6.396338781939962792e+04
1.821942292860011803e+05
1.985955832549180195e+04
6.661278439636986004e+05
1.396702765614028613e+05
5.151830255287344335e+05
2.713028890642744955e+05
3.246231338415207574e+05
4.440232023721114965e+05
5.568713382878337143e+04
6.453743630584493803e+04
4.966531925116493367e+05
5.516060085190038080e+04
3.660844537966812495e+05
7.348529637234199618e+04
7.211821201499036397e+04
5.936382241045696719e+04
1.073246090735878795e+06
1.245827271415060823e+05
9.960909609235306270e+05
4.710190521093590360e+04
1.321262751289719716e+06
5.809500951847648248e+05
4.087049884334080270e+05
2.740769191250379663e+05
1.360949914077779104e+05
3.131165268830699497e+05
2.740480836124690832e+05
6.705241354067629436e+05
2.035659846549131675e+06
2.198904664783909684e+05
7.627428454552517505e+05
1.244563656628983299e+05
1.518861098989472957e+05
1.755715824747337901e+05
1.169749675825446146e+06
7.583350891957542626e+05
4.526155458181706490e+05
9.537216141184442677e+04
7.620199694468948292e+04
1.906980719999690773e+06
9.738128177287789294e+05
7.987588105653605890e+05
6.382641956449457211e+05
7.122458927610274404e+05
9.520598252189200139e+04
2.781804107663242030e+05
1.831018086362448754e+06
9.717979790384467924e+04
1.144010770165478112e+06
6.157144972037477419e+05
7.315507864318438806e+05
1.557381386377032322e+05
4.086459592864135629e+05
3.503416470365506248e+05
7.808614447868188145e+05
6.177211960240717046e+06
1.357042295552695869e+05
1.517578477267181035e+06
7.032178764492325718e+05
3.335574237768445746e+05
5.017112504008666292e+04
2.112245935277828830e+05
3.565931553682891536e+05
8.107545856469966238e+05
7.635571580496960087e+05
2.303443525898029038e+05
3.816390121134289657e+05
2.428549532021040213e+05
1.450843239894688886e+05
4.850222686513150111e+05
9.459787058976741973e+05
1.126365773577923828e+05
6.825425250893097837e+05
2.888005009387074097e+04
2.384673180698822835e+05
2.632514434861597256e+05
1.050264497055008251e+05
9.257365164922492113e+05
9.409472319934527331e+04
1.240780021231240098e+05
5.338125849218191579e+05
2.309407961110028264e+05
3.024010575681665214e+05
7.344170239568321267e+05
9.781653919317000546e+05
1.984804215950498474e+05
1.602701397522262123e+05
1.146555901859555597e+05
1.383978773739972094e+05
4.477316419848047080e+05
7.112458022786185029e+04
9.727965214123010810e+04
1.031070953365748981e+06
3.948753132152122998e+04
3.243306294663121225e+05
2.318691265236029867e+05
1.930999153807630530e+06
1.282926941753911378e+05
5.571669269347148656e+04
1.299135510842226213e+05
8.302153237183876336e+05
3.660625248511540703e+05
2.983001797511214390e+05
2.021875012746464345e+05
5.876176157132061780e+04
6.545329370278740535e+05
9.348522676195169333e+05
1.711177363732832018e+06
5.460930005447873846e+05
2.081152849704166874e+05
6.547532737823860953e+05
3.560088029629276716e+05
6.758029870889639715e+05
2.259825417702035629e+05
2.141374434539538634e+05
3.690187422247431823e+05
2.117758909511790844e+05
5.063891816935670795e+05
7.998341688903715694e+05
1.117856723272731033e+05
1.779890040610939905e+05
1.935994613151855883e+05
4.208000177874789806e+05
9.416150598737146356e+04
3.447897553511951119e+06
8.782700146037993545e+04
2.237866253673852189e+05
1.263682957466265507e+05
5.045003587342099636e+05
1.435659603087816620e+06
2.996505890490899328e+05
9.385315985939592356e+05
2.684897152207695181e+05
2.789595869900568505e+05
4.185909198728541960e+05
2.654074702335952781e+06
3.883533116235332564e+05
1.626701721656115842e+05
1.586662566185829928e+06
2.436716253781153820e+06
5.238360080854037660e+05
2.301655637152275594e+05
1.948823493750937923e+05
2.084479918279220146e+04
1.164659916967561439e+05
1.239517133037783060e+05
2.264501751891915628e+05
3.367757424232838093e+05
7.892486014729744056e+05
4.817143586916446657e+04
1.262672229961553094e+05
3.390570511675703456e+05
8.047388764352476574e+04
2.162364394191127794e+05
3.229149762460826896e+05
5.014536315063908696e+05
2.526880201431680005e+06
8.622305335853637662e+05
8.864956403823532164e+05
1.288835598372354172e+06
3.297909528927715146e+05
2.501691285230424546e+05
4.956388854128625244e+05
4.334490108910886920e+04
1.181107344557142933e+05
1.522822947476248955e+05
3.954073213154961122e+05
6.286603707026151824e+04
7.173888324509655358e+05
1.148154497836549563e+05
1.182952958115458721e+06
8.207213974014229607e+05
4.137346764827666630e+04
1.239966463610810897e+05
3.952319170364916208e+05
1.307518577023858670e+05
1.060876122764220228e+06
8.629858885189100693e+04
1.077407150953039061e+06
1.903752705682403641e+06
1.697909183307937637e+05
6.430939334659957094e+05
5.282475341538643697e+05
6.662646376023368211e+05
1.900898711715989339e+05
2.591038526532903197e+05
2.983666373929616529e+05
4.741631740926877828e+05
1.256547774747646326e+05
6.547602290660716972e+04
5.950950410442923894e+05
1.413390166783750174e+05
4.716511049967671279e+05
4.225204833546888549e+05
3.944058749359576032e+05
2.334826893324166536e+06
6.528554756608558819e+05
5.639296739190580556e+05
9.803522365048298379e+05
1.550086191483726434e+05
1.031630545868110930e+05
5.904960311043398688e+05
3.676275049515314167e+05
3.881874110590928467e+05
2.435177482668416342e+05
4.975756643473438453e+05
1.056034913398683857e+05
5.815213818743344164e+05
3.918446315413005650e+05
5.153756795635729795e+05
7.081032450506025634e+04
4.762587067967912299e+05
4.542448390968580497e+05
1.907571469329623797e+05
1.367685831925256753e+04
6.584155399567215936e+05
2.850421298280443298e+05
9.098244096086334321e+04
7.298440379330336582e+05
1.741452546767917811e+05
1.940507646414060611e+06
1.722249407719706884e+06
1.871914033910154831e+05
5.380367149533712072e+05
1.361382948483133514e+05
3.138171991916362895e+05
1.440645448949037236e+05
5.751474850853808312e+04
2.669851617335748160e+05
7.177392869010781869e+05
5.772293072764395765e+04
7.169756337376078591e+04
6.734406615618056385e+05
1.626931304766899557e+05
7.367780415442412777e+04
1.083923213778349464e+03
2.031118749565812293e+06
6.546623600069523090e+05
6.042670027936663246e+05
3.047959279478138196e+05
4.024182152038228698e+06
1.630355084245975129e+06
1.954020417596111074e+05
2.034672028095385758e+05
3.298409184616721468e+05
2.186059708176222048e+05
5.522542187305279076e+05
1.703988038973466319e+05
1.976518055529509904e+06
1.585835458450348349e+06
2.585349728058173205e+05
1.298403193971211440e+05
2.820896712457601097e+04
2.655295371873842087e+05
6.849124926606788067e+05
1.902988547821672983e+05
4.738163714419772732e+05
2.338495695034083328e+05
1.594333596237080055e+05
1.084302970190110645e+05
2.404586789769864990e+05
5.210531232788430498e+04
4.532910236881700112e+05
1.405293057423090562e+06
1.230292725150695769e+05
3.194868377934621647e+06
1.057515854093803500e+05
2.734803057896315586e+05
1.310428263807762880e+06
1.000888776189421333e+05
4.999546718537394190e+05
2.486044791527022899e+05
7.452903872865813901e+04
1.165737114908611169e+06
4.013991511235724320e+05
6.266301970405201428e+05
4.350786388115836307e+05
2.031704940380258195e+05
1.955673731380110839e+05
3.449831328498068615e+05
3.369573833937854506e+05
2.349656533139306412e+05
6.092403901106721605e+04
6.188554231523070484e+05
4.402782218708365108e+05
9.226346303312274395e+05
4.683312917487127124e+05
4.760443140998230956e+04
2.647901179194514989e+05
2.504556959374963481e+04
8.319603896235410357e+05
3.503555990371638327e+05
1.967899912960579677e+05
9.539444380927294260e+05
1.230556198901510215e+05
5.757806830356362043e+05
5.024672892693232861e+05
6.881714303682092577e+05
1.967218342504529282e+05
1.804341942279931973e+05
1.395166622362121125e+05
9.220059892134842812e+04
1.825862483696606942e+05
1.217204204542034568e+05
8.350186014714669727e+04
5.177934066550139687e+05
5.528134859110753750e+05
1.003293556493519718e+05
2.629632449280991568e+05
7.489157300927535398e+05
4.021136160762558575e+05
2.667744809488547617e+05
1.636882625064149266e+06
5.532517726409205934e+05
1.260644034293943783e+06
3.203003944264326710e+05
5.611915134625889914e+04
3.402932897679747548e+05
2.909151271285278926e+04
1.297437694513018942e+06
3.538777364466600702e+05
1.948768939192722028e+05
3.256945582455650438e+05
5.474285479439024493e+04
5.432688658192037838e+05
3.071204887528282707e+05
1.604817607328266022e+05
1.061891840389423596e+05
1.111039138355764560e+06
1.013011708071146044e+06
6.212290654459625948e+05
7.318304727236243198e+05
2.932502742350287735e+05
1.096186872806435451e+06
2.301922472811064217e+06
2.142714733858232648e+04
2.127547666139946086e+05
1.247424994049313827e+05
9.519838847810668813e+04
3.635304697399666184e+05
8.136247481481818249e+04
2.308264768163488479e+05
1.911349168238157872e+05
5.709165449073930504e+05
1.134550960013038013e+06
4.578868786961870501e+05
7.963660282583159860e+05
1.300694885142203886e+06
4.506472203972126008e+05
1.292864802205066662e+06
5.762978794049811549e+05
1.048878134022714570e+06
1.514007541384303244e+06
1.399387845317811298e+05
2.446471282338275341e+05
1.751700224241887627e+05
8.240609782928627683e+05
2.999070357071578037e+05
1.203104754114077805e+05
2.995934314665549900e+05
1.230081407289353898e+06
2.679313003465579823e+05
1.662971297808755189e+05
1.054908212926066481e+05
1.475981266458559316e+06
3.677998598102558753e+05
7.405095130183831498e+04
1.019551820203485200e+06
2.053791685186045710e+06
1.945421564162892289e+06
2.294111522370164457e+05
3.188302680469280458e+05
5.738092042196845869e+05
1.443127094638016541e+06
2.749838890446947771e+05
1.226115481844043592e+06
1.035663285931881837e+05
3.206555924388720887e+05
1.604252724869956262e+06
1.502627163341045380e+05
4.608989873538039974e+05
1.168206786894730612e+05
3.048030612142106984e+05
1.139414918699876725e+05
4.497082905974950991e+05
5.679233696803363273e+04
7.666492219651559135e+05
3.640774863119411166e+05
3.579601210338284145e+05
7.143025346535984427e+05
1.911706714933059644e+06
3.150112569000255316e+05
5.429623689831540687e+05
2.991149272709567100e+06
3.100406311766839586e+06
1.825266041903007717e+05
4.859159992426948884e+04
2.426231915544242656e+05
4.128773087929119938e+05
2.292693285489495029e+05
6.964209044968302806e+03
7.293203552266644547e+05
5.294594886619757744e+04
3.378952985961094382e+05
4.498271272665179567e+05
2.534238147820611193e+05
2.396455891413608333e+04
1.185750882193535072e+05
7.775257282313919859e+05
4.021049602811950608e+05
2.838845721962999596e+04
2.462595415765678335e+05
4.606454261794506456e+05
1.565389010095512785e+05
2.840604428818795830e+06
3.719453657545604510e+05
1.886057763102198951e+05
1.099432199404469226e+06
2.325526660389973316e+06
1.564226335486032476e+05
1.832762198155539591e+04
9.970025351146120811e+05
3.481737471656856360e+05
6.851875739594836487e+05
7.077697522753509111e+04
1.479033213672076818e+05
2.299630966382746701e+05
2.155605666472120211e+06
2.393375706865765678e+05
3.218538589332535630e+05
5.580072682755745482e+05
3.373502280036790762e+05
4.770315944081583875e+05
9.735187120210521971e+04
7.997792741328028205e+04
5.161850375391398848e+04
8.203422540289777098e+05
9.614390650361668086e+05
9.381219639044982614e+04
7.440017135830908082e+05
4.586789512999246363e+05
2.702708737240107730e+05
9.382534786781412549e+05
5.872462205504035810e+05
1.479198061373283272e+05
1.577009160134319216e+06
2.598679417223048804e+05
9.351252122227380460e+04
5.539776941980897682e+05
2.586373915168720414e+05
2.525588701223551179e+05
1.228686630904258054e+05
1.525565536370060290e+05
1.139091434246297140e+05
9.130410646516583802e+04
3.081250663425581530e+06
3.097003970356039936e+05
4.572503389414339326e+05
3.078109676992630702e+05
1.099397516142847016e+05
3.615537656896017026e+06
8.270938126468458213e+05
6.132622749932052830e+04
8.349413882545281667e+05
2.325409001137824380e+05
2.715313112971188966e+06
5.842121785536871757e+05
4.865454539890332962e+05
1.401741580687111709e+05
7.519723289304021746e+05
3.965805216821151553e+05
4.169653562430098827e+04
6.001519275397470919e+05
6.577073391142655164e+05
7.937893901564284170e+04
6.289545441368521424e+05
3.811885519978044322e+05
4.767516673854874534e+04
9.201050465174014680e+05
8.880219706880902231e+04
2.872275779480192577e+05
8.225845851421426050e+05
6.902705959495546995e+05
1.398730009831400239e+05
8.121074411887517199e+05
2.831952929068111815e+06
8.972938973788443254e+05
2.280605974412476062e+05
2.879305055573504884e+06
7.495197505482706474e+05
2.155907551104501545e+04
8.742022146882193920e+04
3.472494342645646539e+05
6.884827987317538355e+05
8.713892985473465524e+04
2.885055443642588798e+05
1.875423733174782246e+05
4.702472083787316224e+05
9.783817003764056135e+05
3.324605519306113129e+05
8.129819906617088418e+04
1.087958402043989627e+06
2.434830839659046324e+05
9.761347918610877969e+03
6.238669199357967591e+05
8.578290265296085272e+04
6.189724862231414765e+06
1.907495985429842258e+05
7.244551158375738305e+04
2.161524342397107743e+06
4.299699917132714763e+05
2.808796129276391002e+05
3.389416186241572141e+05
1.077242943603328167e+05
7.545813247631961713e+05
3.426419021287565702e+05
1.248425062852725387e+05
4.066284487315579318e+05
1.228984281349751254e+05
7.259530890859607607e+05
1.435312016956891865e+06
3.925304138185311458e+05
7.524642593542339746e+05
2.102783582910542027e+05
3.500559916516597150e+05
2.058959451164298662e+04
2.946502004361712607e+05
3.190112019534290303e+05
5.230912825874498812e+05
1.250608329558851983e+04
1.758604080490552587e+06
1.233239195395563147e+05
2.404649620694197947e+05
5.126913654046991724e+05
3.150426047781822272e+05
1.569352070079333789e+05
8.817158481847103394e+04
7.619613452643215423e+05
1.729746639237267373e+05
7.020114936816643458e+05
2.899191622066121781e+05
1.993907556021790515e+04
4.611483739184361184e+04
3.448027740903734230e+05
7.563725586345161719e+04
1.045140889898535446e+06
4.251808512851619744e+05
3.518086901481869427e+04
2.376835914347133599e+06
1.567714116556739609e+05
2.285506254547302378e+05
2.772154378954614731e+04
3.702286042849082733e+05
1.084775862085193628e+06
4.319706804983656039e+05
1.126680552273346344e+06
3.725263352257618099e+05
1.177181408308906393e+05
2.099115516783075873e+06
1.231243518550410372e+05
2.812288076777869719e+05
2.369024659027083253e+05
1.037512709627185250e+05
3.168550235695284573e+04
3.366455890785616357e+05
3.970692414176848251e+05
1.414836651358055882e+06
3.694483318608957052e+04
5.387847786475746398e+04
2.873199223096025526e+05
1.713299267609229311e+06
1.205510835511806217e+05
2.782136057821258903e+06
3.635514993285834207e+05
3.022706918912050241e+04
1.095364388541895460e+05
1.303172749866104423e+05
1.348916056201208266e+05
3.188234260209236527e+05
1.090832924089296488e+06
2.991257661663369508e+05
3.919578701997096650e+05
2.376869981403138663e+05
3.544667408556899172e+05
7.670626805846979551e+04
1.433913734356446657e+06
1.351094430958037497e+06
3.617633766143228277e+05
6.007950448521813378e+05
1.807839969613093126e+05
1.715445281682543689e+06
7.744626392268331256e+04
1.396688271439679374e+05
7.804545808617032599e+05
7.347768795568145579e+05
2.038505991360043641e+06
1.189867140099032840e+05
1.265867535288359650e+05
1.489392714635499055e+06
3.721484008372004610e+04
2.755035532717875903e+05
1.687405117560093640e+05
1.003871031267931539e+05
2.681311220333951642e+05
1.020360842758084764e+06
1.460959193175669352e+05
5.278195632805805653e+05
8.852143104520090856e+04
3.853839967092626030e+05
8.185213168203789974e+05
4.492552639123997506e+04
3.491773568830940640e+05
7.551037634273695294e+05
2.399594949722606689e+05
1.067789306537752040e+06
1.249216297273229284e+05
3.708660627236492001e+05
1.492815882796306396e+06
4.047188563282608520e+05
2.868615933460906381e+05
1.166184869755592372e+05
1.019931947480236995e+05
2.429889201139206707e+05
2.307659217627721664e+05
1.030552557786270918e+05
1.364461914740874898e+06
2.906160815845486359e+05
7.307015685299043253e+04
1.408199561859048554e+05
3.802036929496583762e+05
2.551568599408258742e+05
1.956881427157096332e+05
8.801394367064089747e+05
5.310206143212481402e+05
1.607283733909594594e+05
2.871530365606359555e+05
1.057238549300716724e+06
1.009704324969014415e+05
5.346232909917773213e+05
2.419687960171151208e+05
6.536656847744908009e+04
2.633344943691813023e+04
3.805735770124261035e+05
1.010845178690259199e+05
2.320483838400102832e+04
2.588475282370269415e+05
7.318199664768080693e+05
3.714653117388628307e+05
5.082776071598369890e+04
1.834808231217689579e+06
6.214019150250664825e+04
2.489931426056190685e+05
6.449276041343546240e+05
1.349249593570233556e+05
1.359124549172218540e+05
3.202121055240112473e+05
3.618785003524359781e+05
4.956987958536008955e+05
4.505311232329645427e+05
1.958277081772874517e+05
1.659847291518922430e+05
2.463972519973066519e+05
2.309489239618048887e+05
1.307240712078289107e+04
1.351741596690455684e+06
4.066364284169981256e+05
5.884544818670889981e+03
1.833426848251081828e+05
1.527456304882078664e+06
7.043091439456611988e+04
3.976798833151687868e+05
2.093425850139637259e+04
1.123263035738864914e+06
2.849068448467963026e+05
6.875865634180114139e+05
4.726114848511843011e+05
3.698622439947649254e+05
2.094249235998342920e+05
1.584058850886279542e+05
7.386826071716501610e+04
1.175760848984627082e+05
1.638330738242380030e+05
1.011635374017851893e+06
1.284360292514990317e+06
5.226930769644222455e+05
2.255096527402986831e+05
1.500156621820755536e+05
5.839044754859420937e+05
1.281872794013003586e+06
7.967036010907489108e+05
1.575510253744348884e+05
1.100470990725591080e+06
1.182636695365462510e+05
1.367699457031349652e+06
1.557087509912229143e+05
9.414881298129995121e+05
3.386719691616344498e+05
2.139520552269976179e+05
3.646075763879234000e+04
1.036806295938743569e+05
8.321194321611297783e+05
4.940138022044550162e+05
3.986345555694434443e+05
2.061539329749251774e+05
2.103822850804275949e+05
6.509088501778283389e+05
1.808639709956907900e+05
5.729720624373070896e+05
2.213215558013816189e+05
7.260625526890310459e+06
3.911333658539701719e+05
4.523678102161491988e+05
8.114806352600369337e+02
2.273098089988087304e+05
8.827209047438518610e+04
1.406082867500163149e+06
7.079895916389555205e+05
1.614815525979907252e+05
1.400160851786911371e+05
1.136959246274467790e+06
1.837417738740699715e+05
9.060480073354812339e+05
2.528398964744001860e+05
8.488399188456241973e+04
8.834314397512449650e+05
7.703929960758629022e+05
1.987623086240315810e+06
3.592496815854524029e+05
9.600041953315449646e+05
1.842738382742650283e+05
3.644076097406826913e+06
1.383293832033236045e+06
1.852450502596166451e+06
4.212625257186894305e+05
7.575783463949792786e+05
4.320633262694500445e+04
4.174413957695181307e+04
6.546798657133771339e+05
5.331954107742793858e+05
1.024746959263683297e+06
4.873854821574078524e+05
8.935756092914834153e+04
3.384375387515991461e+05
8.749454967160082888e+05
4.573557859860298922e+05
4.278349233889432508e+05
1.582004540780439565e+05
1.172930608619403327e+06
1.372564582678955048e+05
1.264897167996254982e+06
7.419989566726786143e+04
1.329932010763926955e+05
4.671178196331488434e+05
7.485788635383332148e+05
3.798311341752814478e+05
3.516428336728358408e+05
6.557774715119979810e+05
1.758512223848315189e+06
3.433581027136140619e+05
6.962279660697890213e+05
3.708758060838210862e+06
5.158198887092264486e+05
2.434472654803323676e+05
1.259548869560109306e+05
9.176616461387316231e+05
2.181817164620865660e+05
5.648679854768966325e+05
1.128852012952618679e+05
7.165144698244986357e+05
3.397233974710113835e+05
1.901183794243497832e+05
1.341068616044513183e+05
1.853218687744106865e+05
2.364961758417584933e+05
3.472870631499029114e+05
1.592972034340603568e+05
1.089021070025505287e+04
2.738223740022319835e+05
2.001729255757074570e+05
1.788055266120660584e+06
1.137529933897288138e+05
3.521062344098627364e+04
1.059951192335109459e+06
3.406236254531792656e+04
4.619629362321082735e+05
2.659407447640235769e+05
6.804318055365532637e+05
2.870823485100349644e+05
1.044052196770670998e+05
1.785107176874142315e+05
1.362582613390979532e+05
7.335261130655945453e+04
1.000852159292226424e+06
1.592170574668325484e+06
4.944658614369827774e+03
2.724904475315483287e+05
8.757076890670662979e+05
2.094166294607899617e+05
1.054156893932462553e+05
8.103366066026251065e+05
7.941834766246576328e+05
1.697967349113821401e+05
1.414354195408171799e+05
1.982597204971744795e+05
2.310736049802892958e+05
3.557287171132260701e+05
3.449234805593181227e+04
3.746136410728626652e+05
2.737844422081085504e+05
2.927043995441475417e+05
4.924811084404223948e+05
3.176472023602789850e+05
2.151699008902088826e+04
2.871176398076438927e+05
1.593414955979144434e+05
4.998376576702286839e+05
1.160188685968430713e+06
7.055797721032623667e+05
1.496680337459296919e+06
3.570582230162282358e+05
1.964917386343204125e+05
1.880172212498376321e+05
3.778605419764533290e+05
9.653282762870887527e+05
1.822603360611507087e+05
3.680178806840686593e+05
4.926912077705353149e+05
5.149075567838405841e+05
8.183333503928083519e+04
2.855418120889542042e+05
9.889134145777529920e+04
4.555168522198995342e+05
9.987986778546122878e+03
2.006019501199693186e+05
2.834358028456792817e+05
5.283911878290493041e+05
3.892460014498766395e+04
2.014015572278971376e+05
1.229507538968082285e+06
1.847256579467156553e+05
4.086880042878976674e+05
5.433132519396671560e+05
1.937215545165103103e+05
2.800521512234911788e+05
2.993462821387455333e+06
2.347679962742686272e+06
9.662955356353682873e+04
4.139154005283548613e+05
2.163645827451657970e+05
1.543266502116960939e+06
5.332450174897367833e+05
7.437076564784310758e+05
6.604818651137934066e+05
5.008776889907442091e+04
3.907899431871577981e+05
4.674022541901015211e+05
1.239766922164377320e+05
2.938242867831705953e+05
8.109109211298079463e+05
3.190852809592554113e+05
5.966414734640573442e+04
2.435015366152308416e+05
3.412057242850822513e+05
4.805100184225370176e+06
4.542234838694711798e+05
1.076558038568154443e+05
2.713078441861717729e+05
4.598947115948681021e+05
6.142653094615195878e+05
8.704243549126113066e+05
3.055594555043171276e+05
5.281667381540255155e+05
1.059386586248555686e+05
2.556475174398657982e+05
5.003267190461017308e+05
1.705388277384995890e+05
7.109952279027734185e+05
3.059986873857540777e+05
1.935372626232179464e+05
9.526349646511453902e+05
9.486616688672112068e+05
1.696168406917228422e+05
1.817338558587718988e+06
1.122793313583989802e+05
1.261559053884552326e+06
1.720050420439869631e+05
7.140781566754236119e+05
5.254984265155157482e+04
8.609456269704488805e+05
4.853525173406912654e+04
1.411084071182310872e+05
1.297517879876708612e+06
1.225472538908462971e+06
4.559724372588729602e+05
5.130019252946188790e+05
3.749930768527289620e+05
4.964451985474390676e+05
5.163221398596677318e+04
1.314375968313677935e+06
1.715864184619667067e+05
1.100493526019186480e+06
5.355539915466284147e+05
2.629735123097222458e+04
1.001472878102684044e+05
4.771991898294993443e+05
5.405644506886421004e+04
2.807270213322956115e+05
3.240797864733437309e+05
1.702369469976078253e+05
1.300589043508041505e+04
4.999232648500732612e+05
3.751678062851932482e+05
1.011533645671379782e+05
1.771577320387295622e+05
1.213723707494682167e+06
1.348161769338000449e+05
3.027746343334729318e+05
2.356199446353454732e+03
4.982426921791659552e+05
1.063371390733327862e+05
1.770071837917160243e+06
2.848564395342416828e+05
1.708416042302620190e+04
3.736089914992396953e+05
5.343288693847375689e+05
3.665211543192379177e+05
1.103874565618186898e+05
8.544073803931055591e+04
6.868182811742601916e+05
3.825670868647349998e+05
3.859640057233438129e+05
5.301150854450408369e+05
1.946408384327138265e+04
4.929595082778879441e+05
3.519876297818880412e+05
7.071241346539614024e+05
9.679739387521531899e+04
7.438010806574336020e+05
3.268861474941715715e+05
2.711631398212134955e+05
1.346374360830844613e+06
9.518827019512458355e+04
4.709889333028160036e+05
2.999040483628241345e+05
5.260221962960749806e+04
6.072473894437381532e+05
6.310471015056625038e+04
7.581134985211989842e+05
7.427575411406146595e+05
5.170058923333646817e+04
3.815331659752986161e+05
8.005604299362415622e+04
7.279980976020942908e+05
1.116458556667138357e+06
9.523019100651668850e+04
5.447310467691314407e+05
3.560976890568536473e+05
3.002739273341801527e+04
2.988500691105644219e+05
5.242782638076830335e+04
1.967592464668214670e+05
1.390194149645314319e+05
3.024407454093878914e+04
4.655272645937154884e+05
5.379864136170134880e+05
1.767326346806008660e+05
6.296145134988074424e+05
2.930856425993291487e+04
2.295921768359125417e+05
7.755059574192849686e+05
9.825628691361605888e+05
1.972655544376983307e+05
6.149969589353164192e+05
9.771572719647151825e+04
2.387511425187955901e+05
5.329070143230545800e+05
2.493824848241643340e+05
1.462009494082771707e+05
1.219651431833499111e+06
6.959513072838796070e+05
3.486718955434819218e+05
3.564921799331821967e+04
3.006687275478998781e+05
5.789353956752788508e+05
2.520789790869053395e+05
2.000634590429048520e+06
5.590279224587173667e+05
5.103027226656907587e+05
6.195027980413448531e+05
1.885494427137505845e+05
4.044464281340110465e+05
5.671612760345807765e+05
1.080589999162185937e+06
3.674695982958950917e+05
3.139338370530639659e+05
7.904566933985585347e+05
9.684232266065622389e+04
4.131122254888429306e+05
2.698227444375235587e+06
6.613639653826368740e+05
2.921775040290121688e+05
1.573369886007288587e+05
2.099798194466779023e+04
9.366428760216004448e+05
2.064678707609505509e+05
1.485619189425955119e+05
1.868938339913390810e+06
1.170467657511367142e+05
3.497504801309403847e+05
5.098267245100885048e+05
1.385958762707746937e+05
4.818096214908084949e+05
4.293127586127740215e+05
6.467103922343058512e+05
2.688089454403643613e+05
8.043276726536867500e+04
6.537066531669559190e+05
3.174665339358406141e+06
9.454241177747434704e+05
3.985892624683412723e+05
1.708445405977124115e+06
8.037541655464094365e+05
1.813785938353917445e+05
2.772760170251426171e+05
3.246488362312918063e+06
1.034479133675851393e+06
3.770170820659641759e+05
5.757964880424728617e+05
7.772938875251334393e+05
5.492043330907758791e+05
1.988393624444964807e+06
5.220931522589002852e+05
4.718582340043568547e+04
1.228965590401124646e+05
4.078727136728291516e+05
2.111214184081974672e+05
5.696256652276992099e+04
6.421001797491373727e+05
7.762038993027620018e+05
2.805785939517194638e+05
2.565754566114277695e+05
5.095671643044561497e+05
4.726431523425087216e+05
2.942735141359724221e+05
5.069284403230844327e+04
1.087308874041998351e+05
4.719034516917044530e+05
1.710163896629376977e+05
3.879365926659536781e+05
8.829198416299531236e+05
7.930033046845765784e+05
1.301814292749444488e+06
7.278974128572455375e+05
2.637365399557851488e+05
1.802387007487479714e+05
1.690032248901596467e+05
4.853738533814632683e+04
1.022605029024303891e+06
1.338006070618766826e+06
1.259614916034301423e+05
7.630284103527377010e+04
1.110664601385099086e+05
1.924425400906520081e+05
5.043034789461086039e+05
2.458810174130248197e+05
1.180631292617856525e+06
1.972168421534464695e+06
3.154941552951031481e+05
1.193417855486666784e+06
1.645364715157109895e+05
6.165581759578038473e+05
1.677952544581649418e+05
3.456309119036495686e+05
9.738629314591275761e+04
7.998886873604482971e+05
3.173177705577896559e+05
5.474472474370033015e+05
4.991710264308632468e+05
2.972239952640765114e+05
5.779671665502967080e+05
4.551375702427065116e+05
2.837321920882074628e+05
1.766546109194559540e+04
1.213686812117467925e+05
2.483444959914825158e+05
3.598415657818805892e+06
2.809029030232151854e+05
3.577050402865931974e+05
1.687338270696361549e+06
7.150158008090750081e+04
9.172721031713921548e+03
2.995863718862962560e+05
1.612610600917144329e+05
4.797150970770825370e+04
5.063666636883584782e+06
2.672707132900502183e+05
1.126125597349916206e+05
1.454711132627497427e+05
2.896309675455400138e+05
3.717722652354859747e+04
3.491036499639232061e+05
8.147792086546531646e+05
1.740669189757361775e+06
6.418886957973262179e+04
4.766693877650235663e+05
2.289613032161494193e+05
6.949052479676033836e+05
2.237788885051939636e+06
1.318506788826657867e+05
6.550681026280758670e+05
3.045110167250323575e+05
4.049440121656285919e+04
3.133263192216864554e+05
3.418504401486839633e+05
2.922099211926312419e+05
9.306175213561432902e+05
1.167472776243247063e+05
2.467589720209391089e+05
1.320233745387927629e+05
2.556682927114598569e+05
6.045098926438719354e+04
5.540464704807066591e+05
1.537072799140222487e+05
1.264115909911821509e+05
3.486389713793775300e+05
1.383191367731655948e+06
2.450510560083975142e+05
3.873685722158188582e+05
8.504621180665609427e+05
3.374121288700738223e+05
4.849266449673495954e+05
6.397000112362218351e+04
1.314913172094520414e+05
8.392418528154788073e+05
4.727495589044773951e+05
1.135626255222226755e+05
4.361333109090259532e+05
8.967396667991096620e+05
6.448370501458996441e+05
3.615264676914745360e+05
1.632928135320686735e+06
1.122042375076314434e+06
4.752897191540527274e+05
3.606247401453290600e+06
7.426722757973447733e+04
7.324327839165988553e+04
1.262519341590893688e+06
4.210574046584441676e+05
2.500393840925697237e+06
9.159970399287090404e+05
5.821073894311845652e+04
3.688916880808339192e+04
2.236400044612097088e+06
8.801697538808821992e+04
1.669867608509653655e+05
4.515053661758225062e+05
2.624954073988517746e+06
7.971706587472590618e+05
3.572758871845168760e+05
6.384027064739570487e+05
7.957790039793503238e+05
3.587897812268788111e+05
2.252725770949214697e+06
1.735339540251088329e+05
9.788854870317119639e+04
5.623886699053785997e+05
8.648492260205646744e+04
2.604859013578382728e+05
2.880346255118188565e+05
3.330981799823261681e+05
2.252870820448685845e+05
8.198914006033776095e+05
2.154700178519557521e+05
2.655717713979275431e+05
9.252716602009631461e+05
8.734919329117317102e+04
4.235430530378415133e+05
2.612164631930848991e+05
1.219462774797196733e+06
1.187817846684289863e+06
1.283084609516953118e+06
2.027961244415150986e+03
1.541292841910826974e+06
3.022136889852651395e+06
4.375685933572839131e+05
5.493980429713220801e+05
7.161525308192529483e+05
1.927830618840424577e+05
1.109667823828856053e+05
5.235037329578821082e+05
7.470322830917696410e+04
3.883325468539816211e+05
1.381749501279585995e+06
1.262855196486928267e+06
7.455895086170785362e+05
5.291283003976601176e+05
2.328505491742526065e+05
1.232911958243922796e+06
2.045936296675265534e+06
2.422112503694019979e+05
1.796624396840577538e+04
3.111389267609958188e+05
4.563289178657961311e+05
1.919780820161165029e+05
1.134516976217225194e+06
1.839470929579620715e+05
6.876146955643213587e+05
1.398433984940631781e+05
3.116099318042410305e+05
7.431458106391462497e+05
8.098991363155723957e+04
5.215970962143717916e+05
3.601568966178420233e+05
1.799227945719113632e+05
1.115990383993389260e+05
5.430283140102300094e+05
2.479648892829495016e+05
2.619221459388358926e+05
4.850056384410934697e+04
2.771627240206464194e+05
1.944308659129684558e+06
2.124437946736297454e+05
1.793883743838389928e+05
1.202311995557647664e+06
8.212102051536597719e+04
1.781700497727265465e+05
6.463211071528064786e+05
3.252444829733292572e+05
2.403009363216107595e+05
9.899567411221644143e+05
5.955355115344531805e+04
1.112137959529308602e+06
4.136781970689992886e+05
3.628872355328019476e+05
3.749155169668550952e+05
4.431575127289970405e+05
5.274088697080287238e+04
1.818475126876120339e+05
8.026454481831296580e+05
2.949881841059059370e+05
4.722730216028913128e+04
8.910216838876307884e+04
1.103840246307000518e+06
5.382494136743013514e+05
1.384293471461083973e+06
3.751962151170626748e+05
6.422246852544351714e+05
1.713932805041642860e+06
7.820681574920208659e+05
1.345556747836323339e+05
4.019553107557052281e+05
2.322661343966535060e+05
8.813552603679882595e+05
2.354885778783870046e+05
1.312705638300898252e+06
8.118421845452125417e+05
5.672842522504586959e+05
4.298602550463032094e+05
1.909917399083469645e+05
2.537891949531452265e+05
5.414932956067408668e+04
4.531786053193386761e+05
1.176264220281955786e+05
3.329381714261685265e+05
6.078328023709253175e+05
2.486309968357383332e+05
1.007838824271339457e+06
3.845198481720896089e+05
3.188398363602209138e+05
2.000234942304575525e+05
1.498653536884370027e+06
2.058157614352448436e+05
3.530930923517295014e+04
2.593635859520219266e+06
1.604509517213687359e+05
1.828179154252608074e+06
1.949620120945087692e+05
5.466460648800466442e+05
3.179547978787209140e+05
2.725096369320482481e+05
3.316924056111514801e+05
2.226874679521935526e+06
3.546138876360114664e+05
5.170677724208338768e+05
4.897065209694243385e+05
1.625775775107035413e+06
6.691736647600220749e+04
6.993739905815332895e+05
8.523205430307361530e+05
1.879510999803786690e+05
1.345365780618245772e+05
4.451191979854115634e+05
1.390291047479138942e+05
1.519689709235633491e+05
2.716866142213248182e+06
7.604265032588576432e+05
5.410524596836676938e+04
2.398776474613910250e+05
1.646280896070121089e+05
2.525378007483403198e+05
9.132932863997445675e+05
4.757938004826202086e+04
4.963027835499172797e+05
3.060082964195319219e+05
2.448671163702810591e+05
5.834805832532751374e+05
6.406343725454441737e+05
3.663538761185777257e+05
2.951353166888247710e+06
1.001209867171609192e+06
7.244511080941664113e+04
8.912655935559148202e+05
1.077689666905052029e+06
2.781694598190994002e+05
1.254427661041901214e+06
3.232459817416845908e+04
1.639945942158617545e+05
2.119500533139542211e+06
6.238313730554711219e+04
7.331576724876897060e+04
3.927487051694711554e+05
1.238315980963262729e+06
3.471564047202343500e+04
1.772135781313981395e+06
4.705422116964583984e+05
6.815614681708569697e+04
4.587794359266987303e+05
1.146738357911410974e+06
1.253051094362421427e+06
4.187399697813232196e+05
2.096591938054115162e+05
3.359856309491973952e+05
1.188804613733495818e+06
4.357975961340430513e+04
9.815127909689542139e+04
8.110748959082358051e+05
3.075512018107523090e+03
1.146462136836843856e+05
8.886584383803437231e+05
2.858859222206817940e+05
2.481336735478985356e+05
1.050698180299624801e+05
1.999682897519194055e+06
6.888369649048033170e+05
1.981587127792579355e+06
1.804098250706621038e+05
3.283652533870594925e+05
5.468871045788140036e+05
3.945349768522523227e+05
4.124865252787349746e+05
3.485752335767315817e+05
4.730011702760687331e+05
3.718401940306356846e+04
2.013699182478130970e+05
8.963584866212087218e+04
8.318785010063421214e+04
2.725678169866832905e+05
3.685732893097768538e+05
4.287528020794139011e+05
4.355388061911559198e+05
2.780180032037069905e+05
1.983689828287720215e+06
5.705887982180528343e+05
2.974881400942488472e+04
1.378643885306241922e+06
7.946031548278983973e+04
3.746696164449695498e+05
2.734864746844414622e+05
1.860017939376012422e+06
3.093995210330323316e+05
2.280046814424895681e+06
6.835682716548120370e+05
2.672287474626120529e+05
2.834487904937880230e+05
1.435571061489649292e+05
1.782857281706180365e+05
6.704074651716708904e+05
6.163854040203858312e+04
8.304676324474291177e+05
2.379687706693733635e+05
5.052729166134548723e+05
3.183567726066186442e+05
1.385310749749804381e+05
4.546583773621260771e+05
5.304845833848938346e+05
3.983650805889972980e+04
1.290944037397082138e+05
3.450998646688090521e+05
4.305884821195848781e+04
1.036957945169133134e+06
1.199083874072567327e+06
2.841065773953986354e+06
3.467025182491978048e+05
1.727371286033922224e+05
3.818296992320189020e+05
4.922507182432570844e+05
3.207876834427331341e+05
8.526830271334624558e+04
7.146074373029523122e+04
5.337365312919715652e+05
2.503902484698185071e+04
1.184066578337587183e+06
2.359018124908300233e+05
1.733674472502867575e+05
9.360090600547968643e+04
1.378893183331218606e+05
1.311271920801158994e+05
3.158427220222747419e+05
9.056558855157179642e+04
3.425982096984417294e+05
1.009360221101183124e+05
5.724499616909502074e+05
1.772636042067259084e+06
1.654649483270655910e+05
2.712093561423633946e+05
5.110897639620777336e+05
3.836809352591425413e+05
3.428203045469922363e+05
8.094472610980737954e+04
6.780159095908408053e+05
4.459744615681982250e+05
4.085946096416785731e+05
5.644659798296819208e+05
2.945667207843702636e+05
7.070493632021601079e+05
9.601790997891896404e+05
2.833653113405229305e+04
1.024461246857958322e+05
1.037572754055411206e+06
5.180231423422734370e+05
1.688048416990724625e+06
3.894355878054356435e+05
1.108417175040865113e+05
1.832740910087928933e+05
1.534904126204202475e+05
1.152584162140724220e+05
3.998249213333717780e+05
3.082603185037392541e+05
1.629164469980651746e+06
6.839480463761581341e+05
2.027774266266641207e+05
7.156011458369254833e+05
1.958792734743047040e+06
5.414702755854959833e+05
1.176226959433049429e+06
4.152981878127726668e+04
1.387018095415724965e+05
3.112830711782595608e+05
1.715179788204949873e+05
7.748564199692169204e+05
5.378692687649657018e+05
7.435064205348199466e+05
1.741356811242503347e+06
9.372733739744598279e+04
5.264278190404111519e+05
7.039346760821883800e+05
1.315943765435040405e+05
1.167208526949822117e+05
2.703257749957640190e+05
7.366239805908199633e+05
5.177579028711021238e+04
9.257832524596562143e+05
2.626661697330253664e+05
4.178760103827395942e+06
2.366592752223991323e+06
1.018203457032836304e+05
9.219328372251313413e+05
2.934242449050883879e+05
5.566520205091300886e+05
7.311178608735117596e+05
9.800691181683330797e+05
2.432880500886071241e+05
1.514000724494357419e+05
3.003407000757672358e+05
3.730618481339732651e+06
2.020789519209871069e+05
1.491796446986379451e+05
1.039452924059410871e+05
6.269638499680651876e+04
6.586680023016877240e+05
8.730770054688595701e+05
8.814808462652516027e+04
1.435918910953490995e+06
5.346483735262057744e+05
5.386134553771297215e+05
1.741042166475796141e+06
5.214753618078044965e+05
2.181239284323108441e+05
1.313905455567134195e+05
4.332505806974126608e+04
8.968155658874750952e+04
3.596392949761006166e+05
1.345463982334507629e+06
2.793031415626223898e+05
9.118438195755208144e+05
1.288041846345790327e+04
4.587869917862709262e+05
7.640601760880395886e+04
2.734390706558011007e+06
2.748318421314148582e+05
2.020653724119214457e+05
3.927006606559524662e+05
1.006872214514452789e+05
2.867666141796113807e+05
7.904821585191706254e+04
3.510038230044771917e+05
1.625130502744085097e+05
3.898586892044669366e+05
9.915045800224608683e+03
1.788862377333260156e+04
8.058097222754742252e+05
8.774301945621487685e+05
6.559653427134088997e+04
1.591196093833572231e+06
1.594764795809909119e+05
1.315362377396681113e+05
2.943934651509659365e+06
2.326577718474655994e+05
1.024507189288353547e+06
4.250371002600390930e+05
1.530400127819512039e+06
1.079929257057819283e+06
2.229173985449073662e+05
1.326038544122395106e+05
3.593112496124242898e+05
1.058019189193718368e+06
2.859806763069503359e+05
1.482370867316153308e+05
1.783111769521726237e+05
2.785543718356098543e+04
4.884455414059952600e+05
8.895379910636582645e+04
7.340545878665712371e+04
3.518343895706348703e+05
8.673759742296230979e+04
6.669487938541172771e+05
1.404916917852285551e+05
4.062204953893626574e+06
1.538981067997733597e+06
5.464556876408525277e+05
9.112773375440040836e+05
7.366388960452043102e+04
2.179890025227937149e+05
2.054361390498647816e+05
2.329675613418836147e+05
7.013007145564352395e+05
4.023929174706588383e+05
1.304637846859547717e+05
2.295379427585110534e+06
8.627124068161418836e+04
4.356110572466475423e+05
9.458245199321003165e+05
4.809256183305584127e+05
1.667949970512789208e+06
4.122032127285879105e+05
8.653109184916361701e+05
2.670600648883750546e+05
1.842845771776726702e+06
1.078268703809583094e+06
4.046717678383174934e+05
8.312556202249716735e+05
2.210172709111521952e+06
2.187478274838429352e+05
1.502453351821454242e+06
7.379476317536800634e+05
1.755029502265188145e+06
4.549515413225007360e+05
3.678375477663247148e+05
2.297167056174609810e+06
1.412229007639800839e+05
3.278431318363617174e+04
2.212145044266649056e+06
1.140362284174798406e+05
1.083140016324904900e+04
8.629627999341837130e+05
2.685600722275671549e+06
1.143941080233447254e+06
7.996152101607415534e+04
3.411997649976312532e+05
7.424152081606383435e+05
2.357027705281551243e+04
5.162276259226112743e+05
6.753150545909301145e+05
9.978165582067769021e+06
5.912583786204623757e+05
7.377227759707395453e+05
7.575034939831055235e+05
3.251281309748538843e+04
5.958213683922754135e+05
1.766073468969220528e+06
1.270513034235430969e+05
2.736818805349863833e+05
8.208379588953907660e+04
1.169591150443888182e+05
5.100385091925515444e+05
1.808950392507958168e+05
6.161616728459262522e+05
3.208113320913804928e+05
5.689365177814861090e+04
3.513966606100228382e+05
6.374468078214301495e+05
1.980283584267102124e+05
8.304522690393829253e+05
1.239493526936042908e+05
5.069419558142942260e+05
5.036960347595871426e+05
8.637364733224716038e+05
6.501948471827617614e+05
1.181230980344805168e+06
2.664642306559110293e+05
5.517543682124598883e+06
8.357412617147912970e+05
5.495031625919480575e+05
4.008794138976003742e+05
6.222512352945486782e+05
4.428031010335994652e+05
8.417259798277063528e+05
9.354113139407715062e+05
4.445826783974649152e+05
1.738976041118578578e+05
1.873345710430510226e+05
4.034627532728475053e+06
3.629799317607008852e+05
9.118646024431303376e+05
7.858958344933418557e+05
3.188462668102418538e+05
2.755234270142329624e+05
3.763033088076896383e+05
2.521760645041118842e+05
3.270416442888446618e+05
3.653008212518335204e+05
1.800957480526733212e+06
1.240518433795455057e+05
6.363242178520435700e+05
1.364534556160666747e+06
2.665908000332647352e+05
1.724432386908613262e+05
2.502552881467066181e+05
3.632740129787257756e+05
4.327477053993007867e+05
2.567605346111136896e+05
1.803718909625047818e+05
7.634117095995284035e+04
1.004206185110017890e+06
5.830777599607553566e+05
8.076814149815475503e+03
4.143168706560097053e+05
3.663020198013453046e+05
2.459677464724836464e+05
4.388705680972476257e+05
5.862675464170549531e+05
1.209034684780696174e+06
6.967595803508412791e+05
9.844329075104127696e+03
1.130079562055438524e+06
6.011311211950167490e+04
5.776749655693393433e+05
2.854084058140618727e+05
1.470353965841407771e+05
2.146860637075010221e+06
3.041135517333078315e+04
3.427836149976304150e+05
1.909517133001119073e+05
4.349626245742870960e+05
4.153215141426142654e+05
2.173711660221300190e+04
3.116019335153726279e+05
5.946912757355066715e+05
1.971047798017167370e+05
1.268700939650715329e+06
2.406667925068591256e+06
2.059648657576966798e+05
5.611430174511993537e+05
1.480891923922089860e+06
2.451369569237179530e+05
1.368337768084726304e+04
7.847559450188719202e+05
2.628335695666777319e+05
2.077712805982738428e+04
6.786249317116563907e+04
9.850053288445119688e+04
7.381465434284359799e+04
7.642195066072398331e+05
4.888844868338194792e+05
5.691215967558291741e+05
3.260397673057507200e+04
1.902726423779453151e+06
1.107451798061752692e+06
1.638381516493541712e+05
8.891887734433852529e+03
3.269800230832807720e+05
2.491719868883957155e+06
1.179962212062339531e+06
3.865595369440653594e+05
5.106487439532828867e+05
9.052409398657377460e+04
2.557349031480915437e+05
2.002628699369072274e+05
1.757740135827573540e+05
2.425779471494716126e+05
1.201447645038560964e+06
7.789291819492026116e+04
6.373613002321451204e+05
2.241975118909364028e+04
2.662327032040797058e+05
4.647230949421187979e+05
3.441354178172111278e+05
6.975040255780360894e+04
1.069511171102970984e+05
1.766066459559319628e+04
5.888878434096229030e+05
3.340229081741157570e+05
8.257548273440233897e+05
6.744426261279598111e+05
2.324547306504232401e+05
7.042441429801806808e+05
6.586679439286927845e+03
6.841271062954173249e+04
3.581533191815564060e+05
1.898444994101533666e+06
5.175251014380034758e+05
7.613301316100401164e+04
1.941061336605045362e+05
6.988842344910833053e+05
1.500125210522491579e+04
2.716922382793707307e+06
4.919907719217977137e+05
7.846211869817230618e+05
1.795909804674117768e+05
7.107641067616720684e+05
2.388000251217001933e+05
1.340715296968877083e+05
1.403854199549889425e+06
4.466600361153336242e+06
7.278686603948796401e+05
6.527864793432801962e+05
6.268728156206145650e+05
4.212822642228826298e+05
3.000475418005468673e+05
1.080073845321230037e+05
1.019559809866579744e+05
1.512537039531179762e+05
3.536602721111720894e+05
4.789659944250170374e+05
9.984163185940044932e+05
5.906673660964255687e+05
2.502186094187643321e+05
2.098871254572983889e+05
2.728805060484515852e+05
1.686597821285518876e+05
1.265353739216597285e+06
6.879857357125084382e+05
1.775573591951406794e+06
5.290978603693492478e+05
2.348046591851979611e+05
5.333330352589341346e+05
1.408267992553843069e+05
1.803119864869520243e+05
2.764263132647778257e+05
1.286752797844868910e+05
2.181284622998278064e+05
1.844431280165244825e+06
2.486279026080794938e+04
5.322687535980106331e+05
1.380307784914722142e+05
5.718501650611057412e+05
6.179163504310937133e+05
1.091598384230819996e+06
1.606674331000022357e+05
2.683200588780550170e+05
3.399002383710887516e+05
7.440922240175784100e+05
2.959379646320102038e+05
4.212972027112332871e+05
2.797285618476796080e+05
1.672822743211037305e+05
4.496131951869149925e+05
3.469597904737743374e+04
3.427393655747734592e+05
1.797258376346550649e+05
4.472376785152891534e+05
2.961680000067121582e+05
3.460208735371588264e+05
1.464299052313942229e+05
2.466711572261922702e+05
1.717037252392582363e+06
7.126794908232165035e+05
3.135188296123920009e+05
1.268467933428724995e+06
2.381550054701895278e+05
5.439686942083729809e+04
4.684295591510303348e+04
8.245098619035128504e+05
2.140108163011139841e+05
2.356097918456365296e+05
1.973700238481865032e+06
1.638592050019075396e+05
1.746105432913786499e+05
2.081272651929630665e+05
2.370771895810847636e+05
1.917866286359048681e+05
1.600535953073333949e+05
9.301220056733122328e+04
8.034484726066298026e+04
3.489170398314139456e+05
4.824701708896239870e+05
5.885358225857139587e+03
1.391047449159598036e+05
4.278379040789676365e+05
2.837267339248102624e+06
7.165907606022380060e+04
3.680588734206254594e+05
7.727977605734424433e+05
1.624672268212552590e+05
2.242089770174318401e+05
1.096739386181987938e+05
8.739933342427097959e+05
1.136068689209090080e+06
3.272618636431457009e+06
1.032694483727679937e+06
1.715690334782699065e+05
1.014815879302056506e+06
2.825124059424845109e+04
2.489616368352888094e+05
3.920649915031814453e+04
1.029694977518584201e+05
7.451768071282951496e+03
6.483594430055086268e+05
1.477650010815660935e+05
6.974985218455272843e+04
4.991941909266823786e+05
2.357069668215038837e+05
1.153469272809189861e+05
4.823054793938676594e+05
2.156598768353654305e+05
2.071489748935776879e+05
1.554149879997207550e+06
1.255628346771377255e+05
3.007728671068542753e+05
1.038013309328151663e+05
2.521874002886234666e+05
1.495059292453421047e+06
1.117487885191215668e+06
3.779536866026232019e+05
6.103289077474252554e+05
4.548372374339923263e+05
1.311543812462824280e+05
1.681931524604945444e+06
5.704031985912291566e+04
1.936898252108470188e+05
1.535877325524614425e+05
9.107688981560207321e+04
2.713919691155647743e+05
1.576564744732865656e+05
1.142089487377131882e+05
9.573853693108024891e+04
3.998052067378960201e+05
2.270087077368501108e+06
1.176418182576243067e+06
9.646229229817837768e+04
7.196866502635282814e+03
2.086559971177862026e+05
4.260532739614561433e+05
8.080431499338884605e+05
4.665009698505975539e+05
2.531924765786277203e+04
1.850860484388234327e+06
3.396002386025890592e+05
9.428921932874714257e+05
3.783718307843178627e+05
1.969619588922599505e+05
3.120349550107188523e+06
4.665468057481843280e+05
2.691709227272699936e+05
7.870518598778927699e+05
4.207909911825194722e+05
1.217374266370142344e+06
3.718374017409844091e+05
6.469571132989630860e+04
5.771007241613112856e+05
1.339747447013838064e+04
1.105138113098511676e+05
3.562880551650295965e+05
7.403889070121736731e+05
1.770565719802949170e+05
1.219000727617683151e+05
6.190317338411887613e+04
8.643876762650164892e+04
1.062474453696870296e+04
5.545006228989521042e+05
1.845584514849110274e+05
1.041604736739917571e+05
6.596176677899615606e+05
8.046510759014353971e+04
1.004282627698812634e+06
2.401670839844146976e+05
5.889186411280803150e+05
1.147617770695849089e+06
2.165981494035539217e+05
4.219525148410789669e+06
1.809807659854942176e+05
4.296324527868042060e+04
7.199033122070497484e+04
1.822167915824945667e+05
1.376838003798739519e+05
3.220800059265885968e+06
1.364847455380121246e+05
8.886002415459054464e+04
1.181278365364341997e+06
1.719462317780614831e+05
1.301057462346190121e+06
2.680590426338816993e+06
2.337148239943955195e+04
1.592201523114528391e+05
5.128005592676898814e+05
2.023751260151947848e+06
2.801761428791843355e+04
7.979958263282026164e+05
1.129247690911232028e+06
3.614586690588438796e+04
4.016262009647657123e+03
3.045081854521465721e+05
2.974721562170948018e+05
5.418537974414025666e+05
6.836720683556532022e+05
1.327964570845485141e+05
4.011306236535012140e+05
2.076273024714866551e+04
8.943090836357911030e+03
7.081289371164991462e+04
1.153918486456634244e+06
1.861940843852240359e+05
3.044063677251722547e+05
4.038973663301247288e+05
2.741614249473619566e+04
6.169477397700062720e+05
1.688982750057553058e+05
5.826879468989612360e+04
2.010436136334726121e+06
2.188598049681153207e+05
3.260411432358057355e+05
1.245513093298660824e+05
2.527351590339148534e+05
1.016584958485681913e+06
3.069299017582238594e+04
1.681706813795961716e+04
2.449829545549422619e+05
2.809511410165586858e+05
5.656632786285786424e+05
6.822766692064653034e+04
3.402427310966983205e+05
3.068306249218008597e+05
7.288307456090175547e+05
1.110276955596346525e+05
7.295211565686246613e+05
5.129605954243238084e+05
4.831176246090225759e+05
5.774678081065758597e+05
1.156659837390865432e+05
2.813292347165586398e+04
1.516408700026720471e+05
3.896513695810542413e+04
3.421353234094700892e+05
8.521981539086819976e+04
6.747830469804885797e+05
4.376176581208808930e+05
5.747949976293103537e+05
5.732961131014514249e+05
5.228128380139967776e+05
5.475258109705239767e+05
3.275720967826993437e+05
9.199198468723770930e+05
1.532264561039104883e+05
1.039375707157393917e+06
1.881084283161757339e+05
1.104286863443828770e+05
3.202082527393305209e+05
4.538154362994909752e+05
1.469973239572677994e+05
4.843014656188146910e+05
3.163113226818779367e+05
9.240547579302639861e+03
1.976552510095721227e+05
2.677088614999320707e+05
2.310866075458350824e+05
1.461621894786399498e+05
1.706369021096323559e+04
7.409257696760386461e+05
7.755755733176673530e+05
8.400899513281697000e+04
1.192144171182491584e+06
6.876879040337172046e+04
3.342016600781498128e+05
7.829878583156935638e+05
5.747103369761615759e+05
9.789301534059434198e+05
1.908211146757135401e+06
7.842485203905720264e+05
1.633586271870048076e+05
6.601791888371919049e+05
1.544768873940465041e+06
1.300051719429266523e+05
1.079412520199518185e+06
3.611112873093776288e+05
1.021441749616564251e+06
1.021048126369159552e+06
7.801319641839619180e+03
2.573135054510295595e+04
1.143551124648136465e+05
6.210603569520505844e+05
1.305021954680311901e+05
1.214032678528482094e+06
1.392859773931391828e+05
6.534611961501203768e+04
1.005423246305163135e+06
4.473941768816903350e+05
2.607546379477039736e+05
5.762361044138158904e+05
9.533747680453072826e+04
2.036992043761373207e+05
7.320508112996820128e+05
9.943964250561952358e+05
2.334429603709748189e+05
1.903798305116551055e+05
2.727946097270466853e+05
3.680471024751020013e+05
7.235972998972244095e+05
6.679417440164955333e+05
8.546090980420132400e+05
1.909437997715232195e+05
6.380775055780673865e+05
2.899523053570518969e+05
1.171114893205272499e+06
1.050036557871779660e+05
2.519947081362882163e+05
1.033890891055885731e+05
1.316541733037829690e+05
1.933034040819803486e+05
4.387151808940964402e+05
1.310185145807171473e+06
2.925912443318995647e+05
2.010889484860077209e+05
3.803812201161904377e+05
2.404835222655156394e+05
6.002082139784881147e+05
1.543069451519695576e+05
4.712822880279163364e+05
6.469390970711153932e+05
1.026835315324968251e+05
1.424300739804762998e+05
3.980318430233828258e+05
5.283334473806204041e+05
3.402403219475281658e+05
7.452471641536818352e+05
7.462450885649570264e+05
1.858823284711872984e+05
2.972816841365224900e+04
3.419193953247222234e+05
2.306457149487702409e+05
3.530298561878576584e+04
6.418613118254479486e+05
2.030439143574957969e+06
2.136175202597511816e+05
9.989610251391504426e+04
9.029586275708674220e+05
7.594330021599915926e+04
6.852543821455115685e+05
4.130306781927075353e+05
3.568428527685277513e+05
3.566509051318868296e+05
2.988663276795935817e+05
1.024387263311460556e+05
2.011928244023894949e+05
1.033701318849196541e+05
1.048197635164466803e+06
2.311612960579908031e+04
3.015688946298932424e+05
4.585275518157124316e+04
1.360081073219426908e+06
2.118058128663381503e+05
1.066703998355791264e+05
5.161062327890695073e+06
3.691528492546626949e+05
7.082598577340327902e+05
1.744723544480357319e+06
3.589338044637208804e+05
6.241842598539078608e+05
5.563666212055865908e+05
2.379293038646500499e+05
4.305741900747189648e+05
1.109466356112879934e+06
6.542746978945762385e+04
7.017756707515123999e+05
5.794898596781824017e+04
2.176637337352074392e+05
6.304653942011569161e+05
2.453848346970983839e+05
4.758209095300994231e+05
1.581761135048491415e+05
2.298408328486847749e+05
4.424749486235074583e+05
8.597365220292949816e+05
7.620105967346450780e+05
6.050574831963042961e+05
3.469282032789889723e+06
2.009177957010085811e+05
2.325636378676493652e+06
1.940549878711241996e+06
6.086176731135875452e+05
2.346994877028785995e+05
1.237630644695219671e+05
1.835128565564790624e+05
4.305800716910097253e+04
4.409815754688468587e+04
1.884070902402613719e+05
1.868192355906549201e+05
6.801263939592137467e+05
5.055859154178195167e+05
2.929217145841983074e+04
1.819745661946441047e+06
6.246038154008116107e+05
6.642496422467833618e+05
5.498722639477247139e+05
6.654247102652919421e+04
5.235499946736321435e+05
3.142628345887117903e+05
1.397327137284224445e+05
1.018161694414106547e+06
4.957204370047280827e+04
4.630768837351917173e+05
4.972962295774995582e+05
2.297994248413814057e+05
4.027055091166747152e+05
6.532628234296470182e+05
2.103401405233124678e+05
2.607510692693901656e+05
3.360339454740664805e+05
6.941548922484560171e+04
1.568339428384354105e+05
4.581686101525007980e+05
1.376092326598352229e+05
2.146806855996137601e+05
1.909169448536057607e+05
1.102901094951072708e+06
7.672998056767322123e+04
2.184522302706195042e+05
4.917398811378396931e+05
2.866218303839245928e+05
9.026426333583032829e+04
3.480256385707841255e+05
9.388580914409350953e+04
1.389347044407517649e+06
1.095092379040602129e+06
3.769283575502802851e+05
1.876511541307408479e+05
2.748700846898789750e+05
5.132522638452915708e+05
5.692705404109201627e+05
5.171100804071805032e+04
2.396781644308726536e+05
5.990295700693519320e+05
8.844552793542610016e+05
1.251293098633360816e+06
3.187681065112300566e+05
1.056389506554948312e+05
7.676325143522326834e+04
1.399582238777189748e+06
3.395142716701130121e+04
1.050409988246325171e+06
9.763405189343690290e+04
4.495010726384878508e+05
1.484571427677958272e+05
1.362786597344619222e+05
1.432140358343082698e+04
9.116060086456941208e+05
2.222229432783683878e+05
3.352251425035153079e+04
2.284853496146312318e+04
1.361991350649981468e+05
7.476133288725938182e+05
2.885241261762748472e+05
2.362957362610632845e+05
3.629094225740299444e+05
3.463723947795905406e+04
1.772115373002405395e+05
1.205331954373259214e+05
1.550155614683112944e+05
1.627907897049679887e+05
7.897320469774007797e+05
8.980444923493509414e+05
1.075726554502127328e+04
2.322107956115846464e+05
2.792165290912342025e+05
2.342890998214242281e+05
1.634472489595724328e+05
4.710174921347064083e+05
7.454379176987388928e+04
3.221556695912346477e+05
9.419873395787303161e+04
6.122917406287835911e+05
2.862570662514323485e+05
6.824107425783013459e+05
8.570287868238368537e+04
1.175506529760087142e+06
2.274212517212961757e+04
7.580139109693765931e+04
4.735561995418637060e+06
9.315188700057241658e+04
7.296380729888024507e+05
1.054193134405646706e+06
3.644329634880748927e+05
6.252842874993857695e+05
2.498503667302411050e+05
1.238313129312973615e+05
3.048193537090921018e+04
5.583555168299819343e+05
1.971973228141763480e+06
4.514184282995258109e+05
4.957558528511816985e+05
6.786054310527640628e+05
1.423911507437469903e+06
1.552122550234684604e+05
3.179824807599315536e+05
2.938821788218411384e+05
2.043523031069323770e+04
1.289534537126166833e+05
2.302455524092724663e+05
1.101934936795369256e+06
2.699194087487222278e+05
1.655878526795415208e+06
6.978433992429190548e+05
1.071334901003577834e+05
3.682506190858148329e+04
2.210928590967091150e+05
1.527508289717595326e+05
1.264330378494381206e+06
1.026729845950635150e+06
2.453476433501104475e+05
2.356614115867396351e+06
2.896373186012837687e+05
3.849407178366608568e+05
1.112115058333086548e+06
1.840237475670399726e+05
5.159698888069613837e+06
3.441641689382714685e+05
2.440435956193097401e+06
4.487310038811840059e+04
5.024167214923648280e+05
2.795252088092398481e+05
6.467772758765774779e+05
1.661502805891790485e+05
3.604906476752875606e+05
6.743364455754314549e+05
8.207013478488785913e+05
8.140501873040504870e+04
1.631877799135555048e+06
7.416148963237986900e+05
1.046405453756757779e+06
3.604038558126845746e+05
6.034235001439256303e+04
5.046838633497548872e+05
1.607479497066548094e+06
8.520798253456308157e+04
4.577618587182324700e+04
1.350568153199578810e+05
4.816102626954532461e+05
4.408036885410330142e+05
4.520803537728574156e+04
5.497999302891470870e+04
3.133554488118166104e+06
4.500811613419482601e+05
3.081668609394842060e+05
6.551430225813780999e+04
3.096019325682276394e+05
5.053247658508125460e+05
6.522674859926146019e+04
1.069104130597938056e+05
3.265264145082287723e+05
1.205080353734058095e+06
3.568392934021567926e+06
1.668439074470003136e+06
7.665394681817082455e+05
1.019965915540672373e+06
6.068792285256390460e+04
1.414172727503119677e+05
1.119319236753069563e+05
2.744574622858371586e+06
3.667149881453922717e+05
1.530906911358562065e+06
1.350099804093717539e+05
8.512879116594036168e+04
1.531045727365672356e+05
8.103706964783164440e+05
6.155775280225870665e+05
2.550628711823965714e+05
4.566871378138600267e+05
2.101366344900124241e+05
6.789433655723597622e+04
1.496520671762260899e+05
2.308338904534008179e+05
1.582356157256709121e+05
1.732002045929357701e+05
7.548807987066285568e+04
1.100537550314081018e+05
9.298559962816933694e+04
2.846039949540438101e+04
4.415724593743646983e+05
8.745616436758419150e+04
2.690287025193318259e+05
7.884961625620299310e+04
2.236630570751760024e+04
3.292509221385136334e+04
6.005511036770397332e+05
5.936356039327156032e+05
3.201896691025314503e+05
6.948591293342969147e+05
8.414066892081178958e+05
1.314389993582808878e+06
9.280610704946817132e+05
2.248576075779705716e+05
1.867784737740115088e+05
4.094772301093154965e+03
3.266405852121479693e+05
6.944139826509855920e+05
6.234065362394509139e+05
2.302933171793112415e+05
2.702724770351799205e+06
6.718708955168382090e+04
1.800359638340312813e+05
3.214615375120500103e+05
1.436709461492244154e+05
3.246814924630400492e+05
1.943943307988096203e+05
7.120772778998449212e+05
7.508554947437251685e+05
3.463228090149976313e+06
7.106450915717320750e+05
2.190784139583402139e+05
2.800094348307584296e+05
7.507588770639533177e+05
3.472111087442783173e+05
1.250248939857201185e+05
1.399455461456942139e+06
3.431802631774704787e+05
1.563782010444354091e+04
3.702618040401894250e+05
4.117255321890073537e+04
4.170427056141109642e+04
1.547463009488852404e+05
1.746781151327741682e+05
2.949632815932666999e+05
4.232380957815551665e+05
7.756692869495932246e+05
9.517957183763632784e+05
5.662063816763999639e+05
3.489698961883013602e+06
3.814233686525573721e+05
5.936789084576894529e+05
3.175974086898927344e+05
1.170404271011196310e+06
6.906334115359259886e+04
1.551575703239587892e+05
4.009578836705078138e+05
7.778933251516683958e+05
1.029489419262666634e+05
8.521052350837007398e+05
1.355546239272968611e+06
8.606589176896424033e+05
1.730310710703056830e+05
1.149017812032726593e+06
6.700732548439735547e+05
8.889186937649499159e+05
7.753320910710603930e+05
1.524583264235286624e+05
2.895298681718250737e+05
6.555619653691860731e+04
4.827028393765757210e+05
1.052011004937556208e+04
9.104576438491891604e+05
2.804688383824276971e+05
1.290268648213806562e+06
5.871603611525977030e+05
6.564052540720139405e+03
6.612767976933266618e+04
2.610739276573195239e+05
8.854934875345132605e+04
3.774312942223981372e+04
1.137572427606655983e+06
9.497414375563468784e+05
7.937229386926273583e+05
2.633174603273156681e+05
6.739645316906715743e+05
1.843611150762860780e+05
4.232922269746095117e+04
1.023368747957576416e+06
5.269609169312035665e+06
1.358834074381531216e+06
2.392959110300526663e+05
1.143034684990753740e+05
2.170555353411653079e+06
5.380411204647982959e+05
2.165400107965008647e+04
1.130173068961889017e+06
1.650813747715397039e+05
2.928120185517535720e+04
4.322126230367741082e+05
3.700383370717888465e+05
6.688332847661182750e+05
2.855435397330285632e+05
1.985169356434330693e+05
2.882131151391965337e+06
6.376297166950086830e+05
1.509020007215686783e+05
3.704507832855172455e+04
4.071861597508163541e+05
9.877856364267137542e+04
3.162037380924465833e+05
7.539415017064595304e+04
3.120129857211967930e+06
1.447570428056842182e+06
3.946777717705008690e+05
4.765336370326908655e+05
5.575160502379426034e+05
4.252316596760557732e+05
6.566641033946661628e+04
8.292283531013816828e+05
4.877639376547186112e+04
6.988727564740346279e+05
1.836571425703043060e+05
9.601040441074905684e+05
1.134558207401607418e+06
1.518792573659328045e+05
3.647264540773774497e+05
8.037603083283937303e+05
3.569416515464294935e+05
1.778134506871625199e+05
2.273152958486686402e+05
8.845899520238883269e+04
1.136327052037914982e+06
2.032629740600627556e+05
9.879893548893986735e+05
1.938979167588614509e+05
1.581356330847983714e+06
3.922871338028301834e+05
4.951717994177216315e+05
6.116417576604215355e+03
4.862436115673803142e+05
1.488817920185986208e+06
1.129447359068886144e+05
9.308346890138705203e+04
1.331137903633723268e+06
7.266265482434262231e+04
2.987816656296823930e+04
6.331962087368444372e+03
1.345593971802910382e+05
8.208080896921252133e+05
2.089935988597592514e+05
7.648030684636865044e+04
2.716186057890136726e+06
2.057216388103099889e+05
1.029725508258035872e+06
7.569775140662536724e+05
2.762925687511960277e+05
2.335210685781458742e+05
5.203151249689745018e+05
4.145804620769136818e+03
1.732486311705573462e+05
3.695705585184617084e+05
9.265975496500504669e+05
7.329643894408377819e+05
2.623353554558530959e+04
2.890524869984419202e+05
1.929550563588029763e+05
5.732558922981551150e+05
9.840777525447077642e+04
1.264194658751878451e+05
4.503952531674875063e+05
1.112892103336766304e+05
1.296451046895494510e+05
4.998587975235244958e+05
7.298210919755878858e+05
3.693457052848923486e+05
1.997615470457457006e+06
6.568884499853148591e+05
2.995744271245368291e+05
3.173363063372683828e+05
3.478990563683076180e+05
3.849275980603271164e+05
5.677987393543934450e+05
7.530585236603532685e+05
1.255353876612812048e+06
1.706249022420889232e+05
5.916051985303236870e+04
2.443421658959532506e+05
8.571879727186138043e+05
3.576527043991051032e+05
4.337390530714462511e+05
1.262161310993371299e+06
5.317276164346680889e+04
5.399014451828136953e+04
5.528749070328550879e+05
1.748055226480906422e+05
1.137153486416461179e+06
1.082765195586772606e+05
2.870802465584778693e+05
7.439354209836717928e+05
5.559827902535779867e+05
1.630586270868485153e+05
1.565257222205484868e+05
4.400643039818855468e+05
9.010961433493209188e+04
4.109189225415603141e+05
7.305076656784181250e+04
2.786002500612185104e+05
3.068569988875964191e+05
1.829047710615257092e+05
1.555135741914161190e+05
1.240040757121701463e+05
1.305946233571287157e+05
5.492664304479397833e+05
2.799013026295258896e+05
6.498055494257442188e+05
5.519918332743237261e+05
1.244350370007980964e+05
1.262624278865500586e+06
3.578989287747774506e+05
3.384653704516686412e+04
4.297632719789837138e+05
6.871956491098287515e+05
2.199935683722230315e+05
2.018869596813080367e+06
4.829530908076265478e+05
3.938705035509883892e+05
6.902255237693886738e+04
2.401128309495012800e+05
1.783266826609614072e+05
1.876266344716900785e+05
7.152316843980149133e+04
4.339183290955066914e+05
2.465866321715457598e+05
8.163266309159497032e+05
9.022037675210573943e+05
2.338738717691321857e+06
1.518766009287854249e+05
5.625119333435400389e+06
2.494836569646673743e+06
1.333486192427662900e+05
6.291053947018581675e+05
3.680008929583586287e+05
8.417948447515377484e+04
7.259480461659611901e+05
2.295851081028628396e+05
3.495151269358234131e+05
7.039058717715766979e+05
3.394429841118091135e+05
7.723977403221076820e+05
1.742589311604781542e+05
1.545761979868065100e+06
2.118291230733900156e+05
1.997359412323595898e+05
1.073259664583535166e+06
7.860123077202400891e+05
3.532316315667368472e+05
4.212954277518575545e+05
6.167700311752238777e+05
2.249971387509887572e+05
4.002752603788393899e+05
4.081200225087472354e+05
5.950811773246125085e+05
1.258376233479949879e+06
4.013418478040351183e+05
4.141821200311359280e+04
2.203937952463917900e+06
4.007561693789308774e+05
4.715824416434601881e+05
3.816293268620768795e+05
2.921301544377128012e+05
4.860114751190561801e+05
5.096337345102609834e+04
8.754405244567942282e+04
2.336947631780660886e+05
3.840892878179601394e+05
1.403603357958113775e+06
2.398662624950997415e+05
2.526300963416671380e+06
1.503476602107727434e+06
4.078061737688224821e+04
5.834390107624965021e+05
1.260151181335330039e+05
2.243936414169637428e+05
3.962674249053689418e+05
5.582910731856159400e+05
2.123862988274199015e+05
2.370896968572521873e+05
1.158770147280129371e+06
1.129317203106527595e+05
2.511824050830169290e+05
1.390100691310581460e+05
5.696725595172463218e+05
6.860727376784671098e+06
9.809917497788190667e+04
1.057967596143007249e+05
1.029155135386038019e+05
8.401225370539928554e+04
3.586054156632132799e+04
7.974771987869592849e+05
2.246318386220155284e+06
2.576547499651513644e+05
1.824610663178982795e+05
6.361329632412762148e+05
8.303519442681010114e+05
3.513054324947710847e+05
3.865974818797497574e+04
2.173439758056057617e+05
2.863017909739520983e+05
3.535284669272652245e+05
1.788490950591256144e+06
2.165612706646088976e+06
3.914459988649183069e+05
2.589939885563493590e+05
2.241027900213714223e+06
1.542109866951817414e+06
5.334562887133613913e+03
2.488854902352040808e+05
2.377767698965724849e+05
1.865421074964452535e+06
1.071255959132045275e+06
1.244131606154341716e+06
9.336090951797775051e+04
6.508896517551243596e+04
1.607915150554911001e+06
9.589221100884117186e+05
3.092824923366535804e+05
3.341109448347464204e+05
1.669419610180793388e+05
5.228475126332360320e+06
4.992651346461207722e+05
2.074263265351790003e+06
1.485829536915700010e+05
3.456754473985432996e+05
1.679561089553272352e+06
2.047120777170618530e+06
7.254756478138716193e+04
7.789013977229928423e+04
1.261686195252714213e+06
6.451671328878746135e+05
3.723040943470026832e+05
1.391958185417792411e+05
2.253090585964138736e+05
9.723397133614243940e+05
1.759576551007776870e+05
1.134037662042333250e+05
5.398457515269193391e+04
1.414655125001842098e+05
2.329699859717752261e+05
2.143058355679167435e+05
2.858998679432108067e+06
2.633964256702616112e+05
1.979211357416400569e+05
2.856150778246315895e+05
3.732516502332737437e+05
6.240540823885179125e+05
1.418317124589009327e+05
3.836189615594981587e+05
2.237306699480174284e+05
2.197587468122411228e+05
2.684977659213749575e+05
2.479505653908518725e+05
3.588644810429145000e+05
3.490610096148727462e+05
5.250713282658590470e+05
2.673071166370812571e+05
6.068021591556852218e+05
7.589474260915255581e+04
1.166456016426591377e+05
9.904140648768369283e+04
1.597645134026636370e+05
1.502399591963796876e+06
3.318976133290519938e+05
2.391703377028777031e+05
6.671308822051169409e+04
3.462217931439795648e+05
5.448513179784753593e+05
2.821125102798813605e+05
2.301077279899153800e+05
1.046463805767966842e+05
2.075649874780860264e+05
1.751109346772123172e+04
1.773161956167114433e+06
7.940834970530928695e+04
3.845221070607102592e+05
2.649563787179217325e+05
8.424956825275199953e+05
1.671433330388631148e+05
1.277985475260501844e+05
1.714842520819104975e+05
6.914561029936469859e+05
5.187263433934593340e+05
9.152835967461754990e+03
8.700244195829760283e+05
1.368196771439988515e+05
3.215767090008425876e+05
6.486201520059179165e+04
1.621664343975105839e+04
1.672255739422192099e+06
8.332722513542573433e+05
3.227329632898751297e+05
3.715629102484253817e+05
1.565428762413140852e+06
2.992996095981692779e+05
7.121993613798820879e+05
4.790103986423075548e+05
1.076671327401853399e+06
2.404146504719895020e+05
2.496136339539050241e+05
1.937633386319758138e+05
3.747395539598969626e+05
9.313810228013014421e+05
1.242347690664082184e+05
4.287225662462272448e+05
1.947438190721326100e+05
4.738699184354825993e+05
7.328497242410539184e+05
1.207685093536783388e+05
8.722293565383552341e+05
3.841082658563469886e+05
3.002048835866750451e+05
2.144523798443445121e+05
3.367345082010620390e+05
6.058117380946568446e+05
1.938142983455820358e+05
8.799034585212605307e+05
1.164427367830041039e+05
9.984413441517711617e+05
6.430105006299335946e+04
3.704811870319856098e+05
7.984086740698514041e+05
6.984495829363925441e+04
2.749571401798349107e+05
1.585502416687062650e+05
4.634942874816692783e+05
8.109503442521851975e+05
1.579232526527988492e+06
5.249696815051593585e+05
6.242355452001737431e+05
2.029236198765182053e+05
6.246559699794865446e+04
1.041371078403231950e+05
2.842982238133596838e+05
8.285069014452202246e+05
1.302157264628480887e+06
3.433843026105125318e+05
2.693262066465623793e+05
1.894954533502926817e+06
4.245009406809906941e+05
