1.269348794471730012e+06
8.054059231822311995e+04
3.357325229343368206e+06
7.976632971278668847e+05
5.826956266833021073e+05
1.454724149075024994e+06
1.012177503075089655e+06
1.245405331962319615e+05
4.534892438759073848e+05
4.259945313947733375e+05
1.049561952436452964e+06
8.374384828695914475e+05
7.561136881146677479e+04
5.821427827691865386e+05
8.942597940828540595e+05
5.066190224032705737e+04
3.250272613602533238e+05
1.009332153907657601e+06
9.348258284430656349e+05
5.950370766355424421e+05
2.065260890612800140e+05
1.419192393118710897e+05
2.916006352160711540e+05
4.891640123994682799e+05
2.095290144150195993e+05
3.242941699202803895e+06
4.289561690006661811e+05
2.936553700541797443e+05
6.052906730261953780e+05
5.039447093086460955e+05
4.373046465931793791e+05
8.427649387607281096e+05
1.340567206103236647e+06
3.782238510123512242e+03
1.109764639391288074e+05
3.293098935928592691e+05
5.695067223625893239e+05
6.905930578888450982e+05
2.891043341171720531e+05
1.656272199457038660e+05
9.376658357626700308e+04
5.610766361570444424e+05
2.341585230685700662e+06
1.149106481510003796e+05
1.035343133720943821e+06
1.290340734121752204e+06
3.298168369842016604e+06
3.555090070133334375e+05
1.626370654719573678e+06
3.249363035959961708e+05
5.917395890177669935e+05
3.948066886506431038e+05
9.763128050515624636e+04
8.620972585264451336e+05
2.172887929354938678e+05
5.202519790717436117e+05
2.597329839210559148e+05
4.172540113424212323e+05
2.486464515842083842e+06
1.843703686081048218e+05
1.410254714243659517e+06
5.917138913139222423e+05
1.010116296126354137e+05
1.371083142597464321e+05
3.308975230632471503e+05
3.024414272649754421e+05
1.125757199670056289e+05
5.215324352108028252e+05
2.289143488575066440e+05
9.442975381925567053e+05
3.290072118212818750e+05
7.217287055336359190e+05
1.310589495237271069e+06
2.703418818705248996e+05
2.854513109902387019e+06
6.737052565820037853e+05
8.409724430114642018e+05
9.738795340831794310e+05
1.670066416731601639e+05
5.019427155977358343e+05
1.727712425524837163e+05
2.600556402716112207e+05
2.891676861579992692e+04
1.564646672350086155e+05
4.256639974198645214e+05
2.335959173921954818e+06
1.898634807059044397e+04
5.165200059673750075e+05
2.435547559698752884e+05
2.896739657593073207e+05
7.051906432087252615e+05
1.396658539274043578e+05
4.469945321177864098e+05
1.217976904085388873e+06
3.941747689048295724e+05
5.221458292503262783e+04
1.139712555798656074e+06
4.018056557417564327e+05
1.354952257666316291e+05
1.187443559613689649e+04
1.876791893746386631e+05
5.759899122815662995e+05
9.980270277342250338e+05
3.769466177417679773e+03
2.746442381913191639e+06
9.819379419375261059e+05
1.393232055187743157e+06
3.725554138165641925e+05
9.503834572236736130e+04
8.555589804066647775e+05
3.165668547611609683e+05
2.373249169863370480e+05
2.667428376020170981e+05
1.197274771414492279e+06
1.113859363037002739e+06
7.889464500595872232e+04
9.497628050629504723e+05
1.035191400325765280e+05
1.633257230401048146e+05
3.175378392149518244e+06
1.130680406040416565e+05
6.280006275386385387e+05
2.134105756233164866e+05
8.167382805675734999e+05
3.058937246701471304e+04
8.277403323902001604e+06
6.724587858753342880e+05
5.874800302604322787e+05
8.195284107579939882e+04
2.529438335982771125e+06
1.793643962374877010e+05
7.091386694959629094e+05
6.208544069121873326e+04
2.168753180977815646e+05
2.984199119435471366e+05
1.301094227667674422e+06
3.420309647988777608e+06
6.297618275393525255e+04
1.088483478544762766e+05
1.665696681523442385e+05
2.752837408042936004e+05
5.099530433164681890e+05
1.909400864924951748e+05
2.101782523788505569e+04
6.848553996900703060e+05
3.030028956569713773e+05
1.623543069619602466e+05
1.094673205622255919e+05
1.751975376428465825e+05
9.241276497016422218e+05
1.258462778504486894e+06
6.611397712542134104e+05
7.006348036389575282e+04
4.292034685904905200e+04
6.045545223257993348e+05
1.253460945067044959e+05
9.397195045826139394e+05
7.588694026211836899e+04
2.099513128989886609e+05
1.676956207605164964e+05
8.756734040850445163e+05
2.464814978756050696e+05
1.122937238338049036e+06
1.164345474708937254e+05
4.373748496105238883e+04
6.643100142507065320e+05
7.569186829127826495e+05
1.059567041405550553e+05
1.982628914859210490e+05
2.071609128364054486e+05
6.412600482419081964e+05
6.284130242559654871e+05
1.773821792969216476e+05
4.924114399939657596e+04
2.226472026199009852e+05
9.402348331875419244e+05
5.888454464039108716e+05
8.253575576593205333e+05
4.496801595420739613e+05
1.212047727923834173e+05
3.899420968723256374e+05
5.123399410864904057e+05
2.351667379998683755e+05
1.477518880129445810e+06
3.696402965759877407e+04
4.510591871626680222e+04
1.751225440966864990e+05
3.887316002618256607e+05
2.921453909450677456e+05
1.593993373806303716e+05
1.640258729244508315e+06
3.699228593216566514e+04
8.863097973930089211e+04
1.427915051887607202e+06
3.417822075975477928e+05
8.358187855574137066e+05
6.030984370395432925e+05
6.702444363321973651e+04
7.374818176146809710e+05
4.254536195950467954e+05
7.481424602274499193e+04
1.840405153588032408e+05
5.882540608810773119e+05
3.579696866839624126e+05
6.996362897173018428e+05
4.093114896468707593e+05
5.767462643059319817e+05
5.262858016473440221e+05
2.509293433353277505e+05
2.950134578838586458e+05
2.013150898728862521e+05
4.361146563995038741e+04
5.094227422217770945e+05
9.317429505424980016e+04
8.710012913117719581e+05
2.457118854101593897e+05
7.671723922029661480e+05
6.456231416761659784e+05
1.404703275773999922e+05
2.022894316480034497e+06
1.907110742759751854e+06
2.102763481787505152e+05
1.557801822453851579e+06
2.247689360878481530e+06
6.083100569675097358e+04
3.553734497951986268e+05
8.545910356689908076e+05
1.453902411599684041e+06
3.400000213536893134e+05
5.754720801577129168e+05
5.622787627598952968e+05
1.044166435179703753e+06
3.988962564735937631e+05
9.786477596717659617e+04
2.313238373514626292e+05
2.895495741682489752e+05
6.854915575849806191e+05
5.366561958030761452e+05
1.639269042287531542e+06
4.562128810364272795e+05
3.568360226861909963e+06
2.969666972486872110e+05
1.764291335221408808e+05
1.225422583880669903e+06
7.901013150716864038e+04
2.032425002140242723e+05
2.030976283774610783e+05
7.984714403073188150e+05
1.992463458613944240e+06
2.824935157646783628e+05
3.448432678360218415e+05
9.258701850164098141e+04
7.207015964829727309e+05
2.218450567232230387e+05
1.559738587769183563e+06
1.904771266368252225e+06
5.612490569027785677e+05
8.610892216292340891e+03
8.038496635093711317e+06
2.122049976611124584e+05
6.269841562290926231e+05
1.233783387456576340e+06
4.085119374970517820e+05
8.348578074131505564e+05
6.453393008320429362e+05
8.531155066357163014e+05
1.017506225954671856e+06
1.140524920755477360e+05
3.102330055865335453e+04
3.548574657012658427e+05
1.021915461856968323e+05
3.139172711276517366e+05
1.942835482884213561e+05
1.047254927689652104e+05
1.683742634845425200e+05
5.794470732654826716e+05
1.531185232402316069e+04
1.561633334691052150e+05
3.354995777644707123e+05
3.522662916968868813e+05
1.247879975413669366e+06
2.575421010134595272e+05
2.519899250062601175e+06
4.747326106256195635e+04
2.691084581010121619e+05
9.006625566963461461e+05
6.360260615336192859e+04
5.958109789338274859e+05
2.205531576456796029e+05
2.284536668234393874e+05
4.213062177778039040e+04
3.226815803440079326e+05
2.120647852535655256e+06
1.073435790297880449e+05
6.174915654177906923e+06
1.098376154037560802e+06
1.082520756146862637e+06
2.057448270803332096e+06
5.013553119481143767e+03
3.203483931546931271e+05
1.020083805988988723e+06
1.300949815725371009e+05
2.397888284693250898e+05
1.441593616934048769e+05
5.631252381511847489e+05
4.867809360383892199e+05
1.746881549248080701e+06
2.722289465997365769e+05
8.562290227157092886e+05
2.537784578624724527e+05
6.700744530094087822e+05
2.663136496992065804e+05
5.711987728878398193e+05
4.551801661883674096e+05
3.201799535816298521e+04
4.504425666820182232e+05
3.496814768637868692e+05
1.374418320790595375e+06
2.361592592112980783e+05
2.690263967852446949e+05
7.820777345338951272e+04
1.816972490812876786e+05
4.108892510438960744e+05
7.351435314709391969e+04
3.813061295676612644e+05
2.829464767243938986e+06
2.993590001907150727e+05
1.446859385628164746e+06
4.428464543142003240e+05
2.548316373910929251e+05
2.377359713409847114e+06
3.109868411657845718e+05
3.949091582988295238e+06
9.423940935219332459e+04
3.073543562537684920e+05
3.027776235862500616e+05
3.533474409402980236e+05
1.567813718247344950e+06
1.778724060597751057e+06
3.397625952381048817e+06
7.075214864267561352e+05
6.674463096807287366e+04
2.237877834877770511e+03
4.508977801975489128e+05
8.837511645189202682e+04
4.189806852704508929e+05
4.214396432713131071e+05
6.406209086426917929e+05
3.455479895840603858e+05
7.845280378119784291e+04
3.525666209317649918e+04
2.516028374509242829e+06
3.853553340697002714e+05
2.035912464619618841e+06
3.713276587954206043e+05
1.868623623634168762e+05
2.569286938600207213e+05
4.620076919799983443e+04
3.796795488389136153e+05
2.707949709051813697e+05
3.251625403575076416e+04
1.652065143106867559e+06
6.509763422176019230e+04
1.878176221026568674e+05
2.261685107216876931e+05
9.763808588138505002e+04
3.827996751283178455e+05
1.147252890272816410e+06
2.727884535812159083e+04
2.170328631730201887e+05
3.807665788547217962e+05
1.496857340084210446e+05
6.852840701993428229e+04
2.252845615076627291e+05
9.127015899083568947e+05
4.180976641768837580e+05
8.186086461919553112e+05
6.178176366992175463e+04
8.675974437627573207e+04
3.560410063265251229e+05
1.011577996562136104e+06
8.942338774032046786e+05
5.374098374717256229e+04
6.246816855978497770e+05
1.015404766257289739e+05
2.842621175951416953e+05
1.186092355438479863e+05
1.093709512683649518e+05
6.352792840172714787e+05
5.834259892938958365e+04
3.055173708864671062e+05
1.254255127969377209e+06
5.794007553965193802e+04
4.240337097361636348e+06
3.716499876700530294e+05
5.002510801272768294e+05
5.831378944002746139e+05
7.913867034403225407e+05
9.640096371679857839e+05
5.761922694351965562e+06
3.647792341989048873e+05
6.100701986615986098e+05
6.032281066466682387e+04
3.103633242436050205e+05
4.348353495529657266e+03
8.621840902155754156e+05
2.581496944998630788e+05
3.915958920088737505e+05
1.300393219510412891e+05
5.176137004873596597e+05
8.104593805039756699e+05
1.304777917486811784e+05
3.771311076611592434e+05
1.388246919606912707e+05
3.936975023768832325e+05
1.838823157634957461e+06
8.187400562737513101e+05
4.707062782107306411e+05
1.840385290107135079e+05
3.158750929134430480e+05
5.772195543547718989e+04
3.699053408899460919e+05
1.177864372013430810e+06
5.632825250914990902e+05
1.032770191805257346e+05
6.252189508302672766e+05
4.684806286712758592e+05
8.046625363896590716e+04
7.222355516917670611e+05
8.068645374226688000e+04
1.864949541001772159e+05
6.809070318863245193e+05
7.208983134190198034e+05
1.682153033826765313e+05
2.162731771969007095e+05
1.370859553651571041e+06
4.566750139607002347e+04
1.080954706662818207e+05
3.812943900088518276e+05
1.676800079764952170e+04
1.137636211193679483e+05
6.688254056212701835e+05
1.088800635878734058e+06
1.677861729703613790e+06
5.749199600626869506e+04
1.515454733982667676e+05
7.472484516031733947e+05
8.933492649785521207e+05
1.059416430224958458e+05
1.190850556015186477e+06
6.701197135747149587e+05
1.181570848633194109e+06
2.010524181531223294e+05
2.944223098132536979e+05
2.795404338453137316e+05
2.196444257471385936e+04
1.131048966504982207e+06
4.159269869761285372e+05
4.510311010473068745e+04
1.067829069700820604e+06
9.325483473969775951e+05
5.625850565711681265e+05
1.188343281345717376e+06
7.745138427998150000e+05
1.027978065292763640e+05
1.708673062200093409e+05
2.274748214455145935e+05
2.705150077446685173e+05
3.204066432869828423e+05
2.492843867549503921e+05
3.783202358253650600e+05
1.889122998746053199e+05
2.451495339681835321e+05
5.248684294690538663e+05
4.475126946058358881e+05
3.782295994743589836e+04
4.700889525973642594e+05
4.667175386173250154e+05
2.352088405876209799e+04
2.276938979394039779e+05
6.691749706372335786e+05
3.189998866007582983e+05
5.167408552890680148e+05
6.815708186858103727e+04
1.455137556670452468e+06
1.396677102830834046e+05
2.328407659727174032e+05
3.321152935221601183e+03
1.130557252947417146e+04
1.826208693136490765e+05
2.657699664237949764e+05
2.036393506379722094e+05
4.685899753853433067e+05
8.660181902168598026e+05
2.004320075470067095e+05
2.865589981638001278e+06
7.587787198768384755e+06
6.901667810397780268e+05
1.681495642035261553e+05
7.970621488853825722e+05
4.227937391881332733e+05
2.910050488068527775e+05
1.770287488862479804e+06
4.955462389810082386e+05
1.617647921150795883e+05
1.779705981965683459e+05
1.142440684943497879e+06
3.136132347470628520e+04
1.016493787159792730e+06
5.373030807066699490e+05
6.504994552845287399e+04
2.129234274857994751e+05
8.424723399549569876e+04
2.601174160427802708e+05
4.330520567105113878e+05
1.944069604705457343e+06
1.993235164152476500e+04
3.196716596161787747e+05
4.961226760830797866e+04
2.284821841423937585e+05
3.458212341717461823e+05
1.763380045068500913e+05
1.253632102310095797e+05
2.096134991463870974e+05
3.941137242977598362e+04
7.649681145624851342e+04
8.435603773590250639e+05
4.301288371211574995e+05
7.347866162742800079e+05
2.382585183074951419e+04
6.175003485818953486e+05
1.008038515745360404e+06
9.768380914735949773e+04
3.372960324326222180e+05
3.500687167289330391e+05
5.752173448011328001e+05
1.448127957240402233e+06
1.420599392181467731e+06
8.686869667369574017e+04
2.698768855344512267e+05
3.596398867584709078e+05
3.488290334683714318e+05
1.767342404208734515e+05
1.312570645818012126e+05
1.887155969736330153e+05
1.728048322829164317e+04
1.423318832513609668e+05
2.184175948783105414e+05
1.474694270571780180e+04
5.850811879981945967e+05
9.989857925224179635e+05
4.974919196023119730e+04
3.641118846002554055e+05
9.994242765376036987e+05
3.231564384779231623e+05
8.277134718648745911e+05
3.142163936647972441e+05
5.200957175964968337e+04
4.857856858281379100e+05
4.233611435587898595e+05
2.041040716520443675e+05
3.363874098935735528e+05
6.911056700000123819e+05
1.756177354286459740e+05
5.641957739397757687e+05
4.449555936508147279e+05
1.749586355968787393e+05
8.176521687415699125e+04
3.361087480854138848e+05
1.548569746593378077e+05
6.913057487394108903e+05
1.905907174581577419e+04
6.968285306696339103e+04
6.257558361074435525e+06
3.092872373543393333e+05
3.261492012752917944e+05
4.644177585588073707e+05
2.738235902920408407e+05
2.284675842922420416e+05
3.283378045990859391e+04
7.594199903836045996e+04
4.212937542355365586e+05
8.046148450984434457e+05
4.491483465804227744e+05
9.616736903393462999e+05
1.395250348411524319e+05
5.701477995308984537e+05
1.606711781036084867e+05
1.052578029924670554e+05
1.337049932046057889e+06
2.745085138513527345e+06
4.068627365886938060e+05
1.298112504079631064e+06
2.953422956487872216e+04
5.787417245632063132e+05
2.221693001190888172e+05
3.117998451279104920e+05
5.748977890269258060e+05
1.553250783158614940e+05
3.501390726835796377e+05
4.864566493180928519e+05
1.434928100624406652e+05
4.504463214418715506e+04
5.587682417748785811e+05
2.115281466001661029e+06
1.066931078256766050e+05
1.357074293334673566e+05
1.418807526044228580e+05
5.666529093369324983e+04
2.367800286763280747e+05
4.251272034750062448e+04
1.220265844517534832e+06
1.085165084316338412e+06
2.201037412086375407e+05
1.317307794724519830e+06
2.294891870726933412e+05
6.636649006629458163e+05
8.851319081439237925e+04
5.220399012453224277e+05
2.968684103172230971e+04
1.175184965268112574e+05
2.131144581455512438e+06
7.916228595180714910e+04
9.964176580993152456e+05
2.701179554709032527e+05
1.646339467975951848e+05
4.110857291859501856e+05
1.475160770204089640e+05
5.257291462619029917e+05
2.140346738598711090e+05
3.049096909897925216e+05
3.718457782913103001e+05
5.084146011255967896e+05
3.456170666282927850e+05
5.234083555700163124e+05
3.626973512999542290e+05
5.328687436426486966e+04
4.428696519999849261e+05
9.656818850915925577e+04
3.234529904211522662e+05
7.847334183652660577e+05
2.955714143921867362e+05
1.713192670330890105e+05
1.074255866193237482e+06
9.398182891665672651e+04
1.607819386661414756e+05
9.459258894107778324e+05
5.374845322487793164e+05
1.082767826048107781e+04
1.137357122290528496e+05
4.908655702160787769e+05
5.309637709830075037e+05
2.994026120101154665e+05
3.452757459061751433e+04
4.429387726897404646e+05
4.879544903448518016e+04
7.507363360572245438e+04
4.542000460242793779e+05
3.337304428553361213e+05
1.964640128594004782e+05
2.477296236346057151e+06
7.887202163952152478e+05
3.825319624155594502e+05
6.302028269673242467e+05
4.255558547792853205e+05
2.533433159693362541e+04
1.149617398062042921e+05
1.322643299659702927e+06
2.775814045609872555e+05
3.925497120765072759e+05
3.465789324978592922e+05
5.987502016813447699e+05
7.639972407039835525e+04
4.549236246675316361e+05
1.746670813895090250e+06
1.352784594545821892e+06
2.303150758112262702e+05
9.939288298413113807e+04
1.442639439550679235e+05
2.849224858091252972e+05
6.461244127998410258e+05
9.119889247366175987e+05
1.174671737518954615e+05
2.745389475883975392e+05
1.072039979751939973e+05
3.838719313729045447e+06
2.159291558304073405e+05
2.944123348586405627e+05
1.524919257428881945e+06
5.866584600381455384e+05
8.663532778373315232e+05
6.109073594281093683e+05
1.970344111019702905e+04
2.720036569105456001e+05
6.381795138449381193e+04
1.404713998564468284e+03
3.638839746474981075e+05
5.656153664383505238e+05
2.001305351377592015e+05
1.031945211519841978e+05
4.921367629008994554e+05
6.953448046876366716e+05
1.327042025391742354e+05
1.463549427161659696e+05
9.565476675401969114e+05
3.174640062210047618e+05
3.463379250864267815e+05
2.803720173187620821e+05
4.614844728231019690e+04
8.453422939180436078e+05
3.246593231640058220e+05
5.568869458242965629e+05
1.896854836450997682e+05
1.907504443852322642e+06
7.716766100196288608e+04
4.822693482092445483e+05
2.037326775793557172e+05
2.354699188750405330e+06
3.129077062922513578e+05
5.506390543414565036e+04
1.681826089644495514e+05
9.415575715594571084e+05
1.521498333335864823e+06
4.517438099907053984e+05
1.713133263637193013e+06
3.050344911181378411e+05
7.639462243273301283e+05
4.498922283850031672e+05
8.950815132019977318e+04
8.384792387542915531e+05
1.368154826867602242e+05
5.705525560868544271e+05
5.131705144447131897e+05
5.028235048741495120e+04
6.742554382912450819e+04
7.615735929501225473e+05
1.331431085816622654e+05
1.057591361118196975e+06
1.404769466103363375e+05
3.040396744222345296e+05
6.951641222749161534e+05
3.824261737293521874e+05
2.197010171340226661e+05
2.073646043304969498e+04
6.428415707427796442e+05
4.106325314751756378e+05
2.701815883349912474e+05
8.132130698760314845e+05
2.110472713668046927e+05
1.947768186561746523e+06
7.559596146732623456e+05
3.974825424618341494e+05
7.621288550179895246e+05
2.302925090207217727e+06
1.810204450596612514e+04
1.724421189713826869e+06
3.254961761752312887e+05
1.551969947645985230e+05
3.094498476445915294e+05
7.224538803565474227e+05
1.152149145063031465e+06
1.837835394664494088e+05
4.223400437071277993e+05
2.975110462107689236e+05
1.797385441317814693e+05
4.213657971973837703e+05
5.201135527849799255e+05
1.044226717591547495e+05
3.452615285017816932e+05
7.559021841918663122e+05
7.489810598857452860e+05
1.987006207238267176e+06
1.292061439938234631e+06
7.569464296783643658e+04
2.503025640977995063e+05
5.000912499854155467e+05
1.085444400764483580e+05
1.085524819034499116e+06
1.515766521718078293e+05
9.303723818282352295e+04
3.912501416660148971e+04
1.263936595316616003e+05
4.246434944628600497e+05
5.284707434418546036e+05
1.657848243632243248e+04
9.063136266307631740e+05
6.309070580595227511e+04
7.849924016507270280e+05
4.716356725645072293e+05
2.155475675628195677e+04
2.940888871951701003e+05
6.321702257691243431e+05
8.694288983302343404e+05
1.548831517341170111e+05
2.437134572861437628e+05
4.980637016362794384e+04
5.987726419775825925e+05
1.100039241719204467e+06
3.014056624456788632e+04
3.373955065113903838e+05
1.346418680605179179e+04
1.474978030066867825e+06
3.121035703525464633e+05
3.532188498981430894e+05
2.715869436680792205e+04
4.036664026148909470e+05
1.076690178941938560e+06
6.119942643377814238e+04
6.305012050212977920e+05
1.179669322133000009e+06
1.447855026555344695e+06
7.230799567645066418e+05
9.444363962219298992e+04
5.776229029606584227e+05
2.137043321048164216e+05
1.375888971501776250e+05
7.203783521274438826e+05
4.528340463582621887e+05
9.316889913419334916e+05
1.905480423824610189e+05
2.334050897914560046e+05
6.481170796917808184e+04
9.181322070919605903e+04
8.205646617456969107e+05
8.594187817482559476e+05
3.696704012664642069e+05
3.153859839380976628e+05
1.315457624462451786e+05
1.197160242845373927e+06
6.528609090517798177e+04
5.532493605079734698e+04
1.744576633206591941e+05
3.278818403987421334e+04
3.877544754976786789e+05
3.891088496356235119e+05
5.516310548493027454e+05
7.678606983723017620e+05
7.959258219347771956e+05
6.194831071400112705e+05
1.222788192293356115e+05
2.467233082431973889e+05
1.637795954030137509e+06
6.975352747616499255e+04
2.731580571945394040e+05
1.010842160472791584e+05
5.883673691746911500e+05
2.484221270490617608e+05
9.106289403274111683e+05
3.219480007056572940e+05
1.318058447527866811e+05
3.187677312984277378e+05
4.424365518053565211e+03
2.473078798027823796e+05
6.076724389450543094e+04
6.558329373855839949e+05
7.090975784638497280e+05
9.594880293310404522e+05
2.375585745928042161e+05
1.054746065478766570e+06
5.825417263998156413e+05
4.842803805353632197e+05
9.971723144771868829e+04
3.775088183258574281e+04
3.062010514231440611e+05
4.824177386804963462e+05
1.173474833643175429e+06
1.553318921246093232e+05
4.238628985554722021e+05
5.706425183494709927e+04
4.825672536610578536e+05
4.124696527658198611e+05
5.387637632629829750e+04
1.160227367473373597e+05
1.181040662764805136e+06
5.827410418674465036e+05
9.565892400689513888e+05
8.254210574605235888e+04
5.037820403006752167e+04
1.497992995430447627e+05
3.828900055436375085e+06
4.681906518667167984e+05
3.909497601192507427e+05
2.787198900972081174e+04
2.787732340961820446e+05
3.915400366972382180e+05
1.741631967380123388e+05
1.225544156444321125e+05
1.732878242862569867e+06
5.761976967147792457e+05
9.221412460464382311e+05
1.212253000280934386e+06
1.253211958074238792e+05
8.656040286999903619e+06
6.339358665320456203e+04
2.720195564345368766e+05
7.182472377163557103e+05
7.867698578503737226e+05
1.883787175580767682e+06
4.503219918014887371e+05
1.469077665662553627e+06
1.355511825555067742e+06
9.714304854530673765e+04
1.736324182442667952e+05
5.135086701528417179e+05
6.247671071678878507e+05
4.984522534004685585e+05
1.340823648496578389e+05
3.165400235167183200e+04
1.029494695312713739e+05
2.254874683778895269e+04
9.990948115003806015e+04
2.126848039526255452e+05
2.510087638030779548e+06
9.016742431897836505e+05
1.825856995127129601e+06
2.130474623056843702e+05
6.827670307485075900e+05
4.781180442553829052e+05
5.375915845469266642e+05
3.500127828819339629e+05
1.818067183269036002e+06
7.418518572383496212e+05
4.071156569428477087e+05
2.377097516182434338e+05
5.211275942564430443e+04
1.245862291886107560e+05
1.573715805013576464e+05
1.393933712598421611e+06
2.965271559287070413e+05
7.839893487237130757e+05
3.040970692342019174e+05
3.593782735398166551e+04
7.102090035376414889e+05
3.037562028759128880e+05
5.510972672644539271e+05
6.821052243805512553e+05
3.749357294651970733e+06
1.565231312420321628e+05
1.866389560012111033e+05
5.396861084215242881e+05
1.752492842347284022e+05
3.776052408699963125e+05
1.474616296698553197e+05
5.162946990494637867e+05
2.647072486115530482e+05
1.414943516959130357e+05
1.797776312801365741e+06
2.719999857565310085e+05
2.919743645293563604e+05
1.455723703632783727e+05
1.438989780319839716e+06
2.022248833910622052e+05
3.860358440267093829e+05
3.458265633832754102e+06
1.182570809531570703e+05
1.001865484143792564e+05
6.724363211805484025e+04
2.697637941744983546e+05
3.518783388065446634e+05
4.775475198369304417e+05
1.808801021681548737e+05
4.379524978045804892e+04
1.380797554101636633e+05
5.772305385866756551e+05
1.201415897417007654e+05
1.032891176268893876e+06
3.343845424613485229e+05
8.578953441871932591e+04
4.544617669735175441e+05
1.254928390142476565e+05
5.315858028681006981e+05
3.299778174983111094e+05
3.552756147422968061e+05
6.455720595449538087e+04
4.221346382544243534e+04
2.977398547886630404e+05
2.080297906334522995e+05
1.239509187029421300e+05
1.610412354436421010e+05
1.600154354900284903e+06
2.643254296581038507e+05
5.269606464651462156e+05
3.422608000662668492e+05
1.217969448046612553e+06
2.697355467679691035e+06
3.074591725079640746e+05
4.892190562926038983e+05
5.770327423321067909e+04
3.927134712524537463e+06
2.353646270375949971e+05
5.000202735030043550e+04
1.403366028988774400e+06
5.551201727103204030e+04
3.532982820498177171e+04
1.584733874930597667e+05
2.147999521658144076e+05
7.545632405324885622e+04
2.230420266479779501e+06
1.381945378789414535e+05
4.600839234699032386e+05
7.294604389252184192e+05
4.148081078218164039e+05
3.875184427827526088e+04
1.075453931577998446e+05
2.421790557330635493e+05
2.756769930820318987e+05
2.226178400194885209e+06
2.663454461312764906e+05
8.553461226528417319e+04
2.699934203443559818e+05
7.765395410396214575e+05
1.347062589300150867e+05
7.894728046825112542e+05
7.454815512622282840e+05
3.594283484649469028e+05
3.385627601306414726e+04
3.165224468574806815e+05
2.250111462960905046e+05
1.532459210504354443e+06
1.405930851945863978e+05
3.281235522384037613e+05
3.401909109017528244e+05
6.711829288230115781e+05
1.989954544379030354e+06
5.125995385471701156e+05
4.763302775510827196e+05
1.767126204681843752e+06
1.069678288615778001e+05
1.334425860756524780e+05
2.532802651096385671e+05
4.249319896354348399e+06
3.302097940943223657e+05
5.177118038810392027e+05
9.162771505345837213e+05
1.026131929305614787e+06
7.105941138207510812e+05
2.098118573591526947e+05
1.030315269239295390e+06
2.291526580485668965e+05
6.296000577422677306e+05
2.939124822700082441e+05
3.764995018256473704e+05
2.941506530183409923e+05
1.589896563815113623e+05
5.901889017068864778e+05
1.313989851484926883e+06
1.880724587311444920e+05
4.833059567691386910e+05
1.010857029893281288e+05
1.123397793858163292e+06
5.864891428585789399e+05
9.971883127297332976e+05
1.940439354139370611e+06
1.002913530439233989e+06
1.208045621841881657e+06
1.838641222270685248e+05
9.396831574245097581e+05
6.596098887375101913e+05
1.381866178453491768e+06
1.175779657511704427e+05
6.482799130651964806e+05
3.454690065592234605e+05
1.353154653890391055e+05
2.219398858987411368e+05
1.251910621749660699e+06
7.122880903018462050e+03
5.182698173070494668e+05
3.759798646818592213e+06
3.622157098191557452e+05
5.084447056372915540e+04
1.952090647543207160e+05
1.346077568771695078e+05
1.037853362557483488e+06
4.776400234592052875e+05
5.445164259218497900e+05
9.087464891467922134e+05
8.164023629103506682e+05
1.067243950478361687e+06
2.448561846882656391e+04
5.118891736342936638e+05
6.808790201702290215e+05
4.269015887648883276e+06
1.768770988371448402e+04
2.354361460148960032e+04
1.294498294150045142e+06
2.384083659558912914e+05
1.456432158586049685e+06
2.610733234900294337e+05
1.394238960310891271e+05
1.717310694597385736e+04
3.081508733101652469e+05
3.857733117922629230e+06
1.092605811578069581e+06
1.427636559783262783e+05
2.226833854087208398e+06
2.309438361460057058e+04
1.912429997759318212e+04
1.214860495323820796e+05
4.803451812124266289e+05
1.000154611902959005e+05
4.688357308177388040e+04
9.655185432512637926e+05
4.150233798579984577e+05
2.085416056875376089e+05
1.260502606748674298e+05
1.794739046602325048e+06
1.766119108046247566e+05
1.189436579113867134e+06
3.292779208234839025e+05
1.331075413236813038e+05
4.962929525655155303e+05
3.190062584210337955e+05
1.801169204985924880e+05
4.970957443280195002e+04
1.235715239523399068e+05
1.163910503179962398e+05
7.236314645261687110e+04
8.101321219205316156e+05
1.655083456660602242e+06
7.298923199365774053e+04
9.169484530652646208e+04
6.664763265271615237e+05
7.216674921885809163e+05
2.145855127227559860e+05
5.948204232893746812e+05
4.177158841791949817e+05
2.640551400558147579e+05
3.928616522522708983e+05
1.994194845106388966e+05
2.821542454677756177e+05
3.117297385293276166e+05
3.546517511315816955e+04
7.182260922715738416e+05
6.255993728770263260e+05
2.427909486884158687e+05
1.116507869606640656e+06
1.187723761570294155e+06
1.260179055738052994e+05
1.036366191554070683e+06
6.491375289290471701e+05
1.461654728374069382e+05
2.975076689084615791e+05
1.136342201694216783e+05
6.335300441702794051e+05
2.029220182789202081e+05
7.774774050139812753e+05
4.611174224771184381e+05
1.825156442560165306e+05
1.451975579228147632e+06
3.014175783394534374e+05
5.067173766586065176e+05
1.788039978740559018e+05
5.597940213369806588e+04
3.873052232961066766e+05
8.731985784850995988e+05
7.123330700064199045e+05
1.359992711599054746e+06
3.741077594422395341e+05
3.756287662708681892e+05
7.717940493498826982e+04
6.995628526510229858e+04
2.963795036486582831e+05
8.241160413415248040e+05
1.000758309498939663e+06
1.033151963698724285e+05
3.170960839585053036e+05
1.721792633136798395e+05
3.304362995050838217e+05
5.105656149842331652e+05
6.610408630022162106e+05
1.977388213718676707e+05
1.645922982808517700e+05
9.771205355383590795e+05
7.253861037691262318e+05
3.987967714008494513e+05
2.941153321157064638e+05
1.385770007843743369e+05
5.589220502772534965e+05
6.009524629277588101e+05
3.077979666851318907e+05
4.078674718638191116e+05
1.659364814799694577e+06
4.931816097606939729e+04
3.731963349094344303e+05
3.997575882371816551e+05
4.155312325056496047e+04
1.516376685577416327e+06
7.680870309810090112e+05
2.463078618158621830e+05
1.348641856683078222e+05
2.236556886901364487e+04
1.391637329486768227e+06
1.990808759937202267e+05
1.118318967607600644e+05
1.944725094782185333e+05
2.041060256374239398e+05
4.003332681352476357e+05
6.546911072286174021e+04
7.764894323194894241e+05
4.436630889936098829e+05
4.798191549702119082e+05
1.737063649020962417e+06
1.953277215230247530e+05
3.689167121392026893e+05
3.783058772921252967e+04
1.127510660410618410e+06
8.833534351275981171e+05
1.325720764432072639e+06
2.262860564960624324e+05
1.075920612202414777e+05
1.677855163056870224e+05
1.371017849638409971e+05
2.971208838020784897e+05
2.469474390623588988e+05
1.756266066210416902e+05
2.708145901784477173e+05
2.681380374872073298e+05
2.268566401990943123e+06
7.413942252762631979e+05
3.655656849049633602e+05
9.915978739523334661e+05
5.667470241352770245e+05
2.310393520466921036e+05
1.799145010705198627e+06
2.178764820008484821e+05
5.193263276234291698e+04
1.741979572735099820e+06
2.901305005849809386e+05
1.691565603572420368e+05
1.065086983824186900e+05
6.279869440062907233e+04
4.138693974647087161e+05
7.207343897459922300e+04
4.949195398473665118e+05
1.435667087076272815e+06
8.421731563396504498e+04
2.131573290694301540e+05
3.717892572029815638e+05
1.954144998892489530e+05
1.334625512997960905e+06
1.179864683377303882e+06
6.158502922266373644e+05
2.623209319950237987e+05
1.440486170346816070e+05
2.286947953796602960e+05
7.363179814530661679e+04
5.663326327176307095e+05
1.109937883541162824e+06
3.933269926729731378e+05
1.638136280784433708e+06
6.228353898384624626e+05
1.940149345934094526e+04
9.254526487131483154e+05
1.148553492588467197e+06
7.970554618152762123e+04
2.813524058013985632e+05
5.845676840586729813e+05
2.559361698162986722e+05
3.179357375985414255e+05
7.445018794051954756e+05
1.017601060899232980e+06
4.374748845111445989e+05
1.830235297548239178e+05
1.099329915607084054e+06
3.271407938894495601e+05
6.396378510772184236e+05
1.940860365615373594e+05
1.402390903400521493e+06
6.559990815664613910e+04
7.376118000084498199e+05
1.290336109981761183e+04
9.315225851858800743e+05
2.819783648511137289e+04
1.137105544039443630e+05
1.616177600720518385e+05
1.837782928321561485e+05
3.621072648962563253e+05
5.407670427919932408e+05
6.041660101791281340e+04
2.429311102787861309e+05
1.335860242420445429e+05
1.098871956979694514e+05
2.282856638813624159e+06
1.394833500351613329e+05
3.517300445978147327e+05
2.145934880857756070e+05
2.587804493131728959e+05
4.696744340117470711e+05
1.972380607683484210e+06
9.528526792851182399e+05
2.949596847165855579e+05
9.104985742586344713e+05
2.508114575309380423e+06
6.918990249671388301e+04
7.577985671643514652e+05
7.929589138304749213e+04
3.630635590425877599e+05
2.393732088479338272e+05
4.769531790203494020e+05
3.113106976547382656e+05
1.260286635665060458e+05
5.389244256741449935e+05
2.817275970404096879e+05
9.484961402364450041e+05
1.442553000379406731e+05
5.627005030121667078e+05
3.375916788713666610e+05
6.069612310141581111e+04
6.953988847558363341e+05
4.590744637723040651e+05
6.601424959098283434e+05
6.471435943237476749e+05
1.784539226879449096e+06
2.833410624888478778e+05
7.681424961421357002e+05
2.734512219935460016e+05
7.285235615525913890e+05
3.000355986866225139e+05
5.594507598365205340e+05
4.343699447850561701e+05
5.407998186648398405e+05
1.272982483294529840e+06
8.129454202354671725e+04
1.489679362668916292e+05
2.573771078942758031e+05
1.382088306651143648e+05
8.185559529240623815e+05
3.410706906979804044e+05
3.924058372507873719e+04
9.691078498874827346e+04
6.251226654442637227e+05
1.858779025520949624e+06
2.318626463327184611e+05
1.661242891298058094e+05
5.344017278422539821e+05
3.983254843996636191e+04
4.642864780720454641e+06
8.891870717272940965e+04
9.156972562433898565e+04
1.576327236348441220e+05
2.493797641516051663e+05
1.649517295823167369e+05
1.805975450179216277e+05
5.349384906750797527e+05
2.515322674977059069e+05
1.119972741676096804e+06
9.953012046145809582e+05
3.422133555844049552e+05
3.990991539058334893e+05
1.395744396219891787e+05
2.300045897125845659e+05
1.599925706417926354e+06
2.176462134325691964e+06
3.044382576196893933e+05
7.801500009493956342e+06
4.142189953239026945e+05
1.863391536110074667e+05
2.918877132318637450e+05
2.634588020905634039e+05
4.004777697695143870e+05
6.124173811097111320e+05
1.472060132314790098e+05
2.392665532430240884e+06
1.021741417013045400e+06
2.325262941932924557e+06
1.072220433041401906e+06
9.708668821464842767e+04
1.097966891926877724e+05
1.357853695902960608e+06
3.918970228130396572e+05
5.094256796168890287e+04
2.232661051827532356e+05
8.305537533190380782e+05
5.601903202368733473e+05
3.125445209813280380e+05
9.998847010781383142e+05
1.036749467068620608e+06
4.185816607820594218e+05
1.727552425163397565e+05
1.917518692038771987e+05
4.259396706478398410e+05
3.976646277970417868e+05
9.550419924517540494e+04
4.281808848361985292e+05
5.941440431566908956e+05
4.596257907739553484e+05
2.367693829761639645e+05
4.756327078314989922e+05
9.964688066830538446e+04
5.257583196783167077e+05
7.761120893155163503e+04
9.463009040492094355e+05
2.874078572802926647e+05
1.707845383472546004e+06
8.218743845395684475e+05
6.015820528102010721e+05
2.489693740638683666e+05
5.554575493880334543e+05
2.195302126347218291e+05
2.611184987670382179e+04
5.365855712156054506e+04
3.677082768576261122e+06
4.766657393711004261e+04
5.631529598267156398e+05
9.572686662096188229e+04
8.595144567519519478e+04
1.586943722280835937e+04
2.830745553304513451e+05
3.958999013604634674e+05
5.065324508028759155e+05
1.284819328919233754e+06
6.509299840760388179e+05
2.002050089570864802e+05
3.006727753179650754e+05
4.451281339300526888e+05
3.490756120712395641e+05
2.501045314161939314e+05
2.894980946277413168e+05
1.137756205411418574e+06
8.769440114698591060e+04
1.743262479175978515e+05
1.143431104745596895e+04
5.316597793484919239e+05
3.277637326881747576e+05
6.511197279768995941e+05
2.357878131287454162e+05
7.723679223254402168e+05
2.536228093271943217e+05
2.141271699717971205e+05
6.739437691822533961e+05
1.052879843160991790e+06
5.992847090526537504e+05
6.522714380504672881e+05
4.296422663111947477e+05
4.735550402418382873e+04
1.286348628046487283e+05
3.614012823589261970e+05
1.576757015921425074e+06
1.851402444111887598e+05
2.637481059649488307e+05
9.371963461546058534e+05
2.093882921746212989e+06
9.607687675423698965e+05
7.364490443123807199e+04
8.669864125248588389e+05
1.120909004167062376e+05
4.537190959221135709e+05
6.347432760254978348e+04
4.324521495210099383e+05
1.023958179060335824e+05
2.777887540141724749e+05
5.068887491442047758e+05
3.193030866214436246e+05
7.554961685664398829e+04
8.577970318627833622e+05
4.516451455810241168e+04
9.010420586713303055e+04
2.493323555857226602e+05
3.433526362829524442e+05
3.709397659226448741e+05
4.050019543150941608e+05
2.010597118888210389e+05
1.457092157645850966e+05
1.438940803294914775e+06
1.754542723216297803e+06
1.159799458355180395e+05
3.094717232435061596e+06
1.652179531889447477e+06
5.428925391505289590e+05
5.604291831184816692e+04
3.074324692035826156e+05
8.098885065301398572e+04
4.679894718245178461e+06
3.330877835549259325e+05
2.418970941837600258e+05
1.958293486271389702e+05
1.000364264523855527e+06
1.531511944548077416e+06
3.855004225016466808e+05
4.131055449794075685e+05
1.086357036438194336e+05
1.477667854342164006e+06
2.073559186374959827e+05
3.032027447492777719e+05
4.341165767797086737e+05
4.990425099274301901e+05
6.241116547655436443e+04
3.629482102107862011e+05
2.828306613089222228e+05
1.009172585050408234e+05
2.561814325613909168e+05
1.191721781330062775e+06
3.265037489592733327e+05
8.516270175781245343e+05
6.029630191078393720e+06
9.482173009196077473e+05
4.695456147877616459e+05
1.444232268392117694e+06
1.419448671579770278e+06
4.471282953167677042e+05
3.579027401983785443e+06
3.778321103651251178e+05
4.657881686554852786e+04
1.587415313135262695e+05
1.154804040955347737e+05
1.381077493612859871e+04
1.305498360222911695e+06
4.073522176737718401e+05
1.629905745251199114e+05
3.831786580335486215e+05
8.491480828087899135e+04
6.318821863818878046e+04
7.652567151389324863e+04
9.249890712344747735e+05
1.494859815356292238e+05
9.665180887036108179e+05
3.204908712144065648e+06
1.156521376692080667e+05
2.152472448003320023e+05
3.080409986970858299e+05
6.147804040192221291e+05
4.331455991619151318e+05
9.184540267036680598e+05
1.356304854058854107e+05
1.410185125989160442e+05
2.588207677080601279e+05
1.439787092970416998e+05
7.454208519643521868e+05
6.966100109069003956e+05
2.816023128454968100e+05
9.505110104531080287e+04
1.980350759298554112e+04
1.194029193683649210e+05
1.541145286374564457e+05
5.983916583092280198e+05
9.270735105843715137e+05
1.975132740878338227e+05
5.167953467347199330e+05
3.666453549394641886e+05
3.673137980726271053e+05
7.279945176521058602e+04
2.877325199825741001e+05
2.172210588322752446e+05
2.012447816655625502e+04
1.322016252153665700e+05
5.780620460413232213e+05
5.582047748836859828e+05
2.855297283425566275e+05
5.805027996890471550e+05
5.150307122810831061e+05
1.174774016966827039e+05
8.509749690720949729e+04
6.342078146055954276e+05
2.472683090675588755e+04
3.145871991395408986e+05
7.838549469267068198e+05
2.694791590782109415e+05
5.798867778764804825e+05
4.264093230668372707e+05
7.815252797439490678e+04
2.411568241963277978e+05
3.287021120186671615e+05
1.374873535424784059e+06
7.287962597830571467e+05
2.405489563712769304e+05
2.479381322911609604e+05
9.917760334285506979e+05
7.999783731424486905e+04
2.894455625276003848e+05
1.278733953393037518e+05
6.767065141668965807e+05
9.119071352276679827e+05
6.875879279358814238e+05
2.596175932174991176e+05
7.246431707453808049e+05
1.458232667623012385e+05
2.959097187227875693e+05
4.975470404728097492e+04
1.339553233862954366e+05
8.338457310152058490e+05
3.293328898605647497e+06
4.293236419297856046e+05
2.073380923215353978e+05
8.774665642408885469e+04
4.929467646398692159e+05
1.519305549801245797e+06
2.465088432809950973e+04
2.347323377568842843e+05
9.248186907698574942e+04
4.185968327182155917e+05
4.217909921187463333e+05
1.359899014502238249e+06
6.677823266884993063e+04
2.736572929673893377e+05
7.308087925714287849e+04
1.196134575044634257e+05
1.676210812555868470e+05
5.356048092991708836e+04
6.937352844951087609e+05
5.520529527265173965e+04
1.014039357290608859e+04
2.574288595591352496e+05
6.786449609700181754e+05
1.000111885144710977e+05
8.043778209217276890e+05
6.390560623501215596e+05
2.713512758777472191e+05
3.670141395520928927e+04
1.790012950287777348e+05
6.564829431405654759e+04
7.855414064692906104e+05
8.680756048988832626e+05
3.817651444365598727e+05
2.682835441240643268e+05
6.722262694616109366e+05
5.027276762813366367e+05
2.873055429885095800e+05
1.389580550406356342e+05
1.026147263622269384e+05
8.068461725580587517e+05
1.008532940209708293e+06
1.039569942509926972e+06
2.099875873836446845e+05
2.060651897530275863e+06
3.660970320189661346e+06
6.628902863878388598e+04
1.900511139432582581e+02
1.695552545104849851e+05
9.367290252078633057e+04
1.390184024728866352e+05
1.371633733209331403e+05
1.933721783709771407e+05
5.469107829383802600e+05
6.477828412210637471e+05
4.631141791216884158e+05
9.694709203405294102e+04
6.093671140938731842e+05
3.408212792934938334e+05
2.518604882744838251e+05
5.299622717416591477e+05
1.159340876127751253e+05
8.682697781953848898e+05
4.973938949184878729e+05
3.427472588313248707e+05
3.164095398345391150e+05
2.309655149579298683e+06
5.581168143248916604e+05
1.387661209207922919e+06
1.901029356580732390e+06
2.074545657975803770e+05
9.352586880172910169e+05
1.255730775936063583e+04
3.284351903315757518e+05
1.487204102671906294e+05
8.160503988091535866e+05
1.450700817776391887e+04
4.405368830041281035e+04
1.208313570885479450e+06
1.054783759520207299e+06
4.527026104793696431e+05
1.153884911990312627e+06
2.810471552766913665e+05
1.457590683026245097e+06
3.387157380602740450e+05
1.853702584501815727e+05
2.312663834269952786e+05
2.081833067572427972e+05
2.414212276132768238e+04
3.319494213545357343e+06
1.040720581724028103e+06
8.642602961414070160e+04
2.654418887933078222e+05
6.260032602424252545e+05
9.997539900745186605e+04
4.940025266809149180e+05
6.137260194782365579e+04
8.420897994998635841e+04
9.886110828484372178e+03
1.368435539271329762e+06
6.793386903332712827e+05
7.771122644411759393e+04
5.398022167972697644e+05
1.363737104927406108e+04
6.374995107397665270e+05
1.474022480924518313e+06
2.863283776611745125e+05
1.824038413586971874e+05
2.278534203081442975e+06
2.365637791641510092e+06
8.713278729951292044e+05
1.660721933384945150e+05
8.755189047695093905e+04
5.701925733348178619e+04
2.389826193502894603e+05
7.908289810553848511e+05
8.537863282165828859e+05
1.406691227040117607e+06
9.602120509312425565e+04
7.118467699908649083e+05
1.984909103318915295e+05
1.488713837544949027e+06
1.220800267798219429e+05
3.706568029122435022e+06
5.308309130277717486e+04
2.766519752537676250e+05
7.978633595482684905e+04
2.486073762619947083e+05
9.513929228545835940e+05
1.212653606910635281e+05
2.914651469812573050e+05
8.940806205585646676e+05
1.037568041581373109e+05
3.278800106081910781e+05
1.509212343274216400e+05
6.280629635292415041e+05
2.097572558318032883e+06
5.427079000125264283e+05
1.025179737795311812e+05
1.688176912762157153e+05
7.134443957499288081e+04
3.489188790637309430e+05
1.895376588775429118e+05
1.469403252123175189e+06
1.200621759734267835e+05
9.460290043775882805e+05
1.931657951546531986e+05
2.334851999607549515e+05
6.287560272259655176e+04
1.055975931127734249e+06
3.506522147074185195e+05
2.824761934883090202e+06
7.216554147048376035e+05
2.821330247735954617e+04
5.847393116979801562e+05
4.932886154081970453e+05
6.317253768930990191e+04
2.841215452323864447e+05
5.478026449589859840e+04
1.312811387929629302e+06
3.350564778664039914e+05
1.171687348499003128e+05
3.836261195233376930e+04
3.186141046501525561e+05
5.094560978636149084e+05
9.356125560459303670e+05
1.891236607331394218e+06
7.503067535871492000e+05
1.796409261691060674e+05
6.941277077668909915e+05
4.850848675682793255e+05
7.642581472149088513e+05
7.216023797729128273e+04
6.467027963219177036e+04
1.980151937439493486e+05
8.735077765515185893e+05
1.184083625026823720e+06
1.536646285029298393e+06
9.086608427102438873e+05
3.704185258397714933e+05
1.586155904580170056e+06
1.094289041837048717e+06
2.708486518711823155e+05
7.448096263351323432e+04
2.753194446580982185e+05
1.533947214443365345e+06
2.027160207394932630e+06
3.292636875397155527e+05
1.397967021059778752e+06
1.621282659401343437e+06
3.436994494262236985e+05
2.449565615092573571e+05
1.232669941712798027e+05
2.320622308041201613e+05
5.205349978161914041e+05
5.457860916883684695e+05
1.584470975825608475e+06
1.503514659068633569e+06
2.274519350361865872e+04
1.133999929787255591e+06
1.520941569785250176e+05
1.026399836684255977e+06
4.135511849723198975e+04
2.094002698647523939e+05
3.488842547443663934e+05
2.878960083949761465e+05
7.458512804338075221e+05
2.246277095595854553e+04
1.913883846883792139e+05
3.321814770191845309e+04
4.053028572912405943e+05
7.962208725282923842e+04
1.422207735529628990e+05
1.366706900756436517e+05
6.533540033681737259e+05
9.974432838060568320e+05
6.280415628330090549e+05
4.745150059747221530e+05
2.730582022867849446e+05
2.110887668991636310e+05
2.651031701874608189e+03
4.218721711450012663e+04
1.472012709130842239e+06
8.334397558766677976e+05
1.098188590864701109e+05
5.225459785410718760e+05
3.816122152421597857e+05
3.031621985819583060e+05
1.002418238822637009e+06
4.865223998858751729e+05
1.688041330548537429e+06
1.486402535503566964e+06
6.563246084749808069e+05
2.219584289828944951e+06
6.662050550116674276e+04
1.196406562796959886e+06
2.000452377654009906e+05
1.029438783847916406e+06
5.678363543745755451e+05
2.714799493655362166e+05
5.658739673622298287e+05
3.552742225789558725e+05
8.431374856658057543e+05
3.174062084674603771e+06
3.174512036207179190e+05
6.455767714951541275e+05
9.341346650073375786e+05
5.524373939819486113e+05
2.675963266913125990e+05
1.276955350910022156e+06
3.969621994304042164e+04
4.269652793323450605e+05
4.573481005164132221e+05
7.223921391190054419e+04
3.919922994122891687e+05
3.076874935147366021e+06
1.849145588329737657e+05
1.348299706016508571e+05
1.734894180652681505e+06
1.893457524121887109e+05
1.233148949574358761e+06
1.231061833521372755e+05
8.465023740835892968e+05
3.375996937709429185e+05
7.922822051246448245e+04
7.658171578740995028e+04
1.561949787449706637e+05
7.850303736947312718e+05
3.936320151412152685e+06
8.177763267907871632e+05
9.066654812721630151e+04
9.056163774663224467e+04
2.620348371062648366e+05
4.244038548944132344e+04
5.278818812733576633e+05
1.965301109849800123e+05
7.040350194975716295e+04
2.190435295545071494e+04
9.832436547220467764e+04
1.977317055323415261e+05
1.041256612767531478e+05
8.118739897992230253e+05
2.240769482404017181e+05
1.984064477323849220e+06
3.431153811773983762e+04
5.435549596344775637e+04
3.562099326140907942e+05
1.808815437635851267e+05
3.400960000467757345e+05
4.776011793657255359e+06
6.981883071883560624e+05
2.772442294540397124e+05
4.038389105499094003e+05
1.694678019742478791e+05
5.829277329550628783e+05
4.869800311322912457e+05
5.120934936616134946e+05
8.519402626761320280e+05
4.570546935389388818e+04
2.492089904800026852e+05
5.380249781686349161e+04
1.034397687911270885e+06
7.860174342409241945e+05
4.368174739512606175e+05
3.819317950444482267e+04
1.281708075903680583e+05
2.604005595366397756e+05
2.294410806876131101e+05
4.337217734968074365e+05
1.111528252460072283e+06
3.116566297537185164e+04
2.095009511602437997e+05
5.664035742678155657e+05
1.628000649502315093e+06
2.529251284404966864e+05
5.984707754493131506e+04
4.459299929938270361e+05
2.931570809361676802e+05
5.449959950046036392e+05
1.331416745625163661e+06
8.227904558208714298e+04
1.984264928151666827e+05
3.758089202426230186e+05
1.834024808204163797e+06
8.950537594227159570e+04
1.157211103951492696e+05
1.474838300504403560e+04
4.320053199562978116e+05
7.030799660015619884e+04
1.355298777218014875e+05
4.496529678108172375e+05
9.859500013937696349e+05
3.262477505908820895e+05
1.268924114988474175e+06
1.888682594695353881e+06
1.772589414499709674e+05
1.396467495174431242e+05
8.284005875835502520e+05
4.066369022210894855e+03
3.449971136604511412e+05
2.513571694970654324e+06
1.436577761997653637e+06
4.767114796840936469e+04
3.647818363818626967e+05
3.332237850416015717e+05
5.749780689756559441e+05
1.289971694715611229e+05
3.674494785441388958e+05
3.357392127516689943e+05
5.833149414051821077e+04
1.058712485104238149e+05
1.050031099436757213e+05
3.009142667328338139e+05
5.016656360463234159e+04
1.278594321694197832e+06
7.143371986819204176e+05
8.793496746309725859e+04
1.898335397800457198e+06
3.620114020621935488e+05
1.285444504035400605e+05
1.006158720982328232e+05
1.503529337682548503e+05
2.909082873478018519e+04
7.266585793692334555e+05
3.623630174995564739e+05
6.690628078445803840e+05
5.213960985614430974e+05
1.550812534799483547e+04
2.109998687821631320e+05
1.327262859528794186e+06
9.516626809478551149e+05
3.318325329953943728e+05
1.011455317918690504e+06
1.658827631939698011e+06
9.762269613239142927e+04
1.695658642400794488e+05
3.214468455834240885e+05
2.679617173044288065e+05
1.765295817319235066e+05
3.807143050510098692e+05
1.315739628558451659e+05
1.225875488985920238e+05
1.211361430083965417e+06
5.288184659298371989e+05
6.360210723423110321e+05
8.294642088768652175e+05
9.025714468017889885e+04
2.270739196594217210e+05
1.120726091616845079e+05
8.837228889212133072e+04
6.776307861777198268e+05
2.869395167393333977e+05
3.435302029800581513e+05
8.502262826354461722e+05
3.299540619827948394e+05
2.112640656347682525e+05
2.654947474114590441e+05
5.213280329330978566e+04
1.497796486226999899e+06
5.682618139287108788e+05
5.483009279376261111e+04
8.090258299276966136e+04
1.691296951106111810e+05
2.903535951197358081e+05
1.139095029115983751e+06
6.007245448737284460e+04
5.547709826003894705e+04
7.863289512371759338e+04
3.069485286448729457e+05
5.992168728001617128e+05
8.735812607183189830e+05
2.087117024986852193e+05
8.463780414255727082e+05
2.709702317356627318e+05
3.534526964090260444e+05
3.146847263152739615e+05
2.416842289436146617e+06
2.776973246252296958e+06
7.035054221807402791e+05
4.583003042243634700e+05
1.251928541072297521e+05
3.745969867606411572e+05
2.911910925242122030e+05
2.012170267556269828e+05
1.267240607125172100e+05
3.231562095532607054e+05
8.444236613194287929e+04
1.374919296645437134e+05
3.583299617386789178e+05
8.672909526241834974e+05
1.695439205080989283e+06
2.181499822358846432e+05
2.172012866333348502e+05
1.515441370918395114e+05
1.965401369285794673e+06
1.660453745133823832e+05
5.308675449178857962e+05
8.410447726194187999e+05
3.378524713635312510e+05
1.442139335264616646e+06
5.481832827554912074e+05
1.850072283380032604e+04
7.141435705471929396e+05
7.452472409548971336e+05
1.180083600951672997e+06
5.038192238733376726e+05
2.920416318769498030e+05
1.095050953401998995e+05
2.932334331149655191e+04
2.227051124251391957e+04
3.230510805575381964e+05
3.152750895813799434e+04
4.825970724241728312e+05
1.323041788295728620e+06
1.079997420678828610e+06
1.423298607688217016e+05
6.428042443952239410e+04
4.118711309618571773e+06
2.490150768503601721e+05
4.723226932927412563e+05
8.484434156491339672e+05
1.701603125207714038e+05
5.323496509979469702e+05
9.874027462273281708e+04
3.897855950626088888e+05
9.047941581735102227e+05
1.289907887289166974e+05
9.344370734442980960e+06
5.398564503200204344e+05
5.357577298613648163e+05
2.419265697854266618e+05
7.782358532918633427e+05
1.802013383863255440e+05
1.293895974262894160e+05
6.286614878684099531e+05
9.833880049440274015e+05
4.059294563500275253e+05
5.215698782950581517e+04
1.011177545871764778e+04
1.147873863939032890e+06
9.854222165469455067e+05
2.339594078704013955e+05
3.268426769907581038e+05
1.540242048845773796e+06
1.723869745263816367e+04
9.208895503367914353e+04
1.890117759302105333e+04
1.449023775996038785e+04
2.717603333435473964e+06
1.217014422740713489e+05
1.217682808508755807e+04
8.297625553020470543e+05
2.079061713764294109e+05
4.348325691801247885e+05
2.651153153446877841e+05
2.337435141195560573e+05
8.552749387364850554e+04
9.449514902200557117e+03
2.127630594753215846e+05
4.519960317807302345e+05
2.066287263977336115e+05
1.094036265713779954e+06
1.300039311494639551e+05
1.001116294787766674e+05
5.551102764332087245e+05
1.151522358325555921e+06
5.391966890488566132e+05
3.398259528696359484e+05
7.590549330911891302e+05
6.865063931037207658e+04
6.016909583435289096e+05
1.790645050656947715e+05
1.912352212659715442e+05
7.292428684779239120e+05
5.779609508647046750e+05
2.590908886095707421e+05
1.624878474506204075e+05
1.744043538996029529e+05
1.398839100646264269e+05
1.055780666464105452e+05
1.334992510228208557e+05
1.071663502228947124e+06
1.993230304298271221e+04
7.832787890888213587e+04
1.657159642896449193e+06
2.020670581944689620e+05
2.221768046597446373e+05
1.265423862102519925e+05
4.093141077630711952e+05
2.411313398034062702e+05
1.590262914065963705e+05
4.361558241407196620e+05
8.685111977040504571e+05
4.614414368414347409e+05
4.692148780641047633e+05
7.788229801397304982e+05
2.271291689982002717e+05
4.781686757155934465e+05
1.274000594615922746e+05
1.264850768511363305e+06
2.660284347314756596e+05
2.705783963274424896e+05
4.053831024474429432e+04
1.568845497759804421e+05
1.640034198914487497e+05
2.336825381149523892e+05
4.203744375214458560e+05
2.187365113680456299e+06
8.474028901254284428e+05
8.563530296283389907e+04
4.436436448665182106e+05
1.591271686689866940e+06
2.591934339774960972e+04
4.337996809140880941e+05
2.676326815231413639e+04
1.206551232939285459e+06
6.909932250582944835e+04
3.696028904389194213e+05
2.703605692811966946e+04
2.068988045597938180e+05
1.263964160599767783e+05
9.037587005601625424e+04
3.014912848771630088e+05
2.517019801472002000e+05
9.072592371564016503e+04
1.437900667990852380e+05
3.209334533106493473e+04
3.870072386947229970e+05
3.316046898228055215e+05
5.256082127923443913e+05
2.170731973180844798e+05
1.512143945055286633e+06
1.904733305039276020e+05
3.963186092530253227e+05
5.164934082644253067e+04
1.374061320692314475e+05
1.632915138808930060e+05
3.769428818718484254e+05
2.452198608703823993e+05
1.999057776961664786e+05
2.178146130971695762e+06
5.737258766993905883e+05
8.465870604008587543e+04
1.209584241304822353e+05
7.229795729739480885e+05
3.047039608661046950e+05
1.790337339143280115e+05
1.151233600660892262e+05
2.485403887588653015e+05
1.023907061204435740e+05
4.166397725500297383e+04
2.181490791410929523e+05
8.259957349229181418e+05
3.436072210834471625e+05
1.189034869909093948e+06
4.316332270070734667e+05
4.037017450647497317e+05
1.737873950498805789e+05
8.501264784900685772e+05
1.403116873574595433e+06
7.666447707574196102e+04
1.772819449766739970e+06
1.421166804305813566e+05
1.950634455044352799e+05
5.790738695784067968e+05
9.650479799017354380e+05
2.213403535258225165e+05
5.087913680746068130e+05
1.526511192624685937e+05
1.455835953597244341e+06
6.983100657940411475e+05
1.680744300216840347e+05
2.658301119763310417e+05
1.339876790983811225e+04
3.904002974924221780e+04
4.096484696708785486e+05
2.186957208600898273e+06
2.761247649745956878e+05
1.472009173559202964e+03
5.564633499230932648e+04
1.834141267303267960e+05
8.332616181790088303e+05
7.691239183758242871e+04
2.094233027064599446e+05
2.990078838272732100e+05
3.389528732112655998e+05
1.656025675945671683e+05
3.283953837675913237e+05
1.084759788094815303e+05
6.382098096430222504e+05
3.304345284895725548e+06
2.506977435442965943e+05
1.464686740226047812e+06
6.261533652006110642e+05
2.895730926270406344e+05
6.226299813752112677e+05
2.561933221747282951e+05
1.256739213962032227e+06
1.347416923820249212e+05
9.992732392135635018e+04
3.370191264215522096e+05
5.002171360202175565e+05
1.107534261066439562e+07
3.379954385842137854e+05
3.014220623269526986e+05
2.843471252336622565e+05
1.270713928555031453e+05
8.740800466542902868e+05
6.556366565246769460e+05
6.682191900866479846e+05
9.661397856533051236e+05
8.894301784851230914e+05
2.100482669997919351e+06
2.043733952571320580e+06
8.583432888244291826e+04
5.984496390464674187e+04
1.127087542935414938e+06
2.540821626371956881e+03
2.674336270085074939e+05
7.755703525888243457e+05
5.681923086122376844e+05
2.515599645206318528e+05
5.731552839245325886e+05
4.961261278475919971e+05
2.278241567895493645e+05
2.715394354450679966e+05
3.659437510044380324e+05
6.782639579942434793e+05
7.246383993783140322e+05
1.752477655175994383e+06
1.903849941770466394e+05
2.350711269175382040e+05
1.491005762825998827e+05
2.214468239486877283e+05
1.078734785770069575e+05
2.399673675629665377e+05
6.289097755563221872e+05
9.595885700423551316e+04
1.637996700928464415e+05
1.975308090346656390e+05
4.268066961170092109e+05
2.060959085449772247e+05
3.056780543985357508e+05
1.195102388691937667e+05
1.798069746276680962e+05
4.128678531098425156e+05
6.237828018583371304e+05
1.014418347303928749e+05
2.461183164882934943e+05
7.020396378290513530e+04
5.607646014910613885e+05
3.115275363601960125e+05
3.432967797916271957e+05
2.245596163958226331e+06
1.686843943247840798e+05
8.999695108887316019e+04
3.571542908070473932e+05
4.643659844807562185e+05
6.070082054429848213e+05
6.688044082763388287e+05
8.438675500024651410e+05
3.282899580088962102e+05
7.208352610397146782e+04
1.680576417809360893e+06
5.365881641537832096e+06
8.338955268409086857e+05
2.926135358972919057e+05
3.221230102964524413e+05
2.841654181923289434e+05
1.436630805498391273e+05
9.557951798735061311e+04
8.290240399045329832e+04
3.571234542386071989e+05
4.250134007358623785e+05
3.982426238612419693e+05
6.956717747762911022e+05
5.274123313916395273e+04
7.148848896048461320e+05
6.760188527502175421e+05
4.981619294790381682e+05
1.365358075215983554e+05
2.326724311210447195e+04
4.991119377225924109e+04
6.489196881407062756e+05
1.910018532529629301e+05
8.622924379393513664e+04
1.357767495947178453e+06
3.792975834024520009e+05
5.331429902679823572e+05
1.728930257312269532e+05
3.061681259918561773e+04
2.696110377184840618e+05
1.786269306212013907e+04
4.584284367027193075e+05
6.319735232767913112e+04
2.540696901638285257e+06
7.592689592147271615e+05
1.846626677543661324e+06
8.126303989805488382e+05
2.006004858773291053e+05
1.733821506341837230e+05
2.589328862234135449e+05
6.770648018615813635e+04
6.426896496607634472e+05
5.411122953964528861e+05
1.509761033934243897e+05
3.178907730736425729e+05
1.013854569543109683e+05
7.010158588358255802e+05
9.049258006121031940e+04
9.390947656123762950e+06
1.433306646848659730e+06
6.080831333366214531e+05
2.560988676801237452e+05
2.220408958270982839e+05
6.929072658003499964e+05
1.522841151384669065e+05
1.929810163564963150e+05
6.029224607519051060e+06
6.675545114114680327e+05
2.170430568422622455e+05
2.394694072292810306e+06
3.879849830799266929e+05
3.077342805701269535e+05
2.201352893233872310e+05
2.020073484137506923e+06
1.940728949503322365e+05
1.379513776910389715e+05
8.469726838217392797e+05
7.596462998353422154e+05
2.518994927208576119e+05
9.712099426057337550e+05
1.602428760211358080e+06
2.391169477242307272e+06
1.776710810076330381e+05
2.819083963427568506e+03
1.292378942703983048e+05
4.594424583704241668e+05
4.322704906486951513e+05
6.472763458535436075e+05
3.295241345853100065e+05
6.895776892964525614e+05
2.721937595429255161e+05
2.354670569308749691e+05
1.500819940678887942e+05
7.202908968708502362e+05
2.003328851552587003e+05
2.587401328151205962e+05
2.451712367575586541e+05
1.363442765999343828e+05
8.977708333470311482e+04
5.526167075990979793e+05
4.121815046011976083e+05
4.296500207399660721e+05
2.854412193516006810e+05
7.775166992593443138e+04
6.182997674427453894e+05
1.397578311484056292e+06
7.493702191773743834e+05
2.179298154421502841e+05
4.557858262966575421e+04
2.062648612631388474e+06
7.151526018710971111e+05
1.546824011362120800e+05
6.381067965467140311e+05
2.175492728036414483e+05
2.871884348163178656e+05
1.390059547677065711e+05
3.116950354889712762e+05
4.872952586899925955e+05
4.320175465335528861e+04
2.586483118101510627e+05
1.894749486884467769e+05
4.541978566463787138e+04
2.920183173408096773e+05
1.811738501414187951e+06
1.792380940391100303e+05
5.221319418399840361e+05
2.242579630336831906e+05
1.134225691940422403e+06
2.360588672838055354e+05
5.650106919624364236e+05
2.996634060419489979e+05
6.220841521146415034e+05
1.788605086596321780e+05
5.840487115896266187e+05
6.420216363038530835e+04
1.165921754241860908e+05
1.352090446245140862e+06
3.901687598126660450e+05
4.031804557602002285e+06
2.025902776432988758e+05
1.204765435820835410e+06
4.017406205633632489e+05
1.398064788378994272e+05
7.456981656383947702e+05
1.552463817416431382e+06
4.786628606958197197e+05
7.973774719684257871e+05
1.666190486885629653e+05
1.078666128360208124e+06
1.763095325605574530e+06
1.826992797865908593e+06
6.600780316262422130e+05
4.425255758219701238e+05
5.956239577078036964e+05
5.527340317159977276e+05
6.840705802140230662e+04
5.963307818265658570e+05
1.513357047245203867e+05
4.520350448228667374e+05
4.915371005146902171e+05
2.002447800012415100e+05
1.481710080094604287e+06
1.359240471341746626e+06
3.846993402836483438e+05
1.682188253416058724e+05
4.072495441575795412e+05
2.139778732814744581e+06
3.754026424854595680e+05
2.359535595812153188e+05
3.983778251214238117e+04
2.556797388536268263e+05
1.866856759165150870e+05
3.593488098533323500e+05
4.084608253571107343e+04
1.090356366421018465e+05
2.148328995352202619e+05
3.270673686587068369e+05
3.010980018395309162e+04
6.838935673176763812e+05
6.556264100816415157e+05
5.357093793383460725e+05
4.544421432567664422e+06
4.493336792497859569e+05
2.070068827096382855e+06
2.548090298425756337e+05
2.464145077811953670e+05
6.260613427106761374e+05
9.119810096286651969e+04
4.766077387325545773e+06
5.788522741794093745e+05
5.799547461812446127e+05
1.063680622686865972e+06
3.523299592877664836e+05
6.307207035352052480e+04
1.585174501294114452e+05
3.249113671995215191e+04
1.363099580844292359e+05
2.063889880006263033e+06
2.991816678624940687e+05
2.006637627064871485e+05
1.147181132345628226e+06
2.576330193589885312e+05
9.870299323467669310e+05
3.517312443028848502e+05
2.852125814327702392e+05
4.963054824348965194e+05
1.007111118026274635e+05
3.725647738623108307e+04
2.736203282700496493e+04
6.163749505048595602e+05
1.705476949805469194e+05
2.072784136564878281e+05
1.354353754140958772e+05
8.172127368976324215e+04
2.496964285088178585e+05
1.330837721106851823e+05
4.428117998261818138e+04
6.220849042563502444e+05
1.069526490675751818e+06
7.535031736413388280e+05
8.297927613898267737e+05
8.743490837504701922e+05
1.433654424897056306e+05
1.409171401967033162e+05
4.391452451289800229e+05
3.844848188158135599e+04
1.542946141876796319e+05
4.136439762053285376e+05
1.401827751432560035e+05
4.648347704939174000e+05
2.207028393705849012e+05
6.203502014956093626e+05
3.979094401371857966e+05
1.738062507755773840e+06
4.974152320222883136e+05
2.563798823810631875e+05
1.398343457954563200e+05
1.722720580827393569e+05
2.472334992704505567e+05
2.579517282654285431e+06
1.606541906082831556e+05
4.568044347653766163e+05
2.270114627068699920e+05
2.581736105916595552e+05
1.360345197615764569e+06
3.907656199103396648e+04
2.771870729477796122e+05
8.453719565293462074e+04
8.382183342718740460e+05
4.362422924060294172e+05
8.139857885241876356e+05
5.080371180344677414e+05
4.249807103427465772e+05
6.862237791717308573e+05
2.871315334784318693e+05
9.469994457598782610e+05
2.850710472070086398e+05
1.804144148278747889e+04
1.862192123478735331e+06
3.350588227753533865e+05
1.044564166613309353e+05
5.896976664168750867e+05
3.838303386250949698e+05
7.595522145543145598e+04
5.369841846493169433e+05
1.570603900480835873e+05
7.213919684209666448e+05
1.329135736951772589e+06
5.205541390937900287e+05
1.548786586740505591e+05
7.907435539875683608e+05
2.765945517893267097e+05
1.818511295822763350e+05
7.473419101865496486e+04
2.220502126557775482e+05
8.496281026003147417e+04
1.257539794216584123e+05
7.315870192765358661e+04
2.330718283677686995e+05
3.922022460262514414e+03
1.747658505057679140e+05
4.691298977603989188e+05
3.031267615049315500e+05
3.805028181163389701e+06
8.091186666038300609e+04
9.972114561328802665e+04
1.633047274777821731e+05
2.511817274846490764e+05
2.728658145881224191e+05
3.052508257483234411e+04
3.036796061053170706e+04
4.136709528501913883e+05
2.189699521755052730e+06
1.269726723540888197e+05
2.665086102766623255e+06
7.914036505636502989e+04
1.956166561732719711e+05
2.688904005772833480e+05
1.550158300877543516e+05
2.724315376904457480e+03
2.646497986537159886e+06
2.729035845067097762e+04
2.428487462876472564e+05
4.756003995332886698e+05
1.613879939837113488e+05
6.662829722617638763e+05
2.148590290604831825e+05
4.394519105837598909e+05
8.849421996253867110e+04
4.121296394827202312e+05
5.304407852352058981e+05
1.611250810935100890e+05
3.530464069693185738e+05
3.387315507220363361e+05
1.039754935301420628e+06
6.185338321006498300e+05
7.378341647210909287e+05
1.283664170397152920e+05
1.899137315363178495e+05
2.222546009704786120e+05
7.952366145261953352e+05
2.798790254993818235e+05
1.269061508729687193e+06
3.049720086355581298e+05
4.075424203788777231e+05
3.787147696116792038e+06
5.251283523322702385e+05
1.132386004615694284e+06
2.129062677789148001e+05
6.167532051442308584e+05
6.222744167697789089e+04
8.987123985387913126e+04
1.122675119750905433e+05
1.136894898195725866e+06
2.922853246789290570e+05
3.235681688379498082e+05
3.172213542274048668e+05
5.620266694001742871e+05
1.303268827231372707e+05
6.076443256827788427e+05
1.532549122285516059e+05
6.082455555358224083e+05
6.639294983299344312e+05
9.769322971870158799e+05
1.557897510659854626e+06
8.326561951447072206e+05
1.598553131282959657e+05
5.233834642130893189e+05
1.006121707498638192e+06
3.264452704069639440e+05
3.607267131794388988e+05
2.007085812977621681e+05
4.085849362578342698e+04
2.865136249321431387e+05
5.525195828106459521e+04
9.705491668449317804e+05
1.995810298388095980e+05
4.740801829993066349e+04
2.318201190198634577e+05
3.307741384163371986e+05
2.110446917759219185e+06
1.005362808929492749e+05
7.319246370671593468e+04
1.163454829177167499e+06
5.802004048231952765e+04
5.691548741220049560e+05
8.508108793994838197e+04
1.512220670585580810e+05
3.725561813610309619e+05
3.824852158694363316e+05
5.787041491754117305e+04
6.777418273923755623e+05
1.980565446556731476e+05
4.271255763415102847e+05
1.446233824802671326e+06
9.074005168868364126e+04
7.568201032300721854e+06
1.382919040402036626e+05
9.382400402208152809e+04
2.385163736925166566e+06
3.912010299149384373e+05
4.995818326188889332e+05
6.846404622443714470e+04
5.961006788552493090e+05
1.215877508890751051e+06
4.703364196991244098e+05
1.366487803932136390e+06
8.665796210010824725e+05
1.142740558009127562e+05
4.762957827987220953e+05
9.670775188998593949e+05
1.459303424429116305e+06
1.912959038734129281e+05
5.711810117138394853e+05
4.084804956760043860e+05
4.544325122617575689e+05
4.455215349506650819e+04
1.245236139032290812e+05
1.095774322564885952e+06
1.750653625384793850e+05
6.405453166324974736e+05
9.197634331210193341e+04
3.629184702314661699e+05
3.046055482684489689e+05
1.000559832839099254e+05
8.570966190622817958e+05
2.773329699313453239e+04
2.030479257845098909e+05
4.420425042823114927e+04
1.360709005117021501e+06
5.994627727552725701e+05
1.232498859111007478e+05
6.857726015513453167e+05
1.446789638912569790e+05
1.157232695560795401e+04
1.385940607938651228e+06
1.709254732476845675e+05
7.443642244239747524e+05
1.360308120457266632e+05
1.392647823761491571e+06
1.260942410277414165e+05
8.125730388609766669e+04
1.538160036068464397e+05
3.095865227666940773e+05
9.521527519864936767e+04
6.138184582890923048e+04
1.558086857033505512e+05
1.141643622698220497e+04
4.774125042122300947e+05
2.272199408484326268e+05
2.323763190315678657e+05
7.394574951439073775e+05
1.567424090035414265e+05
1.262584343078271253e+06
1.590120988094900713e+04
6.580108109583015321e+05
1.975163733196712798e+06
2.635624579451794736e+06
2.867967813889621175e+05
2.022934772357414477e+05
1.452909927223738923e+05
5.242615332923557144e+05
2.654793280695028370e+05
4.589144023944710498e+05
9.004275016039935872e+05
3.343564160799761885e+05
2.512194724706374691e+05
1.124246949733830261e+05
2.603298088752990589e+05
1.246958940677315404e+05
3.785609309341260232e+05
8.416431513042667939e+04
1.761781151219825260e+06
1.911371499259244301e+05
4.168454015578746330e+05
2.036254789203357417e+06
6.456580323465170804e+05
3.589396551598406513e+05
2.022803067373397294e+06
2.060140419141363527e+05
8.910781455839077244e+05
2.821022239590034354e+06
1.523037166559607140e+05
3.119850039745205082e+06
4.432391310103046708e+05
1.977200328904430149e+06
4.481072472507059865e+04
2.031752760083986912e+06
2.562092504399687983e+06
3.430864083446240984e+05
2.871547271166737191e+05
2.368344853704957757e+06
4.547743557648731075e+04
6.434951724045749288e+05
1.002866514264169266e+06
9.746849555950780632e+05
3.325773127769072307e+05
3.319615298574844928e+04
6.965760065368862706e+04
5.384985365707192104e+05
4.519223769163633697e+05
9.819074377962726867e+05
3.942947485469420208e+05
1.020841619715235662e+06
8.645117492205877788e+05
1.439726775132020237e+06
5.140611840578977135e+05
2.094572208492416394e+04
1.543879902945291717e+06
1.716463363536283839e+06
1.803947658633838873e+05
1.410568092634254717e+05
3.016153237592953956e+05
2.059540882019315031e+05
2.061231222364675195e+05
1.218761777162151411e+06
9.064752832666966133e+05
9.536744111248211702e+05
1.681070427871303400e+05
1.031621749078957480e+06
1.594277001095842337e+06
2.181177910119023873e+05
1.137275325288614258e+06
2.272444715112024860e+05
9.713389373092277674e+04
1.007516450920214447e+04
6.487478648836876964e+05
2.097682797400906275e+05
3.500523088207066176e+05
3.990191393704177462e+05
3.291356908869456965e+05
6.515963668104779208e+04
2.143786483115006122e+05
2.171942727284677385e+05
3.751685134929451160e+05
6.531249265612394811e+04
5.254237549093764974e+05
1.485791896536557178e+05
1.046970249245267187e+05
2.305251136850391631e+05
1.766721978948858159e+05
1.349869681554589479e+05
2.620914261130025552e+05
2.620725253855438204e+05
4.300742050269135507e+04
1.524160769675748888e+06
1.906648494754423737e+05
3.640980493680014042e+05
7.115991248442162760e+04
3.510062982118094806e+04
4.261590638865571236e+04
1.018101423273473512e+06
1.256382578154433519e+06
8.114965264582330128e+05
6.880362272548667388e+05
2.788112152909351862e+05
1.712386651042754529e+05
2.177877654188021086e+06
4.326324844198252540e+05
1.813379475243201712e+06
2.027444974068994925e+05
3.592107846406757017e+05
6.511379628651320236e+05
1.256815957455277676e+06
4.673156151625383645e+05
3.412913835940297693e+06
1.168559757451333106e+06
1.307862956967714126e+05
1.322990834965856047e+06
2.917373820463451557e+05
8.924807627303643385e+05
4.211811739060006803e+05
1.748123781330881175e+05
4.326731720376748708e+05
2.087344509356523340e+05
7.265761508121070219e+05
4.392951986894079600e+05
5.066613405761287140e+04
1.205105927665505151e+05
2.909648991327516269e+05
3.949537129865143215e+05
1.069190183541249949e+06
1.538212550752321258e+05
8.643511477201554226e+05
3.795061102365325205e+05
1.855911453160709643e+05
5.361645342269168468e+05
2.718084511819382315e+05
2.105752817580281699e+05
5.529224618908789707e+05
4.776220758122302941e+05
9.641972975494411075e+05
8.369587216925072717e+05
5.886859002775092376e+05
1.165099242349681299e+05
6.334051322546775918e+05
4.908485208568057278e+05
8.229239693081144942e+05
2.734961012125049601e+05
1.015442919613947161e+06
7.031034809562851442e+05
3.053928490659892559e+05
1.531863780817634892e+06
8.660822424206990981e+05
8.326468480722903041e+05
2.693279078897109139e+05
1.268314852125554607e+05
7.783677060030214489e+05
2.149256872768671019e+05
1.328658315717337828e+05
1.997827747742535314e+06
2.744583403385244310e+05
1.492649853148626571e+05
1.050409700074982538e+05
3.953261094930458967e+03
1.757716373376184492e+05
3.104190031178337522e+05
2.386530607386625779e+05
3.311944603973515768e+04
8.250276262110625394e+05
1.740954357771617942e+05
6.798686635400311789e+05
1.815053730183731532e+06
1.412304681925412966e+06
7.721212790093285730e+05
6.673559282647663495e+05
3.042895329718447756e+05
3.669635067619037000e+05
4.876085173105501453e+05
2.948436946045721925e+04
8.283879727786927251e+05
4.417520556819614954e+06
1.773718825557541568e+05
2.099516849264662596e+04
2.788464987832072191e+06
1.395607927033614251e+05
1.477374390110605236e+04
8.812489097540319199e+05
4.106490191147334408e+05
1.768043863400776172e+05
1.377384696364681295e+05
5.105106916397110763e+04
1.064918391354832274e+05
6.585565171538527356e+05
1.044900246160947281e+05
3.617427596715454129e+05
5.796481549459211528e+05
1.023056773201060714e+05
1.585852946653551422e+06
2.918378377335448749e+05
5.704797545053021749e+05
1.662162989614375168e+06
2.431274126874546520e+06
6.935626523075155274e+04
2.160992357649439073e+05
5.023520959232051973e+05
1.352500055042893800e+05
5.053622612418588687e+04
