1.862521375845726652e+04
2.718118370128757670e+05
7.206330834284096491e+05
2.888984788394297939e+05
3.879060998425577418e+05
2.779192147790031158e+05
3.347180300816873205e+05
2.184415647949183185e+05
1.799661398901292821e+06
4.575772732828094740e+05
3.711595291936818976e+05
1.761031650779138727e+05
1.853584097425046377e+06
2.043290226712417207e+05
3.585821924355450319e+05
1.808253706995486573e+05
1.133871980333161307e+06
1.574762615119551774e+05
6.261664437518502818e+05
4.743268946527206572e+05
6.397446043380894116e+04
5.566783508721869293e+04
4.638528187328785425e+05
1.447317275186950283e+05
1.130390991874408646e+05
7.869331265276817139e+05
3.062690803056115983e+05
2.619927316513819969e+05
3.005769572625202709e+05
1.660532282444095705e+06
8.774443231868542498e+05
7.776668777618301101e+04
2.724848024532105192e+05
8.784887616527847422e+04
1.972044195340069709e+06
9.004862173768560751e+04
1.804495330669454706e+05
7.263810711736555677e+05
3.869390221930030966e+05
6.491791683078196365e+05
3.136561527573752217e+06
4.677878758376772021e+04
2.434078458166513592e+05
1.839147847433717689e+05
9.921248554198491620e+05
2.002178373260409106e+06
6.893817632898464217e+04
9.274647487793250184e+04
1.610866679011200322e+05
1.462689296478165779e+06
8.222005715721601155e+05
1.082760063837867230e+06
2.042485500184103614e+06
1.672100751519671467e+05
1.152598856606504647e+06
5.644868677846688079e+05
4.050533657557753031e+05
5.563737461260369746e+05
1.404044489622690482e+06
3.745446623671105481e+05
1.041111992843452259e+06
6.181744229781889590e+05
7.053852807643420529e+05
1.496275993116016733e+06
6.862148229775469517e+05
4.065757274441131740e+05
3.329977088752193376e+05
2.004570089298943058e+05
1.008630371559840132e+05
1.827725544894726190e+05
6.334714686437514611e+05
7.471005680351312039e+05
1.167939038918704027e+05
8.343539048742882442e+05
2.036725636531923374e+05
9.164858634207418654e+05
1.754991386166017910e+05
4.394014600952616893e+05
3.178790770405418240e+06
2.545925669800330652e+05
1.592294105345238859e+04
7.319078993889340200e+04
9.902947711741796229e+04
3.353373005894201808e+06
6.779265070891841606e+04
2.515079209196948214e+05
2.991788653131976025e+04
1.068669815340762398e+04
5.337739203662818763e+05
8.409314446247930755e+04
1.175541592008250766e+06
2.811431802985596587e+05
1.843865283085454721e+05
9.323044181036901427e+05
1.688986012994573684e+06
4.746278734608914965e+04
1.358846912623431301e+06
3.396080996766638709e+05
2.346169984633848944e+05
9.303299891251309309e+05
7.765441449056486599e+05
5.435768307832600112e+04
5.924997213581557153e+05
1.046878986853852111e+05
1.350582296197477495e+06
9.370540184409420181e+04
4.677003601772398156e+02
2.418455166857090953e+05
2.281739357387018754e+04
7.401531601331705460e+05
2.043967209581815696e+05
6.669542517045072746e+05
1.259934921294975065e+05
3.199751045383492019e+06
4.487851497315762681e+05
4.684358152286668192e+05
1.244214198773018725e+05
7.859592427197733741e+03
1.823879420739862253e+05
4.455288438709595357e+05
8.936349389369596029e+05
4.912761735981612001e+05
1.844654144009980373e+05
1.400503421251290129e+05
3.449545756591582322e+05
1.365954327461110370e+05
1.681924911007066257e+05
7.891229721519238083e+05
4.063649402655218146e+05
1.107512593845280586e+06
3.426406733390938025e+05
2.486629581703307922e+05
3.562849995287887868e+05
1.348701978750441049e+05
1.698340412599672563e+05
4.502742079055889917e+04
9.731456384546350455e+04
6.543352028373138746e+05
3.524430092524974316e+04
9.671977865140358335e+04
1.057659310480694752e+06
1.378027221158528118e+05
1.899298227115921036e+05
9.829907166396024404e+05
1.087639716985338018e+05
3.634353268515690579e+05
7.917939524827692658e+05
1.317279549724972458e+05
7.885948042812008644e+05
8.321542814240764128e+05
1.403935546103046741e+06
3.362320115202040761e+05
2.007315594145137817e+06
4.869130473219069972e+04
3.674742849399602856e+05
2.819108959392535035e+05
2.756828016550096683e+06
2.288919188034989638e+05
3.134255756901850691e+04
2.963396357802374405e+05
9.244672122048462043e+05
3.321133463205829612e+05
1.683776032145383942e+05
2.591075019357783603e+05
7.876689771712864749e+05
1.432536225440180278e+05
5.934939062109806109e+05
3.217342276085676713e+04
1.124419047908140928e+05
1.348537593803808792e+06
2.811862204170074547e+05
3.142805009139343747e+05
6.677324978502611630e+05
3.748829046614849009e+06
2.737717208268760587e+05
8.235773873118179617e+05
4.353075254595194128e+05
2.228086336762377177e+05
4.793712003687995020e+05
2.738393599448197638e+05
3.065257722352836863e+05
6.973768307046550326e+05
2.052612849649064883e+05
1.611112117340858968e+05
8.268752150312430458e+05
2.202736890893840173e+05
2.426789828937204089e+06
8.214748787280309480e+05
9.074275071386480704e+05
1.126208288794223154e+04
6.123894562097321614e+04
3.229464248235496925e+05
3.059324756619926775e+05
1.590518088662009453e+06
3.339213688727776753e+05
1.241680024025738705e+06
2.920437107716819737e+05
1.586251277781658282e+05
1.031202464088961831e+06
3.491964608426087652e+05
3.007264323984147049e+05
2.343088167623691843e+05
2.882247193442929420e+05
1.001029545344116486e+05
1.354186404438652971e+05
6.954176694537288276e+05
2.102931788111457601e+06
1.977128303630289884e+04
2.485625655336749915e+05
3.237593570583516266e+05
3.272455371888724621e+05
1.308204194982125191e+06
1.001742002065443899e+06
1.223299583975943096e+05
3.112386440280199749e+05
6.755129198025498772e+05
7.958216162446286762e+05
3.904945469934709254e+05
4.610793523154064314e+05
8.029650973910867469e+05
4.753660325552658469e+04
1.130664579921999211e+04
9.856160307488917606e+05
9.816127450816535566e+04
9.813973483141901670e+04
1.619266205889498815e+05
1.114709015124069265e+05
1.144659857428579126e+05
1.299427217476251535e+06
2.303543596225155343e+05
4.911654648844371550e+05
1.531367395068134356e+05
1.722895009342483245e+05
1.516335377637622296e+05
1.944044249830668268e+05
9.556859711371519370e+04
1.610493620298384689e+06
9.457116166520728730e+05
1.070951608375209151e+06
2.927399376328726648e+05
9.660852911209212616e+05
7.252767687173440936e+04
2.210614786851678044e+06
6.641234513053452829e+05
3.439311534855320933e+05
8.722841514409265947e+05
7.314970916658221977e+05
8.681543070573409786e+05
3.382689455209490261e+05
1.688467184577094740e+05
1.003183668993769679e+05
2.724032966384120286e+06
1.324437232287622755e+05
1.138470273176096845e+06
2.126626558330039261e+05
6.762634176126753446e+05
2.733691123934889329e+05
2.011230062330558721e+05
1.323472889390854689e+05
9.962730857426654547e+05
2.123905365387636703e+05
1.310927169896911655e+05
4.142801200625757920e+05
5.274389284327921923e+05
2.722687526934660491e+04
5.181227768596793176e+05
6.403032717352256877e+05
7.398050061349423777e+04
1.174273942913440056e+06
2.473147720422158454e+04
6.105669991576044122e+05
4.369980828290052596e+05
2.559726064882229548e+04
5.131539645977537730e+05
6.275683688324129907e+05
4.702011958269250463e+05
2.255744554050632578e+05
4.069203515889513073e+04
4.064526636709683808e+05
1.183151055783228512e+05
4.840262609644213226e+05
3.587284097626426228e+04
7.860072449210083578e+05
2.557634210720426927e+05
3.056574923919567373e+05
3.503065102935050381e+05
3.891091939005622989e+05
2.192931306375183049e+05
9.889444448052012594e+05
1.006592549309924361e+06
2.088637525019738823e+05
2.080799186097231577e+05
1.503535387474142481e+05
2.083109532029214781e+06
3.164369639275743975e+05
1.124588653960114898e+05
4.756580179455995094e+05
2.899699097633461934e+05
1.540481319930592435e+05
2.854339759894620511e+05
8.433748873387729982e+05
1.373120074550590711e+06
1.388565226237652823e+05
3.814566995203283150e+05
5.572127678287868912e+04
1.468417553078043566e+05
9.555011123692024557e+04
4.183472042208688799e+05
4.084642285445964080e+05
2.084315003685357515e+06
6.106056435092644533e+05
3.333564817278958508e+05
6.706500723077372822e+04
4.282347506295302301e+05
1.307906364588855300e+06
4.587519304229794652e+05
5.245924513428435894e+05
2.482837760639005865e+04
1.512587108265642310e+05
4.198852797285074485e+04
3.474041034337103483e+05
6.605439171578689711e+05
2.793043314594551455e+06
2.968876899158611195e+05
2.347970400539181137e+05
1.432541785549697466e+06
2.491657266784129199e+06
1.460418663506926503e+06
4.549142710012143652e+04
3.165674783698259271e+05
7.313493431783506821e+04
8.071545013033667055e+04
5.526430160526153632e+05
2.521550807649681345e+06
2.150532896288705888e+04
1.032390199741940945e+06
3.393233505036031711e+05
1.780268397556539625e+06
2.221540123234459024e+05
1.561880567261486722e+05
8.553890631692096940e+04
1.403418677537396143e+05
3.122564511377086164e+05
5.858101552302351920e+05
1.110352924466021825e+06
9.760230125819114037e+05
3.616718834466386470e+05
4.803159792144364910e+05
8.471759638193419960e+03
4.699469833505039569e+05
4.003459432209800580e+05
1.944265063126117166e+05
1.673569084930036624e+05
1.788360738617072930e+05
4.557154318928338471e+05
8.786918451132411428e+04
1.722655262780776829e+05
1.604568653669413179e+05
8.876638470885296119e+05
9.116135960534061305e+05
8.842554319758468773e+04
8.663031600011263799e+04
9.764006750185650890e+04
1.766664648223658733e+05
4.054069623286395217e+05
1.604814207928496180e+05
3.771698984533230541e+05
3.622713683569968562e+05
2.610842276839062106e+05
3.674712943030951428e+05
1.364168691292393487e+06
6.488967702789746545e+04
8.003748085059807636e+04
4.728705911990973400e+05
1.547076773651386146e+06
8.391696219182576169e+04
1.956615646218729671e+04
2.774031898870322620e+05
1.382413067831548688e+05
1.003776085824682523e+05
1.319256048151591385e+05
2.854518136382593657e+05
2.433739818940523837e+05
3.841189874615726876e+05
1.355682882318730466e+06
1.569064487230407831e+05
6.411794312259150902e+05
3.708304782969048247e+05
1.254041248365801584e+04
2.292618222289305704e+05
2.034949979317610560e+05
2.257261333877485886e+05
2.816041431022212491e+05
7.263365596808409318e+06
4.423422021486807498e+05
4.271762174969657790e+05
2.759589893852049485e+06
5.387807031526822830e+05
5.375952947166290687e+04
7.369978285427329829e+05
2.969668080129021546e+05
1.567836643760844599e+05
1.669284393358386878e+05
1.150859630347072380e+05
1.986377268816005089e+05
1.342414331976697140e+05
2.297568631168596912e+05
3.732350083439102746e+05
3.597616799161689123e+05
3.635611952410897939e+05
1.462369096896600095e+05
2.611109858209025406e+05
2.728258499034882523e+06
2.200220107718504441e+05
2.097509064322530758e+05
2.092802919742940285e+05
1.179863836922121001e+06
5.280512557683747582e+04
2.632643254689467722e+05
3.177288917410483118e+05
3.060609150940187392e+05
1.948131048025250493e+05
2.029357397930375100e+03
2.521023006371808005e+05
4.340325302062540432e+05
1.221577246375288669e+05
1.041980949820752372e+06
4.892315760841551819e+05
4.837821276062125107e+05
5.104634963747461734e+04
4.874344929722581874e+05
1.584049018554634531e+05
4.814171160324977245e+05
2.170143657790960860e+05
2.368102908266243991e+06
1.579433655356282834e+06
3.890152145617059432e+04
1.974104295880768448e+06
5.060177563696583966e+05
1.286106069616636232e+05
8.018791593668429414e+05
5.713313400522557640e+04
1.904488817349003628e+06
2.532525111423491762e+04
3.210217089679976925e+05
1.753483154388639377e+05
4.292363758214532281e+05
2.189445728835064801e+05
7.481615082523690944e+04
1.710890656904031930e+05
2.122306741237457027e+04
1.131546429467933194e+05
4.427418993934916798e+05
7.087174342763464665e+04
1.134242566615276301e+05
4.613878832809014712e+05
1.008938778133922955e+06
3.433690760295933578e+05
2.559542879559770226e+05
3.467037382190246135e+05
2.711289671877379878e+05
2.670297427759251092e+06
1.601346799007688533e+05
1.014558149957461283e+05
8.206131705071993929e+04
1.708145365739709814e+05
4.168914798120220075e+04
1.504088962539503700e+05
3.054196323594645364e+05
1.952891265307978727e+06
3.612753901361986645e+05
1.620726704967864498e+05
2.957157679867933621e+04
1.348914024332147790e+06
2.755131954562105238e+05
7.227760018693695311e+05
4.227132743864780059e+05
1.029903156852555578e+06
1.341836262581906980e+06
3.636994993383475812e+05
3.270152741368252318e+05
2.317724268644815311e+05
1.607415096924816316e+05
3.623325921844955883e+04
3.843249260096839862e+04
4.353174011563372915e+05
8.986925639443780528e+05
1.716836460535241524e+06
1.343394333222277695e+06
4.400277063168023014e+05
3.597954970242122654e+05
5.734919815858668881e+05
9.794377009156434797e+05
2.311580726606950164e+06
3.517600571697306004e+05
1.318870855886488425e+04
3.287147874299790419e+04
2.264631783468418289e+06
2.758138758637253195e+05
2.641546586972303921e+05
9.030840925015133107e+05
8.771200222150956688e+04
6.545411692121146480e+05
1.415092804624227108e+06
1.378716862917596009e+05
5.244575755524482811e+05
2.032648901510492724e+05
1.296320493676788174e+06
3.058445056137239444e+05
1.066417294319516513e+06
1.005672581491321325e+05
1.102039499936655862e+06
3.498600738126690849e+05
1.677862444087769836e+05
7.220177253243084124e+04
8.725795078680387815e+04
3.083542001976179308e+05
1.305982361137855478e+05
4.028055881683126790e+05
8.544417885744647356e+04
7.304000302284858481e+04
1.662511483232251776e+05
8.788574651782382280e+05
1.786378250743421668e+05
4.317188824583319365e+05
2.442508203972161573e+05
3.618822585675708979e+04
2.115182942629437457e+04
5.675295667897881940e+05
1.097087548152989184e+05
2.311187783849938423e+05
2.597511272920701304e+05
4.910638878574980772e+05
5.782424953143125167e+05
1.251607352904427826e+05
7.626742508001194801e+04
1.078873607711808290e+05
2.936566835092248395e+06
2.417854040972795046e+05
1.123424018569689943e+05
1.081683907622182509e+06
1.072969104934399715e+06
1.058801926644304331e+05
5.661045651473758335e+04
8.979397401139346766e+04
6.637807884862471838e+05
6.108384819124129135e+05
1.224038183790782496e+05
2.330839336337322311e+05
1.181568368240492884e+06
4.524588393645598990e+04
1.170698259378652787e+06
7.313905488336455310e+05
9.839925744731081650e+05
4.809638653388771927e+05
2.336355429992284044e+05
1.395418396412949951e+05
9.299166937145425472e+05
1.536508889668925432e+06
2.182875874014562578e+04
2.102026374759880127e+05
4.629020799580472521e+04
2.231305652263597003e+05
4.217689827853276511e+05
3.434573216684860527e+05
6.761796234718355117e+05
3.164768218969478621e+05
1.462241250867458293e+05
2.311297696404010640e+05
1.285617158661408583e+06
4.015741815839784686e+05
7.019468186207952676e+05
2.270693613768242300e+06
4.248302017621524283e+05
2.626999564274426550e+06
7.362478839180379873e+04
4.950434200889031054e+05
3.061124270678590401e+05
9.737231696762272622e+05
3.000258602688554311e+04
6.048564003030017484e+05
9.822937202715629246e+04
5.922927741144795436e+04
2.021413272443343012e+05
9.123392407767769182e+05
1.014036833007031120e+06
7.870517541293408722e+05
6.228664124329298502e+05
3.878022456069241744e+05
1.487983020763068344e+05
5.991701765358776902e+04
5.771439109845936764e+05
9.156871036840076558e+05
6.052711777712344192e+05
4.713147694051802158e+06
1.408444259508167161e+05
1.333233846270690206e+06
7.185566578910078388e+05
6.813815640282745007e+05
6.222430848336657509e+05
7.997585246944113169e+04
5.760279156337260501e+05
2.323845174659206066e+06
8.579343279440207698e+04
9.198739448706481198e+04
1.655977015168376383e+05
4.918959330265750759e+05
8.232936028406118276e+05
4.121571574204118224e+05
2.719206517837316496e+05
8.984137610296490311e+04
9.518059422604609281e+05
1.145503837645153981e+06
6.428872339042822830e+06
1.031821301395252813e+06
3.335810677391566569e+05
2.042270907158115646e+06
1.542914437680514238e+05
1.594179381937740836e+06
2.668279808898393530e+05
1.712838578512083332e+05
7.210283164756798651e+05
9.820865149739569752e+05
3.619442907973331749e+05
1.014548956910596113e+06
8.272945487764802692e+02
2.161303271353963646e+05
2.819383945785244941e+04
1.070398470337358769e+06
1.215642039736043662e+06
4.726264274180984357e+05
8.314319315565231955e+04
1.122803673567404621e+05
3.120096868240162148e+05
1.206440327052922366e+05
8.073586672434353386e+04
2.711074105094521074e+05
3.350230123620862723e+05
1.534737436274461914e+06
1.896087373273966950e+05
2.316861635377113707e+05
3.242906782179790316e+05
7.748450564528009854e+05
1.596912652455790376e+05
4.572730788893090794e+05
2.156861651540586900e+05
2.922172837704726262e+05
8.073562729916777462e+05
4.968906872402919689e+05
2.637959241578512010e+05
4.329992497487800429e+05
1.609048799523259979e+06
3.248047001166052069e+05
6.343059989216817776e+05
1.548738953180693323e+06
2.530270047768468794e+04
2.883204173024817370e+06
1.443376736527404049e+06
3.480129191344608553e+05
9.151937321026605787e+04
4.099913631665825960e+05
4.003006205610721372e+06
1.769872260646471113e+05
4.357880160619107191e+05
7.901069285631671082e+05
1.008045177799655939e+05
9.121997243811340013e+04
3.022713486072947853e+05
4.098931467409176403e+05
4.100124065150773386e+05
1.720984080886944721e+05
1.013335877333582495e+06
3.074989182802975411e+05
2.611017804767519119e+05
1.206222898332818877e+06
7.536735126659349771e+05
9.863408626557281241e+05
5.510900509634338232e+04
3.294773219650269311e+04
4.862559439324700506e+05
1.216156506588192191e+06
7.601312517177800182e+05
4.146697029045930249e+05
2.525057353338150308e+06
3.456896382324476726e+05
2.641025188634902006e+05
2.753375889193692128e+05
5.920301514733624936e+04
8.411550100903677521e+05
4.130970989989001537e+05
5.491437562516687904e+05
1.807293969091825886e+06
5.376569053679821081e+05
5.749725724128265865e+05
1.799535234873405716e+05
2.623039595321187517e+05
1.545098477315337514e+05
2.022750648692878021e+05
4.579420063755449955e+05
2.330057057858177577e+05
2.054252035114715574e+06
1.032238848686582292e+06
6.758897231148279388e+04
1.382270313154373318e+06
4.096363420330244582e+06
1.500065655039291014e+05
3.330257137270465610e+05
4.898686222020426649e+05
1.549789741336058069e+05
7.992272565402704058e+05
4.275968776852512965e+05
3.186016529505347717e+05
4.818268477763535921e+05
2.065928467090515187e+05
3.632955790804190910e+05
3.108627195856719743e+06
9.488537523995379161e+04
6.474836833496789914e+05
1.403065120133415330e+05
1.003768478244959144e+06
1.709367746323719912e+05
1.767051932841569360e+05
5.005565922847464681e+05
2.088966770764989487e+05
9.335022439608501736e+05
2.343071704470584227e+05
8.218446499553566100e+05
1.639231723371970002e+05
3.133405701302119414e+05
5.151895966714909882e+05
1.304384038951146184e+06
3.295757308800355531e+05
7.573762276196810417e+05
2.350816342904568883e+05
1.566556174580040155e+06
4.863005504547778401e+04
2.617490842659593327e+05
6.572207495055310428e+05
1.119287863654871180e+05
5.636586962126407889e+04
2.165481566117780458e+05
1.099315695225984091e+05
4.902856113996716449e+05
2.272238285579723888e+05
3.217338758503696299e+05
8.896769102504380280e+05
8.651899502766939113e+05
7.214063024437224958e+05
5.885105951438738266e+05
1.164860425617468136e+05
7.954123490471651312e+05
8.605108213464917208e+04
1.922123310738682922e+05
4.739346038845295698e+04
2.877652477676468436e+06
9.759001205032200087e+05
4.721610068830648088e+05
4.847350181900519528e+05
3.671073162693734630e+05
8.097542309601093875e+05
3.481323248526795767e+06
2.493591887837731629e+05
3.192167750301777269e+05
5.253305650650952011e+05
1.168302502226861543e+05
2.801377050810890505e+05
2.516740391865640413e+04
9.128847918639174895e+04
2.097589556289551838e+05
4.912008535182729247e+04
6.631700649690171122e+04
1.819913251344201853e+05
1.054053846095475747e+05
4.697301224752070382e+06
9.572189315849814739e+04
4.782422813240690739e+05
4.099388371204299619e+05
6.533858866143495543e+05
2.351141032209906727e+06
2.868601460314359865e+05
8.253400548487046035e+05
7.034442511071602348e+05
6.431216338619836606e+05
1.213261017923006693e+04
1.213085471649659099e+06
1.200088522802391381e+05
1.048794397417700820e+05
2.237083610030469426e+05
6.825728584228847176e+05
3.345504069133505982e+04
6.505744425930788275e+05
2.571073293884806335e+05
2.163780983684512903e+05
2.495230951885176182e+05
4.127644042115586490e+04
4.187784075011798413e+05
1.111771928196078661e+05
4.418430866613660473e+05
2.106354910106838724e+04
1.369138538666799141e+05
5.516835685006408021e+05
7.669392798990901792e+05
1.025831769774356391e+06
9.618528466340503655e+05
6.901475099923189264e+05
1.153367009078839765e+05
2.297717087450722465e+05
3.412379482562089688e+05
1.086168575811545132e+06
5.340582059661308303e+05
1.349421162919980998e+05
4.410081305464218894e+04
5.430071372450445779e+05
4.847061248130755848e+05
5.693692549803005531e+06
9.842681130728528369e+05
3.695944158861779142e+05
1.135571534157370683e+06
1.423503160195522069e+05
5.910848665867228992e+05
8.357845452434734398e+03
9.458539752190743457e+04
1.417226688286245335e+05
5.790803112731805304e+05
3.281452172561025945e+05
7.507415283974190243e+05
1.426246036139213538e+05
1.111814679528890410e+06
7.667503582622091053e+05
2.141417365019258577e+05
4.416216267415818875e+05
6.833757588499892736e+05
1.558384377060093917e+06
2.926916193599918624e+05
1.654279718430406938e+05
1.339567986524649430e+06
3.911945760145449894e+05
1.193007431179444829e+05
5.107085694520937395e+05
3.246044240187378600e+05
5.977007732652703999e+04
2.798263213645969518e+06
6.175153070946880616e+05
9.396037654179342790e+05
3.833656101478975033e+05
1.975551494494397484e+05
2.208679057329900970e+05
1.282191111020268872e+06
1.010472461530655273e+06
7.897282460768271703e+05
4.184737161166003207e+05
1.165857656650078716e+05
1.276335305422162928e+05
3.111844906260943972e+05
1.062635670644142199e+06
2.454027276685131073e+04
1.054088838604826713e+06
1.644528168847873108e+06
1.161187479139474308e+05
1.017063372451361356e+05
2.099556542976641213e+05
1.573498000560030632e+05
3.884003167062901775e+05
3.016926273652622476e+06
4.440750731985626044e+05
4.802892942155034689e+04
3.903511970623731031e+05
6.105621227057337528e+05
1.119491497908644524e+05
4.717756577499051346e+05
6.995819635761286190e+04
1.868081316548091127e+06
1.216780826942725573e+06
6.642888363205095520e+05
3.095159496626451146e+05
1.452902030542962311e+05
3.240787054155910155e+05
3.274922513819472864e+06
8.682300584133101802e+04
1.703284652931975201e+06
6.302655596717725530e+03
6.355358756057887804e+05
5.141860082694111043e+05
2.028869380731564306e+05
1.459782112133534160e+06
5.254701415860253619e+05
3.447844524883237900e+05
6.688860394057453377e+05
1.741991406553607667e+05
6.082407684839423018e+04
8.551009804503314081e+04
1.493332891996427497e+05
1.466048299800983397e+06
2.182857329133347375e+05
3.759564101144835877e+04
3.909909367050804431e+05
1.238585715177885286e+05
4.908388785116504732e+04
3.108366347185709164e+05
1.400490614887568227e+05
6.505276647665464552e+05
3.735661554682921269e+05
4.433398184721257538e+06
7.277120708266132278e+05
1.225745172537744365e+05
2.272920968206074613e+05
1.979035058295713388e+05
4.789815500436371076e+05
1.508457822372099326e+05
4.228583978216699907e+05
1.411122346485849470e+06
1.595134677819483331e+05
4.511819339721297729e+05
3.608312027342825313e+05
2.588930077688172460e+06
2.876642435598110897e+05
1.097370215557109565e+06
5.534769759293711977e+05
4.020997921203536098e+05
1.579948209462180967e+05
7.098557180603774032e+05
1.303504015409359010e+06
4.691129088612306805e+04
1.690642431881499942e+06
8.095181696046737488e+05
2.808445841837943299e+05
6.415421008615198079e+05
9.367912051266519120e+04
5.333975786106664455e+05
4.729458296763214748e+05
7.926450437710423103e+03
3.230499307392119081e+05
3.965081192897701403e+05
1.750568706136788824e+05
1.386909206660627970e+05
1.690384361338434683e+05
5.071676535426571500e+05
3.404749721146905213e+05
5.765270138820243301e+05
2.054291444401174085e+05
7.372721572416101117e+05
9.571350939470867161e+04
8.201907287861207733e+05
2.508774216833827959e+05
3.961252238678795984e+05
5.585572183696880238e+05
5.346096637771991082e+05
2.798205891427629977e+05
1.432259859012936067e+05
8.778042479112291476e+05
9.996745592852706613e+04
5.093406802569812280e+05
3.253933266407783958e+05
1.812223402406991692e+06
1.013637472538526927e+05
8.394540731817298802e+05
2.841732481184619246e+05
8.489878662281008437e+05
6.265486265438600676e+05
6.343033626733968413e+04
3.049650538884924608e+05
3.315147840345141012e+05
1.653632044302964350e+06
1.660823411056344397e+06
3.003631711561405100e+05
1.615659691755227686e+05
3.222620567403321620e+05
1.303898773450508597e+05
3.060523310229384806e+05
1.135547126592142740e+06
3.976698146676865872e+05
3.365582663804495824e+05
2.127751331919441582e+05
2.410064614512230910e+05
5.138429912804578780e+05
5.316883789182225155e+04
8.706271258586127078e+04
3.219894958353178226e+05
3.690945770031603752e+05
1.029167878585886443e+06
2.945120523497253307e+05
6.792612812610383844e+04
5.561487112007361138e+05
1.628968027603403316e+05
4.009596244753586943e+05
2.842648173826339189e+05
4.975429419277060661e+05
4.828063496046619839e+05
1.128617976889411802e+05
9.530913685732021695e+05
2.137453409922837745e+05
2.619189544723563595e+05
8.000196195861404995e+05
2.031182138101719320e+05
3.038108877342949854e+05
6.949744581796043785e+05
2.573473503022846708e+05
9.638091721582828322e+05
1.154444284256669052e+05
5.141493592574399663e+05
6.933308699644975422e+04
5.557995071690706536e+05
1.521512721537608886e+05
4.379867241109518800e+05
8.493501909876223363e+04
2.439301185653980647e+05
2.898246639981066110e+05
2.113125894671598144e+04
1.775002662351739127e+06
4.254739350688820705e+05
1.586346327022562909e+05
1.832828436178142147e+05
4.905464548274059780e+05
4.277124811522019445e+04
3.189382478460146012e+04
2.371349752795276872e+05
6.861311680956446799e+05
1.008173261076169183e+04
5.599930823994386446e+04
3.965771543194805272e+05
7.296501600400588359e+04
3.526905947705138242e+05
4.864436107775865821e+05
1.077542916283267987e+05
1.299458801404869184e+06
1.058920571862676647e+06
3.479583302477619727e+05
2.100626060197435436e+05
1.781521035518791177e+05
2.211411182521691662e+05
1.485105207122203865e+04
3.781254965508739115e+05
7.275667027313906001e+05
4.151523894138060859e+05
7.955706344110151986e+05
6.120879308764272137e+05
6.057969995657003019e+05
8.498551389906136319e+04
5.739906803006853443e+05
4.513258020372004830e+05
3.508431597353356192e+05
3.337657779861678719e+05
1.210105967114005471e+06
3.414934979574509198e+05
9.952969826613635523e+05
1.869090810448017146e+05
1.245029225368045736e+05
7.543083450093349675e+05
1.711407490033946233e+05
3.651180160341573064e+05
3.327223773464023252e+05
6.544290805879404797e+04
2.931182782907146960e+06
1.120152986168104922e+06
5.258121008694830816e+05
2.086228776646144688e+05
1.780450122878574621e+04
1.240915043238064827e+05
3.325535628879157593e+04
1.977981562925860344e+05
3.627585411852046964e+05
1.420359737265585281e+05
1.235104288991777721e+05
1.060825324991000816e+05
8.774947384444181807e+04
2.375586782234307029e+05
2.057470851953749079e+05
2.420989067739683087e+05
2.362679525083891349e+05
1.121582214754238026e+06
1.465133461431908945e+05
7.576057214813105529e+05
1.776449233246209333e+05
4.967574744575938093e+05
3.651583376034005196e+05
7.968896061725304462e+05
3.496012742959269090e+05
1.198814186344458431e+05
1.947065677646117401e+05
2.429785820099493722e+05
9.040150493207009276e+04
3.120470402773312162e+04
1.334254929588928826e+04
2.544861800913008628e+05
9.365057600815895712e+05
4.771180108348524664e+05
1.350256470870696474e+06
5.780790069812922738e+05
7.085185876595868031e+05
1.625445726859999413e+05
3.930811669010454352e+04
9.198981751882813114e+04
1.570973402621607529e+05
2.239479795149730635e+05
6.058019237848025659e+04
1.545483394525872427e+04
4.870957775755561888e+05
1.102309736936122412e+06
6.683464634045424173e+05
3.347651734610024141e+04
6.485845246150642633e+06
6.566924074611752294e+05
9.745454072936034936e+04
2.636701471076428425e+04
2.863377161395471376e+03
7.865833481151484011e+04
2.527988818070628913e+05
1.138703712966672610e+06
4.158170919130157563e+04
1.168652067707303679e+06
2.746433838057895191e+05
1.925328546645794297e+06
7.316961466155374364e+04
3.849263412751785363e+05
5.070221048187249107e+05
5.996222959761015372e+05
4.352852847227538587e+04
8.534312010669277515e+04
1.005129929501982871e+06
2.686198615621890058e+05
4.258780791332788067e+05
7.077680965377294342e+04
6.714336679751472548e+05
1.271135525102154497e+05
1.306280693449609680e+05
2.398837716502339172e+05
2.543490617265119508e+05
3.973012369169410522e+04
4.014891714235087275e+05
7.545147586409130599e+05
1.363734409181440424e+05
4.487830374716625083e+05
5.618547861071253428e+05
4.418209220426238026e+05
8.454873112679303449e+04
4.270948593480145792e+05
4.807713840949248406e+05
8.027843950216438388e+05
1.113652775064589950e+05
7.450102723777381470e+05
2.656961649492789293e+05
1.118401231446802849e+06
1.617432766179104510e+05
7.055009523267904297e+05
1.434476570463911776e+04
3.743988074529216829e+04
4.238192027813984896e+05
7.404395442102544475e+05
4.418705862551980535e+05
2.662605669768747874e+06
2.947508114523365512e+05
1.789263460562350228e+06
1.644476946470898401e+05
8.719710701799471863e+05
7.638037915062031243e+05
6.895919493136801757e+05
2.662973449649132090e+05
9.558896490553712647e+04
1.234113260666345159e+05
2.113710181806895125e+05
2.671176065928370808e+05
2.367590417283608695e+05
4.370987807250506594e+05
2.365103105866275146e+05
1.830498159702716628e+06
5.028685227448354126e+05
2.029033275720789679e+05
3.428557615714716958e+05
1.732308316660900600e+05
1.705417172247080016e+05
2.644519348406975158e+06
1.181725367407610640e+06
2.068312298238551593e+05
1.779777931496623787e+05
6.420211638077700045e+05
1.319906542456869283e+04
7.529695444421292050e+05
5.153732225504230591e+05
4.264716808782148291e+05
8.094352570741756062e+04
1.318153180069488590e+05
8.396333867001389153e+05
6.712432625250292476e+05
4.933889275514101610e+05
4.649971014462911990e+05
2.700422006123691062e+03
2.639532516480903141e+06
1.569573572085924970e+05
8.493218041925317084e+04
1.743598150232972403e+05
7.387227426156723232e+04
6.866389100761588197e+05
1.356833549636467651e+05
9.551507546429875947e+04
3.361520907732909109e+04
1.191403959835118847e+06
2.944098399583360879e+05
5.224249141501339909e+04
5.126161608018583502e+05
1.415508514945004426e+05
6.815320726440090220e+05
1.475829046272421547e+05
3.019857097589505720e+05
6.320038019344004570e+05
6.380453428558499581e+04
1.533275454332121008e+05
4.892390083844884794e+04
3.652942209294654313e+05
3.619904987064435845e+05
7.979950435993968276e+05
4.812533035205805791e+05
5.310311452952459222e+05
1.637601319935212086e+05
2.099508528278261656e+05
3.021421656944918795e+05
2.675720242589769769e+05
6.745416243859846145e+05
1.436520374117822212e+05
3.364514535041514901e+05
3.246081358382563340e+05
1.314427107787225978e+05
1.761903100617977907e+05
6.211582039600107819e+05
2.293497978079326567e+05
2.308873206149565813e+05
2.938206249545910032e+04
1.645023181557497883e+05
7.590874511824582005e+05
2.512262944032658706e+05
2.962046152473883922e+04
3.751438183278711949e+04
3.347688091718088835e+05
1.445406660855791415e+05
1.756064979288772447e+05
2.901927380195934093e+05
7.742674573563681042e+04
5.810721548680122942e+05
5.679406266011809930e+05
2.235490545041148434e+05
5.431725011994540691e+05
8.809913830394407269e+05
4.987696188645499758e+06
4.262625307519705035e+06
3.789678858663341380e+05
1.949272186593967199e+05
1.289351706254567252e+05
7.379202873766960111e+05
5.513890239881041634e+04
1.541908202788554830e+06
5.147146747136274353e+05
1.233874729167297482e+05
1.009965692054694809e+05
1.595480007777886232e+06
6.353938385449163616e+05
9.012079738660978910e+04
9.561015674780191330e+04
2.156835557665185479e+05
6.791664161628577858e+05
2.870118372884592973e+05
6.566030256031547906e+05
8.676611775832154672e+04
2.115454821605863981e+05
4.033818422744280542e+05
8.233795361686754040e+05
6.743038136183761708e+03
1.628743328852920968e+05
1.696631982176288730e+05
6.510985411784020253e+05
1.691315358010287164e+05
2.816816704740168061e+05
6.204697894569280325e+05
4.953129214359280304e+05
2.368308753776945523e+05
2.643750152517525130e+05
3.467318578059878200e+05
1.654253497603327851e+05
2.481050145767639333e+04
1.522149588210030051e+05
2.046411436617352010e+05
2.773667337706738617e+05
1.051143714280933840e+06
5.433898203358441824e+05
6.898267377037086408e+04
7.767032638100603072e+04
1.317270373750166036e+06
1.043198757450446465e+03
7.760736436660136096e+05
1.170591125968424458e+05
4.372608951643991168e+05
1.528360276035505347e+06
3.660424751064370503e+05
4.440569768830487505e+06
1.608411504121401813e+05
3.029407960445032804e+05
1.957446689311508671e+05
7.596450494210346369e+05
1.173654107988121832e+05
4.401598817314799526e+05
5.790372383102952735e+05
1.364854174455309112e+05
5.035375898257490480e+05
2.942789793770756432e+02
2.517504688844592310e+05
2.355098379979892634e+05
8.116611505275887903e+05
3.401758895778581966e+06
9.238917570551093668e+05
2.896688685836207005e+05
2.637116581348302425e+05
7.613077387534467562e+04
2.975167176277452963e+05
3.048077470816063578e+05
1.671281296881343238e+06
1.466130920493644371e+05
8.012315407960095908e+05
1.691472604323638079e+05
9.468611797354122391e+05
1.189008968327229377e+06
2.832380818655568874e+05
5.679619055978030665e+05
7.619317543748854659e+05
1.136937509401634801e+06
1.677047013210661244e+05
4.393982082130071358e+05
1.544936024982338771e+06
8.337139798662711110e+04
1.976179398417535995e+05
2.072778072309395764e+06
1.803132124081395159e+05
1.332029182603169233e+06
8.496537778475791856e+04
1.003244219408966834e+06
6.989241712357657962e+05
2.434646854134874302e+05
4.093035712525988347e+05
1.819139143333652755e+05
6.812697806513296673e+05
4.753931908774821204e+05
4.784043680339062121e+05
1.403549472596600244e+05
1.590705786174165783e+06
1.747637037509882357e+05
2.394873328613847494e+06
6.006450397972281789e+05
1.386094667205871665e+05
8.300190362232766347e+05
1.209038417461388279e+06
5.721602406827928498e+05
4.858402348904198152e+05
1.186712414479818894e+06
2.368002440296109708e+05
2.759195944405053160e+05
2.808669997444269247e+05
1.626746446968539385e+05
6.417549502921024105e+05
3.170395087894757162e+05
4.086725898220100207e+05
4.345981633274063352e+05
2.507725944781201426e+06
5.195545931547012879e+05
1.533894593646854919e+05
4.105341072606874513e+05
7.284830631159916520e+05
1.077397896181654796e+05
2.980828140933363102e+04
1.652553728482971783e+05
8.620892543832522642e+04
3.650236384272797732e+05
2.347116156141324318e+05
1.997086396833108447e+05
4.362428074940060615e+05
1.200621591600356158e+06
2.958189447801018250e+05
1.150634330127058638e+05
4.083857278044082341e+05
1.975896261948449071e+06
9.999508894766452431e+04
1.788418284837666433e+05
6.485440732767041773e+05
8.145189052866077982e+05
1.634555217104143230e+06
3.185268620296943118e+05
1.273106836710097268e+05
1.700336061493932270e+06
1.910632785896214191e+05
9.375791363568876113e+04
3.047982409484073287e+05
3.060580607181638479e+05
2.692834048570720945e+06
2.074764112426337670e+04
4.400716733926895540e+05
4.591615459655258746e+04
3.426013725062809535e+05
3.461781870209992048e+05
3.278221068320706952e+06
6.230588279000052717e+05
1.686348468632643111e+06
1.331415788544346578e+05
4.761383299829000025e+05
5.644465898318550317e+05
9.048281589241637266e+04
2.607314555359762744e+05
3.146647545541604632e+05
1.163147457734927884e+05
1.496737098373521876e+05
2.528440359962476214e+04
1.976394107431669836e+05
1.413362283895215078e+05
8.424412355639500311e+04
7.749361995365578332e+04
3.092813360556949629e+05
2.551416264485528809e+05
4.012929877518980647e+05
4.389595672929057619e+05
4.563307894814434985e+04
1.586173186981816543e+05
1.965315011272467746e+04
2.024013153519429907e+05
1.773391851375753060e+06
5.801169699268039549e+05
1.816972846584302024e+05
5.062020357395859901e+05
4.546400573132549180e+05
5.806487236121194437e+05
1.285175455821965006e+05
2.663125301099737408e+05
4.090407923146997928e+05
3.334693827125067473e+05
3.026473525158107441e+04
1.088016555392409442e+06
3.142417247237883857e+05
3.506939665588819771e+05
1.912964781472289469e+05
7.571252544656395912e+04
9.565701395719411084e+05
3.004863542406768102e+04
1.025477187670996063e+05
2.176008521999784571e+05
9.960448772106150864e+05
3.336370820404595634e+03
1.800534427394336381e+05
3.739794228231355082e+05
1.840900655249393603e+05
4.931863657259970787e+05
7.266393745341638569e+05
1.285252198328992818e+06
2.404770968067316280e+05
3.235836939524648478e+05
2.065972688411646523e+05
8.392892046271978179e+05
2.232483641970271128e+05
1.096861576960362290e+05
2.472787150582839968e+05
2.349477855821341800e+05
4.148154651031641697e+04
2.721152847321335576e+05
6.907130024178242311e+05
3.190226442207180080e+05
2.547377312236256548e+05
2.557113985235853121e+06
4.173030549551963923e+05
5.008326277087858762e+05
1.639301270253766561e+05
2.121204843187913939e+05
1.035691822960848920e+06
3.515278396615558304e+06
1.747035521433205577e+05
1.097781225729954196e+06
3.485678593322125962e+05
1.877112481795642525e+06
1.618174524643350742e+05
4.406162556408200908e+04
3.764528511665088008e+05
3.993336071640826412e+04
6.758104015748798847e+05
3.465733294969017734e+05
7.383123677830511006e+05
4.225103639000101248e+05
7.437094182470266242e+04
3.873824355898286012e+04
1.140431986509486800e+06
7.587381225066620391e+05
2.879220529695728910e+05
4.579479518801962258e+05
1.183328834045662545e+06
6.884391763206749456e+05
5.527373105122878042e+04
5.003312229211392696e+05
5.182435135617498890e+05
2.902979833135873778e+05
7.040599247727630427e+05
2.660916328314302024e+06
1.081005483738537179e+06
5.475720788483159849e+05
8.130503821003545308e+05
5.840168004248461220e+05
1.326059777576548222e+05
5.799785565237945411e+05
1.442528088966587093e+05
5.356680759798882355e+04
9.575336957715303288e+04
7.591741610643065360e+04
1.364572695033928030e+05
1.506567887295515102e+05
2.261976121526456845e+05
3.847756561695039854e+05
7.750798138306541368e+05
3.732924454540340812e+05
3.271979562389731873e+05
1.903712070044493885e+05
3.883768032236849540e+05
1.438343336872592627e+05
1.877154913089465699e+05
4.932874056241426842e+03
6.755072177001160162e+04
6.211446354640988866e+05
2.674015273077552556e+05
8.149996346751226811e+05
1.207788837316606077e+04
2.275134053143713973e+05
1.072574968884132802e+06
4.968516484305245103e+05
1.796219822475018213e+06
3.777726215906023281e+05
1.137296459845771547e+06
3.328166793518396298e+04
8.706193717970350990e+05
3.018912945785833290e+05
4.073037207052566228e+05
1.758825359207767469e+05
7.010139853415913240e+04
1.438192129335201462e+05
1.907790688708625676e+05
6.229563484067826066e+05
2.340826951026966854e+05
4.520517153971685329e+05
4.395380172918044263e+05
5.329369385459025943e+04
1.123342603939675260e+06
3.610855292714472307e+04
2.156617739215293434e+06
1.405261979009950068e+06
7.872807901851047063e+05
3.051797923143451335e+05
1.474936524528241134e+05
3.508593612963970518e+05
6.413447107221311890e+05
2.597953826736688497e+05
5.100146594452901045e+05
5.092704617641992809e+04
8.428023658564955986e+04
4.444331671273994289e+04
2.753082130228145979e+05
3.887804768230581540e+05
1.518636179529294022e+05
1.005846293266963039e+05
9.345486026644147933e+05
1.433430469751592493e+06
1.151518297613039613e+06
8.909564492580998922e+04
5.139918048114341218e+05
5.820166569759150298e+04
7.791045964650607202e+05
3.058220491170957102e+05
6.694052784988213098e+05
7.713927128537133103e+05
1.788493835261833621e+06
3.372788633853097912e+06
5.654081810901811696e+04
2.507005389850218198e+05
5.188732691379671451e+05
4.322389337481781840e+05
2.569245316284447617e+05
5.391038317348974524e+05
3.815228780810732278e+05
1.383111384896479780e+06
3.907969149205153226e+05
6.618963183813652722e+05
5.289809787221509032e+05
1.196233490730818361e+06
6.490248228970679920e+05
2.390750315893331543e+06
6.107623789081901778e+05
4.687175359226737783e+04
8.497946543077593378e+04
1.423745905099650612e+06
1.196148458210304962e+05
6.007334887787164189e+05
3.570175204937254312e+05
6.859271029967588838e+05
1.030974959481636324e+05
7.079369205207023770e+05
4.090180260136687430e+05
4.768497197976642638e+05
9.561861931544462277e+04
6.026530143622898031e+05
6.433147265815088031e+04
1.057673132873828290e+05
3.598592484273553709e+05
7.376954035420290893e+04
1.400353542218424554e+05
1.221305250659099547e+06
8.619408967856056988e+05
1.918261476789051201e+06
7.843154140040480706e+04
7.120611432762426557e+05
1.096833637236752838e+05
6.623838805549172685e+04
9.190284928701085737e+05
1.938344377038606035e+05
9.935165379101777216e+05
3.988791408684475027e+04
3.694221882198037929e+04
3.299399051197054214e+05
6.058969033040899085e+05
4.778767831358859548e+05
1.369214478359726025e+06
1.082967441998104798e+06
2.014553718548542820e+05
3.396954412260588724e+05
9.351407156460195547e+05
1.511709353523702594e+05
2.826337870507682601e+04
1.633169395851537120e+05
1.411313669149708876e+05
1.543486792814720422e+06
1.108267198096621141e+05
8.053243581347938161e+05
1.481972980917974492e+05
6.663589446356066037e+05
4.972545570351827773e+05
1.122485374161747983e+06
4.717439350166452641e+04
5.979517268641687697e+05
4.066480680337133817e+05
2.155539293584815459e+04
7.833901823856709234e+04
2.166893624452872667e+06
4.908393092181725660e+05
2.177374199470591848e+05
2.033656192904795462e+05
1.308628729431179672e+05
8.043702106086654821e+05
2.405189276396465721e+04
6.371429473884457548e+04
5.070999467587569379e+05
2.072250409825636307e+05
9.210416658761352301e+04
7.382932777115133649e+04
2.269496493500407087e+05
7.221541275866942015e+05
1.019579065880586510e+06
3.323067666905593942e+05
6.931411256898922147e+05
3.926412728187720058e+05
2.647541443470824976e+06
4.177867792770519154e+05
3.664945129153197631e+05
2.138282281081125548e+05
8.927400482664017545e+03
1.052580655469394289e+06
1.540030524961624760e+06
1.621104028272465221e+05
1.096458902368642390e+06
4.120048719393832289e+04
2.207500846502940985e+05
7.555496653676524293e+05
1.470200024751762103e+05
3.531873421733915457e+05
1.960026831855566939e+06
9.345816660965027404e+04
3.619988774280243088e+05
9.040911809399643680e+05
5.126989398656613776e+05
4.986623427320280825e+03
1.826491039665334101e+05
1.200757884136479697e+05
2.364619688637927466e+05
1.245308651478734246e+05
4.155937426052159281e+05
1.628043074432885332e+05
7.620145356620430248e+05
5.388027135547805810e+05
6.599145045885067666e+05
8.258670917222820572e+04
5.902333781600324437e+05
7.373804495808673091e+05
1.694684027085131311e+04
2.004646192645516130e+05
4.154798895760117011e+04
1.142086419212366018e+05
2.809118388702662196e+04
1.914183096387334517e+05
8.477306111068885075e+05
1.343534288868619828e+06
4.502280091101414291e+05
7.181385854882013518e+05
2.904438752251290716e+05
3.386862597040479886e+05
7.389610719994539395e+05
5.663573251934172586e+05
7.049346471762434521e+04
1.194720121500461828e+05
6.287505534082643862e+04
1.230730236989650410e+06
2.484071513787502481e+05
1.446603364630943397e+06
4.640709668600169825e+05
1.396844697024776542e+05
2.730308525829843129e+05
4.295976266280593118e+05
8.667779484441161621e+05
1.324712526762401103e+05
7.279960305290756514e+05
6.042370572215683060e+05
6.391890383429810172e+05
5.181346527283790056e+05
9.702542564813273493e+05
1.782913859614089888e+05
2.580450872892838379e+05
3.362938608636895078e+05
5.051329826010508696e+05
8.640895896055495832e+05
3.235019608246281859e+05
1.160540847933542245e+05
1.776472658358051558e+05
4.513728573274964583e+05
1.130423477331109025e+05
9.743031407265493181e+05
7.195044120888214093e+05
5.278402011622806313e+05
8.830569370394592988e+04
2.042097287084644777e+05
4.126935278682103672e+04
1.654882686931317672e+06
7.374517444292455912e+04
2.354338779011777369e+05
4.064990711679409142e+05
9.110272389801405370e+05
2.680889837991862441e+05
7.896597749227914028e+04
4.089630085662210477e+05
3.782891785033337655e+05
4.040471587174723390e+05
1.773864645132965597e+04
8.402340526384809345e+04
2.390855676280494954e+05
1.663702988294978786e+04
3.036129031911928323e+05
3.857840540250391932e+05
1.611076810921269236e+06
1.292049189989235892e+05
2.023808647235012613e+05
8.845460727295943070e+04
3.372065618649630342e+05
6.428633417352886172e+05
1.049757965765306493e+06
2.769023708063922095e+04
8.803610450288661523e+05
6.027028562782787718e+06
1.484207928946027241e+05
2.304206785397247586e+05
5.983211079595113406e+05
1.810148418706510914e+06
3.132079917534392371e+04
1.241630838971151970e+06
2.836168228528868058e+05
1.705067703819487942e+05
6.890129572623481508e+05
2.950182458160878159e+05
2.208131746888055059e+05
1.225728469450000906e+06
2.191906194323984906e+06
4.022112847177459043e+05
1.978939607479880215e+05
8.888296036015084246e+05
4.789758706917113886e+04
1.913674355218479643e+06
1.393212156829476007e+05
1.818490806747144961e+05
2.478217156406990543e+05
5.424204868453805102e+05
5.222541939317366923e+05
1.095959745561208001e+04
5.202540284153559478e+05
9.891594156844527461e+05
9.729469556570457062e+05
1.355404961848444305e+06
5.385239774001135811e+04
5.014401253874119138e+05
5.635173463736200210e+04
6.948313209950695746e+05
4.458709449607280549e+05
2.889447108172571752e+05
1.041618993632753612e+06
1.054816421932840021e+05
4.322030701724538230e+05
3.058406416950040148e+05
2.908037639361976762e+05
4.294513831362819183e+05
2.042600387727088295e+06
6.325274743218274089e+05
1.165433652883695904e+06
8.225302156409750460e+05
4.228180625582638313e+05
1.243126187265363405e+05
3.877441279448096175e+05
3.044800011454581399e+05
3.113012843403272564e+05
1.448087104806902353e+05
1.951845271455524489e+05
4.467482376273568370e+05
3.063763005218465114e+05
3.726945509321821155e+05
5.619954898872669582e+04
4.805323023750247376e+04
1.841046045243693516e+05
9.065245833091889508e+05
5.658285507325833896e+05
7.584477462611369556e+05
2.312438276135839405e+05
3.533151227468851954e+06
4.060539066931441193e+05
4.964087143116414663e+05
7.062420988624787424e+05
3.833467132761824905e+04
4.996800914534970652e+05
1.556208728607915109e+05
1.048316080422770465e+06
2.591606162518727651e+05
1.294010623326356290e+06
2.744648861431485042e+06
1.166415804372573912e+05
7.045795521215829067e+05
9.765222746721876319e+04
3.941045096901094075e+05
4.562061959856373142e+05
5.774397567171318224e+05
6.343665626209252514e+05
1.509809242066143779e+05
3.117003539411475504e+04
3.706127614064763184e+05
1.756272364533811342e+05
1.354813441494525759e+05
5.695626643055482418e+04
4.849582643428721931e+05
5.762124540755738271e+05
9.305690729383250000e+05
6.054301095055743353e+05
1.782185269649534021e+05
2.240112359438413114e+05
5.154394896613202291e+05
1.813976035019121191e+05
9.963995052570856642e+05
1.691876021045180823e+04
1.010726354370137211e+06
3.188846583222359186e+04
1.444392421545559482e+05
9.740973222344078822e+05
4.682804762939655920e+05
1.009690011195254745e+06
5.627972767405310879e+05
1.152355112232184911e+04
1.263084517879351479e+05
2.220032838366848300e+05
1.277867196741069347e+05
5.182826551939941710e+05
2.018249442449866910e+05
1.213953090936076129e+06
3.048380448851526016e+05
2.998779124454035191e+05
1.742604652334037470e+06
1.380763758428883972e+06
2.141712805554649676e+05
4.511144018280419987e+05
7.945544299443386262e+05
1.207045716704365914e+05
2.297475894988751505e+06
9.270096157836928614e+04
1.518475708810318611e+04
1.395655038407715037e+05
1.204587022218048951e+05
3.768587793947816826e+05
6.915564640091652109e+04
8.922790233521892515e+04
5.968885848023727303e+05
7.853503441749124322e+05
5.669335781597038294e+04
3.079867866581025883e+05
5.086477672781546426e+04
5.362760832239112351e+05
5.385153517013858800e+04
5.311325100790403085e+05
1.971663142419614131e+06
1.740854265049738111e+06
1.176948977147903061e+06
2.204689102233223093e+05
4.667161808461787296e+05
1.174482849899853609e+05
2.619300937316228519e+05
4.134978514927728684e+05
3.450459445110490778e+05
1.009427255651575979e+06
3.783146767472070642e+05
4.413644910239234567e+06
6.545045908283741446e+05
3.617562366077710409e+06
8.643624235989850713e+05
5.393407999928308418e+05
2.626978630223759683e+05
1.113016556632581487e+05
4.211001016509163310e+05
1.999723327783777495e+05
1.840198363012200934e+04
8.162697076976907556e+04
1.939065258504875819e+05
4.726102453935528174e+05
3.588948169187622625e+03
3.877930767532359459e+04
1.177706770160382293e+05
8.149417313408531481e+05
2.026269728633826307e+05
8.559839823078683112e+05
2.420168112392426992e+05
4.867857297735591419e+05
6.696486334034802858e+05
1.165436066271646647e+06
2.590972991779123549e+05
4.452475478662493406e+05
7.160171020250956644e+04
1.684967818257904437e+05
8.541802544416842284e+04
4.328290785875709262e+05
5.040180024410267943e+05
2.082622716394231975e+04
2.698550358425616287e+05
2.096472148736766831e+05
4.475767920863488689e+05
9.868604755087938975e+04
1.792412293477519415e+05
5.161405323372575222e+05
2.226085875627597328e+06
8.316793242927140091e+05
1.215043216516718676e+05
3.926687445585562818e+04
3.128934277286393917e+05
1.552211748053436866e+06
3.118321388398566633e+05
1.187064832356048515e+06
9.489184862571731210e+05
5.140559966042051092e+05
4.097751977691418142e+04
4.230458130898972158e+05
4.353256919590847101e+05
8.999053420055821771e+05
1.661154244477901608e+06
2.916592708332235343e+05
7.449171105386712588e+05
5.902411194068633486e+05
1.558067035735783866e+06
8.802745486627725186e+05
7.102178282534985337e+05
5.350195727021402854e+04
3.858303913379698497e+04
7.040478992197937332e+05
1.768604724998638558e+05
9.677570602802736685e+05
1.218618190957687621e+05
1.553338876919230388e+05
7.547429068550227676e+05
3.042217645628754399e+05
8.538492346145621559e+04
1.271173511526631424e+06
5.369344026930534164e+04
2.225007375972629816e+05
4.626060935397095745e+05
3.928422064210698591e+05
5.602697951139030047e+05
2.282038035330440616e+05
5.886885689373332571e+04
3.865568730181332794e+05
3.684739502681859885e+05
1.662022203761585697e+05
7.368570491301431321e+05
2.852719816757369699e+04
9.078723983881379245e+05
4.673058371152176987e+05
3.019430337044589396e+04
8.395797507311980007e+05
3.508878108999998076e+05
1.399737326826406352e+05
3.885848427725618967e+04
2.398152946960529080e+05
2.941564315033845560e+04
2.372443750521580223e+06
1.827322426007104877e+04
6.454811066994899884e+05
3.143418101814418915e+05
1.097448119553255528e+05
1.653773985082218715e+05
2.000974731721730786e+05
1.338039692788762040e+05
3.401483863708447316e+05
3.279789008504981175e+05
1.604029832654905913e+05
4.285588597811240470e+05
1.223136997768075962e+05
1.022434531002129370e+05
6.216576745214668335e+04
6.027047142427253857e+04
3.928454756151998881e+05
2.046622542431832408e+05
1.028097541950708604e+06
8.919196558631208027e+05
5.653548521759111900e+05
8.032776685850050126e+04
6.086605328644953988e+04
5.908138504872219637e+05
2.992737982127777650e+05
2.985154599452918046e+05
1.805544146871072880e+05
8.067727276184200309e+05
1.239224307924746681e+05
1.112692612286425428e+06
9.660802141895281966e+04
1.971656594723553280e+05
2.163898592889398860e+05
2.489050049141694326e+05
2.538369580999517639e+05
1.180103265554141108e+05
1.584946090087200173e+04
6.020541977684872691e+05
6.846985656506739324e+05
6.457058142811008729e+05
2.646173226369058830e+05
5.495200246852946002e+05
6.531814252215704182e+05
1.963551318212315382e+05
2.274085354702964833e+05
3.687805681809535017e+05
7.844521490696765250e+05
5.549171733912264463e+05
2.329184659392850474e+06
4.869604578815432433e+03
3.745336056260212208e+05
1.273568480179500184e+05
1.057137943702933262e+05
6.235896904261225136e+05
1.316178641867864353e+05
4.017569455780165154e+05
2.697551255182599998e+05
2.369579227094084781e+05
2.032953469957653724e+05
1.484835262914254854e+05
3.016950417183532263e+05
2.892401174526569666e+05
2.499894812569609785e+05
9.039534313940240827e+04
8.068710738412535284e+05
2.988993661210857681e+05
8.793064198861188488e+05
6.244132520675660344e+05
3.864510187336839736e+05
7.008229885645331815e+05
2.604412387367894407e+05
4.038396643531406880e+04
1.808519052500144753e+05
9.366367242643574718e+04
6.187260466341771826e+04
1.970785456899231940e+05
4.344041251919863280e+05
1.014133838892584201e+06
8.764273010346005904e+05
5.726888824566251133e+05
8.010374161135016475e+05
6.810219654035879648e+04
3.282214809017704683e+05
4.211452051220586291e+05
2.788136114074552315e+05
4.090316314555756981e+05
1.342784843245910481e+06
8.857741622909237776e+03
9.911011632930891938e+04
1.304399351746972417e+06
7.166659179875535192e+05
3.643375457077635219e+05
6.076939276375551708e+05
1.597867519910551142e+06
7.387137040717592463e+05
6.506433167597616557e+05
9.324188173253522837e+04
2.311128310145302094e+05
1.435886647990358179e+05
2.569006976587848039e+05
7.197975813821858028e+05
9.858179087749587372e+06
5.811926196011771681e+05
6.830521173003088916e+05
8.987328894623831147e+05
1.478418864946644462e+05
3.468786240315046161e+05
1.495956776049622800e+06
9.510214269204447046e+05
9.483522595558564353e+04
7.703219078584273811e+05
2.479229263758375891e+05
5.602753422600745689e+05
1.399278908661746536e+05
1.029860353424875764e+06
2.679937620951572317e+05
1.537763039516425633e+05
1.459769792046038783e+05
7.762059901103713491e+04
9.585103366240082541e+05
1.679406019440257223e+05
3.144938442976227379e+05
6.026165559853712330e+05
2.001555698423960130e+05
2.636020498220510199e+05
4.576482461711124779e+04
1.808959139812944049e+05
6.751319308477450395e+05
1.448237552240415476e+06
8.291255223093925451e+04
2.091729197788013844e+05
2.882968884311311413e+05
1.492455798403827706e+06
1.856543084681611508e+05
2.002983085948692169e+06
7.016241087485281751e+05
1.126875473655681562e+05
8.587077761006500805e+04
7.656425953809528437e+04
2.639697180507604498e+05
1.056643631817596033e+06
5.440102313104730565e+05
1.267240686933662219e+05
6.745591440004245378e+05
6.481097062263559783e+05
2.641428664064188488e+05
1.677541861543245323e+05
7.383845706808187999e+06
6.990503350692261010e+05
7.200871003190570627e+04
1.322532721511336742e+06
1.850160427961933194e+06
1.657118961987446819e+05
1.310579049386648927e+06
7.718812750079291873e+05
1.404637994810735690e+05
7.678955129111303249e+05
1.011245935766925686e+05
7.210934362559724832e+04
4.193806421727135603e+04
6.564629754328051349e+05
1.479734037688387907e+05
3.841965239114328870e+05
1.775256455635628372e+05
5.235093301004257519e+05
5.106139235276455875e+05
1.745123540570491925e+06
7.587126953962086700e+05
7.179624925594063243e+05
3.352735273927778471e+06
1.488951053107397747e+05
1.234490117295098724e+06
3.955463964140355238e+05
7.372226063042070018e+04
4.310483711630960461e+05
2.347073472437227028e+05
7.157834265007604845e+05
4.535049531775218202e+05
2.058403536284638685e+05
7.225384472986622714e+05
2.694181517848134390e+05
8.697458883383373905e+04
3.884914613678505993e+05
9.481897629107203102e+04
4.174064950586539344e+05
1.521044087607931579e+05
4.156466760732813855e+05
1.697363998383525468e+05
6.861885664340250660e+05
4.777913085914223921e+05
2.033727987380965380e+06
9.198795898579866844e+03
1.848668155731499428e+05
5.365284853037458379e+05
1.096857836263247533e+06
1.340146612725684827e+05
2.111559241457650205e+05
2.609835598108345584e+04
8.879695093016560713e+04
3.192848899641294265e+05
1.642091581262867257e+05
3.495468864191290340e+05
1.231406065820342628e+06
2.002766464085988933e+06
1.190886740296441829e+06
2.827469643179645063e+05
8.247490143304732628e+05
6.415073540555086947e+04
5.783101411863915855e+05
2.593295272316742339e+05
8.570839318267301132e+04
1.782639594286183827e+06
4.235404227568651550e+05
4.294420220195283764e+05
4.871133972404907108e+05
7.226248721805331297e+04
3.196638812620796380e+05
3.102489182063304470e+05
1.833271892207700294e+05
5.439991076660883846e+05
2.370851511610449816e+05
8.668637049806878204e+05
2.009461151372609675e+04
1.036005445042275242e+05
9.997300792026236013e+04
4.126951173866517638e+04
3.406121630791215575e+05
3.696571165302533656e+06
6.038132681977286935e+06
1.109876440703703091e+06
3.444436298701848136e+05
5.116329751761163934e+05
2.690102256780571770e+05
5.329979462576059450e+04
1.422855621701231576e+05
3.918830705833052343e+04
2.973759198931675637e+05
9.854409031090390636e+04
2.182392983877239458e+05
3.327614763982977602e+05
1.084669158446183428e+06
1.646277741134543670e+06
2.156994169704143133e+05
4.579581724971087533e+05
1.012888278601738159e+06
1.481699423392169119e+05
3.505459712566461531e+04
6.648944975408139871e+05
2.649625146410396555e+05
1.411156413006385323e+06
5.478494462335092248e+04
2.918732731697597192e+05
5.245535450445492752e+05
5.048492697764257318e+05
3.240698682568519143e+05
1.465378780320401536e+06
1.480832883332599886e+05
7.342563975947328436e+04
7.507490725873109186e+05
1.440419015577497485e+05
8.216766377562354319e+04
4.776521853474921954e+04
1.297904048785889754e+05
8.076537690790795023e+05
3.144678513687354280e+05
3.180434660843207967e+05
2.542081986662505078e+05
4.050472312233832199e+05
3.681773022130397148e+05
6.809076115399542032e+05
8.353365861716157815e+04
3.608481456673301873e+05
3.611614835699895630e+05
2.179407862666152068e+05
1.298594337198619723e+04
3.875572120254602632e+05
1.878947856782121380e+04
2.336765642290176183e+05
7.957704130072738044e+05
3.029677747629802907e+05
4.133442534206319251e+05
4.148673111966141150e+05
1.388415750620072358e+05
7.831318427395322360e+05
1.749788074842856731e+05
5.256880811758952914e+05
1.824217886283323634e+06
1.183543909773901571e+06
3.578134373030137504e+05
2.944871661511265556e+05
1.691961197473395150e+05
8.990647413515460212e+05
8.290837843809010228e+05
7.520439748412152403e+04
5.232786620797013165e+05
1.791538245601295494e+05
5.075375397895795177e+05
6.618181128314105445e+04
2.434636996667820786e+05
6.799562906597076217e+05
1.490321395367407938e+06
3.464099272013477166e+05
1.186787380241744104e+05
2.253442275511420157e+05
6.014963796893076506e+04
5.141166837917142548e+05
2.364163539816165576e+05
6.625125997363013448e+04
6.014047360769415973e+05
1.307294448081058683e+06
3.897663463558271760e+05
2.553658119006153138e+05
7.180453183209022973e+05
1.648322999534252740e+05
1.305925162118659646e+05
1.365278448519521859e+06
3.458785860887318850e+05
9.843676079220385873e+04
1.949006063680331456e+06
4.134396381364537519e+05
3.748424186173763126e+06
9.266619295598020835e+04
6.321192343665865337e+04
1.305891292232741544e+05
1.930967013232485333e+05
2.771691924857042522e+03
2.363165928315877449e+06
1.579613618978726154e+05
2.727334407552083023e+06
2.788926395246310858e+05
1.797720426508420787e+05
2.325532848857381323e+05
1.853347485770962667e+05
1.064605192200391466e+05
6.888700651781195775e+05
2.687538247010913328e+05
1.657859473079089541e+06
4.224807981987959705e+06
3.646143023760314099e+05
8.383433848093597044e+04
3.410599326274248888e+05
1.894729259760734567e+04
1.584162201732941438e+06
1.552096575887938030e+06
1.285256853568265913e+06
7.301936101583829150e+05
1.097233538307920389e+05
1.127047482978129265e+05
3.819229319795370247e+04
1.719513747990568227e+05
1.954479022714655439e+05
6.071707441410543397e+05
9.938802129667628324e+05
3.147449322814279003e+05
2.980146699068908347e+05
8.889231804348978912e+05
9.518699173927514348e+05
5.134832513004454668e+05
8.884380841508519370e+04
9.668102953150528483e+05
4.745743695113576250e+05
4.306949340598497656e+04
9.704305444668034033e+04
1.493558006804543547e+05
1.803277016972992569e+06
5.480973730062104296e+05
3.610009032649728470e+05
5.565642443553209305e+05
1.160247908970349235e+06
5.348763479340219637e+05
8.700335870421507861e+05
9.518310583044416271e+05
2.279736717405363743e+05
6.380475946141813183e+05
2.580647011812875571e+05
1.050136373581464723e+05
8.975387999983048066e+05
6.749782721362984739e+04
8.465961357343567070e+05
1.514987205614803825e+05
1.402658937345011800e+05
6.337996781343593029e+05
2.229054716085021209e+05
4.131339038579770830e+06
2.310723118290221319e+05
1.104565997139589861e+06
2.575542743221413184e+04
6.283474701700528385e+03
1.511683791574890492e+05
3.306823806499223574e+05
2.525983676797161388e+04
2.755800319630487356e+05
2.749936973149973433e+06
7.295681037270001252e+04
1.704020993149781134e+06
3.065147820163471624e+05
3.332908859117447864e+05
1.182372445869581570e+05
3.281350520322084194e+05
2.168602115723582450e+06
2.166113636081645964e+05
4.270611199089240399e+05
8.941587696972419508e+05
5.403430063239872106e+04
4.249786795290338341e+05
1.265915252681683633e+05
2.571531159628281894e+05
4.313159689559157705e+05
1.285304348251920659e+06
1.171524705937214458e+05
1.024112782586577930e+06
3.708481271979286801e+06
4.025230735124635394e+05
3.072161058698411798e+05
1.080682639562863187e+05
7.149264328119823767e+04
2.882072543990007252e+05
2.906662061137201963e+05
4.649491348728809389e+05
1.480419831448909245e+05
3.196074151612716378e+05
5.220262817047109827e+06
4.148362056864158367e+05
8.027147004872260150e+05
5.585184892172124237e+05
9.158612446352334227e+05
1.541558802242929814e+05
1.733142349274870066e+05
5.242871945742184762e+05
3.135948075092290994e+06
1.028217989665008354e+05
5.787481841704825638e+05
1.891729157762068789e+06
3.939406118342652917e+05
3.268699868970240932e+05
2.671378106633045711e+06
2.058027689047431340e+05
1.531580742863172964e+04
1.754763167020550463e+05
2.510907792675588280e+04
4.865883273434688454e+04
1.107597838087416021e+06
1.788057726803817786e+05
9.127444320737684029e+04
2.717708063402256230e+05
4.078089233333047741e+04
8.310771226388141513e+05
6.127480154499213677e+05
5.715377486505353590e+04
5.227951750577907078e+06
1.574859509342821548e+05
1.608278422531416873e+05
6.554448144294905942e+05
1.359217253533056937e+05
2.517043045553636330e+05
1.675057414585123843e+04
4.034807512299123337e+05
1.288755632141475566e+06
1.631692882824983215e+06
7.469907339000234788e+04
4.849396934245845769e+05
9.192702645662979921e+04
8.015688743243648787e+04
3.593935746218595305e+05
4.608265362368700444e+05
1.460532741891679820e+06
9.611901714265612827e+04
7.226490426601232029e+05
9.604237155407457612e+05
2.843221252668287489e+05
2.063294269520405796e+05
6.878401849201741861e+05
7.166351076417022850e+05
7.694068450447823852e+04
4.706597991670304327e+05
2.380959454078460985e+05
1.837964984269445122e+05
5.026194710339329904e+05
5.006468493889610982e+05
6.094060508024716983e+05
5.113008107495691511e+05
1.148274695502456743e+06
1.289170864932042779e+06
1.426892635514643625e+05
2.630284492217472871e+05
5.265095274680784205e+05
2.163521903564125241e+05
5.337151518459484214e+05
3.017345460379565135e+06
1.090126569172016112e+06
4.665022474552862695e+05
3.180543605505482410e+05
3.120902243373792735e+05
6.259273649605240644e+04
1.056180032205094583e+06
1.694261024099508650e+05
4.542197650438894925e+04
9.758706918885925552e+05
3.956468344052634202e+05
3.615428919412348187e+05
5.972544957244302350e+04
4.243463726414708799e+04
4.021159307911210926e+05
4.854096077232491807e+05
1.496352652999109705e+05
4.407182618316197768e+05
1.201725712914111937e+05
2.009988164741730143e+05
1.452452569570846623e+06
8.471493310115063796e+05
3.467175993283681106e+06
1.071047083280688152e+06
2.071427423405235095e+04
1.026916017307520815e+05
1.117894065902256989e+05
7.953844412870577071e+05
3.745115906504623126e+03
3.269294887720514555e+06
5.862343011658951873e+05
5.014036699563291040e+04
3.119809990889142500e+05
3.107571759217423969e+05
1.412879309798007307e+05
2.919983293374491390e+06
4.306567242766137351e+05
4.424622862442992046e+05
1.314507339412872680e+06
1.693475526449871832e+05
3.066956461120501626e+06
1.102355001589233056e+06
1.746015032043256098e+06
2.085847043593379494e+05
4.157071139570314554e+05
1.817347701509922917e+05
3.531099707319936133e+05
5.841205593130752677e+05
3.331494984032316715e+05
3.021479868869549246e+05
5.877118291106993565e+05
1.018573045674566994e+06
9.652741846750154218e+04
1.062805518417544197e+06
1.290890700155841478e+04
1.734489442671251600e+05
1.095948519219414331e+06
2.476096599812037311e+06
2.925538415676894598e+06
6.108650974641338689e+05
3.008199711279334952e+04
7.620859110940758837e+05
2.954415944427865325e+05
9.269012566460380913e+04
1.212796967078094167e+05
4.988875983920518775e+04
1.474661565669263364e+05
9.317325296829713625e+04
3.433061978451789764e+04
3.762391848941186909e+05
1.044396257847246598e+06
6.629179301736594643e+05
1.350982484423714923e+06
1.566049008126500121e+05
1.187435616541948257e+05
2.719250712771691615e+05
8.725725541189040814e+04
1.091259486826981010e+05
3.577449659670043620e+05
2.289210108897920698e+06
1.982736385173343879e+05
7.651117584060914814e+05
1.407652677187703666e+05
2.743179822037166741e+04
1.393344413716918789e+05
3.006619731835207785e+05
2.976497648728119675e+05
9.146981217324259924e+05
1.010017064408870880e+06
5.175313929765549256e+05
1.601220547998455004e+05
4.289750754954059084e+04
2.103433919128807262e+06
2.318496208646491170e+06
1.064409129144034116e+06
1.469691412721008528e+06
1.473799550550398635e+04
3.026764583006813336e+04
2.424176297119752271e+05
2.528971072037372505e+05
1.764104075184364774e+04
1.347462402422548272e+06
5.652533152703953238e+04
8.965136282075713098e+03
8.700470169800963777e+04
1.658356516090648947e+05
9.452999579355499009e+05
3.920966364091743017e+05
1.705924267340551305e+05
3.164915222509029991e+04
1.024029598549358547e+06
1.011706141288748942e+06
4.058843742667287006e+05
3.755181157239549793e+05
2.152592514555442904e+05
3.206488742881997954e+06
1.275788978553348570e+05
6.378713381502387347e+05
8.639447314358233707e+05
8.002941628344861092e+05
1.151283263639270794e+06
7.407575499316204805e+05
3.452213726975368918e+05
2.389935554455390084e+05
5.114501474252912449e+05
4.203188887330751750e+05
8.761363284988551168e+05
6.202250053671469213e+05
1.363744984443866881e+06
3.891602845275746658e+05
1.325038910965070536e+05
2.332239746529139229e+05
1.397822694842854980e+06
5.701152703048295807e+05
5.699598847831569401e+03
1.407114865614190931e+06
4.788667359472946264e+05
4.061388172545104171e+05
1.100664399674775777e+06
3.052330686747774962e+04
4.068474702670227271e+05
2.905574534654555609e+05
1.967229742785096460e+05
3.612415694229292967e+03
8.465715355064501055e+05
4.004374323940125178e+05
1.502392491746446176e+05
1.251914528536821017e+06
3.387408189811549964e+05
1.989751273938336526e+05
2.482238043492015568e+05
8.246442864392899210e+05
7.706243034308931092e+05
7.403735657653478847e+04
7.273833973832733463e+05
5.446111981077595847e+05
2.053951661285872688e+05
9.465379753399329493e+05
3.202509418172956211e+05
1.704536316068271175e+06
3.546387365364175639e+05
4.658535560761053930e+05
3.926237777623183792e+05
1.823346224384809611e+05
3.435517208252631593e+06
1.648275269874940161e+06
1.030287651792007528e+05
3.533333340320810094e+05
3.110946570963424747e+05
3.264825441137849120e+05
5.730450397120221751e+05
2.561065827511953539e+05
6.377646900139027275e+05
4.863605365624912665e+05
4.491712100502397865e+06
2.178655158143694571e+05
9.984663625490076374e+05
3.337493456222460372e+05
6.618266030795642873e+05
6.007490632945448160e+05
1.220532385130841285e+06
9.373450295712589286e+04
4.734605715881460928e+05
7.058188715712940320e+05
2.471612063423679501e+05
4.549619474601747934e+05
1.987151323161191540e+05
6.509679000520242844e+05
5.843176151575549738e+05
1.027658043927688122e+05
1.362399281029201811e+06
4.858874454497820116e+05
7.640176622240230790e+04
3.738284574453080422e+05
6.730807129187902901e+05
9.762312198535371572e+05
5.865271848960131174e+05
6.752072831437817076e+05
2.546658239579719375e+05
6.953548680614279583e+05
9.333590001973330800e+04
2.049401928758395370e+05
7.076298355576675385e+04
8.628265181189501891e+05
8.727852097962173866e+04
3.252829418443444301e+05
3.742373994195819832e+05
4.310391611424246803e+05
2.459362509878498386e+05
2.685253682727417327e+05
5.290000050995092606e+05
3.326577964322633343e+05
4.490871712302155211e+05
1.911277675676553627e+05
4.957857852258555940e+05
1.093771009142945288e+06
2.868058984128054581e+05
3.568260683180639753e+05
9.304701389091172314e+04
1.314179192640563939e+06
4.446903408615774242e+05
2.817667675907500670e+05
4.497840075161111308e+05
2.056492352122346347e+05
2.571657100992049556e+06
1.417489494746184209e+06
3.343459741691024974e+05
2.879499814996110508e+05
5.161501545615886571e+05
6.658371362008829601e+05
5.522987510891459533e+04
2.901874476276055793e+05
2.281315671985582740e+05
2.979681537008705709e+04
6.263468944484704407e+05
3.667966803534013452e+05
4.758119765438180184e+04
1.243371568435801659e+06
4.895621675701637752e+06
2.779111221522934735e+06
8.171381448066241574e+05
1.192408768409969518e+06
1.230795391719260660e+05
2.936545003722067457e+06
9.387927273682166124e+05
9.060409599103176151e+04
9.663920347602155525e+05
7.658507378751161741e+05
3.584589147567343898e+05
1.193686547312082723e+06
1.607575472930157848e+05
1.008305618440352555e+05
2.791928517148967367e+05
1.226658985717764881e+05
6.267771082399539591e+04
2.557008793086898731e+04
9.877968010386802489e+05
5.100831102460420225e+05
1.972368240721082548e+05
5.341516479229317047e+05
7.342942947071662638e+04
1.478685630653171975e+05
6.867554897875754395e+05
1.828467670684634009e+06
2.585193464068311150e+05
6.430777099134555319e+05
3.828974908766689477e+05
7.802541141052152961e+05
5.439184623943046900e+05
3.986657598856943077e+05
2.335094678702538658e+05
8.038448342790702591e+05
2.637990560252220603e+05
2.488074512087400653e+05
2.638158750578584615e+06
1.143525107994860009e+05
4.053651447955420008e+05
1.769567064267061069e+05
5.118178504615286947e+05
5.096636879748096690e+05
2.741454089735314483e+05
4.073714570684304927e+05
4.141576001558420248e+05
1.963376414608531340e+05
1.727972102517653257e+05
1.505590558671099279e+04
8.477542598997032037e+05
5.844639512284093071e+05
5.767332714730553562e+05
7.992294436364448629e+05
5.174879686115473160e+05
4.026779597946446738e+05
7.462477882099649869e+05
4.792197023749548243e+05
4.391910916961850016e+05
3.717944564930884517e+05
6.349048307117073564e+05
3.078292639212038484e+05
5.473164289564953833e+03
1.469730282766765915e+06
3.329083601390996482e+05
4.264736152264006669e+05
6.994402098064902020e+03
4.685998428260512301e+05
1.390896966491725761e+05
1.181236609561355581e+05
2.466408357902271964e+05
2.632030863251294475e+06
1.729572475749174133e+06
5.528576815249932697e+05
2.248937244519539177e+06
6.363347804394085688e+04
1.495886253501972242e+05
6.286419460403155535e+05
3.601190439219971886e+05
1.781662030497074302e+05
9.014491357942586765e+05
3.491409592922120646e+04
3.744218173818070209e+05
2.636414887633638573e+05
1.484634159123888006e+06
2.424049142831181816e+05
1.584341946183602791e+06
9.410480754592918092e+05
2.739120124532967457e+05
2.629179207875347347e+05
4.779957967100985115e+05
7.536995406819293567e+04
7.056500067713031312e+05
5.836274941469642799e+05
2.085687662810458278e+05
6.935823659939237405e+04
3.335305314306968357e+05
7.356587261052106041e+05
5.476290878936939407e+05
1.820768668703931908e+05
2.326005198181719054e+06
1.508360466546270472e+05
1.882669673504916718e+05
2.501485604954863957e+05
8.411043549117777729e+04
5.382384105747196591e+05
1.795262433945940109e+06
8.656280959833953530e+05
6.527630161017572973e+05
3.043766822002520785e+05
3.459018584115215344e+05
7.470453134914085967e+05
6.492379990797752980e+05
9.610871444170553877e+04
2.360302167382785701e+05
3.553066954559141770e+06
9.582121606387072825e+04
1.957221585501092341e+04
3.984889142530061072e+05
2.915335285462419502e+06
1.405902031151131727e+06
1.138996254775075708e+06
4.467539659098581760e+05
2.979214923029018100e+05
1.470452556266226340e+06
5.554339151397860842e+05
1.412663904538520146e+06
2.975588309497575974e+05
9.576163993997349171e+05
8.458664254024305847e+05
7.975650247994506499e+05
5.017643803061841754e+05
2.552383769796791603e+05
3.797303813817310147e+05
8.867811601552326465e+05
2.599224245931178739e+05
1.277352072520619404e+05
2.912555660154233337e+05
2.868258102931184694e+05
3.235876257186562289e+05
1.034499234003106016e+06
6.295418739751520334e+05
2.176593620370427961e+05
4.581162292912232806e+05
4.260745502123608603e+05
3.594256861986613949e+05
4.264644461875736597e+05
1.940165883081644715e+05
2.785248693895491306e+05
3.338764663719173404e+05
9.367020084545278223e+04
4.657060473829354305e+04
6.182087361508588947e+04
2.875190701123007457e+05
1.439116929039599374e+06
1.676381068006015848e+05
3.890032155737781432e+05
1.233185367713954300e+06
1.348972793332944857e+05
4.404337307887699571e+05
1.902597979114557893e+04
8.809691270380991045e+05
7.640974366827869089e+05
1.117007963272588793e+06
5.271420839367953886e+04
5.928627404990864452e+05
5.216453896358231577e+04
7.168947369206004078e+05
2.632714159986909362e+04
3.001303901952514425e+05
2.473237224363555200e+06
3.691966764870267943e+05
2.508127097296987195e+05
9.634541841905396723e+04
6.120339636276230449e+05
3.680266887948877411e+05
7.858059202241247520e+06
2.444639046670463402e+06
3.742165443611343508e+05
3.636006249183967593e+05
2.089939559280116577e+06
1.804288724840906507e+05
1.089156357627212274e+05
1.607135771847341442e+06
4.688471314578345045e+06
5.882747393411872326e+04
1.074205944359835557e+05
6.163404357052644482e+05
9.730408561863962095e+05
2.038762681364561431e+06
3.004662036676433636e+05
3.722375771896960796e+05
2.322390827386668243e+05
1.556172935248842987e+05
4.818464456190924102e+04
1.606507893781331601e+06
6.023330169504318619e+05
2.163544148332115728e+06
3.725740024857826647e+05
1.708403316309937509e+06
1.691325044063057867e+05
1.504696910642398521e+06
1.479135463721619686e+06
5.239404234211930889e+05
5.594729358248898061e+05
5.225768648792681051e+05
2.474025100658004172e+06
2.614978368691732758e+05
4.003670862593111233e+05
5.507320911340592429e+05
3.264460366101766122e+05
8.558238811331805482e+04
5.033861062301543425e+05
2.626320380448404467e+05
3.354733785555618349e+06
4.186576510233882000e+05
3.875945742614650517e+05
6.633829914025429753e+04
6.006113850675068534e+04
1.681978582697896636e+05
1.289661260548012069e+04
1.241073115767365525e+05
4.422781718420159305e+05
3.869666391014931723e+05
1.440671752143103804e+05
7.697070651739469031e+04
1.623367650273022009e+05
7.203869676034973236e+05
1.501231561256086279e+05
9.115866430047281319e+05
7.843915429513379058e+04
2.277194850914089766e+05
1.649081682932701660e+06
