4.251653242949222913e+05
7.872271336687727307e+04
3.118050965691138990e+05
8.167044829372758977e+04
3.880632031080910238e+05
5.350687544786779654e+03
6.589383383039830951e+05
3.100938308247361565e+05
4.402221581256000791e+05
1.245771070849457057e+06
1.252542977490136982e+05
4.305705302913056221e+05
1.041791141888437327e+06
3.866396248579031671e+05
1.950386950341641204e+04
3.664454962831826415e+05
9.954672066043973900e+05
1.034352100501981098e+06
2.593953246865016117e+05
5.195119127782219439e+05
6.808074803184622433e+05
2.061144530165908218e+05
2.262543727688358165e+06
4.848955786514395732e+05
3.321232991517182090e+05
1.568232020705847302e+06
2.900185918759050546e+05
6.232974053357586963e+05
3.768261949914596044e+05
4.634058661511311657e+05
1.030413483474237000e+05
1.113947220769635023e+05
1.822587497070101381e+05
3.401480207062308327e+05
4.200203676826006849e+05
3.786115865339257289e+05
4.742404882597846445e+05
1.230053486227137182e+05
3.472247164224034059e+05
2.010634157745667035e+05
4.941565520199020393e+05
5.639168783925522584e+05
4.911630589477570611e+05
7.953594834194198484e+05
1.673063229009982897e+05
5.037543068495948683e+05
3.909136741801901371e+05
8.397541679416738916e+05
1.887270665720362740e+05
3.918524803613743861e+05
2.443523973849200702e+05
2.943506846671748790e+05
4.178238022414194420e+05
2.450513402249037463e+05
2.286108049841141037e+05
7.202021082206487190e+05
3.445685873326202855e+06
1.152290384650118722e+04
2.168967345963575644e+05
2.244961391264352133e+05
1.522113865202932502e+05
7.040796734576286981e+05
5.123414684839850815e+04
7.942572795236008824e+04
2.417484389648339129e+05
4.207606630956605077e+05
9.613317813747278415e+05
5.726718147983296076e+05
1.390748125169432606e+05
7.154390743496259674e+05
2.710502259759786830e+04
5.140558481131693115e+05
1.221155222616121173e+06
2.156350223162714858e+06
1.003484640567332972e+06
2.517039017983529484e+05
7.911547831538384780e+05
1.894163133975381730e+06
7.977274754641804611e+04
2.096437529852646985e+05
3.298674168052481837e+05
1.562164500545616320e+05
8.141740900895047234e+05
5.585143037555912742e+05
3.398788398393064854e+05
1.133793675669187214e+06
1.393340953675605415e+05
1.023421104292148957e+05
1.577441248900905193e+05
8.698790875742904609e+04
3.987281832735396456e+05
4.267829762874633889e+05
5.639216247705510817e+06
6.178530627787609119e+05
9.439457742839079583e+05
2.366318975146589510e+05
1.627029196537272073e+05
2.309757248717645416e+05
2.233572130109792924e+05
1.619333663573893136e+05
3.471138573085662210e+05
9.598718192560325842e+05
5.151827535113363410e+05
1.907832597870894824e+05
4.100449045085870195e+06
1.515652004597679479e+05
6.821743568708320381e+05
4.292946970226241392e+05
8.439350752533676568e+05
1.184386072515854379e+06
7.599681778718887363e+05
7.850512324294397840e+05
6.244519622772006551e+04
2.382953995018234418e+05
2.875897801393202099e+04
1.726100106649210793e+05
1.293905827641770884e+05
8.436347137238546566e+04
4.105279363460047753e+05
1.514923603878183640e+05
1.320791969841301034e+05
2.231638583289589151e+05
7.568253958610326517e+05
1.420548980423779867e+05
5.363857489927280694e+05
6.131476994101010496e+04
1.871035209487965330e+06
7.656172445624727989e+05
6.802990176419301424e+05
7.859105488057116745e+05
2.190059627253286017e+05
1.042798637428976217e+05
4.901830082809398300e+05
6.734935800365764881e+05
3.341284056254241732e+05
1.458538765575191937e+06
7.483307781528757187e+04
2.448389027272473089e+06
4.244390301912263967e+06
2.192437497439121362e+05
2.416319258916893043e+06
1.160892781441238185e+04
8.435020865339951124e+05
3.858947614528879640e+05
1.423832197623850661e+05
3.643636006864038063e+05
8.290044302087070537e+04
4.247127123142086202e+04
5.397138621756659268e+04
1.579165156844418671e+05
3.343740242636079434e+06
1.147312686626690702e+05
2.657921053176455316e+05
1.088972166631112195e+05
5.632977938874976244e+05
3.806630825531262672e+05
7.761438804065834265e+05
6.337132821698662592e+05
5.490014322126617189e+05
3.243882010296747321e+05
7.907954870324568765e+04
1.132392184236777975e+05
5.564347517807815457e+05
1.521820468575211125e+05
9.626051646689699555e+04
2.241546897368972423e+05
5.830217380389766186e+04
1.368134915923846187e+06
8.784757177424500696e+05
1.468229566295126278e+05
1.199756195109573309e+05
2.078477493718325277e+05
5.349483899562798615e+04
9.571357035110651050e+05
1.105307626249441237e+05
2.435396296841806907e+05
1.210775143729817355e+05
3.849322851174901589e+05
4.629888995808329200e+05
1.002075882178112952e+05
1.103333187281124556e+05
7.521121720338167506e+04
1.355497413104007253e+06
2.711728982934693806e+06
1.230416757680014416e+05
1.664553863237878832e+05
1.191036198994188744e+05
7.495247708967209328e+05
5.449074598494283855e+05
6.297815792731246911e+05
6.161894652559245005e+05
1.076277991381203756e+06
7.597930256336674793e+05
1.344113832086543516e+04
2.761856979245141265e+05
5.803106240756617626e+05
8.426540200402261689e+04
2.467312119917226373e+05
2.490829355272173998e+05
8.228204966574921855e+04
5.340343225850192830e+05
7.597776487312595418e+04
1.081905190726406581e+05
7.895665331403291784e+05
2.171710276017851356e+04
9.503801553805920412e+04
2.548493500018793929e+04
8.629951321858559968e+05
1.294187572048977017e+05
8.434807463466151385e+05
4.568751562544589979e+05
1.762434148149679182e+06
3.034452641195741948e+06
4.732223496203598334e+05
3.068533312578966725e+05
1.204245913429636741e+06
1.073970433480441570e+06
1.082133477936822164e+05
6.582961078916736878e+05
2.605497981729152380e+05
1.926016406976144935e+05
1.130904811622217298e+06
1.245819103154473705e+05
6.095978049176515196e+04
2.288724061201290460e+05
8.345387417256751796e+05
2.832723124409753946e+05
8.748250945596775273e+04
4.496259408603489283e+05
1.753950569430007599e+06
7.718257719199884741e+04
4.956455712935183547e+05
3.535886044953592500e+04
1.799277188805809055e+04
8.864736075965045020e+05
1.336773061746373540e+06
6.935083099635377584e+04
1.876171753914116925e+04
8.920262772821672843e+04
5.104825262186690816e+05
1.007978758147494955e+05
4.662500604053087533e+06
7.553368234598930576e+04
1.309682078783111792e+05
7.894914135118431877e+05
3.028614548012684681e+05
2.289048442711862444e+05
5.772187334462667350e+05
1.522669394285565708e+06
3.479767328561292379e+04
3.051550683339789975e+05
2.440817276604533661e+06
1.187278084646093339e+05
2.290503644785561773e+05
3.351833491109457100e+05
5.576454086844190897e+04
5.742795706377711613e+05
3.245769435635585687e+05
3.945668143016751274e+05
3.002000404964568443e+05
2.648852384636542411e+05
1.728119086050637416e+05
1.075262917421047576e+06
2.893956756354790195e+04
1.823961648487669881e+06
4.486442859275065130e+05
1.722958621601214982e+05
3.582586360009527561e+04
6.272261949001564644e+05
1.904196936601769994e+05
5.826015427755768178e+05
3.016598290505663026e+05
8.557646440640892251e+04
1.682624763284853543e+05
1.113548794420716120e+06
4.558156136718800553e+04
5.337867839041656116e+05
2.131036678152104723e+05
6.681108936135267140e+05
4.130356663608139497e+05
2.398944329011825321e+05
6.879923025566741126e+05
4.801188685709632700e+05
4.423155765064150910e+05
2.049025416216377169e+06
9.401623628970942227e+05
1.336862601507577638e+05
1.756278471706135431e+06
9.907157109836528543e+05
1.203721481887832779e+05
6.526705901650788292e+04
7.228315076260911301e+05
1.431257975941296434e+06
3.446762112555998610e+05
2.986652799558386905e+05
1.210530551890820498e+06
4.627595426167624100e+04
4.661428433006628766e+05
1.508514889384501439e+05
2.223896294657464139e+06
1.659538796021145768e+06
3.350033838576856069e+05
5.957882380359286617e+04
4.107486853414627694e+04
3.458734661058551865e+05
4.984261024967544363e+05
5.087892657572010648e+05
2.396936542370054231e+05
2.925063270514697069e+05
5.609069325935924426e+05
1.796621568503868999e+06
8.643585372565430589e+04
1.849929631579738998e+04
1.561451874736362835e+06
5.692114448759681545e+05
2.925112519252001075e+05
1.643063930428639287e+05
2.053784697881945976e+04
1.261824150919338223e+06
2.258660163805241173e+05
3.182757286966460524e+05
5.149042042181237484e+05
5.689617647624096135e+05
2.417342027301054331e+05
3.015446128210411407e+05
8.246038247624119685e+04
3.193442507616979070e+06
5.198574127024309128e+05
4.480206378030393389e+05
8.445470258872128325e+05
1.911354877370564791e+05
8.174446327740800334e+05
5.066694219158184133e+05
2.959039777460795594e+05
1.383578399860521895e+05
1.303699729975198163e+06
1.007122459593149688e+05
1.337645144930022769e+06
1.944604651589009154e+04
2.393323189900388010e+06
2.045908188801966608e+05
7.064899450455688639e+05
2.307514473758543027e+05
1.247300903325385734e+05
8.159190811487891478e+05
9.827646819961596048e+05
1.455910090587392624e+05
3.901263869925963809e+05
8.380887848990083148e+04
5.809401102578595746e+05
1.422557098502482404e+05
5.860841613233804237e+05
3.557029350678128540e+05
7.277461308458816493e+05
2.101450457744493149e+06
1.949725083947665407e+05
4.035969598605312058e+05
2.653345052955363644e+05
1.203608182307017734e+06
2.783473326091701747e+05
2.725731559612273704e+06
7.552822733446318889e+05
7.138421310200146399e+04
6.242982956030534115e+05
7.177143447675312927e+04
2.110851413590014447e+06
1.114837346587591805e+06
1.042102935294628696e+05
4.297626419990290306e+05
1.304745940559292358e+05
3.168924238218218670e+05
1.641042361358091002e+05
2.263686385487730440e+05
1.295856009638217656e+05
9.704780482890969142e+05
2.564907936792142864e+05
4.779916973654310568e+05
8.129353485990915215e+05
1.059934533269977197e+06
2.014210800436829915e+06
8.571079849901355337e+05
2.061306108376930060e+05
1.742190432656040139e+04
8.185443104155712354e+04
1.186047344370335108e+06
3.090921597964214161e+05
6.741510899672436062e+05
3.409317148471858818e+05
1.034833052476879820e+05
2.507870264334559906e+06
7.885829253287891333e+04
2.776124208903552790e+04
1.047076735339951701e+06
6.610393531184139429e+05
6.255072854314984288e+05
1.090323990971692372e+06
2.525135068738680333e+06
3.954283463419833570e+05
1.168213591318054823e+06
7.005658768475415418e+05
4.375419698808281100e+04
1.697922202797493374e+05
1.882576873797976587e+05
3.101543950180813554e+05
3.454236636342834681e+05
1.266422326091949129e+06
1.473373448615336791e+06
2.423435880035778973e+06
8.101193838456772210e+04
4.083188561454328010e+05
6.959777148611476878e+05
5.926586829550760740e+04
1.934518903742045804e+05
9.615237359367544996e+05
4.704343759444253374e+04
7.538980448911015410e+05
6.245585560187129304e+05
1.670820675696073158e+05
3.891264666540414328e+04
8.876994083198214648e+05
1.168671058515033685e+06
1.582792473245336441e+05
6.804991624794455129e+04
1.831242734474873403e+06
4.137643122008465980e+03
2.790172249886370846e+05
8.355844658317726571e+05
2.122788627997229341e+05
7.706363014228719985e+05
5.520247154612776358e+05
3.730047297963454039e+05
1.832492489542778814e+06
2.968423092689774465e+06
1.824320918296401505e+05
1.142449906166861547e+04
2.803329062871476053e+05
2.064067921914447797e+05
2.345929765792970720e+05
4.345774388323700987e+04
2.009141506590060191e+06
2.032146552815763862e+05
6.623919912741791632e+04
1.011764110679587466e+05
2.271558022589707398e+05
5.358591888481723145e+05
4.650807468360935454e+05
1.472058024125351571e+06
4.643658226578022586e+05
7.559349815212137764e+05
3.463759590466862428e+05
2.623452415632363409e+06
7.317398964813486673e+05
4.020150532947051106e+05
1.974043568518242100e+05
8.556644792865813361e+04
5.198644656700316118e+05
8.458774103586871643e+05
5.420242106933004688e+05
3.487150465445148759e+06
1.871162391274373222e+05
4.342047350872236420e+05
9.030934744881194783e+05
3.285538077475968166e+05
1.181982480386406824e+05
3.656375580252837972e+05
2.586774712638587516e+05
1.044052119622413738e+05
1.224997926984536462e+05
1.830317480527425883e+06
1.026799534785484080e+06
1.318493701950153802e+06
7.837645529291613493e+05
6.685218694706226233e+05
5.207678239705959568e+05
6.061785444594104774e+05
1.112270348216821003e+05
6.909666560717970133e+05
1.789899724684458633e+05
3.910746745888182195e+05
1.027327722340998589e+05
4.404429456132230553e+04
1.474485590230461909e+06
1.142678141333877109e+06
2.001738164751056465e+05
5.967596297773991246e+05
1.684793360855675419e+05
2.266177749961049121e+05
1.235052775325772927e+03
1.583151890598140312e+02
1.518148046972816228e+05
2.892681264577454422e+05
2.262449248421145894e+05
1.878601219430713682e+05
1.174338340737975341e+04
3.630004521891800105e+05
1.917528466034066805e+05
6.965720459774956107e+05
2.121244644933985255e+05
1.476307995660552522e+06
3.622758626946837467e+04
4.611587756949989707e+05
3.619437751510646194e+05
7.334810609944483731e+05
1.408815120751780225e+06
2.298643777167286258e+06
7.007742542121632141e+04
2.536394364696007397e+05
2.705327487452951027e+05
1.819061552060972026e+05
1.811631374511624454e+05
4.008912059757484240e+05
2.916326258582827286e+05
1.688429237199273193e+05
3.574619626803530264e+05
5.982377165448977612e+05
8.546812095352168399e+03
1.056932303718879353e+06
1.666834002847011725e+05
5.433424814384579659e+05
1.004762820634923119e+05
4.661469737965485547e+05
5.283514152506201062e+05
2.224427209935647843e+05
1.674399395718613523e+05
1.679280410633466381e+05
2.995422729583110413e+04
4.248136260955838952e+05
1.463332082872227475e+05
9.130524217779304599e+05
5.161438591869688389e+04
2.158345960655749077e+05
1.450881798750407470e+05
1.121429913529937039e+05
4.431205512289813487e+05
1.162419693878450897e+06
9.478938260375036625e+05
4.939710590126081952e+05
2.628298197749199462e+05
2.512063067887275974e+04
6.718538233038483304e+04
1.885029526085634134e+05
7.774885216785115190e+05
4.511810569092537044e+05
2.962772680480743875e+05
6.566549331667252409e+04
8.384046832085810602e+05
2.075647217492141936e+05
9.722178429515338212e+04
6.784995033242658246e+05
9.760375195735531452e+04
5.867764373651711503e+05
2.337470474847259175e+05
2.759273939305432577e+04
3.126761362250401871e+05
1.062619997792440845e+05
4.226524239396222401e+05
1.818500552671044832e+06
7.677359002609185409e+05
2.957342232226190972e+05
1.208326947215603432e+06
1.074933070632795570e+06
5.393478110232049366e+05
6.238032311337892897e+05
3.728952653246215195e+05
1.969591124155981815e+05
1.593025225706954661e+05
7.799462131518429669e+04
8.214610040094808210e+05
5.593852807294102386e+05
7.888826387082797009e+05
4.438978189235453610e+05
1.998566830245219637e+06
4.577796633691719617e+05
7.858384161012465484e+04
1.365155912867057486e+05
2.625812968880798435e+05
1.812152396122346690e+05
1.908595979219718138e+06
2.793788239674820798e+05
1.597814760794200411e+05
8.414776932013486512e+05
1.294485495519771503e+05
1.679244455759658595e+05
1.687912911053080810e+06
1.323650172432043124e+06
6.962045306147241499e+05
5.768483711100325454e+05
1.804234879191857763e+06
2.081242235644506000e+05
5.822849046145028842e+04
3.820764354971006105e+04
4.192920323821314378e+05
5.071481539524487744e+03
2.947108914119650144e+05
2.363181703955512785e+05
3.861097923789698398e+05
2.263902682204619341e+05
8.267907695257244632e+04
1.587343007003899431e+06
1.937983019904303655e+05
4.583732317040334456e+05
4.291308023560391302e+04
1.791240174444368749e+05
2.799180279901259928e+05
3.339012006574177212e+04
9.107398363678902388e+05
2.040840093381068727e+05
3.270091723436525790e+05
6.661418565868507139e+05
2.626052333198961802e+06
5.160048329682297190e+05
1.139394855190373026e+06
1.383254135285734956e+05
2.732512592812706134e+05
1.288266451110000489e+06
7.058492878760328749e+05
2.345125445219321409e+05
2.582033275890399527e+05
2.578828967980627494e+05
5.884915265761902992e+04
2.820322099078821793e+03
6.176233774395641376e+04
2.953159245701137697e+05
7.625089469121536240e+04
2.853920067275835667e+06
9.593020627879895619e+04
2.807907995952536003e+05
1.429366438859818736e+06
1.838165078530775383e+06
1.972808513285598601e+05
4.717153741165142856e+05
1.659477477822886431e+05
6.372041213718662038e+05
1.567625109936806839e+05
6.054912563983965665e+05
9.230243810943774879e+05
7.535966109218864003e+05
1.664602567852945358e+05
2.730335219935010537e+04
9.660626911175309215e+05
6.842760915293947328e+05
4.719017477173423977e+05
1.338898179255311261e+05
2.812750328537395108e+05
1.113119392297279410e+05
5.470738655325248837e+05
2.208064657987323590e+05
1.300424226534981048e+06
7.497139191262000240e+05
7.509114211674347753e+05
1.147082742777125211e+06
2.527762768922132818e+04
7.297618818993179593e+05
1.178847110318240011e+05
1.683623447069909191e+06
6.147909955810961947e+03
9.568381528138051508e+05
8.085111596245488909e+04
1.204794973891929490e+06
3.110785984147510026e+05
1.726443359078741923e+05
1.660235488437717140e+05
2.509591580664644716e+05
6.842924044781953562e+05
1.190179783880127652e+05
1.240305794080702472e+05
1.847551000919202852e+04
1.453275309312932193e+06
3.437626442526387837e+04
8.706078117451881990e+05
2.396423629292836122e+05
1.508593683035693248e+05
1.158221153440337366e+05
1.524106804159471765e+06
7.637964477911136346e+05
2.210057135929114593e+05
7.586019318570739124e+05
1.071246934756013332e+06
1.591493287013833178e+05
6.460665504748071544e+05
6.292180842366180150e+05
1.257212851078413078e+05
5.783562121008144459e+04
1.606087490043146769e+06
2.033951715173624980e+05
5.122040037729142932e+05
1.083029357423648005e+06
1.721629254061849788e+05
3.050402437191962963e+05
2.789859393313193868e+04
1.090669221099700371e+05
2.625602065471270471e+05
4.375492476396728889e+05
9.326934123632241608e+03
7.772446469636928523e+05
5.475296301009847230e+04
4.847021724805345875e+05
8.575958658366375312e+04
3.908803019179576659e+05
9.140796352515359467e+04
5.282306905644905055e+05
1.023941176314470591e+06
3.044024735681370366e+05
6.473922482928487007e+05
4.528895564554595039e+05
2.776228135615679785e+05
1.133267628758533392e+06
4.726075312412017956e+05
2.023199707087642280e+06
2.378534007361573458e+05
1.279668195352284529e+05
1.530544380175638653e+05
2.138894354718987364e+06
5.294053512798104202e+05
1.871033867292951560e+06
4.248638155718398630e+05
1.176441934993265197e+06
1.760109282482400013e+05
6.601631735392220318e+06
1.073442337089051725e+06
6.219387209631385049e+05
2.187742951940122875e+05
2.669331042327748146e+05
9.726575289574233466e+04
7.227582363646936137e+05
7.254136490678536939e+05
8.734844337949040346e+05
6.602541659960624529e+05
6.009903294785500038e+05
2.286538984525314299e+05
8.050686830917082261e+05
4.248900685614431277e+05
4.029259077210315736e+05
7.199353107550730929e+05
2.325113527795400470e+06
7.341861908827113803e+04
8.989459002282719593e+05
2.260902844668368925e+05
7.705780562021321384e+05
2.707473888075949508e+05
2.678489167607861455e+05
1.469186065820990771e+05
7.811611177607723221e+04
6.273875623524832772e+05
8.991322066739804577e+05
4.685066463574687950e+05
4.289782137128013419e+05
1.434042269716292212e+05
1.293484834536201815e+05
3.569454337500466499e+05
3.026237260368844029e+06
4.797092179043969954e+05
1.197302599574470223e+05
1.827603705311800877e+05
1.005350091914141667e+05
5.629231271867228206e+05
1.340310761387988750e+05
8.268605597115261480e+04
1.184669062542233849e+06
3.752344836075789644e+05
7.051592756055224163e+04
7.113023046817477734e+04
2.793167714081119993e+04
4.820442664317348972e+05
1.155096059687595989e+05
3.604007501864109072e+05
3.287541285182989086e+05
2.882233040702646831e+05
5.814414301443709992e+05
2.996978658104297356e+05
1.381961054635585053e+06
5.483366159661599668e+05
4.111166988346420694e+05
9.694548221679202470e+03
6.405061082143320236e+05
3.285252789252687711e+06
2.218138821620008093e+05
1.310628400726729888e+05
3.420264425988863804e+05
3.389958280801266665e+04
2.503670131094533717e+05
1.286037660310920473e+05
4.378516843496538932e+05
2.016506443881879095e+05
8.136778218480650103e+05
3.400303968360248255e+05
1.338788147982953524e+05
8.272982447366536362e+05
1.487551420502340887e+06
5.128394863140785019e+05
6.594179347630505799e+04
1.237400172638108023e+06
4.981393038368207053e+05
6.028052761852844851e+05
1.026314656918355846e+06
5.233391514071045094e+05
3.982702946881724638e+05
1.613185959979127510e+05
1.966838239787124621e+05
4.034218246355459560e+05
9.430789581683174474e+05
6.656047240571451373e+06
1.583905778545562178e+06
5.338372248261244968e+05
2.892570099450409180e+05
4.023060362473723944e+05
8.048961400625724345e+05
2.503470128087254998e+05
8.417694903577860678e+05
4.112622026036150288e+06
3.617581519047855400e+06
1.862105855603390955e+05
1.135612737330079399e+05
4.692727674870893243e+05
4.473965834620655514e+05
8.221225258735686657e+04
3.048723238121770555e+05
2.018675612155158888e+05
1.883150328874760307e+05
6.182770600277599442e+04
4.891916024721729918e+05
7.858497935089520179e+05
4.473235465218648897e+05
3.968656067739127320e+05
3.419790291441372829e+05
4.724610823277954478e+04
5.890145477323053638e+05
3.925058174703496043e+05
3.078369880368713639e+05
4.469884712369434419e+05
8.281487943472096231e+04
5.694333556562833255e+05
7.822577227658976335e+05
2.014202676250352815e+05
1.314186989203787642e+06
4.252786986670671613e+05
1.887092257317423820e+06
4.104593908083776478e+05
1.295843073539165780e+06
5.375505905845029047e+05
1.949474114422083134e+06
2.393981502182931290e+05
4.862137888240797329e+05
4.315094723065796425e+05
1.300782288219532784e+05
2.418916830556276545e+04
2.744778975825020461e+05
4.174163311797226925e+04
3.016369539689125377e+05
5.413768215772245312e+05
2.466851664333614754e+05
5.517363412150343647e+05
6.002559844250328606e+05
4.736755960143075936e+04
5.667499741216626717e+05
9.882914244345492916e+05
1.137105569676200161e+06
8.840442731290077791e+04
1.564172337500686117e+05
5.205865934867496253e+05
1.310302447925133747e+05
3.896481030186668504e+05
4.678389985697832308e+05
7.865892892618098995e+05
9.022938665424962528e+04
7.320706993960859836e+04
1.325658434416320815e+05
1.458889921742345672e+06
9.659640495327424724e+05
1.308430726979326864e+05
8.028601943170945160e+05
7.479966815915099869e+04
9.313204498131271685e+05
1.393658155261374304e+04
1.161479121579082857e+05
6.673162841851313715e+04
1.393282106241816946e+05
1.242044840752314078e+06
2.175260144610249845e+05
1.664768660299467156e+06
3.709463038878315594e+06
2.023527358915314253e+05
2.562754199345962261e+05
1.446992951876939915e+05
4.996866999792065144e+03
1.657851100114668952e+04
7.597391980786708882e+05
1.425339409354066476e+06
1.289441630416913686e+05
2.428445250902925036e+05
7.229103437898627017e+05
8.519823939618014265e+04
2.602351874674386636e+05
8.549145497037973255e+05
2.037742328160727920e+05
4.327909499278004514e+05
3.449861483437819697e+04
3.923462525391901145e+05
3.207174435837878991e+04
1.344202570094931871e+05
1.049878517082822742e+06
1.165351527728072397e+05
9.248350530551280826e+05
4.376995639649185468e+05
2.770004931252951501e+05
3.385922638904255000e+05
7.311557824483113109e+03
3.354040869051137706e+05
5.668160240560400998e+05
4.459702894072586205e+05
1.187736426757357840e+05
3.488942868845664780e+05
1.888421128738631087e+05
1.413969917308567092e+05
2.665951274419231922e+05
4.270078094557892182e+05
2.498210759104761019e+04
8.267266230056023051e+04
5.525193375517034438e+05
7.065580350295417884e+04
1.256542537990201497e+06
6.231782837135404407e+04
2.529363594445518393e+05
3.059812870600404494e+04
7.694395822023745859e+05
8.450457006215095753e+05
1.428357588494034484e+06
1.478314862416030839e+06
3.574944908010559157e+05
1.137317658083196264e+06
1.162219693928985856e+06
9.914755147357098758e+04
5.057449990815031924e+05
1.927369210397871211e+05
9.935557769980048761e+04
1.176496907498315704e+05
7.707570770114519401e+05
2.327346193268628791e+06
1.962341071525116276e+05
6.950118690605860902e+05
7.866830756272406143e+04
6.923490581270259572e+05
2.120456755334033805e+05
8.806452468195790425e+05
5.483794632242173975e+04
1.472363709306892124e+05
1.557150342107613687e+05
4.882031992503062356e+05
9.359662878524884582e+04
3.205851952330450877e+05
8.375830996402475284e+05
1.199435277977365040e+05
2.851971046855465975e+06
7.846785506495545851e+05
1.411158572727419203e+06
4.875866816558956634e+05
3.423695132464905619e+05
5.164142076077144011e+05
4.593002021662162733e+05
8.694545523217654554e+05
6.730417373314622091e+05
4.466154184272219427e+05
1.424896881946572801e+06
1.282540396421437385e+06
2.351746884166107047e+05
2.510684179919479648e+05
1.098489847093268763e+06
4.834155891382512636e+05
2.067523511040676967e+05
2.692332043634681395e+04
8.693230706245463807e+04
3.624839125248639612e+05
2.624399326374842203e+05
3.333118741677431972e+05
6.317953828462952515e+05
6.880868713668362761e+04
8.367181326514320681e+05
1.733858027188065462e+06
7.757890683024897007e+05
3.141956583407975268e+05
1.821401134633572074e+05
2.190907388613590447e+05
3.954109782174745924e+05
4.968824942536616581e+05
2.938045060237316648e+05
1.493962705685540102e+06
1.008774804002759047e+06
6.198708936234426219e+05
1.618168280166315380e+05
5.788312170535934856e+05
2.204823862051783071e+05
4.403344801824506721e+05
2.108091198158222833e+05
2.229532074237892521e+05
5.077554024367696256e+05
3.903330251353923813e+05
1.015736886865164124e+05
2.799948874632215593e+05
9.903527590192104690e+05
1.009089260369148105e+06
3.750377849489155924e+05
9.423868380713904116e+03
1.310860551734731125e+05
1.147684312302556355e+05
2.071300072549440083e+05
1.485002501759878360e+06
1.165768099317036831e+05
4.112733336179829348e+04
3.707453859998172848e+05
2.148819830058458028e+05
6.787371347147009510e+04
3.640854172314825119e+05
3.183537222483144607e+06
1.946896818700032891e+05
1.212964026324997540e+05
8.948276377383127110e+05
7.105656552049681777e+05
1.160872916038534640e+04
1.332911234102543385e+05
1.890353644385530497e+05
5.996895697636151453e+05
7.576490642060794926e+04
5.399130322254399071e+05
5.617967810797319544e+04
1.221927005702751048e+05
2.969167664892947651e+05
1.262198650634305784e+06
2.260582530864627552e+04
4.818446003188831673e+04
1.532776639631348662e+05
2.665473298462314415e+05
1.066985073839956458e+05
1.916734321852267894e+05
2.005157079140373098e+05
1.335492603060216643e+06
5.776959780248760944e+05
7.536027826496706439e+03
1.749020713465750159e+05
2.149370952728826087e+06
1.260991111906216247e+06
6.361959546947901836e+05
2.193298427773341828e+05
1.660773138716756657e+05
5.755071377260221634e+05
3.923250674942689366e+05
3.656357652989073540e+05
2.667461476665235823e+05
1.008196577534784097e+06
3.596892508123061270e+04
3.110927629325441085e+05
4.233100007543917163e+05
1.904257687058427546e+05
7.518655497177646495e+06
1.323342731111960253e+06
1.143631975914633367e+06
9.230549316841861582e+04
1.566912120460904669e+06
1.341787621538939420e+05
1.585474231482977921e+05
1.708366900322101137e+05
1.100064981950035581e+05
8.755612361964949741e+03
2.799825425122630550e+05
5.995436531152062817e+05
5.715289233543780865e+05
1.509414798296104418e+06
7.153709492691905471e+05
5.951233627212112333e+04
2.225001384057140385e+05
1.524441552870822197e+05
3.324364535110081197e+05
1.319878863324223552e+06
8.119264623340206454e+05
1.393136223408936639e+05
2.054849004866877804e+05
1.218963014285765355e+06
2.637888714752802625e+05
2.131803937163468509e+05
2.328430904210852750e+05
2.500131388364945597e+05
1.729498328707367764e+05
1.045457960824584297e+05
3.316243671973994788e+04
5.167472003924479359e+05
7.952329734240600374e+05
7.367644413358870661e+05
7.474294190682530461e+04
1.180516958628904307e+06
3.457184940673725796e+05
5.244805378142771078e+05
2.538546821607616148e+05
5.242394895805925480e+05
2.648606193744280608e+04
1.202471909484525822e+05
2.870661199062388041e+05
1.312569531738772057e+06
8.124398420338974393e+04
1.866401907829165866e+05
9.847110653769197233e+04
9.134907150835242646e+04
3.739057243390516960e+05
9.113929299800011795e+05
6.797990792556792439e+04
2.270868083078857511e+06
2.101720946943573072e+05
3.965565068623818224e+05
4.456532820990371692e+04
6.564612363189863972e+05
1.382533073734736536e+05
6.357135110905587208e+05
3.881758830539030023e+05
3.173550282188378624e+05
5.196876890404636652e+04
2.648163149479869171e+05
1.427941548890899401e+06
1.334342055060756320e+04
2.895671077761414926e+04
5.182320166980094509e+05
1.481434924144513905e+06
4.780061570103745325e+05
4.976782731518832588e+04
2.158376486201001389e+05
9.260732804569150903e+04
3.309898557866209303e+05
1.983966653785989911e+05
4.414721240304877865e+05
1.247959144670340931e+06
1.476173111120644317e+05
1.642537602733895474e+05
1.482844735540309630e+05
2.073179331041635014e+05
4.194952710142333526e+05
1.689419578911098652e+05
9.565386073427628726e+05
1.049464018154312391e+06
3.390395184346016031e+05
6.706976002859212458e+05
7.532984973842296749e+05
3.574455010992744006e+06
1.325726861096650595e+06
8.993528512637554377e+04
1.023117673743475170e+05
5.775365774216840509e+05
2.654535626166290604e+05
1.096016409548658412e+05
7.610995049798059044e+05
3.490644468708294444e+05
5.419951738859178731e+05
3.731929685975787230e+06
8.323689232398428721e+05
1.081200592814649921e+06
1.808463549463437230e+05
3.551294894421785102e+03
1.145805726195110910e+05
5.634094944791087182e+05
1.094135795312714472e+05
7.597376933395551750e+05
2.999822609612211818e+05
4.289083975637789117e+05
1.596485326772386208e+06
1.274497043570967362e+05
7.910976757679828734e+04
4.846079124907041551e+05
5.947799085761864262e+04
4.901587925312758307e+05
1.463486823617684422e+05
4.658671938487918116e+06
1.456880185181172237e+04
2.240096206738670007e+05
9.603004166997286957e+05
1.320893106008151779e+06
7.451461382749525364e+04
6.600458027204966638e+05
6.150802856612490723e+05
4.115357804565657862e+05
2.469502688191570051e+05
1.152100822026879061e+06
4.828534184723979561e+05
6.208889839312426921e+04
5.219640401176206651e+05
1.561536238442756585e+05
2.208985577122583345e+05
7.607615680332857883e+05
2.822114578994915355e+05
3.212834345743929967e+06
2.395798446686227981e+05
3.451793168342098361e+05
3.417565602353799623e+05
5.195901772344147903e+05
9.553496269729725318e+05
6.733266244445927441e+05
1.497676012383193593e+05
2.020775516762371117e+05
1.041310950482204673e+06
1.356674357388577191e+06
1.016176450019057957e+05
1.685876897693446372e+05
6.239323697719781194e+04
1.306823910916071152e+06
7.397613915476177353e+05
1.028584233461529599e+06
2.874803916255563672e+04
4.697441876407766249e+05
2.250352359034030815e+05
1.007457582630772231e+05
1.012701420923269703e+06
4.987843587822783156e+05
4.773431477135175373e+04
5.289342988872119458e+05
1.289600696114870079e+05
4.835999057190335589e+05
6.754440816351060057e+05
6.491420679788081907e+05
1.694999390378272437e+04
8.045183339412290661e+04
3.565635746614421951e+05
1.128999937602989841e+06
1.090747448527355678e+06
7.485628315653501777e+05
2.857315202936802525e+05
4.090790246236661187e+04
4.560969638544381596e+05
1.143882164693730650e+06
1.899404316008124268e+06
5.422899613422948169e+05
8.683249460669144755e+05
4.589904520608686726e+05
6.172865359830957605e+05
6.881191978792053415e+05
9.634591297593899071e+05
3.281904165398352052e+04
2.586797280465082440e+05
1.361634019803628093e+06
1.507999343012798927e+05
2.075674485679278849e+06
2.699484205759081524e+05
5.749390226047940087e+05
2.698054455847537611e+05
4.360110647859100573e+04
2.603164717650789826e+05
4.934408444718182000e+04
5.394869279485224979e+05
8.823823999821100733e+04
1.558504783689872420e+05
2.248107531250653323e+06
5.207787213079461362e+05
3.229688381067200680e+04
3.808903552601706237e+06
8.375405720148847904e+05
5.746634870256676804e+05
2.671363747870453168e+06
8.556930674425257894e+04
4.669933408656118554e+05
1.384266981649876805e+06
6.586579308807337657e+05
1.069727690593515057e+06
3.291023729013899574e+05
4.032914281972448807e+05
1.660628522789949493e+05
5.683213667948230868e+05
1.066467850407529157e+06
3.045376011257772334e+05
5.450609612968980946e+04
4.302294979008355294e+05
8.967836927949443634e+04
3.658192517195901601e+05
1.272435102915875323e+05
2.748409343906754511e+05
2.193899397374230102e+04
7.268207422121902346e+04
2.829395387273828965e+05
6.760596499681706773e+05
1.945514923784347775e+05
1.535508969195266254e+06
6.170804009556710953e+05
7.332748831174531952e+05
2.054545954360249161e+05
1.219519362889225595e+05
7.065275766161719803e+05
8.062738991496524250e+04
1.484711773571080121e+05
6.974516396967797482e+04
8.761864507220488740e+05
1.765166070798383153e+05
9.819275937012513168e+05
3.130521710171910236e+05
9.875272631573164836e+05
9.094147077455169056e+05
4.777816949100777856e+05
3.320266597298166598e+05
2.573030407749765145e+05
7.068853091775081120e+05
7.807532055685144151e+05
3.073219041309916065e+05
2.421410577919470670e+05
4.034969508168739849e+05
5.539291761513877427e+05
8.229183585186068667e+05
2.171061256815312954e+05
3.404108201988440123e+05
4.588000175638006767e+05
1.319218828489229083e+06
2.438248332644824404e+06
1.623520873459292634e+05
4.057754854470769060e+05
1.944043244604984357e+05
2.156892150208261446e+05
1.216845981989548774e+06
3.751564496878279897e+04
3.499349141291052802e+05
5.044028153859775048e+05
6.025397879504516022e+05
5.082220116644994960e+03
2.002054890657633950e+05
7.742312098158833396e+04
2.386925820205502212e+06
4.359886277911619400e+05
1.784443173865694087e+06
6.810199892293026205e+05
4.773689540194974979e+05
5.276264152077791281e+06
2.404435399242451240e+05
7.344725732466956833e+05
1.182906070614777709e+05
1.649841796931897989e+04
8.520766529889811063e+05
5.196897945228261524e+05
3.928170944094040897e+04
6.212539600382621866e+05
4.154389787218293059e+05
7.357318203011025616e+04
3.246309950209374656e+05
2.033544534602704807e+05
9.100396495225772960e+05
7.436292259032962611e+05
2.077325588642638177e+05
7.390628487030396354e+04
5.802992926211180747e+04
1.287778331188825890e+06
1.006331994389064639e+05
1.449130876787896850e+05
7.379825028340708232e+05
1.751999378981148358e+06
2.466849375922346080e+05
2.467263927074546518e+05
4.927994704043624806e+05
3.653784830428584246e+05
5.215958065915355692e+05
1.936008472785168851e+05
8.759545565284510376e+05
1.443191644841874659e+05
2.198592154232075904e+06
5.747932512873342785e+04
2.447082552168580587e+05
8.265072656590313418e+05
2.818779294845932629e+06
6.590531273144533625e+05
1.111818794730197696e+05
2.241234628990232304e+05
1.319622387934649014e+05
1.136272908780075668e+05
4.336140766788898618e+05
5.041494435952680069e+05
1.156407342087136640e+05
2.303507019134489237e+05
6.015665069748767419e+05
3.715074684815052897e+05
3.418186613273430703e+04
1.064561861368042446e+05
2.658107980898039386e+04
1.473069844663491007e+06
4.605577573593073757e+05
1.931748037381400936e+05
6.055328943671253510e+05
6.841317779977527971e+04
1.735501562543068721e+05
4.417551610200804425e+05
1.243152375564491143e+06
3.452152496676507290e+05
1.865239954013435054e+05
6.016180387764459010e+05
1.386823699434009723e+04
1.168880563165449130e+05
2.693801465984391980e+05
1.208028153359747957e+06
1.310239950248690002e+05
1.338840564964295365e+06
1.385039504864649149e+06
1.713289685976546316e+05
1.142365466006395727e+05
2.586606571157080587e+06
7.769157159006684378e+04
3.406929888362191850e+05
3.728286231180203613e+05
3.128993948165421025e+05
3.805695987029161188e+05
3.766404401360492338e+05
8.326477245730426512e+04
8.329564654613908715e+03
3.269206345431665424e+06
2.936205355209732428e+06
1.089074973422743351e+05
1.531717647260753205e+06
7.698816968406070955e+05
3.006009386181497248e+05
8.679639542938219383e+05
1.345183532580438768e+05
1.757852424108365813e+04
1.299931969894192647e+06
2.670160092876698473e+05
9.579079112022407353e+05
2.498917865277483070e+05
8.738967895383801078e+04
3.708509868860857096e+05
8.791475128832844784e+05
1.603006848915662558e+05
1.298433583831248805e+06
5.392431375999966403e+05
3.908901122623796255e+04
1.908253875739562209e+05
6.374047273909078212e+05
1.867219485262029921e+05
4.709650314402013901e+05
1.957277432630278345e+05
4.243068471238663187e+05
2.417172449889789277e+04
1.041896436460758705e+05
7.324151252444013953e+05
8.666389231606499525e+05
2.107178870575139299e+05
2.205726588018882554e+06
6.705987191730611958e+05
5.610896786463999888e+05
1.702168215468462440e+05
2.508702265121152159e+05
9.855322456741389760e+04
9.978554953123821178e+04
6.393439929959025467e+05
1.155034574961466860e+05
9.804260461075078638e+04
9.314002490071723878e+04
4.352729592560235760e+05
9.310445569329364225e+05
8.038610874583547702e+05
1.002114043952422100e+06
3.105498571707374649e+05
1.021265461068307399e+06
1.604350902194324408e+04
9.023872335049564717e+05
4.338119602038728772e+05
7.075914675979329040e+05
8.766254441932219779e+05
1.149270581546739850e+05
4.086068286611367366e+05
2.884365731605011388e+05
1.175700626630993065e+05
7.583816311617656611e+05
1.199595818758250534e+05
4.783767913162834942e+06
1.901433807829486439e+06
1.531981458360642137e+05
5.896578655477924622e+04
4.213888098061224446e+05
9.169692288499220740e+04
7.461742562980912044e+04
4.967413255345787038e+05
3.333496501375370426e+05
3.016679744277787395e+05
2.858064964283241425e+05
6.323241220167715801e+05
6.408502718340642750e+05
1.913914152758305427e+06
4.690064729317121091e+05
3.127383640885445056e+05
7.385185642984216101e+05
7.616721641212255054e+04
2.174527293997443485e+04
1.542045162299695075e+05
5.051265168615102302e+05
1.565654352056454518e+05
9.290842722688973881e+05
9.853672854731054395e+04
1.121343563130499970e+05
5.911585957503960235e+05
2.719891304392085294e+05
5.944741125293600635e+04
2.178983625249858014e+05
5.657328716237158515e+05
1.059214590995192120e+05
8.426971396586335686e+03
1.027993953860950714e+05
1.361715357054693450e+05
1.773222629015575629e+06
2.707940987119897618e+05
3.433658380184384878e+05
2.002552346533126838e+05
2.800981133817638038e+05
8.584888530376089329e+04
5.635088948141030269e+05
3.932003215812615817e+05
7.931164653377761133e+05
5.908621847963671898e+05
7.909568481911867275e+04
5.597579237573680002e+05
1.052724213387626660e+05
8.049542149988275487e+05
2.766710607815683470e+05
5.759327223699841852e+04
3.275363834419134655e+05
3.566545309458447446e+04
2.045954071821699035e+05
9.532467392660971382e+04
2.054799850448973011e+05
7.861151132033478934e+05
5.135439340575940441e+05
1.351859132499456755e+05
3.561640341972629540e+05
3.899714325162656605e+05
2.188671620568662183e+05
9.591976417993436335e+05
2.253505499974160630e+05
7.994366805868844967e+05
1.838697863841498969e+06
6.322858415750423446e+05
1.542875121978718089e+05
4.538856936361157568e+05
1.441316633388343616e+05
4.812101498318040103e+04
5.844338422011899529e+05
5.956080624832902104e+05
5.324762353886416531e+04
2.527937368180486083e+05
1.214103998979582248e+05
1.274486921000332659e+05
4.292595295299431018e+04
1.182061281846933753e+03
5.727263899392345920e+05
1.250893952858616598e+06
1.573809075096159904e+04
1.587286149454856059e+05
4.401186104113361798e+05
1.035645299721815507e+06
5.044790229073439259e+05
3.811567534000778105e+05
6.073680491312576487e+04
1.653213810949640756e+05
3.482783600374243688e+05
2.893993405156238005e+05
1.429597424649617402e+06
2.649640605544758146e+05
3.099361620557678980e+05
5.561964758832873777e+05
1.053857594291449292e+06
1.365013246069620829e+06
3.247499823124012910e+05
8.371502255394103122e+04
5.338114123913736694e+04
1.308768693580488442e+06
5.300469203792485641e+05
2.514975298633426719e+05
2.073369773591323465e+05
5.061448149372633547e+06
2.664108415359223727e+05
7.095682276211820135e+04
3.041331333514161408e+06
1.320536368570618564e+06
6.763663750008057104e+05
2.749536788716294686e+05
1.994306755561057362e+05
5.036761263993600733e+05
3.266148176122028381e+05
3.752550778271274175e+05
1.181203699490369065e+06
1.045253832273021108e+06
2.890292882330109132e+05
1.391007277362987865e+06
1.661094933277302480e+05
2.079665560950322077e+06
4.439889087042944157e+05
9.888434805435749004e+05
1.083974039843162318e+05
7.527094079465280629e+03
2.398291638977291877e+05
5.094653679426859162e+04
1.475015658535465598e+06
4.157573360753435991e+05
1.202179711783574196e+06
7.025688163647908368e+04
4.143219304871084751e+05
7.269640514945259201e+04
6.254619515881770058e+05
2.267987403189891847e+04
1.111435266864227306e+05
2.072290826983862207e+05
1.820093023612202669e+05
5.039864559989405680e+05
1.313580757910827408e+06
3.088196059639499872e+05
1.822262518454238889e+05
6.023881587427384220e+05
2.498580718434145208e+06
1.434170026650690415e+05
3.855364045094898902e+05
4.015415752995971707e+05
4.838487087890830589e+05
8.370876354150431871e+04
1.524973773594174418e+05
2.938212818133492838e+05
9.239597363411278930e+05
1.896798188957909006e+05
2.453913902872462932e+05
1.178572206870938884e+06
1.823058948369825492e+06
6.776313856357624754e+05
1.777257579904063605e+05
1.565669538605469570e+05
5.796590318595534191e+05
2.995274886357015930e+05
5.296833359689642675e+05
1.740807094036138733e+05
8.610088393324008211e+05
1.283331885498677613e+06
1.402178339871379721e+05
3.351339866349457880e+05
2.094692580104245339e+06
3.780101470617108280e+05
8.140119397577473428e+05
3.959882008553407650e+04
2.211460251163681387e+05
7.497942375654187053e+05
4.386249029943962814e+05
5.393253468554273713e+05
7.520789609023772646e+05
2.026239543666658283e+05
4.790204074950391660e+05
7.789888361994556617e+05
1.283248693460830487e+06
4.184036062655257992e+05
1.810968435742383823e+06
6.267105769769508624e+05
4.409006999534294591e+05
3.588335402949930867e+05
4.715586169074538630e+05
2.692834725724505843e+05
1.175744830618447158e+06
7.929134956696060253e+05
8.100144565456308192e+04
4.218441430788027355e+05
1.915950628282470629e+06
5.196564300612432999e+05
6.593690934046845650e+05
3.953779056568661472e+05
2.684412608980120276e+05
6.350928799256051425e+05
1.831210239129750989e+05
7.507658415303410729e+05
5.137358730109166936e+04
5.487913015903303167e+05
4.927591546517137613e+04
4.607034594583607395e+05
8.419102379204191966e+05
7.325068768970181700e+05
1.854642182085392997e+06
1.420120337449496612e+06
9.542724775519057584e+04
1.466451959743363259e+05
1.269994892521730799e+05
1.619596043421619339e+06
4.411199220577498781e+05
2.651838640208644792e+05
3.951578690583197167e+05
8.018966707879243768e+04
4.428796510463215236e+04
1.544916196910339873e+06
3.855851615714075044e+06
7.860867795205783332e+05
6.055062013887410285e+04
1.355841282237779349e+06
9.078754596019651217e+04
6.224621082787177293e+05
2.989469373985388782e+06
2.499541046081762761e+05
2.462755325619488140e+05
1.346787671637503081e+05
3.973474167167583946e+06
3.385422629731262568e+05
1.471192172813327052e+05
1.377565249275897222e+05
1.108654455179253127e+05
9.342471095888966229e+05
3.961841490469484124e+05
5.631727324290900724e+05
4.542845437139542191e+05
5.445357023958791979e+05
5.177345996603920357e+05
1.103654377045354777e+05
1.967415988701693481e+06
5.069964769615191617e+05
3.378152078194750939e+05
1.963677421811519016e+05
1.348844972405195236e+06
2.481789924189606099e+05
6.138434133141288476e+04
5.359600751465492649e+05
1.489294472289314144e+05
2.769536715248024557e+06
6.984313596588860673e+04
1.641924488612293266e+06
4.758625267548041884e+05
9.509183002727022395e+05
7.439792886119834147e+05
9.455592915497780778e+05
4.596786387647630181e+05
8.897729776461316505e+05
1.335667195097260992e+04
1.595957042095163488e+05
4.841400065883494972e+04
5.356105314824382076e+05
9.873273397326292979e+03
2.357925752931992756e+05
1.927372395846930449e+05
6.051738698627717094e+05
9.084976825774005556e+04
1.334406253046020865e+05
5.361894802632973006e+04
1.078096710512674414e+06
9.280188977092192508e+05
1.799705437361218792e+05
5.897426717304313570e+03
2.431781025245935598e+05
6.182539493352159625e+05
1.360764201127995620e+05
8.720608278587120003e+04
3.664278463720710133e+05
6.259836246562711895e+05
2.025461908016536036e+05
2.154728172945677652e+05
1.178500851681757718e+06
2.885956942503083497e+06
3.359014719508876442e+05
4.019213427133297955e+03
8.259303688051170902e+05
5.848154996626217617e+05
6.178025717938498128e+05
1.014124801003643224e+05
4.444423469849870307e+05
7.246375631348753814e+05
1.120692516322651354e+05
3.837630833372877096e+05
6.687340822858498432e+06
1.067434083849487652e+05
6.539341382276358781e+05
9.541628866217503091e+05
1.846923318883376778e+05
1.620228136467253498e+05
2.395740857437412487e+05
1.570655318173228989e+04
4.301389281425984336e+03
4.138792057827108074e+05
4.791731225486937328e+05
2.697597459040750400e+05
4.999071673999135965e+05
6.024311196820440819e+04
1.649444620879103022e+05
3.653903152941910084e+05
1.085517186718816229e+05
4.397135606990819215e+05
1.035178649334856891e+05
2.076074627876028535e+05
1.632097585404894780e+05
2.502717519208540325e+05
5.785852932581918139e+04
9.558746944222468301e+04
1.480657632476379804e+05
4.299499983201075229e+05
1.310344222227857608e+04
1.524438887820539530e+05
4.061080559021150111e+05
3.038175981112532900e+05
5.991517528995699104e+04
1.170225720120395999e+06
2.323393469499009952e+05
1.072717627277002204e+06
2.609219612042157387e+05
4.673394397053781431e+05
4.551868894524878124e+05
1.478081202859311306e+05
1.202597817655210150e+06
4.488205499533456168e+05
4.849261787489964627e+04
3.223429444300447358e+05
3.517222646814307664e+05
4.934922663150580483e+05
7.932130484384901356e+05
9.506421525789904990e+04
6.559809194330012542e+04
1.066971565133305965e+06
8.853839919671880780e+05
6.561996389407682000e+04
1.520888472916292027e+06
5.842922775321815861e+05
4.536916169740385521e+04
7.438119127230797894e+05
8.759758086037175963e+04
6.492470150881935842e+05
1.475328840854200826e+05
5.415706344659155002e+04
2.132035785000916570e+06
9.313390427327547513e+04
1.443728610540893860e+05
1.751684650394890341e+05
7.856754304590550601e+04
1.623797162253017770e+06
1.880024739771658322e+06
1.367418438370414078e+05
3.942352852252342855e+05
2.958830480149078066e+05
2.242363176569321513e+04
3.749401017697270727e+05
3.871291259672410670e+05
3.284520264360073488e+05
4.684119644064358727e+04
7.612453758015410276e+05
1.588723380999599176e+05
1.416724801493356645e+05
1.090866795078592695e+05
4.737918638660697616e+05
1.514920656313285872e+05
4.629146457722905907e+05
1.075554190875358836e+04
2.147349156597454275e+05
1.395411735923273023e+06
6.931479511622994905e+05
1.045646942860819050e+06
1.538419910345874960e+05
2.426157977202639915e+06
2.883244534900264698e+05
5.880643173004512937e+04
1.498112473891515750e+06
1.573477836541098543e+06
9.201933664295607014e+04
1.080102142672668124e+05
1.171784936058510793e+05
1.820043883061663655e+05
3.582707117585864034e+05
1.456282172857525620e+04
4.954165511633447022e+04
2.198208128290300258e+06
1.159230987103563239e+05
3.476284819523247425e+05
1.779099879845113261e+06
2.719429007208356052e+05
1.335457495403211797e+06
6.775405935887100641e+05
1.012552815606320946e+05
3.474232922203972703e+05
1.940154145067198260e+05
1.305090174965318758e+06
7.892509409539718763e+04
1.262252165568208729e+05
1.154207420636796160e+05
2.736314350930901710e+05
5.432362860260020243e+05
3.585199514173122589e+05
2.902694055302164998e+04
7.020788724866624689e+05
3.322037589098306489e+05
4.101197695217206492e+05
1.078176974219138938e+05
4.539514679510517453e+04
1.071447510513298446e+06
4.433834972833438078e+05
8.665427324761768978e+04
8.352231256155915617e+04
2.427050032875769306e+06
4.066812958933306509e+05
1.141235506765481841e+05
2.159184601597160567e+06
9.787474966239969945e+04
2.494715243247089384e+05
5.753870872958834516e+05
2.608505941446699580e+04
7.142099642109349370e+05
3.603240027790489839e+05
1.048224975087295606e+05
5.574099089838655200e+05
1.543081956825437010e+04
2.034828060196700389e+05
3.513132220638439758e+05
3.265113451721503225e+04
1.269742932806113531e+05
6.156742213298724528e+04
2.046975918634429399e+05
4.856299347805076395e+05
4.601544548856131732e+06
1.245736513997330796e+06
3.067441599857340334e+05
2.146874586940953450e+05
3.059241080446354463e+05
6.596670171129977098e+04
2.937574500579884625e+05
7.189386997016434325e+05
1.804736514405776325e+04
6.489872996780952672e+05
1.152909970795076108e+06
4.343277181327622966e+05
1.114590941212139791e+06
4.289670664027012535e+05
4.319583934365708847e+05
2.848071818058415665e+05
1.442204631173567323e+05
3.246798318126028753e+05
2.773266388043845072e+05
4.114833729925370426e+04
1.276480810467123811e+05
1.823184777196035138e+05
1.764239370767644432e+05
7.310471533601924602e+04
4.352620731477378868e+05
2.272522551468189922e+05
9.818059799213436781e+04
3.139466077831658185e+05
3.391506587773927604e+05
1.313172588453564094e+06
2.603903870334667445e+05
3.560690365579312202e+05
3.207896992113599845e+04
3.491292787763911183e+05
1.351299334908167657e+05
3.970664632717750501e+05
2.841330846796042752e+05
8.143571896616861923e+05
9.647410743990904302e+04
4.044468330099448212e+04
8.632530686509879306e+05
8.997703259385352721e+05
4.003824231368048931e+05
7.771283109352430620e+04
6.943087066787515068e+05
1.685803238944826007e+05
5.283246604546838207e+05
8.321059211870639119e+05
2.273997066438626789e+05
3.990884903995949426e+05
1.292145965457843558e+05
6.493883366569631035e+05
5.642566343337243597e+04
2.690022476025443058e+06
1.118122478712665034e+05
3.595115097152079106e+05
2.740760573441029410e+05
1.337523925088349788e+05
2.051727852152360720e+04
5.642514997039071750e+05
7.373148071755843703e+05
1.384901725435903063e+05
2.882047074601656641e+05
3.677290052153896249e+04
2.907458659030070412e+05
2.443188831911766028e+05
1.682800678002436762e+05
1.199744313191757246e+05
4.301635996950079571e+05
6.704525757464449853e+05
3.358167801380237215e+05
1.074394797666348895e+05
1.180320344580127858e+06
5.902722642942101083e+04
3.211834553096930031e+05
8.669355223890974885e+05
1.408124500805292337e+05
6.991307834521646146e+05
2.469721268194734876e+05
5.857616614819872193e+05
4.834570172380426811e+04
9.308610359978415363e+04
1.169488868428249989e+05
1.391942583680198761e+06
1.475401663477860566e+05
2.868708687440313515e+05
9.750300256467358849e+04
4.861485670079702395e+05
1.090000253664896125e+06
3.670533772593180765e+05
1.205611409882157895e+05
1.740978152513925161e+05
1.495221064087318082e+05
8.979594453769060783e+04
7.639186392870706914e+04
8.187467788960202597e+04
1.744467648616542108e+06
3.973718338449566363e+04
2.055314186587938457e+05
3.956528395233689342e+06
2.802865315363948466e+05
5.355366555822644150e+05
2.017479448215659941e+06
7.316608960727664817e+04
1.736191579366532387e+06
6.169831711498080404e+04
1.119416400020669535e+05
2.173944663777888127e+04
3.631644237115868600e+05
2.736331142886056914e+05
7.814981054174554301e+05
1.066291669925671769e+06
3.068714052302145283e+05
1.798813662661698880e+06
1.328850417775377573e+05
3.907172687922581681e+05
1.223539941546428949e+06
5.022213203034394246e+04
8.742614156097059604e+05
1.501098074052976153e+05
2.192845100285087829e+05
3.661744589706819388e+05
3.827943819798353361e+05
3.632752108268408920e+05
1.712311485085325839e+05
2.100169526379846793e+05
1.223203635015809705e+05
1.314459222433847208e+04
2.495366937752266880e+06
8.255214559507422382e+05
6.261738761165535107e+04
1.253526264130375814e+06
1.884711877482056734e+05
3.787326844268587301e+05
2.312745164397331828e+05
1.371960877578109037e+06
1.234396271825510543e+06
7.306129331823687244e+04
3.938834947265082155e+05
3.827835232170106028e+05
6.584918526187620591e+05
3.241929003470126190e+05
2.867140273713219212e+05
4.136200505620367359e+06
3.384347034891044314e+04
1.743882876583623001e+05
5.303460462363836123e+05
7.778886222804996651e+05
4.156334209660239867e+05
6.526757344886085484e+05
9.230505230684258277e+05
1.534957655790106510e+05
1.143792495107002323e+05
2.868350461525406572e+05
3.654354243983778870e+05
2.328302402112860233e+06
3.087693815187988803e+05
5.187394199098133249e+05
1.758867948441064509e+05
1.743945736504558881e+05
6.416751515588711482e+04
1.013857853893072694e+06
8.907479371822742978e+05
2.613704044533813430e+05
2.312353565929043107e+05
1.343801529163319618e+06
2.449333238220606465e+06
2.657508556417137152e+05
8.610876129164097365e+05
4.527405828721087164e+04
1.428138206486490555e+06
2.967035427002785727e+05
1.449622182516358735e+05
2.501932851773624498e+04
1.261889834011278581e+06
8.492958450613291934e+05
3.127880758786885999e+05
1.123741793067575898e+06
7.428834657000432489e+05
1.348461213852893852e+05
1.048820292838911526e+06
3.780849153663101024e+05
6.346114555465955054e+05
5.290627142252124613e+05
1.723215523873996572e+05
2.470867930821119342e+06
3.794247745221706573e+05
5.693597866469218570e+04
1.031015729391422588e+06
4.408409801207195851e+05
1.355846994875244491e+04
7.351622298867710633e+05
3.150580069211279042e+05
8.546175086627678247e+05
3.715969628607811173e+05
2.302693565954717342e+05
1.005925229991134489e+06
1.661584369394161331e+05
1.112574256044423528e+05
7.073118439668764768e+04
9.558948021518430905e+05
2.103552104104834434e+05
2.381537359239957004e+04
1.640256639115101425e+06
5.889832729157370050e+05
7.106919455802654848e+05
2.144721980800294550e+05
1.414920638541509397e+05
1.343567464261308080e+06
3.658507494512661651e+04
2.256045784870443400e+06
1.048675898079616949e+06
4.783920162680401118e+05
1.556385028975703972e+04
4.837819927801434096e+04
8.908084176063488703e+05
1.983327181509671209e+05
3.296722969811512739e+05
2.220149641435880330e+05
1.301297830265075463e+05
5.173922870138030266e+05
3.164836343249729252e+05
1.521035691062350525e+06
1.464374870750683476e+05
2.895729415129455738e+05
4.491099875785947661e+05
1.822103657320061466e+05
6.062332803053193493e+05
5.022842275285463984e+04
2.285652470804491604e+05
3.071593793672621832e+05
3.558621851777962293e+05
6.093064122464690590e+05
2.366726931215329678e+05
1.435590583363149490e+05
1.588998208781927591e+06
7.648734222487311345e+05
3.280703780310362927e+05
6.839844578839174937e+05
1.731886819721275533e+05
2.310363127148984466e+06
2.291731544900077395e+06
1.764633777620934998e+05
5.117581573343062773e+05
7.451799977601911814e+04
5.100141592934413929e+05
3.981865645675578271e+05
2.141786907247611787e+06
9.640149023812465603e+05
1.221902868346357718e+06
1.578621067073147977e+06
7.932446201498617884e+05
2.584556366945505142e+06
7.268187031869356360e+03
1.926215136383589925e+04
8.901689085697343107e+05
2.657842362607335672e+05
5.081022700944403914e+04
6.576869838434099220e+05
2.549577563989255868e+05
1.311666069587662350e+06
1.018434971487078292e+05
3.654576407733394299e+06
3.082506507976094726e+05
1.667548370826622995e+05
1.140875855810077337e+05
5.358875382787486305e+05
3.632578092687431490e+05
1.210922301962727070e+05
6.195721997376657091e+05
1.167541833047931432e+05
1.511705278177152853e+06
3.058122356890272931e+05
1.142329870894216234e+06
4.557394754160592856e+04
2.804859573933123611e+05
4.760922514642024762e+05
1.068423536603510438e+05
1.176147289975066524e+05
7.126777777317431755e+05
4.629080585470877704e+05
1.321438391531440429e+05
1.910547997840276803e+05
8.985803723936746246e+04
6.109203565183973406e+05
1.829031927223197126e+05
3.331018923713868571e+04
4.736375313796697883e+05
8.448640586993221950e+04
1.447683342786499532e+06
5.395341911850332981e+05
4.110434365246012931e+03
1.063099485523665353e+05
3.430343064173526363e+05
3.658980205730955349e+05
1.159828263108723768e+05
7.118119640306020156e+05
4.005715261012364645e+05
1.100277239992742427e+06
3.944024631612717058e+05
6.718290981655567884e+04
1.568902395261578029e+06
1.645049600084550621e+05
1.740584550816593110e+05
2.898245851004868746e+05
1.789254722495923634e+05
3.123914853210541769e+05
1.397076563763658305e+04
1.295592520383511437e+06
3.170303529384808149e+06
5.201471659342119237e+05
3.968885446737507591e+05
3.362697011840244522e+05
1.007393638465377269e+06
6.197087587194570806e+05
2.158678692293012864e+05
3.757862425653573591e+05
3.814988961908821366e+05
1.709885548237458861e+05
6.297683392760796705e+05
1.092037494353040529e+05
8.630708155286626425e+05
1.712721029975927668e+05
4.856786833830156829e+05
3.290817042360057239e+05
6.086140075445771217e+05
3.419099706326792366e+05
1.394829837321222294e+06
1.252554714837563806e+05
4.443870011262057233e+05
2.121566803174311644e+05
3.227274274170178105e+05
3.484919032869755756e+04
1.042365663765201462e+06
1.205628309542039206e+05
3.762069958408553503e+05
5.234005210398174822e+05
1.801558158851425396e+05
9.032152092346972786e+05
1.206846897826678323e+05
5.667865426885728957e+05
8.368081833778297296e+05
4.286920072387771215e+05
3.069495040374175296e+05
6.272163232927924255e+05
3.027346288385883672e+05
1.236988083154584019e+05
1.310939787122632151e+04
3.430659963069396326e+05
6.155922247401050990e+05
9.055075880079978378e+04
2.412164561088810733e+05
3.510691261864755070e+05
2.224277497129664698e+05
4.416186613057167851e+05
5.724099107913579792e+05
1.487510773467911167e+04
1.740062403165511205e+05
3.576557969529065886e+05
3.850070590997760155e+04
2.654385239747045562e+05
3.816051168146059383e+06
2.329661267407968699e+05
2.847153671363102039e+05
1.829032204552933981e+05
2.349977847683833388e+05
6.562028267658354016e+05
6.200383364503101620e+04
2.151844872457556485e+05
1.797834165173307119e+05
1.530207515916481207e+05
9.007515849387017079e+05
1.235001230229860637e+06
3.161367783900420764e+05
3.543094741200584918e+06
3.731542549800299457e+05
3.699686814579924685e+05
1.966446800271824759e+05
4.298050373997707502e+05
2.239757225192753831e+05
2.794537935166016105e+05
2.050686504972270923e+05
2.851330624994231039e+04
2.277791629082675499e+05
1.360840426464760210e+06
1.188071636621304060e+04
1.910402496836812643e+05
9.500253606495335698e+05
5.102138793461518944e+05
1.211029463077538094e+05
6.987062237809383078e+04
1.167477398482869903e+05
1.517430818782204762e+06
1.854664802323961630e+06
8.321413452317857882e+05
7.086219008180590754e+04
3.008773870171233430e+05
3.088851763723274780e+04
2.797342600575418328e+05
1.405966182078852726e+05
2.612433782676847768e+05
4.102898046383586479e+05
1.312895995334164938e+06
4.173974476763090024e+03
6.310256329750422155e+05
5.151251511023992207e+05
1.639984427308725135e+05
9.231579208347536041e+04
1.620365951479681826e+05
6.040715373844990972e+04
6.571682058474421501e+05
1.110994256871828577e+06
7.801556571770129085e+04
3.028467559384859051e+05
7.322138679405148141e+05
1.196970030539629282e+06
5.982673407310139155e+05
1.119440318523345923e+05
4.245398461525050807e+05
2.065920902244130848e+05
3.172828832061965950e+05
9.787150519301464374e+04
7.654403670165917138e+05
8.359935608255778789e+04
5.581645592740505235e+05
1.227580146756636241e+05
3.040226826956470031e+05
3.451292704855855554e+05
3.147163356127339648e+05
8.504330872668424854e+05
1.473687308264062995e+04
5.329806690045165597e+05
3.071313311969269998e+05
6.585332318094829097e+05
2.271109125165903533e+05
2.867815421180780977e+06
4.993544934376869351e+06
4.195258084886496072e+05
5.336281956538876984e+05
3.088023934791996453e+03
8.440151147493867029e+03
4.621590215843648184e+05
8.509886998916437151e+05
3.201463187881755875e+05
6.320596084017670946e+05
1.141460039522866253e+06
3.707692687339576660e+05
5.212852158708685311e+05
1.236556186755797826e+06
2.022361603566580685e+06
1.349988765266065020e+06
3.416250901083560311e+05
3.087605462031352217e+05
1.333032576699587808e+05
3.913949282025429420e+05
3.111945912178692524e+05
1.531887449371342314e+06
4.395612262680669664e+05
7.772989565333771752e+05
9.221985023961607367e+05
1.164193373845423805e+06
1.057571236972264014e+06
1.269325712795446889e+05
6.680318866654593730e+05
1.400778756832411746e+05
5.970540306623044889e+05
5.070144650733841117e+05
6.245696678542994778e+04
2.522706638517366955e+05
4.414984946095624473e+05
4.791497633880976937e+05
3.391345431509461487e+05
3.721141401924696402e+05
3.787941837682225741e+04
8.270491146844435716e+05
2.254368220600429049e+05
3.295700233520442998e+04
7.944250927132790821e+03
4.583922745847168262e+05
7.427251612639729865e+05
2.692082732452295022e+05
8.100770579868896166e+05
1.952824582671183161e+05
1.932285268828226253e+05
1.126238319006326841e+06
1.048516706318477285e+06
6.156901374391608406e+05
4.811725984190059244e+05
1.291664330404445936e+05
4.907880111025731312e+05
2.602748233179890551e+06
1.020099009148683632e+06
7.623080811667467933e+05
1.795347106031384319e+06
1.386283174607119290e+05
2.552396695100974175e+05
1.695183656411528063e+05
3.631881074252548278e+05
2.135980542493555229e+06
4.609644875947658438e+05
3.031216892821948277e+05
4.589107760090865195e+05
1.530147180027156370e+06
1.419632222731448710e+05
8.044133925179617945e+05
2.283332523271858692e+06
8.883222527831780026e+05
3.066200136701680822e+04
3.478084048281553551e+05
3.377601575731933117e+05
5.476577844098568312e+04
4.739188872967771022e+05
1.618592295329789631e+06
3.951246823642005329e+05
8.897630144744581776e+05
5.859753165698366938e+05
3.962191237849993166e+06
3.072832678251551624e+04
1.053124657919932506e+05
3.158875593641175074e+05
9.618064166821206454e+05
7.033405523606184870e+05
2.872839511648812550e+04
1.111931918481650297e+06
2.485492427036111709e+06
3.165082709570369334e+05
7.420873057723529928e+04
8.256531317094141559e+04
3.149065229523627786e+05
1.767368885669608717e+05
6.000695789743548958e+05
1.637688857101153189e+04
2.526489376680625719e+04
2.765214326668001013e+05
6.331105790491527296e+04
3.384090252856272855e+05
1.003185503689505393e+06
1.157965359670754115e+05
1.579602901464014081e+06
3.329659828981928877e+05
4.273140529958668048e+05
5.692154820387966465e+05
1.292271613126808661e+05
1.582311051381161997e+04
4.811627219966481207e+05
1.328900046234797046e+05
1.068293562101398857e+05
1.841725865900254343e+06
1.526090888816614402e+06
4.909672920999038979e+03
6.184339537113968981e+05
9.767583407188045094e+05
1.074936729785718489e+05
6.529387807515752502e+05
2.897113010231798980e+05
6.427161357078235596e+04
6.123627320090399589e+05
4.953491341305345850e+04
9.479621510697036283e+05
9.017268491851588478e+05
3.280294336431317497e+05
5.678912611353452085e+05
5.518738568309199763e+05
2.897636373432498076e+05
5.352479943995617796e+05
2.450960830256281479e+05
1.263909917288783763e+05
4.537906918923728517e+05
8.896429853833711240e+05
9.724438315071984835e+04
2.289800907656616473e+05
5.245404213284028228e+05
5.170962626345929457e+05
1.013658559912237222e+06
1.303850780913761584e+06
5.819532282228618860e+05
1.038714124195863260e+06
6.801091281854350818e+05
2.473838433663276373e+05
1.796251104382392368e+05
1.708948630615719303e+05
3.231699396253935411e+05
8.818186973415199900e+05
1.399395323282556492e+05
2.462179696499834536e+05
5.040770968269541045e+05
1.090192442261825316e+06
1.214938790176335722e+06
3.013591897037317976e+05
2.653715867071820539e+05
8.793319063987465343e+05
1.007117111403031304e+05
7.882975799689284759e+05
2.305388594150850549e+05
6.769714466537467670e+05
2.950567307718584198e+05
2.337411394468086306e+06
3.049311673234820046e+04
2.648053143154878635e+05
1.323754884377881419e+06
1.531212709878939204e+06
2.463404178990277287e+05
3.913817478921395959e+05
4.633627710007932183e+04
9.453766441588853195e+04
3.685065291479760199e+05
1.753660169686548033e+04
4.892187911874157144e+05
2.230153577162005240e+05
6.176273014150321251e+05
1.022170876005818864e+05
1.308005791060829535e+06
5.272721713051607367e+05
4.051522100558016682e+05
5.027073361737605301e+05
7.371743004807974212e+05
1.077252998179227812e+06
1.066036400270997547e+06
9.516624747795193689e+05
8.607262110677380406e+04
1.631924117482826114e+05
9.938738209017859481e+04
4.473871658156269696e+05
5.786371491492700297e+05
1.410474684164269129e+05
3.748218333979694871e+05
5.949096440561997006e+05
2.882351461881663417e+05
6.024623679095817497e+05
4.118615283562419936e+05
8.067036480367595796e+05
3.701375529461827246e+05
4.622048457470833091e+05
2.758432289820093429e+05
9.353968370192746079e+03
8.883081339205246186e+05
8.472969657486043870e+05
4.804738064291984192e+05
9.814435783911147155e+05
1.041640104019715800e+06
1.210945900185689388e+05
1.066700266796813230e+05
4.488759250874119462e+05
8.512075345355073223e+05
1.467221507277728524e+05
1.572801137066016381e+05
2.424748127643264597e+05
4.219293075625831989e+04
6.710261478909004654e+04
1.748671168017580640e+05
8.658089869583370164e+05
1.679847366248559847e+05
1.035690884843505191e+05
1.716054792863989496e+04
5.724860743185398314e+04
1.304175901544481982e+06
1.087498513233954553e+06
8.702495629246858880e+04
4.897254268523641513e+05
4.713015336754133459e+05
2.830903986955331056e+05
1.873594127781846037e+05
1.265791989152664784e+06
1.785385739470420594e+04
4.927551883524500299e+05
7.101515153216208564e+05
4.214370411206689314e+05
6.803033818012718111e+05
8.773311734168425028e+04
1.261024287746397313e+05
1.765939811573700863e+05
3.527269703881777241e+05
4.846529989554953645e+05
2.409982550822806952e+05
9.988607715149292490e+05
8.505260344251416391e+05
1.326012945943907253e+05
2.712505999012595857e+05
8.250723277226026403e+05
1.151204508937471692e+05
3.626744514647089527e+05
1.121121801671390655e+06
1.257611756943052314e+05
1.525840840727458708e+06
6.634204517120985838e+04
1.626070507420104928e+06
3.339551100676346105e+05
4.335356393536596443e+05
2.254804982737423852e+05
1.508884765833144484e+05
6.997856634526759080e+03
3.193960140240252949e+05
3.634303860164311482e+04
1.494976646858707536e+06
7.666217746183836134e+05
2.565597393459716404e+05
4.921269473289829912e+05
4.536013019695292460e+05
2.240065316961935896e+05
5.431670527999184560e+05
4.241674015050329617e+05
1.787823155868148024e+05
3.472927364001509850e+05
4.221701471027418302e+04
1.873071849862722156e+05
4.266996963964329916e+05
5.765931919335947605e+05
2.029958707506336577e+04
5.539437723881436250e+04
2.048048376938081055e+05
1.041948732272442430e+05
9.281698046372722602e+05
3.836723955582091585e+05
9.849505274657480186e+04
1.089850510369312833e+05
1.330365687576879282e+06
1.361747219649569888e+05
5.641223845994828735e+05
1.799270977083181788e+05
2.232460585240240034e+05
4.790342185654155328e+05
1.690171240235533332e+05
4.769542000496359542e+05
1.394519008985233199e+02
1.637775079457088432e+05
2.189810278201377077e+05
1.079355938891854836e+06
4.128120277910151635e+05
7.185197148232498439e+05
1.986679731474948348e+06
4.607317165686593507e+05
4.856947841841864283e+04
6.037399103859447641e+05
1.372016934656302910e+05
1.263264371454844717e+06
2.944149362314406317e+05
3.346498710887103225e+05
3.380660126444160705e+05
7.596362298342696158e+05
2.819294349959747051e+05
6.982479396083177999e+05
1.172775979233978316e+06
3.505984487485409481e+05
1.936385227138673945e+05
1.504501435432305443e+05
1.651982794097370643e+05
1.619471273011727899e+05
1.373211826149779663e+05
1.849513419732140028e+05
4.613859905771345802e+04
2.090854488764607522e+05
6.562315477995225228e+05
9.487510457865206990e+04
3.850562261182860821e+05
2.619186988144771603e+05
5.288355580727787456e+05
2.436576647441781824e+05
9.704573379382104031e+04
1.907499182346773159e+05
5.435464644202100317e+04
6.936771002362563740e+04
1.207833227745391341e+05
1.146026732513188181e+05
1.462201262895045511e+05
2.193361615931888227e+05
7.215233477275092155e+05
3.926333373072231770e+05
2.222700801954641356e+05
5.110414092405197211e+06
6.010345728974762606e+05
1.543331561051714816e+05
1.448594960100225871e+05
1.016225962761743576e+06
5.324713066945921164e+05
1.583064146580930101e+05
1.826878415845644777e+05
2.209933536032161501e+05
7.055343415839390364e+05
2.940981955873431871e+05
4.052057934538477566e+05
4.574491801102135214e+05
6.623296403196800966e+05
3.639280843939293991e+05
5.387673752926653251e+05
1.834827328299501387e+05
4.074816382252620067e+06
5.041122500922681065e+05
4.168829821451674215e+05
8.630632258251223247e+05
1.072138755172095262e+05
1.313207500317419879e+06
7.525220501414057799e+04
1.381168687321610283e+06
8.574356593743191333e+05
1.133636231137308641e+04
8.089681433313754387e+05
1.520506885493342415e+05
3.788073231359390047e+04
3.847296326334474608e+06
1.359003725161268376e+05
9.763507854920245882e+04
3.585009216884580674e+05
9.734298892797641747e+04
3.807223434407648165e+05
3.979337054246884654e+05
1.092776349773994880e+05
1.942351595870335586e+05
3.766206767288807896e+05
3.543487694691460929e+05
6.767322376427045092e+05
3.186844575849060784e+05
7.982209344420344569e+05
3.641793690204674378e+06
3.089303950297384872e+05
1.156112578031322919e+06
4.119907289813844545e+04
1.891291180166808772e+05
5.416575679652913241e+05
1.005855505586776417e+06
5.869674164648762235e+04
3.549986729193237843e+05
1.656729141563990561e+05
3.051152350768210599e+05
4.660326990249106311e+05
3.408673980719956453e+05
2.159951476387408620e+05
6.024551028645241604e+04
8.512505570466966601e+05
1.911965053483213997e+05
1.112048048607413948e+05
1.992399021466306003e+05
1.046763815696809033e+05
2.909124208219639258e+05
8.106574486666778103e+05
1.779511401512495358e+05
5.642345820149020292e+05
1.077634971116536472e+05
1.538083289107274904e+05
1.957568961119255109e+05
2.072295752389803296e+06
7.300038361715829524e+04
1.685453208643356629e+05
1.745621075870710192e+05
1.070143305295192869e+06
1.794571715115579136e+05
6.261298625171803869e+05
3.469444649510303279e+05
2.514705117675678921e+05
2.130691209403080866e+05
2.842172164965742559e+04
1.221525533712017932e+05
2.996507592601285069e+04
5.799605827672615851e+04
8.504582540924218483e+04
2.228470550356614403e+05
4.024527466908522765e+05
4.039754884358660202e+05
5.603902544707823545e+05
1.640459444469173905e+05
9.542651096576031705e+04
5.725083991139639402e+05
1.242312464647623012e+06
1.499532421300013317e+06
3.228455332751480164e+05
7.816424114136134449e+04
7.220529126055762754e+04
2.057546505274941592e+04
1.111988832457910903e+05
3.553995918629838270e+05
1.950369424696664792e+05
1.892081416552879382e+06
4.019063014791547903e+05
2.483528802527257940e+05
7.377941587486467324e+05
1.327832006766324921e+05
4.287504184133543749e+05
2.592443930614349374e+05
3.613655109968932811e+05
2.895545005051283631e+06
4.269833526378105744e+05
3.375688882514418219e+05
2.919258533897782327e+05
3.943639352337011951e+05
7.054425535080012924e+04
2.206475577701481525e+05
1.130853645934736560e+05
3.178903239109524875e+05
9.770395615556072153e+04
7.809078585145433317e+04
4.750983456915799179e+05
2.231757785116841085e+06
1.747295465572337562e+05
2.809363857782946434e+05
4.766419548887596466e+05
8.154748251363281452e+04
5.348978483415959636e+05
4.662389534933940158e+05
5.067384504951091367e+05
1.909076732845180668e+05
3.146521901914589107e+05
2.553653977900421887e+05
4.137481381239036564e+05
1.936633005319822114e+05
2.019548954377690388e+05
8.425857646482120617e+04
8.665235011361596116e+04
3.411293890667457017e+05
9.434169729453725449e+04
9.802001918914388807e+04
2.284396197186890349e+05
3.147592152981045656e+05
4.730386262821018317e+04
8.091099303752579726e+04
1.448550111452355850e+04
1.677221531438194506e+05
7.888619057883583009e+05
1.635407766514200775e+05
3.269715292802769691e+05
6.563233731345870765e+05
5.588447033261699835e+05
1.339744634225216869e+05
1.817320178811276564e+05
2.923062295228232979e+05
2.091453499240649980e+05
1.410166631225305027e+05
1.908172894314889563e+05
1.520977952630987857e+06
1.436223839860353386e+06
1.628676935239012528e+05
5.410334210797775537e+06
7.671034954339769902e+05
6.365167399793486111e+05
7.918325133716205892e+04
4.173151788554962259e+05
4.900658191601663566e+04
1.360238707462737511e+05
1.932793464662387487e+04
3.870491540533838561e+05
1.403913793963708740e+05
4.212352360889934789e+04
1.025575793769013253e+05
1.870236222688865746e+04
5.003296227660228033e+05
1.506171017058158759e+06
2.920915705907639349e+05
9.314062783963873517e+04
7.427528275128043024e+05
1.545902513335932745e+05
1.243743338926430733e+05
2.090712141026310623e+06
1.011205270084594085e+05
2.290004723836897174e+05
3.973033558676659595e+05
1.086986835416596849e+06
4.420095683913070825e+05
7.370650739263630239e+05
1.387172034972428228e+05
4.014641175706132781e+05
1.452215621858920902e+06
8.953561052188504254e+04
3.413499616832784377e+05
9.712256238630791195e+05
2.284151826122139755e+05
2.300287490510637290e+05
8.581793769969190471e+05
1.452845717026537750e+06
2.151455609202592750e+05
7.884460340567734092e+05
1.503479025784191981e+04
9.043313143250907888e+04
7.944028761933933711e+05
2.256383487477359595e+05
1.302079723400191404e+06
1.225798267195418157e+05
3.292823127016941726e+04
2.436472898156154843e+05
4.368957295378146810e+05
1.490948405669395470e+04
4.281923315718643134e+05
3.195741511851057294e+05
5.526133500677187694e+05
5.948316400365516311e+05
2.788676326108623762e+05
2.938859753336807480e+05
7.510252076188686769e+05
4.958426863529850962e+05
3.162394859197840196e+04
3.064050968963709311e+05
1.487547430496305926e+06
4.889582888844955596e+05
3.300025099148530280e+05
4.647768876607487909e+05
1.243743163510286286e+04
3.996020807170899352e+05
3.278036667057909654e+05
1.334152031301118841e+05
3.294868557971949922e+05
1.341771985710731533e+05
1.316570968982792983e+05
3.616606121491256636e+05
1.726161175464106782e+05
4.274905270790903014e+05
1.589203774654215667e+06
5.481017027300749905e+05
7.375670883127939887e+05
1.345484330735716270e+06
3.841230342441631947e+05
1.215439371646756073e+06
2.345907837037897552e+05
5.282147834960607579e+05
8.159090363596676616e+05
2.170683831490396187e+04
5.336160017471894389e+05
5.484722827253813157e+05
7.935543504736635368e+05
7.178906374200325226e+05
3.285635672269058996e+05
1.178752115856325720e+06
2.995732754531186656e+05
4.477757669079772313e+05
1.764965474558210117e+05
1.463554190728176036e+05
4.974851188315488398e+06
8.519266812377972528e+05
2.242375583255697275e+05
7.932566339638618520e+05
1.095782753719890025e+05
2.782945412741011387e+04
8.270997032309909118e+05
1.473550672040976060e+05
4.734777080095022684e+05
3.091850955598753644e+05
3.296237572868390125e+05
9.414193283964332659e+04
1.739562860442139499e+05
1.438067909626594046e+06
3.328630834738060366e+05
5.194864773363178247e+05
1.210211857998524792e+06
6.693242786636652891e+05
1.247863312295263022e+05
