1.725275921174656833e+06
1.559932477733089472e+05
5.853369964109697612e+05
1.034973083688883344e+06
3.808289485402865103e+05
5.109824752017977298e+05
3.211546447107446729e+05
5.337984071671351558e+05
2.656357851202216698e+05
3.581175855517523014e+05
1.080338974683698179e+05
2.748334485339138191e+05
4.997452572041778476e+05
1.147671657140822615e+06
4.917728338553774520e+05
1.034135524331753608e+06
5.124280155842236709e+05
2.039559798618722998e+05
2.524613933625540085e+04
2.025212201294436818e+06
8.856049705183981860e+04
7.312219566763971234e+05
2.734927771936121644e+04
7.181026300200198311e+05
5.502224092118645785e+05
1.128623681976245251e+06
1.960879608888550429e+05
1.228409863904090598e+06
2.919711022044859128e+05
4.068697497721376130e+05
1.172607334983986366e+05
5.958607610845405143e+05
5.945875712568133604e+05
1.713354663189029961e+05
1.137161654798114760e+05
2.390671696273837297e+05
1.310893091019444168e+06
2.142653997787140179e+04
1.651557079799812345e+05
3.783999056910133804e+05
1.787714802688399504e+05
1.050337297388913576e+05
1.832433060599593446e+05
8.047044631288529490e+04
3.020076362625879701e+05
1.976304304991249519e+05
9.684418026653918205e+05
1.771833762095761194e+05
3.411171607696859166e+06
4.606738342707383563e+05
2.048045976119838422e+06
4.202843965771458461e+05
2.353662564808902971e+05
3.534754767944772611e+05
1.270050546800275333e+05
2.828053152556631248e+05
1.360375150979802478e+06
8.063459746955457376e+05
1.027115039241501363e+06
2.852011209381924709e+05
3.750128309050980955e+06
2.985190083477783483e+05
5.713888067181553924e+05
2.693272278170060366e+06
5.538677335296700476e+05
3.790073512171678885e+04
1.041224478740679217e+06
3.739871998472759966e+06
2.965641208811563556e+05
1.479623208463130286e+05
1.624050647686395096e+06
4.012246598485902068e+05
1.069128512288969941e+05
1.923495043029946974e+05
1.533879065307816782e+05
5.054720140830784221e+05
1.395673503746369097e+05
1.013365738393090782e+06
4.289793813552646316e+05
4.019859469470240874e+05
4.902656399232843251e+04
9.419050575898147654e+05
3.397153599055210361e+05
7.415902503726374125e+05
1.341657463440432039e+05
1.462104707552387845e+06
4.934953261131901527e+05
2.679753013665185426e+05
2.362101982712536410e+05
1.642351169851235754e+05
3.919927744683421042e+04
1.132626096928418847e+06
2.695155138292459305e+05
1.225210106591538788e+05
1.944079388313471572e+06
1.021245147940100142e+05
5.269793018851585221e+05
2.891778634011871764e+05
2.076798230579076335e+06
7.635474780047607783e+04
2.415166021991064481e+05
2.666684427182190120e+05
1.091630121829897864e+06
1.107225157354965108e+06
2.401563543056302879e+05
1.903157606231145037e+05
1.133207014451167051e+05
2.207730615761181398e+05
8.638512955116056837e+05
8.623528591432006797e+05
5.645116585040158825e+05
1.776998004341949942e+06
2.343029403797327832e+05
3.254799262178767007e+06
1.558019202102957293e+06
5.240953549191223283e+04
2.638454426309905248e+05
4.275685347335186671e+05
5.403142783550255990e+04
4.415050992211414268e+05
3.065445594194534351e+05
3.727863539740365377e+04
3.779067533301092684e+06
3.507259761171055725e+05
9.140126434316223022e+05
1.152879151049384673e+05
2.794760086508201784e+05
1.622793303910472314e+05
1.503443609947753430e+05
1.696132381761783909e+05
1.403539195354015799e+06
1.230740812665866397e+05
7.409983091033450328e+05
3.582717843030334916e+05
8.425233834848267725e+05
2.189284006708231464e+05
9.306083056341266492e+05
2.727434265863843262e+06
4.471231429803700303e+05
1.654641566300677950e+05
3.775900571481748484e+05
2.208417043811845069e+05
1.353884099598274333e+05
5.948687840626638383e+06
9.600417504711430520e+05
1.112809949206458172e+06
5.916157563537755777e+04
8.412447921484686667e+05
2.459131979701125238e+05
6.911394650252755964e+05
1.278108024986096658e+06
4.491492726538801217e+05
3.240600673958741827e+05
6.437777396302936540e+04
1.091673271026286420e+04
1.508805271734846756e+06
3.159260166500167106e+05
8.303282015244125796e+04
2.276431888010954717e+05
9.570328858465090889e+03
2.044246587433089968e+06
3.915978156824992620e+05
7.392800227966585953e+04
2.866844719715224928e+05
3.045238688839797396e+05
1.735328517639630300e+05
9.467089774732496589e+05
6.330347001165591646e+05
3.299948656755969278e+05
3.580775485989830486e+04
7.414468126775462588e+04
3.161279844484466594e+06
5.617863601467985427e+05
1.080449194719449617e+06
4.152790883614583290e+05
1.653535164732910343e+05
8.554211846430007427e+03
3.284955736531016883e+05
8.641193120155030629e+05
2.633927321150477510e+05
7.706986611326980637e+05
1.635059286849912314e+05
8.712138910789042711e+04
6.397939593019208405e+04
6.169457101412519114e+04
7.434412564122157637e+05
1.371524928603085864e+05
9.049936508782995588e+03
3.486465933124715928e+06
3.278018901467485703e+05
1.398793886090094456e+05
5.946289042899011401e+05
3.875482265187930316e+05
3.671243471919141593e+05
2.287219419703318563e+05
3.114758775520737981e+05
8.312053040803162730e+04
5.936687853509570414e+04
1.528691036952789873e+05
1.164499236850763991e+05
2.873176331918305004e+04
2.581839277737822267e+05
3.779662836164332461e+06
2.042901817164220847e+04
2.330350948185094749e+05
1.946517087424995552e+05
1.630261434565088421e+05
5.765935676249704324e+06
6.991138891888678772e+05
1.426540443583227752e+05
1.406677062066069047e+05
4.949882462739878101e+05
1.209201689372530964e+05
5.605011543241632171e+05
1.752572531942288333e+05
2.345868389121322980e+04
5.406111689132805914e+05
4.188814771345087793e+05
2.453773249060785747e+05
1.047855104719464871e+05
3.192716128379813381e+04
8.301690434920280240e+05
9.821927635980884079e+05
8.757698747401287255e+04
1.766405745569702995e+05
1.471317759671629465e+05
2.229573603100906592e+06
1.120159073658552225e+05
1.361990518701311084e+05
1.341297396517797606e+05
2.056079113961740222e+05
2.022542832266398182e+05
2.864146549656626885e+05
1.077987710170353384e+05
3.625286496809290256e+05
1.483941023855851381e+05
2.461799045821948966e+05
4.867543776926863939e+05
1.316457799389789870e+05
1.322511663451639004e+06
1.458206508503457066e+06
5.480192985970644513e+05
1.065417108404113969e+05
2.607930567812259833e+05
4.562731706797620282e+05
4.060895186333850725e+05
3.637786029656633036e+05
6.721308640319557162e+05
3.568019849284798838e+05
5.755936791876611533e+05
4.764341402850379382e+04
2.044340198547046864e+06
1.966056775276764238e+05
1.616269532997152710e+05
1.229692386998481670e+05
3.596366086479858495e+05
2.310582605558295036e+05
6.902418298009005375e+05
3.053558816338045872e+05
6.765008081895259675e+05
2.067122059683258994e+05
3.455709082071573939e+05
1.734474653866929875e+05
4.441753710545220529e+05
5.352330433178512612e+05
4.410704479546136281e+04
5.787356565340618836e+05
5.034836592095216474e+04
4.286543215987003641e+05
1.383566280742185772e+05
9.685609056329379091e+05
5.498242136374196270e+05
8.472933469004553044e+05
1.418996742934218782e+05
1.420702646119001438e+05
2.189234223039060365e+06
2.347719440521903161e+05
9.664151798869668273e+05
9.075662910951337835e+04
7.251828571180434665e+05
2.190093840155164362e+05
1.203176204310718225e+06
1.863717862120504957e+06
2.269166549453839834e+05
3.200013440127282520e+05
4.098957835580084939e+05
1.085271192824514117e+06
3.903878066046502790e+05
6.484258829502093606e+06
9.299160355650146957e+05
1.799905787531854294e+05
2.260105391724577639e+05
2.859655097845629207e+05
2.839179851199951372e+05
3.374607218607331160e+05
2.148494428433491848e+06
3.875258078832854517e+04
1.873213156085753290e+05
6.254190475207271811e+04
2.794137570524925832e+05
5.905420492164992029e+05
4.415270355036703404e+05
6.071061184993106872e+05
3.057271413555265171e+05
1.258774585048076697e+06
1.728952279369317694e+05
1.088332569587780628e+06
6.045631362601459259e+05
7.744542096612665046e+04
2.638805771001940011e+05
2.528141737204164383e+05
2.271617088218385354e+06
1.500234571645156946e+06
5.138269712356519449e+04
3.682329317501573823e+05
2.307381832481566817e+06
1.822669094169151213e+05
2.863251852180223214e+05
3.327689671663872432e+05
5.890953344791128620e+04
2.479800925702411623e+05
2.760046659854054451e+05
2.649955400519985706e+05
7.903522692626192293e+04
1.387514299895347096e+06
1.003891324501133640e+05
9.896978794032543374e+04
7.019621048698354280e+05
7.773138639185986540e+04
8.249840696256634546e+05
2.314202328505508776e+05
3.151139381816653768e+05
1.149588343465436483e+06
9.386525641303369775e+05
5.072809226951934397e+04
1.548862406806527579e+05
7.671299107090003963e+04
1.796059969940524024e+05
2.930630115769998520e+05
6.852836229248291347e+05
7.055755395702602109e+05
2.110483068636727985e+05
1.418321095404753927e+06
2.154797620490968693e+05
2.134359213561944489e+05
1.753367422539680265e+05
1.471778198732804041e+06
1.401085296615427360e+06
7.512030772651686566e+05
2.857412783946430311e+06
1.269538125934509590e+05
2.790325146284683724e+05
8.040925770746573107e+05
3.299346484188643284e+06
3.311142105919695314e+04
2.991443398657556390e+05
8.517316055420006160e+04
1.141358804110063647e+05
2.567472492149586615e+05
1.212127550899926573e+06
4.592258761124315206e+05
9.536364837638548343e+05
2.093887917074659839e+06
1.364008612678216014e+05
2.153073726286781312e+05
1.838003473676856083e+05
1.560226559713073366e+05
4.454060789433952887e+05
7.283533517945347121e+05
2.307441749531314417e+05
1.928707584482103412e+05
2.302647372182862891e+05
1.492873046289886814e+06
7.036056194089212222e+05
3.268810039498244078e+04
8.332099762012881692e+05
5.141162110303416848e+05
2.084259519488021033e+05
7.298832607169217663e+05
6.740613842924601631e+05
2.009541281831450178e+05
5.069229940628924523e+05
2.200889901983564487e+05
1.139151937587686116e+06
3.981116099277425674e+05
1.791652627369387774e+06
1.328860688252639258e+06
3.870515700832610019e+05
3.333973526130461687e+04
1.311206029214327573e+05
1.836955057053900789e+06
2.196918408248794731e+06
5.338235900843030540e+05
6.462052107872133638e+04
1.234341131604020018e+06
1.355534015016325284e+05
3.385598626711013640e+04
3.244770422299553175e+05
1.688204642626978166e+05
1.478270762217059382e+05
2.583769904511661298e+04
6.113627145038403251e+04
2.549744326002937451e+05
5.868754124036004941e+04
1.327358565463356208e+05
1.299135523985899985e+06
1.607814910707788367e+05
1.640117464850276301e+05
2.550885193949458189e+05
3.668757009227658855e+05
1.709403256869291654e+06
6.682484436767064035e+05
6.557681324454233982e+04
1.179604324810648803e+06
6.546811733820978552e+05
2.411273467082320421e+05
2.664327778239478357e+05
5.241667746369988890e+05
2.990994816912951064e+05
4.077192800449465285e+05
1.315763957199005177e+06
2.676756571149327792e+05
5.484756679740423569e+05
2.687634326546964585e+05
3.905534665895597427e+05
6.038346586793307506e+04
3.724906003411955317e+05
1.470261095948862203e+05
1.221219500658997713e+05
2.864525256061591790e+05
1.040493540680394624e+06
2.436129806695543230e+05
3.396016794516961090e+05
1.362526835109827225e+05
1.041880678640436090e+05
5.877006859502359293e+05
6.040208037054983433e+05
4.030810862101382372e+04
1.819843931442613539e+05
1.499118338683815382e+05
1.560172713707482442e+06
3.819508761400025105e+05
1.185389336168507813e+06
2.213318684609482065e+06
6.674392320230447513e+04
2.516919921779752243e+06
5.392850321802920371e+04
2.462706006095835983e+04
1.916725466219656810e+05
1.414612693161029601e+05
1.844661752611539559e+05
7.233078095354920952e+05
6.997134148384130094e+05
3.916462158305806224e+04
9.390688740465708543e+05
8.923071555922310799e+05
1.884123390957587617e+04
3.151357264881449519e+05
1.551398152962652268e+06
6.277155840834423434e+05
3.639207161171867047e+05
4.766119303747290542e+04
4.900055162877060502e+04
7.449331614171816909e+04
7.711151681425407296e+05
5.361339949136992072e+04
3.271203549517217325e+05
6.518583430498579983e+05
1.665617682413276925e+05
3.485040859312223038e+05
1.994576724365185946e+05
4.203217118140723323e+04
2.093173892970145389e+05
2.838041015647548484e+05
9.155830121909738518e+05
1.246159239585235191e+05
2.884004550348074408e+05
1.307800430217341200e+05
1.753720347111507086e+06
9.413468922005062923e+05
2.689734425456327881e+04
2.095050063532414206e+05
7.340022433132939041e+05
7.187943952157481108e+05
1.099034757629491854e+06
1.591389033327908546e+05
1.808113548722245905e+05
9.500693614602473099e+05
1.536789981738841161e+05
1.463352542202348122e+05
2.058719445737310452e+05
3.764809823369184596e+04
1.101080256974754302e+05
4.090207624796492164e+05
2.828528561179089011e+05
4.297901301001132815e+05
1.147302134280269529e+05
1.576590669377877144e+06
9.314271888750651851e+05
1.291235930823238101e+06
4.346161766402061330e+05
5.251208939510817872e+05
1.548905371317789424e+06
2.302659247234396636e+06
3.724971474040294997e+05
2.556533632361496857e+05
1.979387961610947968e+05
8.103632294729215791e+05
1.377780159143179771e+05
3.588413756083787885e+05
5.926004008031809935e+05
4.172257422902930994e+05
8.198382567209781846e+05
1.058783613081108546e+06
6.245112779751316644e+06
7.452118997035569046e+05
1.408342678783044685e+05
1.196444379826802178e+05
1.086044777697246755e+06
9.671176031726639485e+04
9.928212714060570579e+05
9.779200828603460686e+05
1.431842854087730870e+06
3.541013330999900936e+05
4.312256108985110768e+05
3.080637387153918389e+05
2.602671165159564698e+05
8.198661128423964838e+05
2.820888283265425125e+05
7.227445125000391272e+04
3.382527767443323391e+05
7.336397014587128069e+04
6.029028356884821551e+05
1.335377300192981202e+05
7.114756471973280422e+05
2.975838481558766216e+05
5.564287006942502921e+05
3.193523421235710848e+05
9.802833224302765448e+05
2.265979380582361482e+05
2.914803875955888652e+05
5.082807413823364768e+05
3.742812594224605709e+05
4.648482210129564046e+05
4.474490210604491294e+05
4.256556689610931790e+05
1.593316124515628908e+05
1.505105860675538133e+05
5.896394957242681412e+05
4.260110542731708119e+04
4.201571867648884072e+05
3.000485096566157881e+05
3.113805240655377274e+05
2.855422049375387724e+05
2.262318109311665467e+05
3.000331391853251844e+05
1.068445476654197992e+05
1.072681147736585081e+04
4.983840742839973536e+05
1.426768890343884996e+05
2.879838613025526865e+05
2.062196761450055783e+04
4.575448761510459590e+05
2.097200587249167729e+05
1.613881843395464530e+05
4.570334237367714377e+04
1.750467574361737352e+05
2.323947969939966861e+05
4.755064651067248778e+05
1.290119120492107701e+06
1.434558984543789702e+05
4.458423066998564755e+05
2.874944456552973483e+06
2.140055725178230787e+05
4.731142947426134488e+05
9.451499245405974798e+05
8.588307417391850322e+04
1.797603801754177548e+05
6.688560340510649839e+05
5.004633603790072957e+05
3.278121863771980861e+05
4.302633284785869764e+05
1.938441371515547507e+05
1.593215147423351649e+06
7.757559549276382895e+05
1.038227586521308171e+06
9.299690883787375642e+05
2.671840528373448760e+05
2.514756370218607772e+05
1.324813750548110111e+05
5.378240629364261986e+04
5.507375592579703080e+05
1.549317342161904380e+05
4.429936163456322392e+05
4.147722473849351518e+05
2.408502801752625383e+05
2.383773857325543649e+05
1.031612613131581224e+06
3.584809944346655393e+05
1.107368180003844667e+06
2.197957564185134834e+04
5.850586530893743038e+05
4.143377741052453057e+05
4.089566867627653410e+05
9.403902895475808764e+05
2.590655250049468887e+05
1.459163632185982773e+06
7.949242910492750525e+04
6.822590913717090152e+05
5.474527051283112960e+05
3.507877116750441201e+04
7.844450462132026441e+05
2.441343305867369345e+05
4.542401016565639293e+05
7.623011282761811744e+05
9.806658624499946600e+05
8.904854319363160757e+05
5.836033189124721102e+06
1.643766185540816514e+04
1.333695523796869093e+05
1.966386476657889434e+05
3.963686108964949381e+05
3.431142079714811989e+05
2.684304844813630916e+05
2.229303676436268725e+05
2.451830566529532662e+05
3.326619640072321054e+05
1.223974364997311059e+05
5.590539327086507110e+05
3.187276439933793154e+05
1.002852176954254974e+05
2.584844118958919425e+05
4.703880250535701634e+05
1.833279175729949930e+04
4.881482759465419804e+04
1.972289185866495536e+05
8.738684520386443182e+03
2.448410967250521295e+06
5.346585993243126431e+05
5.750446450675515371e+04
5.322225045703958021e+05
4.236477826132893679e+05
9.100594218608451774e+05
9.651587248806526186e+05
9.568015015101607423e+05
2.659963340458575985e+05
3.215667513442066265e+05
2.252494307218019094e+05
1.084776629667804111e+06
2.643011447301770677e+05
4.012833601740421727e+04
1.622919822953323310e+05
5.004067358257976593e+04
2.175581607821626822e+05
6.919770422892441275e+05
3.027892744014132186e+05
3.986017194530695560e+05
8.311405960317943245e+05
1.908001765508793324e+04
5.716131745900767419e+04
4.910916656908967998e+05
5.048394764350737205e+03
8.229705411946660024e+04
1.713946571541239275e+06
1.679012978566100355e+06
1.001070488796939026e+06
6.010651791038908996e+05
7.847273455612729304e+05
6.966186416451747064e+05
7.496708060719938949e+05
6.257664443576567573e+05
2.524932831046498031e+05
5.725288679303323152e+05
2.733549568065163912e+05
3.013119191112566623e+05
1.551741426178621768e+05
2.225575099218481220e+06
3.037896085641732207e+05
5.749208901798045263e+05
1.136467408904755488e+06
1.783924379602469038e+06
1.971140343087859685e+06
1.082910512984289562e+04
4.318299236727816169e+05
3.541658694385582930e+05
2.576368561293262464e+05
2.271377582205250801e+05
2.447501863672718900e+04
1.622743592839665478e+06
2.315064877735990740e+05
1.904903072278910549e+05
1.047051333428869402e+05
7.149373121381286765e+05
1.993354945831550867e+05
2.209326169230119849e+05
1.302836740153903840e+06
5.421672980554486276e+04
4.254755050378532615e+05
4.132843620688093943e+05
1.552677724921036512e+06
3.045897032161948737e+05
1.097370845289788267e+05
3.442128156685734284e+05
1.061499566207315074e+05
1.163241802109871525e+06
8.146207356856333790e+05
1.140080269879129250e+06
1.923771493458957644e+06
5.312710121352011629e+04
7.378104876685116906e+05
9.760101805274760118e+05
5.151327205892041820e+04
4.503029881048701936e+05
3.313901203283811337e+05
9.128318141000351170e+04
1.688002848021777172e+05
3.624900055622312357e+05
7.401670111958766356e+05
2.226749999510703492e+05
3.985314951240828959e+05
9.582350156442852458e+05
6.907420951173857320e+05
8.496134549425388686e+05
2.404931796778960270e+05
5.605751084370439639e+05
2.913600014063451672e+05
1.270061407466911012e+06
6.993638394397032971e+04
3.649622477616069373e+05
4.917007715560799697e+05
3.987705491045771632e+05
6.930625430557512445e+05
2.410129820467721205e+06
3.733948275867143093e+04
7.238735304327479098e+05
1.115754986886854516e+06
2.840647596625383594e+05
5.444906144202908035e+04
2.515940536767175072e+05
3.596770056930384599e+06
5.507046111215894343e+05
9.700252474551682826e+05
1.234421088412305573e+06
2.977735372078911169e+05
5.561356485300684581e+05
5.633582096816836565e+04
2.398582109870880668e+05
3.311842628319358337e+05
6.578449542700339807e+05
8.595250237461550860e+05
6.763240327517393744e+05
1.358138921352882171e+05
8.937891011257091304e+04
9.104395112319692271e+04
3.001934650627758820e+06
1.547843797730489750e+05
5.643979628360487986e+05
7.507722010550241976e+04
1.574879710816056468e+05
1.559446290876839485e+05
2.444525082469076151e+05
5.242849457495751558e+05
1.513259504472821718e+06
6.899438349446675275e+05
1.185332385899279499e+06
5.085741955640485976e+05
8.332749770804579020e+04
5.294176699040534440e+05
1.216495013298643025e+05
1.189992883661339758e+06
1.479671248079759302e+06
3.807086729502088856e+05
1.256005339200288436e+05
2.410599755688864389e+05
2.995828200257247663e+05
1.013774980433377787e+06
5.840090124429264106e+05
3.088662448949976824e+06
9.367905630414493498e+04
7.732532945015969744e+04
1.045308203358631581e+06
2.827503559744732338e+05
1.168448581096207199e+05
3.751429546553530381e+05
2.177573887807863066e+05
2.432688883937268838e+04
1.201178553935806965e+06
7.370466204708736623e+05
5.217301234078657581e+04
1.090409680510485632e+05
4.091178720408259542e+05
1.474048005411346210e+06
2.730135206515638274e+05
1.628514969368287711e+05
4.249003833916005678e+05
2.989106504041106440e+06
6.238098639931805665e+05
2.387008675631725695e+06
4.762167433535517193e+05
6.732437025423072046e+05
7.446426321443892084e+04
1.515445199438775489e+04
2.137333608576568950e+05
1.683874756370008108e+05
7.658141277378266677e+05
4.934759440504616941e+05
3.970609721895455732e+04
2.055101420543933054e+05
1.045689165603382397e+06
6.285067007830955117e+04
3.979267637218273012e+05
2.926484056617780589e+05
3.417057839307201211e+05
4.241436710830379161e+05
3.402465162406737800e+05
1.801751469630972497e+04
1.064102832324055722e+06
6.070054756433604052e+04
2.293727963378589484e+05
1.154109040089182323e+06
2.280655812257192738e+05
1.559943008135886630e+05
1.277219727727254853e+06
3.373683611535123873e+03
1.086111749549963861e+05
7.400225720752922352e+05
2.642800292578896042e+05
1.006399656724854431e+05
4.831042214815758052e+05
1.237123922893098788e+06
1.641365292748911015e+05
1.259370368061040528e+06
7.143341942750769667e+05
1.088845163050533156e+05
5.250286562026472529e+05
7.323440379216038855e+05
3.775530590693044942e+05
4.048521232591052540e+05
1.976258182786125981e+05
4.110706748433855246e+05
3.291114624856220908e+05
1.145909171847013058e+06
4.410383532801589899e+04
2.704598955451590009e+05
8.795174759287356574e+04
5.002113948909310275e+05
1.374209832726314489e+05
8.080133032476296648e+05
5.962744048118994106e+05
5.977285648732363916e+04
9.840532275360974018e+05
7.705517617378917057e+05
4.284522341921779444e+05
4.308124437279846752e+05
5.910278011689708801e+05
2.155791855716078077e+06
2.325717834909223020e+05
1.039112074649585702e+05
2.404633379058675928e+04
1.677518648232468637e+06
1.360943423800069140e+05
8.349871043625338643e+04
4.301460812067149673e+05
2.135861226204275445e+05
4.396216782262539491e+05
8.747136506608669879e+04
2.307770993545369129e+04
5.442946997153081466e+05
7.430492365792631172e+05
9.284185870908363722e+04
1.429010352412611013e+06
1.304858868688604271e+05
1.370188239746080362e+05
8.364650064865181921e+05
5.823730070166949881e+05
6.146746122104008100e+04
2.338140240880322235e+05
2.539031388031886599e+05
1.994989088769291993e+06
2.166219293535977704e+04
5.355733764423866523e+04
5.030766940025639487e+05
1.160006118591600098e+05
5.312109702583813487e+04
9.112281447696321411e+05
8.228265358557946747e+05
3.805536414259369485e+04
7.614435275408360758e+04
1.217505857461634441e+05
1.164170307820388844e+05
4.289562889096817817e+05
7.360004923911461083e+04
1.005296412203697691e+05
2.456570496347162116e+05
4.394939633062133216e+05
1.241765818005916808e+05
1.234652235772470158e+05
1.059441122893294669e+05
5.221019914245442487e+05
1.403304121784324234e+05
7.863252209447653149e+04
2.485186855735116987e+05
5.931687532151058549e+05
2.486274807265751588e+05
8.150686693729089166e+04
1.680792978549421532e+05
1.153205305572823854e+05
3.448843842255027266e+05
7.744192898540294264e+05
9.202434393275892944e+04
4.281587640503820148e+05
1.895661307047773516e+04
1.045232304331445484e+05
3.740122306765125832e+05
1.722020907522136346e+06
4.642901258686857764e+05
1.750972373174221721e+05
7.870372071029942017e+05
1.022893858763266035e+05
6.059606492593202711e+04
3.749560348366058897e+05
9.172701110646445304e+05
5.088492333061507903e+06
9.754612051552091725e+04
3.475477682968766312e+05
7.681283935362728080e+05
7.996185570991926361e+05
2.703032182409195229e+05
2.798476643774581316e+04
2.059499080688588147e+05
9.487659343901173270e+04
1.776450433485150570e+05
5.321884369848163333e+05
4.673491852132083732e+05
5.152801975605181069e+05
8.190209975803387351e+05
1.258105054958803521e+05
4.774085312404706492e+05
2.122902755023361824e+05
9.944610590638227586e+04
5.794765147154311417e+05
7.241059424418230774e+05
8.906009305453806883e+05
4.672922919274814776e+05
1.705753481720122800e+05
5.479082542422335246e+04
5.851695645763331559e+05
7.465872871898420271e+04
1.349473233855777653e+06
2.480474054407110438e+06
7.296088890387295396e+04
5.628596612233100459e+05
9.131172331195465813e+04
1.046477541765669594e+06
2.005753807933012140e+05
1.754926466421665100e+05
1.392992719328024890e+06
2.600459676799533190e+05
1.663280986735186016e+05
6.019040144866424380e+05
1.423877903232788958e+05
3.121895262990813353e+05
4.223136145469153998e+05
1.897848598803661531e+06
1.705148406975406222e+06
1.078636387418077327e+06
4.733676632727423566e+05
1.963472104328956048e+05
1.353511727410263848e+05
1.257909843546563992e+06
2.514267189447923447e+05
1.019022682453987218e+05
5.491547648581935209e+04
3.461183250961675774e+06
1.216730474029252306e+06
6.516308751133851474e+05
1.606677689400262432e+06
6.293501035392097401e+04
4.044588155131338863e+05
2.275444397788939023e+04
6.974133590966243064e+05
2.879678402393500437e+05
2.098094382291923685e+05
9.096833593819326779e+04
3.208622325060529984e+05
5.971512477085697174e+04
7.907788667705084663e+05
5.963419285209105874e+04
5.390127251998985885e+05
6.073359780807899078e+05
1.315371718058268598e+05
9.079714937492980971e+04
3.928266478227847256e+05
3.797711408492358751e+05
7.272033407952244161e+05
8.907598233225285076e+05
1.993211802398974251e+05
1.557428082734344760e+06
1.770624871970863023e+05
3.120723055348897560e+03
4.357828326294528088e+05
1.188293694596596033e+05
5.866389404757459415e+05
3.035042324247424403e+03
1.312003190059889108e+06
3.049324903909933637e+05
1.164783818733989319e+05
1.411407259526583948e+05
4.679969452693722269e+04
2.852822316491446109e+05
1.140227586728520837e+05
6.311254430504261982e+05
2.058642759276710567e+05
9.714192598789959447e+05
3.353608935702589224e+05
3.593767286759262788e+05
1.206011146402356098e+05
7.119930306151005425e+03
2.102234459432130679e+05
1.779910364693393640e+05
6.313153211131365970e+04
5.884283453610747820e+05
7.971957253939262591e+05
1.845380614574374922e+05
4.788749426550678909e+05
1.218970053092501825e+06
1.228102749789998416e+04
4.291284356168371160e+05
1.604133466280701396e+05
1.182278508377607795e+05
6.600075796976767015e+05
6.323944359490989009e+05
6.404105228676288389e+05
1.151073525701752988e+04
4.717958853492338676e+05
4.050686142462869175e+05
6.362041453513156157e+05
3.280118096949535538e+05
2.533777323616980866e+05
8.020718351565989724e+04
4.454767707454226911e+05
1.027631511059462093e+06
7.717969594521442195e+04
2.637468611340164789e+05
6.358144293111790466e+04
4.356343335131228087e+05
4.904089781845827820e+05
6.920795351080775727e+05
4.082452536745034013e+04
1.607065914037617331e+05
5.041497793401353993e+05
2.665830800138555351e+05
7.326171761023052968e+05
1.218430862575144740e+06
2.617435859918456699e+05
2.641832988123944961e+05
9.357079895052139182e+04
1.435587358076354489e+06
2.949796899683861993e+05
3.910489632998362649e+05
3.891469450549146277e+05
1.377454290827403602e+05
1.242543882267840672e+04
1.094874870359633496e+05
6.972326402172392409e+04
1.311423297961833305e+05
2.092606561296482323e+04
2.188595150207944680e+06
1.080537217723676935e+06
1.539104882420741196e+05
2.163686236513897602e+05
8.961723350335779833e+05
4.312923021254977211e+05
7.410988653054225142e+04
7.208411798927611671e+05
8.517599749997436302e+05
5.703542628670182312e+05
6.085409688914027065e+05
3.586713159239806700e+05
9.425603091300395317e+05
8.484443573650662438e+04
3.563477860630102223e+05
2.117718571269683889e+05
8.993636846523601562e+05
1.117010745394997648e+05
1.089420205426256689e+04
5.442627674450945779e+04
1.149877711611525156e+05
2.136124277584358351e+05
1.048077199440735421e+05
9.592147718582068337e+05
1.062847803072201350e+05
1.130974370537636423e+05
7.982481721685763914e+05
4.463606674449843704e+05
5.504860349173315626e+04
8.307103735567936383e+04
2.151576432138051838e+06
8.503880319414507831e+05
1.065656270634224056e+05
4.110545732508134097e+05
4.729153527003498311e+04
7.377121820342954015e+05
1.954645242845668108e+05
3.359348825802791980e+05
1.056970892074606847e+06
7.427850213532201014e+05
1.118224213848886138e+05
1.563809305676803226e+06
6.833396893196383025e+05
2.762119016790980822e+04
1.829654409145227983e+05
5.681466658934210136e+04
3.168486207367296447e+04
6.093102515300030791e+04
6.351532343296926701e+05
5.392283696468729613e+04
1.114873775916030572e+05
5.204954693582908367e+05
1.315931424744554330e+06
8.629292469530347735e+05
9.193356321416224819e+05
1.479687757371308981e+06
1.088077279861592688e+06
1.104691233769862680e+06
4.400585136786723742e+05
5.271971694657548796e+05
5.756674191003447399e+06
7.447092120270621963e+05
2.531456290106214292e+05
1.464997587149923202e+05
4.234464431710790377e+05
2.298663595730018642e+04
3.999858569928115467e+05
2.171910767481988878e+05
5.194828815172036411e+04
2.518421175198458077e+05
5.361979608568974072e+04
1.327861658486128785e+06
8.026632568822804606e+05
1.562654883025078103e+06
2.754386857585654361e+05
1.389748918301991653e+05
9.092590232595094712e+05
1.189653554272718728e+06
2.629745072299827589e+05
8.816003662971386220e+05
1.656227120530440297e+05
3.912654673904777155e+05
1.926611787219113030e+05
8.466088619370217202e+05
2.558609343782542564e+05
5.875894701716478448e+05
3.462790317443845561e+05
4.623653967422328424e+05
2.702261660696382751e+05
2.920486215109328274e+06
1.669940802978955035e+05
6.651937484112987295e+04
2.562550716944563319e+05
6.979204093468788778e+05
1.517728892290435324e+05
2.041235405260581174e+05
4.436265942625812604e+05
5.373108762612420833e+05
1.068204728895056905e+05
5.205773731866157032e+05
2.071779089135873364e+05
2.605840653328254353e+06
4.660163623054525815e+05
3.837660741362725967e+05
1.616929709428090428e+05
3.094649352567011490e+06
2.385881601259846502e+04
1.051136277839489281e+06
1.314169428825338855e+03
1.393556111648344202e+06
1.795800976408768329e+05
1.478621296251438325e+06
3.665290168954542605e+05
8.327535758222172444e+04
2.701737223087899620e+05
1.625510763578563638e+05
4.913583733076276258e+04
2.898145948853537440e+06
5.576293200130643090e+05
9.536094090081134345e+05
2.346463431684768002e+05
3.903851640833733254e+05
1.532074635362841422e+06
3.036092501356350258e+05
1.133779896892244287e+05
1.011831300034274900e+05
1.139976341645581269e+05
7.830494408465166998e+03
2.528700669738483848e+05
2.029813403640100150e+05
8.478339797300723149e+05
3.142751925559529918e+05
1.203745141752587631e+06
4.980061449760674441e+04
2.899658834593393258e+05
2.497384279382631357e+05
2.529287133880225301e+05
5.950344229640340200e+05
3.537833149908076157e+05
2.902099746217809661e+04
6.821762427732711658e+05
6.229027564818838146e+05
7.653143527608342702e+05
4.584681472185617895e+04
4.925189750886621187e+05
4.612054905450454680e+05
1.749671616679599683e+05
1.143286409674246330e+06
4.620538840019953932e+04
1.562769488002904109e+05
3.277252197298146784e+05
1.235200674587721878e+05
4.830527256374798890e+04
2.511399179854726826e+05
7.152639011586679844e+05
3.932311076186647406e+05
6.823437720621224726e+05
3.225941780433594831e+05
1.143828716704976745e+06
5.008018476329218829e+05
6.575168347783236532e+05
3.529324058628133207e+04
6.381597423246708786e+04
8.551697853343382012e+05
7.778962097305487841e+05
4.942460534780721064e+05
2.249096428153577726e+05
3.434454486260696431e+05
6.761850890488787263e+04
1.442802716481434181e+05
7.169517429909365019e+05
8.267982155135633657e+05
2.572243728419511463e+05
1.236319218729537097e+05
2.722996073317700211e+04
2.240831990683809563e+05
5.186830551185138756e+05
1.612316321301523712e+05
4.003923129021861241e+05
3.045484978868848339e+04
4.128983107744056266e+06
7.535255709395368467e+04
8.170115449849424185e+05
5.223019631582612637e+05
4.079979983001729124e+05
2.407929315707946371e+05
9.497436243406553986e+05
2.379304470319003798e+06
4.236042778894457151e+05
2.063243274300492136e+06
4.600329315478079370e+05
8.003302779730585171e+05
1.894091211074710300e+05
1.501392089951351809e+05
1.695683130149626522e+05
6.884770378312931280e+04
8.034663749159872532e+05
2.900245788997412892e+05
4.243517133271276252e+05
8.259604288367970730e+04
1.576010424006699031e+04
3.166767976417433820e+05
5.709406109623854281e+05
3.989863655471666716e+05
3.348268451667560730e+05
1.148094098438030342e+05
2.289147103568443272e+05
3.135245466375582037e+05
3.038922138628513785e+05
1.051476216554678394e+05
5.098473893462450942e+05
4.494912702305012499e+04
6.482184609672051010e+04
4.017001434445756604e+05
7.532019697213954350e+04
6.420654274365892634e+05
2.770329223820660627e+04
2.049167784077737015e+05
2.630762522617948707e+06
9.309281127178100869e+05
3.760156970240946976e+05
2.680018573049589177e+05
3.652230785809128429e+05
5.916534166305274703e+05
3.487225254368097376e+04
1.193371043979982933e+05
1.174451082230673404e+06
3.002887547964128316e+05
8.055515778783812129e+04
2.200566183397945133e+05
8.233616144470421132e+05
8.234232807691327762e+05
1.013690201263321564e+06
4.535937650478479190e+04
3.035434340610395302e+05
2.303221294342292531e+05
7.816823552220870042e+05
9.795945114658390230e+04
1.024762833485960611e+06
3.883771210327066365e+05
3.285940696463467611e+04
1.735743992403214797e+05
7.985842854573907098e+05
5.758677041533513693e+05
1.137253909597591410e+05
7.115837277019757312e+04
1.271498710283288732e+06
1.461339932098977442e+05
2.469017137600595306e+05
8.553242527641062625e+05
7.085706443522791378e+06
1.098312590995662147e+06
1.957388224319178553e+05
1.474672338630938204e+06
3.374803565642840840e+04
3.290220686777006485e+05
1.753329355139197782e+06
9.069394413968003355e+05
1.885643922804291069e+05
4.972171136020733393e+05
6.967027678966238454e+04
1.789977334255848837e+05
6.296565637858865084e+05
5.286183382981418981e+04
1.346735670555282268e+05
9.339299564656713046e+05
4.867998416301298887e+06
4.140758684543253185e+04
5.896642093800675357e+05
1.093220633066174807e+06
5.329140732492159586e+05
3.922426277642574860e+05
1.374046399941893469e+05
1.108541015340445796e+06
1.100737648356818827e+05
5.376024841204002732e+05
1.041689186395718425e+05
1.194081777968488634e+06
1.122521563039732864e+05
1.994098714183603879e+05
2.907925976874609478e+06
2.840597728130722418e+06
2.967413220203414676e+05
1.989470946524199098e+05
8.945074622715981968e+04
2.952407972546134260e+05
1.480267900868241268e+05
1.390931599816331582e+05
5.098321201865232433e+05
3.386731078818344395e+05
5.302925361747122370e+05
1.065162062796497717e+06
6.288808956962356751e+04
2.211800244589604263e+05
6.150487294683681102e+05
1.826445142771089450e+05
2.298563394913573866e+05
7.026641053747702390e+05
9.192645907708232990e+05
1.724349574953867414e+05
9.993376941276327707e+05
4.821998818724303856e+05
9.124221936738396762e+05
4.072751653918687225e+04
3.667533404167681001e+05
2.578867006006371230e+05
4.022363986019171425e+05
7.890049112952309661e+05
1.863781025654365367e+05
2.590246406948751974e+04
5.973933334181181854e+05
1.652105058807930909e+06
2.245102389078917913e+05
2.143250687614390627e+05
3.602812188855771674e+05
2.860926738069873536e+05
1.382976952593655791e+06
4.984975947216539644e+05
1.466586392115343770e+05
4.546767173964457470e+05
1.460205513517319923e+06
6.483579207624319242e+05
2.158996877116217744e+06
2.928445829413674073e+04
8.960947172918201250e+04
1.114723382860337297e+05
6.476713480260151846e+04
2.876783932464692625e+05
2.558035034614070610e+05
1.719992051885081164e+05
1.414930367469811463e+05
2.069498305810021993e+05
3.018382702102070325e+05
3.276203121059099794e+05
7.885808177254211623e+05
4.029907042089732131e+05
3.044109462362985360e+05
3.444976322713737609e+05
4.791922338636320783e+05
3.571718230727498885e+05
5.963246270622426528e+04
3.704286742815352045e+05
6.125157990677526686e+05
1.972433530401248252e+06
1.016579808888315107e+06
2.725973913533592131e+05
1.001871753141164227e+05
3.853162317786830245e+05
6.543438895636750385e+05
2.236300686698577483e+05
2.242570334879522270e+05
2.651965625750360196e+05
5.171931803199101123e+05
7.944295421653399244e+05
2.345974322246430675e+05
2.994157822237027358e+04
1.325606300106637180e+06
7.347415893216578988e+05
1.012338488856496406e+06
2.482626402694837889e+05
5.502095683357344242e+05
2.863020145391223487e+05
3.100099388996514244e+04
1.049614376862872450e+05
1.326042109912581800e+05
1.799401553326294234e+05
1.593379615294972609e+04
5.081495218874611892e+05
1.143177747625541873e+06
1.563403703387388305e+04
2.915654131657623220e+05
4.907224676700088312e+05
1.310540722770315624e+05
1.369741028993471700e+05
2.971579672559946266e+04
1.502155202320495155e+06
9.929592323753626551e+05
5.266320563782202953e+04
1.595238992532028642e+05
2.877009256187073886e+06
2.355646430646581866e+05
1.973005692026960314e+05
2.458157128049417224e+05
5.718517164884932572e+05
5.643425587574487145e+04
9.853543496589135611e+04
6.307852700557168573e+05
2.359431313363918161e+05
8.925188391292244196e+05
4.830681177379669971e+05
7.151773055353126256e+05
2.591853521441089688e+05
7.531914664392964914e+05
1.559696407379840384e+05
1.089351194046269375e+05
1.153751546957351733e+06
3.301857549441075535e+05
1.406969804281414836e+05
8.802650695269106654e+05
9.319663811556822620e+05
8.205390329592729686e+05
4.471947983632679679e+05
1.097478218506344361e+06
9.922074359591897519e+03
9.763479122823152284e+04
2.344758223987672827e+05
4.942043637081924826e+05
3.347941077098047244e+05
2.263459516567679530e+05
4.515866888658720418e+05
7.423959188726402353e+05
3.092381661352146184e+05
4.886218290065435576e+05
1.938517095881170244e+05
2.095826509514022619e+06
3.666216689681897406e+05
2.894177762431295705e+05
1.047570255729481927e+06
8.208808575085938210e+05
1.034784929720196378e+05
2.504166557338294224e+05
6.512257422912655165e+05
1.380785222930560354e+06
2.666131887375827773e+03
7.540230635433637071e+05
2.984229212504532188e+05
7.042512747900269460e+04
1.170036516401779372e+06
9.685336712057290424e+04
5.404722998326559900e+04
1.379485672066637781e+05
8.104077409770846134e+05
2.918509074256583699e+05
1.791354907346896071e+05
1.038491919126025750e+06
1.103121400558860914e+05
2.162290283281955868e+06
6.801504359931582585e+05
3.712414852051150519e+05
2.642199313366559218e+05
1.920340416281763100e+04
1.754118558728620701e+05
1.452013701009216020e+06
5.250187468791584251e+05
2.885758193389174994e+05
1.340510138087328814e+05
1.135343722843737341e+06
3.809311626567563973e+06
7.254483904045948293e+05
9.438093702377998270e+05
2.493526889734471333e+05
1.899453227791527170e+05
8.390242561135215219e+05
3.849876060395744862e+05
4.313660519079518272e+05
2.203234712889900547e+05
1.396004149608035514e+05
3.697323091319539526e+04
3.352278077556589851e+05
1.986104637759978359e+05
1.491761795421969728e+05
3.781856768193651806e+05
3.165183680263879942e+05
3.366953343234801432e+05
6.851800166745716706e+05
3.364060063967667520e+05
2.265280490991123661e+05
1.217229757774004829e+05
1.593966054091302212e+05
1.979677358569805801e+05
1.496254376545443665e+05
1.012881893593075452e+06
6.134716456391747342e+05
2.476631964844052563e+05
5.096359756162043777e+04
7.416477362562988128e+04
1.676525331873741525e+05
2.594582499627701327e+04
1.448898111891011009e+06
4.945123131903283065e+05
2.587058682757382048e+05
5.707716349809955136e+04
1.266683275401919847e+06
1.146010347313896636e+05
1.856059497782703547e+05
5.612051481353712734e+05
6.778683429713578662e+05
4.039996795935804024e+06
5.315238619916493772e+05
1.041915431024532882e+06
2.874522112005167874e+05
2.528866023866717005e+05
6.821969980201081489e+04
1.042947603572894004e+06
1.306009799393452704e+05
2.681530362380219740e+05
2.649749050419497653e+05
8.700988947892246069e+05
1.703920432673665709e+04
4.104011444486017572e+05
3.755005447816918604e+05
3.266249110130784175e+03
1.891701944932469341e+05
8.598398626063225674e+04
2.909071974334388506e+04
2.366420324834087514e+05
7.527976168217063241e+04
7.909905413646942179e+04
7.469806725302910490e+04
6.525316946852084948e+05
1.041805319672516052e+05
5.473641832180329366e+05
2.808917274797667633e+05
6.547993596644573845e+05
5.367018843711358204e+04
4.759576435556439537e+04
8.821339834464421729e+05
2.711352298193618190e+05
8.741607978995315498e+05
6.678990695749857696e+05
1.742420761127954465e+05
2.523997228726488829e+05
4.211041608291204902e+05
4.897141282154681394e+05
7.605290287169535877e+05
9.348529195883083157e+05
8.762684120052923390e+04
6.082390366966807051e+04
1.579466950380788650e+06
2.863984248094057199e+06
8.488680357038934017e+05
4.415710755889152642e+05
1.079635657047255372e+05
2.611981575138442277e+05
3.790734532583717373e+04
4.719133134325475548e+05
4.922764021622935543e+05
2.863617687734628562e+05
7.238623557061447063e+05
1.635117576352684700e+05
2.042061518168799230e+05
5.105353329676670837e+05
8.949815640150649415e+04
6.654017570527626667e+05
5.075951255802445812e+05
5.576851155530363321e+05
4.578852367446035350e+04
4.777260003598397598e+05
2.477372468591407232e+05
3.431498994115291862e+05
4.427794056340084644e+05
2.811805899480878143e+05
1.933535053135932249e+05
4.679875039492045529e+06
1.267675963049033307e+05
6.427370159572451375e+05
1.107588822554530343e+05
6.299848604152441258e+05
5.762395433332995744e+05
5.216079808771283133e+05
4.660390364834570937e+04
1.179549380951815983e+05
8.823254949305159971e+04
2.333595626373449049e+05
4.048606941466401331e+05
1.563331930498782312e+06
4.534840092565240921e+05
5.296817680359884253e+04
8.362504634437438799e+05
2.252888812687840837e+05
2.695659608761530835e+06
4.683637936170757894e+04
1.177537450766428839e+06
1.783376203002970724e+05
5.702763950906812679e+05
3.906508112042013672e+05
9.968842971983084863e+04
8.039272000608523376e+05
5.252769339505457319e+05
1.434426677686918061e+06
5.663483363835726632e+05
7.567061296348384349e+04
5.509257965993410908e+05
9.183529846439238172e+05
1.529714523393000127e+05
1.754807768033450702e+06
1.904423548959235995e+04
7.605632326659539831e+04
3.570119644164280617e+05
1.807260116358157393e+04
3.334659716751702130e+06
4.155864513062551850e+05
2.519358258024443348e+05
1.069188148482978111e+06
1.046666321065531956e+05
3.447213954241014435e+05
2.005698296998546575e+05
1.682631349152390612e+06
2.358369898176406423e+04
3.121798234815125470e+05
1.423970708423499949e+06
1.361995437303301296e+05
3.336300616818523849e+05
9.986748754598558880e+05
8.420678842901317403e+05
3.371833463257856783e+04
1.095800886776358093e+05
4.133319326663488937e+03
6.841333473623475584e+04
1.496366295763535345e+04
4.932073380740458379e+04
1.751171030859009770e+05
9.257331433379350929e+05
1.366564285334772430e+05
2.261938329348551270e+04
4.005142521481051517e+04
5.741260809005940100e+05
6.195488532191219274e+05
8.150827548371359007e+05
4.657830872682663612e+05
1.104614174737244321e+05
5.043702100955976639e+05
2.710131274416250526e+05
9.190138842156935716e+05
6.251560437255901343e+04
1.274284547388966603e+05
3.790601309121891391e+05
1.698136451480888762e+06
3.033672169307690347e+05
1.103256153561618266e+05
1.306837557731299661e+06
2.345634117858956102e+06
1.360186813103378809e+05
4.013098774803897832e+05
7.244380144565511728e+05
2.539419750117640069e+05
1.924972622597320878e+05
3.958048868252658867e+05
8.397409432258833840e+04
6.940458646688780282e+05
9.357561462295190722e+03
1.936666373796965854e+04
4.885966391890847008e+05
1.503281338044826116e+05
2.721439370834729634e+06
3.490393141459366889e+05
1.172307503525561187e+05
4.364742204547802103e+05
2.487540489869866287e+05
1.481290690957290935e+05
3.713332907526240451e+05
4.214356267328705289e+05
1.648627092296829505e+05
1.120543070890456002e+05
8.853496262627473334e+05
2.158500936130733171e+05
1.108171626835937845e+06
1.490515275765837869e+05
1.202198351888702018e+05
6.903695166192173201e+04
7.599798382134592975e+04
8.129868541469713091e+04
2.790351219822805724e+05
9.656025687055807794e+05
7.716168815060214838e+05
2.033905542710562877e+05
2.132136024410540704e+05
6.209051430655166041e+05
3.144484072604884394e+06
4.776655259424440010e+04
5.395450027325068368e+05
2.435778532582852349e+05
3.606938089603545959e+05
7.893568791705680778e+05
4.415975979129687767e+04
4.117718462573646102e+05
1.737488090859175427e+05
1.585329535208674206e+05
2.505880075694540283e+05
1.434983802397832973e+06
5.583868906586227240e+04
2.133202856341952283e+05
9.141480418587764725e+05
1.080900000279112253e+06
4.567369597525257850e+05
3.403609993257399765e+05
3.861953960797174834e+06
1.131163215643541189e+06
1.110472820710878877e+05
5.527427653841394931e+04
7.367673612175737508e+05
3.716746723554681521e+05
1.222604210087690008e+05
3.640594345935810707e+05
1.278891366242155200e+05
2.140985665163420606e+06
2.977425800101042842e+05
6.717473615653892048e+05
2.153524045190460514e+06
5.839067293447409756e+05
7.940329247009931132e+05
2.778662143892661552e+05
8.179906012333260151e+05
1.324613412213150295e+05
3.408154127879848820e+05
2.034977192476093187e+05
8.544120297887733614e+04
3.390706737816856476e+05
1.352509894290090306e+05
4.217913488397395849e+04
2.583084344802023843e+06
8.075604651080115582e+04
1.146326803745438810e+06
6.097457491460797610e+04
4.318309324912364245e+05
2.781517111999095068e+05
1.011131047161768307e+06
1.309054088170215691e+05
3.899671602835525118e+04
9.298651694114862767e+04
5.463781435687335761e+04
6.042365337880640291e+05
6.734121097027701326e+05
2.935734116699095830e+04
1.714766204302117694e+06
4.899989545212192461e+05
4.432262594415413914e+05
6.240575464602161810e+04
1.899576925541361561e+05
2.275648920766317169e+05
7.995357972643044777e+05
1.097157240831080999e+05
1.319133949091682734e+05
9.336896911505154567e+05
1.762549827483024565e+05
6.369327701498530805e+05
4.273240847826460376e+05
1.707685535056423687e+05
1.267112291836329037e+06
2.542126122480666381e+05
1.966905869034868956e+05
6.549815919409738854e+05
1.001573140625641798e+06
9.812436962150693580e+04
8.369576992996333865e+04
3.002954466887172312e+05
2.473386948967521603e+05
3.151379367415814777e+05
2.787623022681602743e+04
9.667892103771120310e+04
3.115322835275950492e+05
1.248684470579234403e+04
1.037566645642515854e+06
2.627700939241698361e+05
3.116346297652875073e+05
1.233648468791508785e+05
2.691604030708856299e+05
3.208986989762951907e+03
8.992686736812115123e+04
1.247549270576444222e+06
6.145570652537267597e+04
4.969761387151474482e+05
3.883212536212205421e+06
8.471491919289738871e+04
2.947446227582757710e+05
3.467890455456546624e+05
8.900238490915586590e+04
1.481678978496421478e+05
1.446222817880826187e+05
1.556463504385261098e+06
3.265439017814836188e+04
2.912652448644348769e+05
1.147217679864393780e+06
4.902575245133173885e+05
2.985608491275712731e+05
2.509059462523265742e+06
4.275656824681677856e+06
1.973198566000393112e+04
3.903688229417759576e+05
1.342053288175407579e+04
3.871600330651880358e+04
4.564708538748974388e+04
5.790566413236767985e+05
8.064487260559416609e+05
2.040958284975025570e+06
5.996374952469212003e+05
6.800730096190490294e+05
6.329557742641888326e+05
9.226895889500018675e+05
5.111540123530329438e+05
4.489064844243690604e+05
1.147481555048685521e+06
4.104656187981204130e+05
1.723200840587004786e+05
1.558509316770593170e+06
1.094907753805184911e+05
6.838870688887322322e+05
1.812297387205891137e+05
8.927378158116647974e+05
3.610118787753759534e+05
6.303146099002877017e+05
2.996361631429856061e+05
2.745959865264812834e+05
5.640256935839699581e+05
2.457359636542631313e+06
8.279420821864379832e+03
4.449060770631688647e+05
4.281861997105323826e+05
9.350181397711435566e+05
5.177000849569093552e+05
1.142801162978109205e+05
8.942895237671536161e+05
9.146640211692462617e+04
2.239819948879202420e+05
1.513474234181566862e+05
8.633656397790920455e+05
7.915278949774169596e+05
8.387395531329765217e+05
9.272713488025091356e+05
1.834467527168595116e+05
3.538357607167637325e+05
1.103215377233916661e+05
4.547078197121658595e+05
9.807340985196429538e+05
2.670504586947662174e+05
2.635866217625425779e+05
1.399571356061835650e+04
2.846843692651031306e+05
9.665355079942860175e+04
4.937436207365328301e+04
9.569633184378336591e+04
1.029920813934605249e+05
9.605667469369122991e+05
3.169883281277891365e+05
1.678955021483245073e+05
1.503976933453600213e+05
1.756153117477392079e+05
3.274042783893760861e+04
1.066920481187013211e+06
7.624822158217062242e+05
1.217557684378837439e+05
4.390206467732502148e+06
5.961106033201522660e+05
2.691126686542738462e+05
2.176378083983315155e+05
1.974043406925224917e+04
7.894667656906844059e+04
2.335618813647050411e+05
1.773826485488876642e+04
3.467443378728606040e+05
2.185999255946712801e+05
1.845989515437553404e+06
1.078149259872156428e+06
3.874039134603514685e+05
3.499689097400686005e+05
1.263601760132044583e+05
9.990789753593842033e+05
3.356236843202610034e+05
1.356258414981317183e+05
3.776922523523003474e+04
3.081067285412098281e+05
7.843434635367555311e+05
1.029041756105583772e+05
2.661166660610045656e+05
1.414011458476164611e+06
4.187942430365602486e+05
2.624476507023703889e+05
2.199526939383913414e+05
2.367907504370516399e+05
2.514166807091191586e+05
6.076095760080355685e+05
2.504180872115573438e+05
4.277266714097360382e+05
4.224452986970705097e+05
1.121634095370442374e+06
9.046384877931307710e+04
5.443170688605380710e+05
6.049006835845486494e+05
3.146505114794020774e+05
1.773195082201819867e+06
1.824743856753614673e+05
7.963407130737872794e+05
1.439229810441616573e+05
5.788244492335086688e+05
3.043245125430640473e+04
1.609861819220252510e+05
3.013154980633857776e+05
4.741900700302234036e+05
1.559701480496636359e+06
1.919314680032845354e+04
5.841462824935587123e+05
9.364712392688706750e+05
2.638384049529157928e+05
2.393990318177281297e+05
3.823494960317114601e+05
5.702989667197025847e+05
2.191176410869937390e+06
1.167266106666271226e+05
2.890799795820423169e+05
1.459446639370182820e+05
1.571304803956537799e+05
1.482910773800034309e+06
1.336992681561807149e+04
7.669610690334918036e+04
5.657540306823346764e+05
9.912448373511873651e+05
2.892203499811612419e+05
5.856168950285442406e+05
2.254948195175067813e+05
4.639225734074965585e+05
3.705135879216095782e+05
3.603962016420708969e+05
9.994342169101878535e+05
3.086860623043651576e+05
7.384569974903691327e+05
3.768447189742408809e+05
2.848947636392476852e+05
2.657825598511746502e+05
2.273441199589643802e+05
4.814391479099761345e+05
5.468283158044541779e+04
1.354702070481030096e+05
3.866852693374498631e+05
6.553485556640305556e+06
5.225849793470915756e+05
3.672772529766413209e+04
1.423508240965040750e+05
1.263489594216796802e+06
2.228181327643747500e+05
1.730733013948358595e+06
3.325807053282716515e+04
1.022017873077050899e+05
1.861172817892078019e+05
3.137977851281685755e+06
2.946727178681124933e+06
1.954174312671653752e+05
3.706253556855501956e+05
4.844620210073749331e+04
1.996746657390026667e+05
5.775072942059565103e+05
1.193785722031864425e+05
7.546871422739292029e+05
5.294644379592309706e+05
2.137675629005513911e+05
1.200298173284162913e+05
1.811584029382941371e+05
1.125150767111998983e+06
1.790388847453412600e+06
3.758631674223244190e+05
1.019053965294768277e+05
1.286296506502926350e+06
5.720460474612803664e+05
2.232509633719915873e+05
1.122280134703357238e+06
9.429548971845350752e+04
1.480815288291248435e+05
3.489979146574133483e+04
6.080359808971872553e+05
4.071341007002772531e+05
1.951346742886736756e+05
1.093045353346430231e+06
1.349860638237463718e+05
4.970446062156842090e+05
1.066359682840986206e+05
1.283600939171320497e+05
6.593289743043998023e+05
2.776266361835116404e+05
7.439020740801052889e+05
1.548096682196655893e+05
4.134914301875176898e+04
6.987497482190166193e+04
9.486224583060676423e+02
1.641439752565771574e+06
2.188596258867996221e+05
2.785897920993592590e+06
2.850736639987913077e+05
2.992946963751085568e+05
6.375485932533373125e+05
3.481923222002811730e+06
5.937891396211447427e+05
8.513973997294919100e+05
3.504735407263315865e+05
6.900872914659272647e+05
2.331111336128121184e+05
9.753351290716198273e+05
2.914515927948542521e+05
8.251528182121632562e+04
2.894212316915623524e+04
1.985412490079516720e+05
3.036866484045904363e+05
5.165237920335472445e+05
1.687330439117389906e+05
2.726023550239948090e+05
3.699624874411257333e+05
9.423077535929593723e+05
1.833552772565303894e+05
2.856637050475434400e+06
1.135596927192707954e+05
5.813058304167875322e+05
1.372194059511874511e+05
7.036987477775578736e+04
3.075449261755957195e+04
2.088205209462729399e+05
7.791354667828143574e+05
4.735275639274451532e+04
4.260248683249297901e+05
1.689155008657059807e+05
4.180842572657096025e+04
6.634958782077259384e+05
9.982024646582073765e+05
1.383569562946833903e+05
7.884718590306406841e+05
1.191161796705157962e+06
2.818070367415860528e+05
2.293706454512063647e+05
5.545991670540464838e+04
9.101859007678441703e+05
3.178326469426171388e+05
4.554795130264266627e+05
1.696782551696984796e+06
2.113335223160968453e+05
1.097264459679397522e+06
1.094415447330161078e+04
4.657879644064079912e+04
2.048693596779098269e+06
2.115274064366356179e+05
1.251756814552985015e+05
4.900777085174426902e+05
3.368672861300886143e+05
1.871864582848109771e+06
4.959535773434268194e+05
1.315190323532409093e+05
1.994760562315613060e+04
1.737036261189824436e+05
9.147437768271510722e+05
1.010940953208137071e+05
1.602414854710286250e+06
8.434628417154058116e+04
9.500295777222489414e+04
2.684517541025179089e+05
1.112786387544281170e+05
2.011129170897567528e+05
1.223059182996045420e+05
3.211126736131725484e+05
2.043304960878830752e+05
1.624602792598726519e+05
2.846460191085899714e+06
1.260337988135484775e+05
5.388147319613667205e+05
9.572244455111806747e+04
6.292484403540515632e+04
4.142053964639761252e+05
3.826188434875897947e+05
5.205162602222647402e+05
1.992010308316705050e+05
1.271909831737422210e+05
3.803283222856048960e+05
2.081333459267838916e+05
1.239264714359632926e+05
7.451805970896665240e+05
1.629707814419923125e+04
1.883808054491999792e+05
4.750677656592918211e+05
1.209435584853131557e+06
1.152621545436986344e+05
3.308963254029647796e+05
3.845257161924220854e+05
2.342455253024957608e+06
3.930255117605332052e+05
7.084518777279088681e+04
1.279998098110246792e+05
1.966212427972954465e+05
1.213634096755406208e+05
1.615128617920940975e+06
1.620168618375287624e+05
3.899263130998359411e+05
4.369246047541060834e+05
6.424112967894002213e+04
2.180562881006247830e+06
1.343424971384196833e+05
9.009587303579425497e+04
4.059395718111738679e+05
4.068214033042525989e+05
2.918720858056053054e+06
6.655279981493349187e+05
2.440531171905679003e+04
1.287903214703379199e+06
3.484568268227501540e+05
1.258993159973750822e+06
3.156474870265822028e+04
3.021995113976978697e+06
3.226775066315290751e+05
1.208720504341871012e+06
3.645088173243257916e+05
4.693860382581464946e+05
3.768055481632115552e+05
5.063483039211249561e+05
8.847390786908653099e+05
4.401114655552123440e+04
5.190776958092633868e+04
9.141576458939622389e+05
2.676031343850957230e+06
1.307920609883684083e+05
7.759996184460952645e+05
1.476436254937613383e+06
1.040967801671074587e+06
4.632174862891506637e+05
2.865171510127629153e+05
1.612147004952075076e+05
7.250116729342169128e+05
2.776090353873043787e+05
5.002925289775736746e+05
2.941457221030822257e+05
2.808634874045004253e+05
7.671326697610957781e+05
1.119124493084912829e+05
3.958581260604847339e+05
3.694965272104199394e+05
6.847561937032971764e+04
5.079719947300725471e+04
7.638964190718942555e+05
6.275480753317128401e+05
6.438115183772867313e+05
1.573586032642367354e+05
8.883409015336976154e+05
6.860981644765149395e+04
7.025660763811236247e+05
2.854093696392356651e+05
6.255438670739665395e+05
2.357010958596132696e+06
3.279787289653093321e+05
7.597404374129163625e+04
5.320415461575413792e+04
4.649513359146731673e+05
7.688168894725895370e+04
2.538505037298249372e+05
1.436036541045858175e+05
2.117548773586708194e+04
1.911943157073583570e+05
7.200992859062303614e+04
3.230640691752714338e+05
4.405804097579437657e+05
5.990687095502746524e+04
9.142068779244764301e+04
2.342782738697950728e+06
1.431562819896550791e+05
4.090509828827577439e+04
5.282565801291249227e+05
1.256736288673493546e+06
6.768879151317299111e+05
7.443343845073727425e+05
2.339030730455404846e+05
7.229140507014506729e+05
7.067334754695120500e+04
3.023662819880335592e+05
3.239778815686319376e+03
2.060046223737840482e+05
1.658968596650551190e+05
7.989711342627927661e+05
4.871570025134118041e+05
2.267276285792338662e+06
6.248256966980710858e+05
3.048689730834205402e+05
1.404872438620146131e+05
5.131255056116170454e+04
2.332037119779597269e+05
3.255003461849857122e+05
1.578057351492417045e+06
5.846634504989104607e+04
2.230742454456704436e+05
3.469142615011466551e+05
1.954243454650609056e+05
6.262772405601085629e+05
3.314078649294163333e+05
1.535598514739547099e+05
7.499936549821366498e+04
4.286490686573518906e+05
4.150803714559906512e+05
3.358736128757434781e+05
4.326934255539122969e+05
2.494076654529746447e+05
4.434293355267265579e+05
1.558102214347509143e+05
1.932410985288219817e+05
6.100187348937046481e+05
1.542190865375067806e+05
5.409239127825296018e+05
2.346778794679026760e+05
4.540346839088806883e+05
9.700978324419496348e+05
1.563268420065364335e+05
3.864005282889485243e+05
6.674252601846924517e+05
5.892122022510217503e+05
9.822827604908599460e+04
1.722671305550158722e+05
2.229320773065783724e+05
4.465926435117711080e+05
9.684633296166270156e+04
1.397638363308676518e+06
3.552648132858690224e+05
1.298460748027545924e+05
2.405800333781436551e+06
2.295904290426476859e+06
5.102876089345788932e+04
7.065609446429177478e+04
8.595086304846608255e+04
1.788507829824760265e+05
6.479565460119961062e+05
2.661298977672887850e+04
6.935453441589612048e+05
3.250102946501588449e+05
5.439251791225881316e+05
9.758115474424997228e+04
2.716782276744942646e+05
2.555266415688885900e+05
7.224954325256242417e+06
3.097237194336721441e+05
2.704201989494165173e+05
2.065945088426977454e+05
5.357152459261016920e+05
1.794835589448628307e+05
3.718558264830687549e+05
2.822610505845061271e+05
1.708228732342709554e+06
9.176821632253678399e+04
1.042078432796435198e+06
1.210537423012251675e+05
2.979439251184035675e+04
1.502130035635380191e+05
8.542708864166071871e+05
2.349837061738030054e+06
3.048587281245101243e+06
3.511771334645954194e+05
2.586247700504602864e+06
8.459699087068777590e+04
7.512656590258023061e+04
5.905934145054564578e+05
4.005753585808476200e+05
8.662379295745389536e+05
4.581030181366368197e+06
3.791250253775232122e+05
2.316818678009350551e+05
7.319051906752129980e+03
1.617558728397178929e+05
2.909196848160386435e+04
2.207724748060539714e+05
1.014218340642906114e+05
6.474971151270448463e+05
2.317257260155564290e+04
1.332369962224486982e+06
5.424860418520475505e+05
1.388695205485068145e+05
4.175415449696830474e+05
1.167235262762505445e+05
2.949082578844160307e+05
2.599491223634904309e+05
2.921798939115189132e+05
6.232521486232195457e+04
1.177375579362718854e+06
2.390544181237842422e+05
1.256078703871513426e+05
1.402339383410599839e+05
2.841080187765336814e+04
9.979380706319614546e+04
1.329056310318108881e+05
6.670189797073923983e+05
2.359491077465019771e+05
8.824695515496714506e+04
7.253026247246696148e+05
1.681956836105869443e+05
6.939675072128718602e+04
4.519078727647963678e+05
1.865404312893848983e+05
5.434688158583760378e+04
9.412336413507126272e+05
1.178617311986397690e+05
6.396116668888602406e+06
1.687852212121510238e+05
5.350499746619819198e+05
3.162550136951742461e+05
4.841136563054831349e+05
3.329895945695362170e+05
1.648345471275384072e+06
2.545397882636877694e+04
3.293456995203783154e+05
1.636970921806456754e+05
5.311150440696377773e+05
1.575092623479463393e+06
6.697873276081256336e+04
1.779290114024496870e+05
4.177287760949183139e+05
5.538826628891735163e+04
1.644708064928525127e+05
1.573557576391360199e+05
1.108705117813603720e+06
3.434514601984905894e+05
6.699360736003932543e+05
9.209016363317838113e+04
2.167655120201024984e+05
8.333818717467220267e+05
4.405943052522603102e+04
2.426504800686435192e+05
1.456099476529233798e+05
3.536765804122028057e+05
1.374666384177865802e+04
4.198849426708673709e+05
5.549690587826399133e+05
5.495927912609143095e+04
1.619887082488202723e+05
5.664533769617276266e+05
4.070056385555040906e+05
3.474860490945214406e+05
4.654684518124864553e+05
9.770090858394977404e+05
1.542972049900161073e+04
2.513652700489644776e+05
5.432644938754690520e+04
5.741339744990929030e+05
4.478009000095697702e+05
3.574693395500046900e+05
2.445874968854717445e+05
5.423005148819637252e+05
3.153017163551834528e+05
1.052273349467065564e+05
7.499480986869649496e+05
4.187418960725252400e+05
7.857691457567230100e+04
5.873510756393506890e+05
3.997984412667584256e+05
4.837967774681892479e+05
2.890355275003567804e+05
3.743728126140430104e+05
4.683057710972890491e+05
7.809865197591999313e+05
2.832461919970934978e+05
5.923969476277616341e+05
5.676483376990081742e+05
3.465151165055949241e+05
3.643372714154683636e+05
1.678951496388310799e+06
2.101519441592550138e+05
6.750884981401100522e+05
7.256999933039967436e+05
3.945346420773792197e+05
1.039688722458970442e+05
1.554452985959341051e+06
1.723294117675798014e+06
3.095767831911998801e+05
4.875107040602553752e+05
8.387413357219252503e+05
3.440415689485991024e+05
1.323269978248980769e+05
1.568788317245902028e+06
9.896353216052076314e+05
3.120797061774512404e+05
1.517302367454942432e+05
5.574757196490561910e+04
1.274914698125957075e+05
2.287876371425678371e+04
1.575297351510955952e+06
8.006530476755577838e+05
6.303681219750449527e+05
1.190266403778023669e+05
3.494957886297767982e+05
8.489651409055347904e+04
9.539331650424300460e+04
1.740367227793659840e+05
1.331753103710245574e+06
1.347319118264045333e+06
3.905950160291913780e+05
6.772808377241758863e+05
8.914897965668652905e+05
6.504200748635888158e+04
7.395667415405183565e+05
2.298629470466706262e+05
1.347590323742385372e+05
4.181603124919641414e+05
4.391183454190474004e+05
2.760933437480546418e+05
2.159713669650143129e+05
1.102111489530197578e+06
2.358897090678337554e+05
2.286192782180737704e+05
6.648118041743000504e+04
6.054332839353711461e+04
1.121582386555872159e+06
3.370542376086697914e+05
2.295301364745472092e+05
2.396996250227349519e+05
8.180767452188610332e+05
4.385050956931020482e+05
1.487402222898839682e+05
2.421317657067823748e+05
3.983131945748227299e+05
2.221306134691223851e+05
7.096645923042134382e+05
1.410911051536333049e+06
2.137967669176831259e+05
3.484336209828366409e+05
5.018642086971204262e+05
1.832011205278112087e+06
1.310615171253448643e+05
3.061504920398044051e+05
1.733948086658317479e+05
2.952370657227165997e+06
2.118258306718233798e+05
1.397080324280299712e+06
3.745775070946714841e+05
2.911652768104010611e+05
4.231011027771153749e+04
3.115575720569984333e+04
3.660229253830450034e+04
9.403243650513526518e+05
3.058243532494571409e+05
1.605438828032935987e+02
1.594593938832535408e+06
9.258778156151010189e+05
1.048013659942204686e+05
1.752456149394302047e+05
2.756746397459435975e+05
3.187659563035669853e+05
2.923503386100949137e+04
2.005969129083314328e+05
1.714900865073493624e+05
1.025501103827344486e+06
1.825057834633457824e+05
2.062740718695126416e+05
1.215661305010449432e+05
4.784833561455832096e+05
2.190298917807513790e+05
3.511967861038352130e+05
8.056410497862055199e+05
4.102493486139224260e+05
7.160537874474106357e+05
9.706880599720445753e+04
2.859175014088087482e+05
2.918611097609404897e+04
2.074647484618246672e+05
5.075492538207114558e+05
4.114824039679130074e+05
2.109930790735697374e+05
5.088732200299879332e+04
1.381805467313538793e+04
2.602007818518730637e+05
2.070917924532871402e+05
4.340288139581785072e+05
1.840068014376759311e+04
1.500256789300320437e+06
5.015495471401964896e+05
1.090917759332447167e+05
1.590450187886510394e+05
8.512607120672465535e+05
7.986780101891434751e+05
5.460462423514520051e+05
8.928542086899117567e+04
1.529351188289953461e+04
1.197878062457989203e+06
2.276456920613520197e+05
1.336678756992612907e+05
9.247046957191741967e+04
2.222031671624402225e+05
1.306053954293947027e+05
1.950108972553087733e+04
1.987413397500004852e+06
2.976777425046681310e+05
4.809817479021892068e+05
2.221541518742775952e+05
6.467753095407116227e+06
4.239046203628125950e+05
3.191985220732706512e+04
9.540545511326524429e+05
4.408920566216151346e+05
2.823163845374789162e+04
4.687784286160364281e+05
9.611044069357903936e+03
4.281584144322758541e+06
3.745642134686246864e+05
3.368841923727910762e+04
5.399567621197705157e+05
2.174553017471576168e+05
4.842441234272178262e+05
4.869246984024502308e+04
6.724268322045930836e+04
1.355382799561185529e+06
8.729512959799274104e+05
2.414863917150057096e+05
2.350862081673725625e+05
8.885572359040859155e+05
4.360768272453793907e+05
9.978205425635422580e+04
2.001703351515654504e+04
1.085179708790179939e+04
6.342819753722652968e+04
3.782972445522944909e+05
4.053199046471465263e+05
2.200400179169485928e+05
3.544816687092383509e+05
1.203412339615141507e+06
9.330585156021294824e+04
1.679451146556422347e+06
1.843673348341873847e+06
5.145606293869479123e+04
1.567664134395205416e+06
9.046125834377147839e+04
3.293573082478627097e+06
1.686059079704545438e+05
2.477950636324158404e+05
1.481715154949564894e+05
2.627908829087820486e+05
5.934613792092010844e+05
1.197716105868058366e+05
1.908867393357280816e+05
3.130803947161246324e+05
2.501434453059141990e+06
2.247844113509189920e+05
2.272837695479510585e+05
3.942254128712231177e+05
3.425333149406004813e+05
6.090454666244530381e+04
7.207133322816763539e+05
5.311738553834217601e+05
7.423042562062635552e+05
1.698148802334690845e+04
7.348446571787131252e+05
4.603877009285481763e+05
9.156371765049388632e+05
6.057508746100011049e+05
7.436151810234495206e+05
2.870584226136025041e+06
9.421588893149280921e+05
5.158179838296803646e+05
3.950100488523167442e+05
1.114252754431291105e+05
9.379914736919961870e+05
4.765756893487712950e+05
9.883584861365524121e+05
1.873101078973058320e+05
4.201035891544593615e+05
5.109890959900010785e+04
2.976884517376816366e+06
1.811262149527226939e+04
6.978580385567235062e+05
4.071842569860693766e+05
1.807201561589440389e+05
4.493860729537594016e+05
3.807965121418636409e+04
1.516937215797640849e+06
1.144509276977301110e+06
7.214389061992302304e+05
5.172038679483310552e+05
3.500527193206153461e+05
6.692653889675467326e+03
1.086903056849743938e+06
2.824233245618936489e+05
1.798075542799712857e+05
1.409433137307650642e+06
3.641484045446164964e+04
1.120890094815626071e+05
6.275821015520938672e+05
8.935687433168527787e+04
2.073099489745201427e+05
2.031330193894249969e+05
4.030528355603769887e+05
5.055258754066270194e+04
2.782411778349882807e+05
3.411319465745490015e+04
3.540023969039182994e+05
7.824636319269712549e+05
6.638938969893488102e+05
1.677598635630806893e+04
5.407823382448632765e+04
8.163695909971430410e+03
4.858806803910190356e+05
7.084884537647067918e+04
8.203305886639712844e+04
1.788157370930070058e+06
4.404757301686778665e+05
1.680977177059208276e+06
7.851809441587055335e+05
4.004845432945159846e+05
1.308152479407782994e+04
5.600542243738768157e+05
6.740934136807506729e+04
4.098531462983136880e+05
3.316318111433295417e+05
2.836180273207626306e+06
1.788781503418642096e+05
2.000736139877819805e+05
2.596211698672027269e+05
1.631122433320923243e+06
1.792503823149603704e+04
2.911002414141610730e+06
2.575655098777571111e+05
3.949527069219429395e+05
1.541968924594486889e+05
1.964761404394500132e+05
7.279285577653321670e+05
2.883681101164781139e+05
7.789202359586214880e+05
5.219383655770230107e+05
8.036993029583024327e+05
5.738561716927568195e+05
2.759294083201213507e+05
8.594894760459179524e+05
1.608250029179703852e+05
1.736316235522570496e+05
5.884919115491773846e+04
1.500419739889810153e+05
1.950189830474601476e+05
1.237679857144303620e+06
8.361184117981504824e+04
6.795891107776205754e+05
9.057550960483961971e+05
8.542657281370949931e+05
7.056070293993160594e+05
5.051720968870545621e+05
2.258720997771771799e+05
2.666438292387580965e+06
7.269400438497011783e+05
1.442120032013916934e+05
1.143728617310984555e+05
9.205639523598500527e+05
4.977269590968921548e+05
6.387719707319781883e+05
1.058227923683635658e+06
4.940310951154330978e+05
2.637533270842737984e+05
2.620199369576293102e+05
1.369245474416788493e+05
7.042581449524542550e+05
6.068879226387718227e+05
2.481822877889624797e+05
1.447837715566754632e+05
3.281073725158510730e+06
3.891084427752475021e+05
1.278396676572041542e+04
7.026625581228823285e+04
7.590802932504466735e+05
5.086573410245332052e+05
1.999956369813302765e+06
7.034797226609734353e+05
2.053322559393817501e+05
2.297566007207077637e+05
2.721193077743886388e+05
3.464710585682132514e+05
4.038729624321070150e+05
3.730030822343181353e+05
1.527289979383068203e+04
9.084418971107330872e+05
1.608185323057066125e+05
2.593311330107746471e+05
2.306848869570935145e+06
4.913788145913011394e+05
7.212780645850664005e+05
2.387467977666195482e+06
1.105918448475206678e+05
7.444144668740879279e+05
9.480921419761960351e+03
7.118743348943985766e+05
5.674954934958227677e+05
1.061647246441776864e+06
1.100823057878556196e+06
1.224921709741292056e+06
5.707545008807459380e+05
1.205135274888939690e+06
2.476409935248652764e+05
1.174507599112465745e+06
6.637726188631427940e+05
4.351251432290549856e+05
3.060689721655004658e+06
5.512572038772928063e+05
3.036823765640437487e+05
4.896528277288142708e+05
1.618267320866500260e+06
4.226096699256022112e+05
3.873051003709730576e+05
1.380276660064113676e+05
4.536387425552518107e+04
2.748127057846180978e+05
3.228510099604108254e+05
3.463329830194624956e+05
3.905603858044095105e+05
1.896249319317128044e+06
6.674646491973679513e+06
1.233636694505189080e+06
2.674119836258972646e+05
4.270903376837644464e+04
6.934209560015681200e+04
3.922565765987423365e+05
1.369990985950918170e+06
7.620212194199097576e+04
3.170617180021677166e+06
3.812076753836224816e+04
7.040363073942813789e+05
3.438644706246078480e+06
1.081145172484328039e+06
5.983853337757639820e+05
1.037503324253508821e+06
1.000365535772812727e+05
3.152489955417549936e+05
3.745487422356993193e+05
3.583131321514699957e+05
3.978487618114076031e+04
6.023844221277079778e+05
5.744731653517605737e+05
1.120880692958611296e+06
7.784115070328458678e+05
1.019165687972099870e+06
1.638963075642447802e+05
2.008468441941923811e+05
9.801398850451925537e+05
3.203094358649862115e+05
1.293446102305551060e+06
9.233074362129861256e+05
1.373835656420047453e+05
6.795089401335157454e+05
2.362733938329162265e+04
2.850868223459263681e+05
5.445487249322022544e+05
2.141769646172048524e+05
5.763907836935246596e+05
8.213723607739658328e+05
9.411157488283861312e+04
2.526320038262112648e+05
6.576039003656590357e+05
1.531190774282153288e+05
4.082089602052232949e+05
5.874501967092519626e+05
5.007631776389356237e+05
9.316145707051004283e+05
1.583813184870278928e+06
1.337373455531696673e+05
6.951125577891127905e+05
7.498598513445627759e+04
2.125163148484808335e+05
1.295490979734490684e+05
3.320986622731475509e+05
4.452506908905121381e+05
2.513958308918971670e+04
3.509363018085692311e+05
7.729939144482919073e+04
6.277500917177234078e+05
3.366894334200394951e+04
1.263902230225556268e+05
7.391114531645325769e+04
3.560770354882171960e+05
1.658758943163816817e+06
4.548080425841671531e+05
1.072838944429615978e+06
3.081670390949256835e+05
4.739813609495635028e+05
5.259786095541684190e+05
4.416699446269842447e+05
8.559928044946974842e+05
1.744630446664699819e+06
1.259004514157494530e+06
6.174520189337577904e+05
1.991457874121563218e+05
9.004471741503538797e+05
2.253877290235294786e+05
3.908140638228429598e+05
7.955337416511980700e+04
8.446332310478541767e+05
1.082370111749289092e+06
8.324219400355726248e+05
1.164364873995276168e+06
4.985811468369069917e+04
9.892439907647004584e+05
3.722962924204031588e+05
1.761376939999387832e+05
2.606100173276291753e+05
3.030299526624290738e+05
3.091580690248733736e+05
1.218794860260652844e+06
7.630931571308405546e+04
1.347935720460947370e+06
8.856049092513672076e+04
7.037318433308370411e+06
1.368902021218721056e+05
5.055413213380412781e+05
1.170251184448523854e+05
9.231213204854718060e+04
1.654142010870875674e+05
9.637665192271299020e+04
1.556668923654233222e+05
4.225497930835047737e+05
3.157856112174045411e+05
1.010345795937415678e+05
1.170779912048641127e+05
1.351452320123314392e+06
3.853695130571507616e+05
1.065085779494086746e+06
4.148921484839361074e+04
1.058031347827916965e+06
1.603960998646288062e+05
1.068847885561250878e+05
1.693821209147272632e+06
7.871749932620329782e+05
7.751923801271356933e+04
2.373368647396635264e+06
6.658314662785084220e+05
9.387983437304320978e+04
1.279697504488123377e+05
9.758747508614599938e+05
5.721250536257417843e+04
2.312388783203999337e+05
6.137989607015102956e+04
1.465082477630290377e+05
9.995169663649609720e+04
5.559009261906416214e+04
1.933882799592522439e+06
