7.505065488068007398e+05
5.953110225484821713e+05
1.082145712421851931e+05
2.597042276520691230e+05
5.401020582416933030e+04
1.204580383683373657e+05
1.841392469527545618e+05
2.249422236684594303e+06
2.223103364098973689e+05
2.184710009923707985e+05
2.768097671701837680e+05
8.590747306638299488e+05
6.604889751184426714e+05
5.237835892871266697e+05
7.400163025791931432e+05
1.954254169748244749e+05
9.708297796664256020e+04
1.727342951920884370e+05
3.677234004230826395e+04
1.056206595139086712e+05
7.233537312927805760e+04
4.916805777989863418e+05
1.220342612102826592e+06
3.514686937623959384e+05
3.514804982564586680e+05
1.646819577534165292e+05
1.250169714357325720e+05
1.525604786482874770e+05
2.397550565475013864e+05
1.000727015389461885e+06
1.084328739873634331e+05
3.542493774486003531e+04
8.721711802322681760e+05
2.733629305974388262e+05
1.044917564889722998e+05
1.992498978924361872e+05
6.040710315503755119e+05
2.508478588339251291e+05
9.365833903744978306e+04
1.424137371232321253e+06
1.907625690687233146e+04
8.366287810007471126e+04
1.744473359343904594e+05
1.009631418068334897e+05
1.049243915434143273e+06
1.973899356340886734e+05
7.492835863021559780e+05
9.264169394638378872e+05
4.434670570429518702e+05
8.640030936959619867e+05
3.476090748041347833e+05
1.393900059200949268e+06
1.000217215657837689e+06
3.745718921584347845e+04
2.706774061717211735e+05
3.149865625384534942e+05
4.878140000282306573e+05
1.036630217800987157e+05
1.487546635474623763e+05
3.810351798732805182e+05
2.588988484308750194e+05
6.889563906808178872e+05
3.639844315437846817e+05
8.418355208386357408e+05
9.190095950151202269e+05
2.353473771631956624e+05
6.688462053894920973e+05
1.037149600750396057e+05
9.641514733988563239e+04
1.415230119100008626e+06
6.437205580842232303e+04
3.976285034047967638e+05
5.973531194033189677e+05
2.785065753232302959e+05
1.794547545546047040e+05
2.331894995493557071e+05
1.941751625124397979e+05
5.610638153337825788e+05
9.147276840936754888e+04
9.343393177863683086e+05
1.762985023079680977e+05
8.654586817215342307e+05
3.413504364688672358e+05
3.479846700814349460e+05
4.949257333107899467e+04
2.547284936333851656e+05
3.498877124230688059e+04
7.369745048413603799e+05
1.105102512686569826e+05
7.485202474775176961e+05
1.872262296605924494e+05
1.055729581501843204e+05
3.352480786634907126e+05
7.561308758162740560e+03
3.239056439006514847e+05
2.069006937814832490e+05
1.405230282545264054e+05
2.560098968285470328e+05
2.025067163413960952e+05
1.313723130069645587e+06
3.850839006470730528e+06
3.401584332410679199e+05
8.585695596939411189e+04
3.172763473189781071e+05
7.135676069062486058e+05
5.788471487589078024e+05
8.866611490348476218e+05
1.902471464651169081e+05
6.667806205952214077e+04
3.796387317995668855e+05
2.770792877177717746e+05
1.747861099493677320e+05
3.406100316168166464e+05
4.785142635556348978e+04
2.895914216532821883e+05
7.481405450871043140e+05
2.699413406174567644e+05
1.012824459175649827e+05
1.119999403874909971e+06
2.810075468463868019e+05
1.991497171439620433e+05
2.031523735074620636e+05
6.334867656856487738e+05
3.722545858449429506e+05
1.323761310429559962e+05
4.175351018319937284e+05
3.457316758173598791e+05
1.370632729343694868e+06
6.761368505132802238e+04
4.152155536693466129e+05
1.368611889551084023e+06
1.309666273784935940e+06
4.291337032926218817e+05
9.907169149465576629e+04
1.617087593944781656e+04
1.213445896932935575e+05
5.848673031376083964e+04
1.427840006289399927e+06
4.562047083796772640e+05
6.115132101251961431e+05
1.118621540560350695e+05
4.148700259448910365e+05
9.042817102487434749e+04
5.570635242219936335e+05
4.221921914132918464e+05
7.630298956665134756e+05
9.917741253406305332e+05
1.291493657859678351e+05
1.077261672989856161e+05
1.336457689102423843e+06
6.709633968431665562e+05
2.363883029667568626e+05
7.979012812441749265e+05
2.912336838513276307e+05
6.979991337687760824e+05
2.413276880929210165e+05
2.379275108177726623e+06
6.795133945616804704e+04
6.634000565521475801e+04
1.976865458567343187e+06
4.362867165456000366e+05
5.362105329089675797e+05
1.126928113835920580e+06
1.125054947889961535e+06
1.165372848382552038e+05
3.221732503577072639e+05
3.215010167330777040e+05
4.589818789831048925e+05
1.868402508400382358e+05
1.513915516096098581e+06
2.118823064365332248e+05
1.565705914371009567e+05
1.625165297109683976e+06
1.821882922582576750e+06
1.216672386670497246e+06
8.839443513414218614e+04
1.839721885375282727e+05
4.079856742109239713e+04
9.853536202164905262e+04
3.325975656270902837e+05
6.961655297664596583e+04
2.839765810933700050e+04
7.003329545282664476e+05
4.622068447046264919e+04
2.875652936479789787e+05
7.020687080624866212e+03
2.257481286627911031e+05
5.774189290087552763e+03
1.220938499746201414e+05
1.291060009548847302e+05
8.193967985707024345e+05
3.151911815181906568e+05
2.937440231136949151e+05
6.879844602199297398e+06
7.231643937513657147e+05
4.531514117699109484e+05
7.629070696267719613e+05
2.084052256012681872e+06
1.122091918020208977e+05
2.875224437625924475e+05
3.333500288136608287e+04
7.796179038076880388e+05
2.534260704984312877e+06
7.398789442847819009e+04
7.975422153510828502e+05
1.402171196779272286e+05
1.278902743456040742e+06
3.450946824356808211e+05
8.390994110109331086e+06
7.021297928246807714e+04
5.358729514087764983e+04
1.777202246274560457e+05
5.860541760729361558e+05
8.010269797875182121e+04
2.137575838344943259e+04
7.045001782454937929e+05
1.335964702098722337e+06
2.531647359797689132e+05
1.198782781068417389e+05
1.441736306800421095e+06
6.531268761833818862e+05
1.631742047173286264e+05
2.069057085179506394e+05
3.062601104617054807e+05
3.784102426854594523e+04
3.942762831152050785e+04
9.706059330349790398e+05
1.237397294216260343e+05
1.514320453544253542e+05
9.044073624993675621e+05
6.774706909478921443e+04
4.287441436581126181e+05
7.305266846057053190e+05
1.865245890609844064e+05
1.864473453279292735e+05
6.971931902013997314e+05
1.586621611003996804e+06
2.744314625239734305e+05
3.020249528997395828e+04
1.007695021716123563e+06
5.837415858197184280e+05
2.304668648130371701e+06
1.568658543429413810e+06
1.140184466553482343e+05
2.486317192724203414e+04
4.323832174927379820e+05
6.288545404286248377e+05
5.859721622230614303e+05
9.488485751541573554e+05
1.628067459680701540e+04
1.620619069335928543e+04
2.333473541655124165e+06
2.524563577134906081e+05
5.634081398510120925e+04
2.339247587430740823e+05
1.387964949347265647e+05
1.283512213040253264e+05
8.264991947795964370e+04
9.829121645884511236e+04
1.754837531746067980e+05
2.527578812695701490e+05
6.246974147406776901e+05
8.668147480980472174e+05
1.853907162160839653e+05
1.668599897856671305e+05
4.170404467879180331e+06
1.317428454959200695e+06
6.111711673318271060e+05
1.195700387679144478e+05
1.513473722291225386e+04
9.865160718872983125e+04
3.014139560792007949e+06
3.490916376576042385e+05
9.453087352312201983e+04
3.449584457742636441e+05
1.485853493729873735e+05
2.553428684560370457e+05
1.774244185365727404e+06
1.358816872359745030e+05
1.775548328585060663e+05
6.891952826102638210e+04
2.602482766329100705e+05
6.115979297219220316e+05
4.246067210350637906e+05
1.774695755335924041e+05
6.319510631615961902e+05
1.945452907953263493e+05
3.913909590168609866e+05
3.864778918306838932e+03
7.822280672326280910e+04
7.063875512516588788e+04
1.682862603101791814e+06
5.653919508793026907e+05
1.991391454167720163e+06
1.563620916099370690e+06
6.296992045202937443e+05
8.728280233965922380e+05
8.348735110534778505e+04
2.047325259846878005e+06
1.550926968064157118e+05
3.614292613061001757e+05
4.950308911895217025e+05
3.671830787256443728e+04
1.150756434061667416e+06
5.020216127721803059e+04
7.398518076986535452e+05
3.299689514235346578e+05
1.013135480972307618e+06
4.319228494075654307e+05
2.240026134717001987e+05
3.381592529096258804e+05
5.406215004368155496e+05
2.879427014179841499e+05
3.092925861477585859e+05
4.069635801906089764e+05
7.596280932975168107e+05
1.454115828859496862e+06
3.738886688982882770e+05
1.659541726204649021e+05
5.142363095212589542e+04
1.209747911344022868e+05
1.755228329860778467e+05
3.064280855860543088e+05
9.345933651902090060e+05
1.648520722171492889e+04
7.744849254732737609e+04
5.355560658286124235e+05
7.984030309384674183e+04
6.296839977166388417e+05
1.791093941423202341e+05
5.166283030979642645e+05
5.019047284192119841e+05
1.552994321415184531e+05
2.462501245298145514e+05
6.405019091456187889e+05
3.654165004054494784e+05
5.244132523726494401e+04
1.012068513397100032e+05
3.935886621668251464e+05
1.519894449757459515e+05
1.139314685260099825e+06
8.223710150456072006e+04
2.368620080302054121e+05
8.623797930920600193e+05
5.471217434360781917e+05
8.165577736622079974e+05
4.907956003580883262e+05
3.051498310766869108e+05
1.791724809463824786e+05
4.340110918675245921e+04
8.890464115691215266e+05
7.426357950173319550e+05
4.438138033646115800e+05
1.061587538755960763e+06
1.390164696942696173e+04
2.266149497693321900e+05
5.917369223245049216e+04
5.262538435964511009e+05
2.560080414285402221e+05
2.270378599628841039e+05
6.620512504493521992e+05
1.327085003680782160e+06
1.868129804477544269e+06
2.871199567417383660e+05
2.562322168022926780e+05
1.409841149240762461e+05
4.327985346761960536e+05
1.747366250066278968e+06
1.321792893126233714e+06
1.696573527565044584e+06
2.696290657210312784e+05
3.446849844306195737e+05
1.120808618777295109e+06
2.090153493391709169e+06
7.787714942015382694e+05
2.956039279540504212e+05
1.416555146683961852e+06
4.881088666961781564e+05
5.340693091830386547e+05
4.086147885142397718e+05
1.357836165066081157e+05
8.229920205790151376e+05
7.293993299751399318e+05
2.311342617152094899e+05
2.785915448979930952e+05
4.801019569913245505e+05
7.019544700684621057e+04
5.618892708035779651e+05
7.824004930127269472e+04
3.081878904660298722e+05
2.771442804917731322e+06
3.919575587292124401e+05
4.607340634289311856e+04
6.828884259007120272e+05
1.504815631417843688e+05
1.496333484096210741e+05
2.525123805138921889e+05
5.629965301874815486e+05
8.558508673871864448e+04
1.842617221294636547e+05
5.453651676199859940e+05
2.537301096482759167e+05
9.389308480746847636e+04
8.267276992336316034e+05
4.049030240921719815e+04
1.353395785706511524e+05
3.133040813703605090e+05
8.846686146880369633e+05
9.669858547024233267e+05
4.878065665879390144e+04
3.808002001908470411e+05
1.606250880394237174e+05
1.427591433748995769e+05
1.472936309046593378e+05
3.854919050589083927e+05
9.062800873470216757e+05
7.998254293543327367e+05
2.756568712211392121e+05
8.181885704194911523e+05
2.357960994816736493e+05
4.703139296523302910e+05
1.267501050345389231e+05
1.976383691827270959e+05
1.208506893970864185e+05
4.444117245449732873e+05
1.678229798965880182e+05
6.860851913976819487e+05
4.560098497040307266e+05
1.035129951538762660e+06
5.298374619899022946e+04
2.437375376072473824e+06
4.084780735757680377e+05
3.098399762830691761e+05
5.892355562198924599e+05
1.469667691301292274e+06
1.492789996860002866e+05
3.764633339648914407e+05
3.605684408146108035e+05
2.935135285608383361e+06
9.937749588002423989e+05
1.307054528969588428e+05
5.782992539451133052e+04
1.316558143750581075e+05
8.289535529602711904e+04
1.371967617231336189e+06
1.380696596398247406e+06
2.475541789118302520e+06
8.370266459165548440e+04
1.524780254876434046e+05
1.645463188520687690e+05
3.018688760079887230e+06
3.793699459497141070e+05
6.111826124098820146e+05
1.553659690740751568e+06
9.319365945212044753e+05
1.507387953625433613e+06
6.626477565214358037e+04
3.727358540358359460e+05
2.977002226949240430e+05
1.388739020503970329e+06
3.520150983333578333e+05
3.929866423246488557e+05
3.508797471734436112e+05
4.768763921751145972e+05
4.054824980688416399e+05
1.417350881854839972e+05
1.731532442938312888e+06
5.341848233937203186e+05
8.446858032242657617e+06
1.512289217993555940e+05
3.644567481238106848e+05
1.712306559325253183e+05
7.061894738138829416e+04
5.363815505706347758e+05
1.005718383530408755e+05
1.705980038453514571e+05
4.053346766656615655e+05
2.302639369184999960e+05
5.376087702108687954e+05
7.071499076094301417e+05
6.729248038473896449e+05
1.017321481934045296e+05
7.401124242161388975e+04
1.618209148879889690e+05
7.216516307640832383e+05
8.894572928736794274e+05
9.671201123258350417e+05
7.165558224012404680e+05
3.772337691470077261e+05
7.723370260903986637e+05
4.500535375307677896e+05
2.648677540676647186e+04
8.226633604622422718e+05
1.640858090319085459e+05
4.943537914004890248e+06
7.980960175164045068e+05
3.838043312665803242e+05
9.763889636502288340e+04
1.964196418851128547e+05
4.820837082044568378e+05
1.822822956682027434e+05
2.790424935530086077e+04
6.815165347068341216e+05
1.867958414169426542e+05
1.320718153755101375e+05
1.040312942556231574e+05
3.569143114977535442e+05
5.459843475075343158e+05
3.916608525324755465e+04
3.569010552553544985e+05
4.832179736270732246e+05
2.096371154777873540e+06
4.450781502949865535e+04
2.390903066755126929e+05
8.175669724478110438e+05
4.545704593815482222e+05
5.135010563060107525e+05
3.708697248434893554e+05
6.415059226373390993e+05
2.263785973077725794e+05
1.823401003631702042e+05
3.984477498018378392e+05
7.910377864973729011e+05
2.491585362321385765e+05
8.200313266577229660e+04
1.588779650573378894e+06
1.259383829515884572e+05
3.694498073172997101e+05
6.579923373134301801e+04
1.571767586183552048e+05
1.591821394429917913e+06
6.196076566459068563e+05
1.095239814308240777e+06
6.408022598315377400e+04
3.104787820308218361e+05
3.099497059438138967e+05
8.232392669262867421e+05
9.799730717766815796e+05
5.064754605680227396e+05
4.837036074788934202e+05
7.711358508281441755e+04
7.041512513454633299e+05
2.625383973997487919e+05
7.747417791526805377e+04
3.157447583096564049e+05
1.073750904653728649e+05
5.015307191837571445e+05
5.388829965483787237e+04
3.334535681092893938e+05
2.074122960013276897e+05
9.224767732001718832e+05
2.209448870173079195e+05
2.595922411474340770e+05
2.417388376069432998e+05
6.994110841486486606e+05
1.217045932129170433e+04
1.005222322777679510e+05
2.172458727180231654e+05
1.005981713782450533e+05
1.865066079028634704e+05
4.734129360780909337e+04
7.083740575703298964e+04
1.386150964493231615e+06
2.066596606228266683e+04
4.345440268127668533e+05
6.812561038845164003e+05
2.056723074815956352e+05
4.594778492194636783e+04
6.921032574050086550e+05
5.872112285703883972e+05
3.778868744815231912e+04
4.578166686106551206e+05
6.238874525729248999e+05
1.810808754881848581e+05
2.860162626646882854e+05
1.110858867044487968e+06
1.410039858042688866e+05
3.613851301109957276e+05
5.156460367020066769e+04
1.985009414890472544e+05
1.353943415842521645e+05
5.759996379166126717e+05
3.943061477970043779e+05
4.133073415660903556e+05
2.090874265488162055e+05
4.317558560047514766e+04
1.058084947391889989e+06
9.689410888038523262e+04
3.828199684167336818e+04
3.546575057438666408e+04
2.644466346537929028e+06
7.394024266080750385e+05
3.073339714698019088e+05
8.215438061492362758e+05
1.285528830391030060e+05
3.032401742306968663e+05
9.591709412041159521e+04
8.182296844263516832e+05
2.448926146052537952e+06
6.297126332590505481e+05
2.323151476922185393e+05
2.586953538944459055e+06
6.372242102274236822e+04
3.846418584905288881e+05
1.784673059323315974e+06
2.474834215539083380e+04
8.037803984142406262e+04
1.389374711353747407e+05
4.690360265275544371e+05
7.044626185927372717e+04
1.563497888564882567e+06
3.078721681763007073e+05
1.086634485062230669e+05
1.086844276923068355e+04
1.071573589748147177e+06
1.707593669115572236e+06
3.232329120698814586e+04
9.328101184359753097e+04
1.530277674466308963e+05
8.777158518340250012e+05
7.535736226544593228e+04
2.067404204788726754e+06
1.898062039976686356e+05
1.153340152537025424e+05
1.235828588054254651e+05
2.350320416737462510e+05
7.928642967248689383e+05
2.997162838944611140e+05
2.243107239487972984e+05
5.024425832265678910e+05
1.360387990376306407e+05
5.190121917123025050e+05
1.745444322896027239e+06
3.117815504983772407e+05
4.060439302590173902e+05
2.288155481864453759e+05
6.325215154920922942e+04
6.750195474775475450e+05
1.276216397473258985e+05
3.779170540826733341e+05
4.579062474865300464e+05
1.460132323859237076e+05
2.254374070048086345e+06
1.142050711548580439e+05
1.613516021532860759e+05
9.378879827664763434e+04
6.605648233172511682e+06
6.751551189593498129e+05
2.822689474336507265e+05
6.401141528898765100e+05
4.836421732334582339e+04
1.900180593220158946e+06
5.979702196182981133e+05
6.147611576352379780e+04
7.622553499560047640e+05
8.342603299119595613e+04
1.823546712642909260e+05
2.579497305018723710e+05
6.422998500689315551e+04
8.089446262886628392e+04
5.347468651955706300e+05
9.879996031747468514e+05
1.044389651753591461e+05
2.089496737783156335e+06
3.937449670830505202e+05
1.368552343420144462e+05
1.781153305407441221e+05
1.129994571602469077e+06
3.937169369825963513e+05
2.112955214497649868e+05
3.123693234390536672e+05
7.173001597730577923e+05
9.420978139023412950e+05
4.110159128666447359e+05
2.902986852633066941e+06
5.741636140140184434e+05
2.050655827540636528e+05
4.766927024513397191e+04
4.682443714174138382e+06
9.824657557107404573e+05
3.815148298794791481e+04
5.385941659791797865e+05
5.902104106246398442e+04
1.221517216338541766e+05
5.450949265183427633e+04
2.873069677116784151e+05
1.314362783532664471e+05
2.149797076330349082e+05
9.864620696302476572e+05
1.866841137468566012e+04
5.612227591550096404e+05
6.162000063235935522e+05
1.602612921806198428e+05
1.166023104358831188e+06
1.203226090456850594e+06
1.310911798703541281e+05
4.118189353054850362e+05
3.670606615919150063e+05
1.489901968238629168e+06
2.643960891430863412e+05
3.841810540605327114e+05
6.043650642381551443e+05
1.294232446628446225e+06
4.954886499751820229e+05
2.461351246993414592e+06
1.071678958412577631e+06
2.688923817883241572e+05
1.980157878044497047e+05
4.347953075282471837e+05
1.549803769191915053e+05
4.923671076745025930e+05
2.679018950702569564e+05
1.039754387188361579e+05
2.165377730123653891e+05
2.682756541551047849e+04
1.844666101471660368e+05
1.694764060316040181e+06
1.386978926014994038e+06
9.967340486093742948e+04
6.590076249723731598e+04
1.852612892462821619e+05
3.772158316659318516e+05
6.405212427241462283e+05
3.247664990523472625e+03
1.391434171328245720e+05
2.255686692086781259e+05
5.217691056052492349e+05
1.589796491780468496e+06
2.020556601253230823e+06
4.557607451574747683e+05
5.700450249644895084e+05
3.003908347286391654e+05
1.783680880061432719e+06
1.690473239112974552e+05
3.262503409155616537e+05
4.782965673535209498e+05
2.029684258591815887e+05
4.178465924171156366e+05
2.721680496006529211e+04
1.526531063412204676e+05
4.588383201695348253e+05
3.867821204327597516e+05
6.212825655424728757e+05
3.479347851901577669e+05
1.179460300920961599e+05
1.562311066028885834e+05
6.233096589411829336e+04
9.307179616915992228e+05
2.097422699487392383e+05
2.986252543684395496e+05
1.161978054775249213e+06
2.939429085350892041e+06
1.443602717089207377e+06
4.176247933490711148e+05
7.667422249724923167e+05
3.467598945527297328e+05
7.070286897017741285e+04
5.228489201496056921e+04
8.917754028800162487e+05
1.861072752144088736e+04
2.859737035876240698e+05
1.280708853539785923e+05
8.344738685231803684e+05
5.649496463738796301e+05
1.566861314129536913e+05
1.396032016669118311e+06
1.018313185621733573e+05
6.568937851599695859e+05
6.669003323251352413e+03
6.540963453827076592e+05
3.010862823637977708e+05
2.845578719243683154e+05
1.609757744318578807e+04
7.043614178132986126e+04
6.304437516864916688e+04
1.120159083399936208e+05
2.702599436709182919e+05
1.923694602078080934e+05
2.804004308575476054e+06
1.344989669883697352e+05
1.082069086430574534e+05
1.537569128019107739e+05
1.658057022002394078e+05
7.081573814986256184e+04
7.649257926341061248e+05
4.397571254820678732e+05
6.736186388254045742e+05
1.688397384520319989e+06
6.847523180420200515e+04
3.774966213498226134e+05
2.265553635597660206e+06
1.524853191062586557e+05
5.055118314451815968e+04
7.664027038405800704e+04
3.811151826260370435e+05
5.529411292100886349e+05
2.387293348807113653e+05
1.246610183944426826e+05
2.531216906764070445e+05
2.649231531477787648e+05
1.869107808991453203e+05
3.393981046342721675e+04
6.727746081352609908e+05
4.236986708548101160e+04
6.659014547072186833e+05
2.292164356912315125e+05
2.593979545365443628e+05
3.820677626708034659e+05
4.898663250841441186e+04
8.711563659587531583e+05
6.168211970138261677e+04
3.639253506603938295e+05
3.404664162177545368e+05
3.944796561532556370e+04
4.393234106553051388e+05
3.983788647944627155e+04
1.624861346370144165e+05
6.798399281915038591e+04
5.566876274136897337e+03
6.510044893995639868e+05
3.370805476358750457e+04
2.662728830549889826e+05
2.483987207584806252e+06
2.798048866731936578e+05
2.065555878584416059e+05
1.806865373112327943e+05
3.810035078383471118e+05
1.202771910658360866e+05
5.397028672168328194e+05
1.023439559641048108e+05
5.786417409790303791e+05
9.947812994721629657e+05
6.438291259195674211e+06
4.686147872833161819e+04
3.403597742753449711e+05
8.670987496884887805e+05
7.506874146269951598e+04
7.873448241457834374e+05
7.185510753900089767e+05
3.944729242328671971e+05
7.101614485307347495e+05
5.799854241739406716e+05
1.987498117807997623e+06
1.095728901553268544e+06
5.201724993526363396e+05
1.199850587817216991e+06
1.009439566219567787e+05
7.614246592451914330e+04
7.441925032582468120e+05
1.982620337631641596e+05
4.841822263861210085e+05
1.085925931065759622e+06
4.741789739714042662e+04
1.731643405978938390e+05
2.242828161732673761e+05
1.197561587688381085e+06
5.501656696903673001e+05
1.753829357797119010e+05
1.166700040510075341e+05
1.267520267197460926e+05
2.808044986662701194e+04
6.288810525014651939e+05
2.069582637729403505e+05
1.420547870103602181e+05
5.243768717509794806e+04
3.954081517865307396e+05
7.570868372022832045e+05
7.695321794415861368e+05
2.193379158269974869e+05
1.779539979148955535e+04
2.509550716968929628e+05
7.930504664884983795e+05
2.478574996924629086e+05
1.145410645800279453e+05
1.832337625871102791e+05
2.849333265580227599e+05
4.420703730841040961e+05
1.617579572063002735e+06
2.474010705751361966e+05
1.158664929461283464e+05
1.278193986374527594e+04
1.334308576119139907e+05
2.904629155612841350e+04
6.170692431356190937e+05
1.654580582143315987e+05
1.043508505851355440e+05
1.314421911313134478e+06
6.839100532589212526e+04
9.350910327857190277e+05
3.758264656677318853e+05
5.147317115801665350e+05
5.592618325941434596e+05
5.315887498538589571e+05
6.171879425065816031e+04
1.162826163957301062e+06
8.661896927356484230e+04
2.674484003187230788e+06
2.527898256880211120e+05
2.901142495682771783e+06
2.152726035865005397e+05
5.085797203725906002e+04
8.241279224523415905e+04
8.008321838193936856e+04
8.998310447103305487e+05
7.001133859607140766e+04
9.217569146761685261e+04
2.248377170569824986e+06
4.189718885903770104e+06
5.789701980658734101e+04
2.397070222756908275e+06
1.832761972135964024e+05
1.473330865448139375e+05
2.263890691885448468e+05
4.458832689718852635e+05
6.459522863226720365e+05
6.178015075711137615e+05
1.479978161025458248e+05
1.225389324951769668e+05
3.832899370801980258e+05
1.320080900089622010e+06
6.248030149708710378e+05
2.954980548860903829e+06
1.473700686760578246e+05
9.215751833357175929e+04
1.426748290737437084e+06
4.080328468700936355e+04
4.145142337597432197e+04
9.632489169683089131e+04
2.097402351131834730e+05
2.027810877394777490e+05
3.911358367361088749e+05
1.376766097082058433e+06
1.086789126398246968e+06
8.519449105536073912e+05
6.481172613570068643e+04
5.664234792910493707e+04
3.770678033883989556e+05
1.697465481238745619e+06
2.519262058094511449e+05
1.433772015971947985e+05
2.766148855652950588e+05
1.413308906620011549e+05
1.001438109567277483e+06
1.425665293673863052e+05
1.799714065264251258e+05
6.258100844501483516e+04
7.632489251779980259e+05
4.225874018311133113e+04
1.520689743841218005e+05
4.183795230554855516e+04
1.743185115598644363e+06
1.026731783729912713e+05
2.188150976448835863e+05
6.372389525868670171e+04
3.641387689196139690e+05
2.226249831640072225e+05
3.749005170274846751e+04
9.714058123934391188e+05
1.740118887194470735e+05
1.366470652582652634e+06
5.956400098819274717e+04
4.864640975555563928e+05
4.292956153016260359e+05
3.876953223884564941e+05
3.689160901535123703e+05
2.163259639417529106e+05
1.222488743794043694e+05
8.368182257729781850e+04
1.722933346839519218e+05
8.766149380676018773e+05
3.024637223244742490e+05
1.370596918770919321e+06
4.968780614677432459e+05
6.890647547634699731e+04
1.659568971965251840e+05
2.219847607138956664e+05
8.059735215984826027e+03
3.452435752533436753e+05
1.317269301295289479e+05
1.479214196314047440e+05
5.112239783774368116e+05
1.445085728307901183e+06
2.673815040139433695e+05
5.790340576203308592e+04
9.354455127960634418e+05
3.589243494075769559e+06
7.101073560191377765e+05
9.415990419391995529e+05
2.143392596451922727e+05
1.776186263787362492e+06
5.007243857162574423e+05
3.742721407261300483e+05
1.688368266369509220e+05
4.183204507930929540e+05
3.057795042247614474e+05
1.223910468586791249e+05
7.208092213911135914e+05
1.529791623649433313e+05
1.131357774217166472e+06
3.888010858573616133e+05
1.369824779370919860e+05
1.259284402029119199e+06
2.060781986163421243e+05
4.202719234967916273e+05
1.144491536391988338e+05
2.879118823315988760e+06
8.683006159165182617e+05
2.224325046256077010e+06
2.154918437667315593e+05
2.530828434032620280e+05
3.952817909565414884e+05
6.147546932187882485e+05
8.488710691618182464e+05
8.359553049645640422e+05
2.213453654320527276e+05
6.049975775646826951e+05
4.195309600331732072e+05
2.368612563680496532e+05
5.027200922448251367e+04
1.261153535893852590e+06
8.893067297001854749e+05
1.635690703131030314e+05
1.741626150072563207e+06
2.332829524953546934e+06
6.166814424911135575e+05
1.115293384047739441e+06
3.999362923883559415e+05
8.817650082930458011e+05
3.064948322761322837e+06
1.891175401397070382e+05
9.484365659482980845e+04
5.631927991603529081e+05
3.436135362873043050e+05
3.036951489995743032e+05
2.131978882001688762e+05
4.217661649323763559e+05
9.661045662407811324e+04
5.170985843490731786e+05
8.313999260658254207e+04
6.531790476169910980e+05
1.553741476860755938e+05
6.515992803921590094e+05
1.195704876553843787e+05
2.470425472398485057e+06
8.092206715007881576e+04
9.203133606862614397e+05
2.784228134427107289e+05
6.835106401567179710e+05
1.515679310820248429e+04
7.347964262066972442e+05
2.615169567560353025e+05
3.633099912188180606e+05
3.365998885561642237e+05
2.820058354495823733e+05
2.353233973821778200e+05
1.463600902430732502e+06
2.464015856544784037e+05
4.116323972784995567e+05
3.312576507431247737e+05
3.344503770326583763e+05
3.672748766470074188e+05
2.265815569932192564e+06
1.440143574926438043e+06
9.437881823736953083e+04
9.878446538373065414e+04
3.926849204264260479e+05
1.748780947189314058e+06
1.356841227739361348e+05
5.469686532502885530e+04
1.910566046996601508e+05
1.544146447093221825e+06
1.045962844739524189e+04
4.110654575543382089e+04
2.190744140866010857e+05
5.658039161358819110e+05
1.222856600146738579e+06
1.368449521608617855e+06
3.313912184789408930e+05
1.799320494665398728e+05
6.967706604618297424e+05
1.116759441205446608e+06
2.376385549554506433e+05
1.039442362948797090e+05
2.602148495904277370e+05
1.071248216507198958e+05
2.938582234699723194e+05
2.470640056962042581e+05
6.864621919458833872e+04
6.900026877737577888e+04
9.517222008064291440e+05
1.469961569136774633e+06
1.572394878686891461e+05
5.900872094637175906e+04
5.352116726705262408e+04
2.208469139528870292e+05
5.888755684521248331e+05
5.235347447184087941e+05
9.004991984268253145e+04
2.191578541739592401e+04
2.711831819117728737e+05
1.774131826573142898e+05
3.794748195319339866e+05
3.253043766605565907e+05
1.585536856797932123e+05
4.118736702355083544e+05
5.211215236914022535e+04
3.158393873630214875e+04
3.210205674651645822e+05
8.999743293679362396e+05
3.952087992290225229e+05
3.387291415656988975e+05
2.736904912497757468e+05
4.307701700119889574e+05
4.242652649657005095e+05
2.439558534438520728e+05
2.410732668120832241e+05
1.053784511600712722e+05
4.325973475268410402e+05
5.806412223148046760e+05
1.883008905297025340e+05
1.584441858970408503e+05
1.127670783182598097e+05
1.322335143215927528e+05
3.260899849498077529e+05
1.182181422502591973e+06
2.113758828813606524e+05
3.818367097713597468e+04
2.794947213990705786e+05
5.035931969207137445e+04
1.131740696173602948e+06
4.698608138726457837e+05
1.376238155959935160e+06
8.475146021478994517e+05
5.009221693313270225e+05
2.794226025480589014e+05
1.595789068879699043e+05
1.528751862832299958e+05
1.448805201640180603e+05
6.635385777826807462e+05
3.076776725518378662e+05
4.600671652379276929e+05
2.550144384343801648e+05
5.098972586750875926e+05
2.829948805075248238e+05
7.310805134600570891e+05
1.826934850632134592e+06
1.162565793750684388e+05
8.910001743914333638e+05
1.609406332980942097e+05
9.280592027835616609e+05
1.652115799728438957e+06
3.436765623472297448e+05
2.094512829679274582e+05
6.244587523366555106e+05
1.592187647368116595e+05
2.397238620697815437e+06
2.887880957196218515e+04
2.250777991458619363e+05
4.101008223602449871e+05
1.223491233708921936e+05
3.064665776351583190e+05
8.552347483076638309e+05
9.497103858075935859e+05
5.931256075095763663e+04
1.701268643400090150e+04
9.179941304522685241e+05
7.449182499123326852e+04
3.042446374373043422e+06
4.967578929608233739e+05
1.104650183013797914e+03
2.201687754917488492e+05
1.698289041485829221e+05
1.115690479446793324e+05
8.110910056397339213e+04
4.757802030349834822e+05
1.067677770480914740e+06
4.859472201970279566e+05
3.952078749448280432e+05
3.229786818569086608e+05
1.775074901015453215e+05
2.341809625870616641e+06
3.282919357825829065e+05
5.191289954695556662e+04
1.384197896208513994e+06
2.361664103423010092e+05
1.451876775104203552e+05
8.819181909594127501e+04
4.770417869980575051e+05
4.712792077994760475e+05
1.272883764251858374e+05
4.088529305719191907e+05
1.205950622237684671e+06
3.048401376412251499e+06
8.136863202223499538e+05
2.298286371348595421e+05
2.570995481570217526e+05
1.194750996981023200e+05
1.456514903751850128e+06
3.472939199881902314e+05
1.120233229968820699e+06
2.926609339396250434e+05
1.779506554360274167e+05
5.345742896675302181e+05
2.089960726598783862e+06
1.479056303683255392e+05
1.287802725216276245e+06
5.302817078832407715e+05
4.579131465849556844e+04
2.462990496079342556e+05
9.053548483564698836e+05
2.898265942910706508e+05
1.938136631150565518e+05
1.754439284171219624e+05
3.050896388804051094e+05
1.708566263537619961e+06
1.109078573432362646e+04
1.766380269360845210e+06
9.397447806354956992e+04
9.688769701633308432e+04
1.126418567588370526e+06
1.267241881869817153e+06
4.270258833421461168e+05
1.200644289758581144e+05
2.108452948132343881e+05
5.656593893360497896e+05
1.960343759330914181e+05
9.076108527832679101e+04
1.154964184490956395e+05
2.651950497724019224e+05
3.229984660165401874e+04
4.461445069095939398e+05
6.211452529827489052e+05
1.569693036193611915e+05
3.532292063109771698e+05
1.602483423028844409e+05
9.424540338584309211e+05
1.353665608191348438e+05
1.129398440151388058e+06
3.596359946134579368e+05
1.904868162731766643e+04
2.187541615822492458e+05
2.054968149072165252e+05
6.733948275767749874e+04
2.165030852064596256e+05
1.192499979500501417e+06
7.723146729105636477e+05
7.077566435623369180e+05
8.344258647615369409e+05
9.529513222667977971e+04
1.387458929393331928e+05
1.547520423653155100e+06
4.770893711965627153e+05
1.393274504913000055e+04
2.051160618554520421e+06
1.111249084305866389e+06
8.610981022220848827e+05
1.245634926110926608e+05
7.820631059597101994e+05
1.589709222068244126e+05
2.187652487686621025e+06
1.201725170577312674e+05
1.313789922034871415e+05
1.109575951004786020e+03
7.484117126424591697e+04
8.865064556401098380e+05
4.516414506068430492e+05
6.800313536995703180e+04
3.488003756399197155e+05
1.069520901747286116e+05
2.322569520721864828e+05
2.456557753481813997e+05
1.108414249171512784e+05
3.161463382774749771e+05
1.757184294000234513e+05
2.510899604768828794e+04
2.023831231361777463e+05
3.052576119865282089e+05
6.780962855007037288e+05
5.727939268856436247e+05
4.996762038010685355e+05
4.948375761323614279e+05
8.214472021982372971e+05
2.128726292053426616e+06
6.443869714081008715e+04
1.482714123925948516e+05
3.950431111134006642e+05
4.495969638065735810e+06
4.679357358709622349e+04
4.056274272637930699e+04
1.644631717739193409e+05
4.324145779601390823e+05
7.199003124800224032e+04
2.758965968658120837e+05
3.198047025047066272e+05
2.149517736621939403e+05
3.403212298917385750e+06
5.793427803175089648e+05
9.294524847801058786e+04
3.702046574770524167e+05
1.363062842808789865e+05
1.392577516071284655e+06
4.096568282506747637e+05
1.805107598446204793e+06
2.413156862016651430e+05
2.485608541833249328e+05
1.152661664526164532e+06
1.823932598672045424e+04
6.485708681504810374e+04
6.096628944019457558e+05
2.743159217030659784e+05
3.279650904215350747e+05
1.138983429580511483e+03
1.977467145539776538e+04
4.242377095451069763e+05
1.352763571268549422e+05
1.004302876143930946e+06
6.717779022245151282e+04
1.037941361447726958e+05
9.801809528611011046e+04
1.040300488799818704e+05
1.135574221302632068e+05
2.084583156117501203e+05
8.535840092584642116e+04
5.753823621497938875e+05
2.419446540307074974e+04
7.720353262769158464e+05
7.768969837032412179e+05
2.762939459064499824e+05
8.376886989703771542e+04
5.438701999933151528e+05
1.968267437926399580e+05
9.321886142790477606e+04
5.882628207346388372e+05
1.411758740581254009e+06
3.782222884746213094e+05
1.015977238958233153e+06
9.293236113788695366e+04
2.769356209247062798e+05
6.480667652963174041e+05
2.450624778585767373e+06
8.617361721302979859e+05
6.738369150605532923e+04
3.165712821687668329e+05
4.942558550032846397e+05
2.528825164550309128e+05
1.143437909767149249e+05
3.682315648441608646e+05
4.969800113828741014e+05
1.840226073980015935e+05
2.145256123766677920e+05
1.940757961428153212e+05
2.741213980816628318e+05
5.108822450487787719e+05
9.084491865728161065e+04
1.401076712917719502e+06
8.465425975186026189e+05
6.510414744358537719e+05
1.207344022383999691e+05
2.984139081775871571e+06
1.245158384677500144e+05
6.220961893654732266e+05
3.702613105304143392e+05
1.819639842406766256e+05
3.277173428176459274e+05
9.782438748348632362e+05
8.735594855367300333e+05
4.414818874818076147e+05
4.180507968031808850e+05
2.345059531683299792e+04
4.667724226575891953e+05
2.182668425623491348e+05
1.853791186498789175e+05
1.320930564024564344e+06
4.154356531146439957e+05
1.529625294549776299e+05
8.139053016342346382e+04
8.555147460313919000e+05
1.853213198256000411e+06
6.589178438521089265e+04
1.776361640929412679e+05
5.341420445754395041e+04
7.657727619904390303e+05
9.898691339840342698e+04
1.484296701387727400e+06
5.333120432484529447e+05
1.753049699619724706e+05
1.223855818890989322e+05
6.379538961238366755e+04
1.895764377565020113e+05
1.313926626957195986e+05
1.312092221483371395e+05
7.344463472634108621e+04
2.398247430819054134e+05
3.919259120866385638e+05
6.001967673639506102e+05
9.004988383012126724e+04
5.143940856675930554e+05
3.488217407480569091e+05
1.958010085821759712e+05
1.216115632430718397e+05
1.347326476335928310e+05
7.452103819634667598e+05
2.612588053056604112e+05
1.009482949653030482e+04
1.109285890797937289e+06
1.383329624294274254e+05
3.589965184387384215e+05
4.849110229901640560e+05
2.284273350978809409e+06
2.882825841280567925e+06
3.557811964414460817e+05
3.895607974688748363e+05
1.234283665694400668e+06
2.554360702428765595e+06
4.455528113297598436e+06
5.866739516751307528e+05
2.049580943218267639e+05
9.306949692531196633e+05
4.113256999143770081e+05
2.668328818996098707e+05
6.549924624814077979e+05
2.943812193545097834e+05
4.495761259999617323e+04
2.011235898746886523e+05
1.368414109863706690e+05
3.488729985901144682e+05
5.827736045868310612e+04
8.307381648879805580e+05
2.849715813268568018e+05
5.761108342325787526e+05
3.674049376644954318e+05
1.471396565909991332e+05
1.463113996472250728e+05
8.034844545256313868e+05
6.741927545556843979e+05
2.716301159908251720e+05
1.355002704979441362e+06
4.793844456229864591e+04
1.305611161542569753e+06
1.094909105668454431e+06
7.870966287765773013e+05
7.702957600017229561e+05
1.836612168278198806e+05
1.870187749281598662e+05
1.600029294594663952e+05
2.700139102330383612e+05
8.299512774029601132e+05
1.956684384775651270e+05
3.559324457215458970e+05
3.448550265824513044e+05
3.863278173266540980e+05
4.739574234652490704e+05
1.764958831495831721e+06
1.134115440448056674e+06
5.908344421298895031e+05
3.105855862760196396e+04
4.831817219325426966e+06
4.151130659189088619e+05
1.142302754265930853e+05
2.061067887400486215e+05
1.437726449958311568e+05
5.249737323345963378e+05
8.522215713191601681e+05
1.483092609598098206e+05
5.247668898669131886e+04
8.406018582134124881e+04
1.159344361874600872e+04
1.333799838519731129e+05
2.237468687481254456e+05
7.065204587453916611e+04
2.130639921157383069e+05
9.983977818478523986e+05
4.418166615537243779e+05
3.170900108820719761e+05
1.339305392151915003e+05
1.156346352314679280e+04
4.246086656379736814e+04
1.928421268689154647e+06
1.231794714922719140e+05
3.326016499185416615e+05
3.169184441053119735e+04
4.025061062749327975e+05
1.350846806361657855e+03
3.977720626537444186e+05
5.129762497680751258e+05
3.216527237981270882e+05
2.152096576642241562e+05
9.860095711215474876e+05
1.137098548487429973e+06
1.430359480781940743e+06
3.280425397740361514e+05
2.099228751002788078e+06
1.772072473343320307e+05
1.595303581182789290e+06
1.552405394009451848e+05
2.140463469839670288e+05
7.450052395485879388e+05
8.438251748804129893e+05
6.378461946936539607e+05
2.778662100096893497e+06
7.811527773988431727e+04
5.590454899677226786e+04
2.366926342988558172e+05
6.325692069248440675e+05
1.030608531344183255e+06
7.309590683339007664e+05
3.268339462977212388e+05
3.931383628094632877e+05
2.632965402991728624e+05
1.839861416753668338e+06
2.140559712516019354e+05
6.784857549850536743e+05
2.144917745276557107e+05
2.557085391380469664e+05
1.378332452618089970e+06
9.376009931480560917e+05
7.101588141078974586e+05
2.543561097415941185e+05
1.101595165014264174e+06
8.652620516801922349e+05
2.043905269568721298e+06
2.110089102069853805e+06
1.822491190439294092e+06
2.530478988189690572e+05
9.821742696844730744e+03
3.424442290968310554e+05
1.396417451573674567e+06
7.676547078546996927e+05
9.657038517514121486e+05
5.407181797581511782e+05
1.177447228278663824e+05
1.530717426163110416e+06
6.091676471153516322e+05
1.243608876827585278e+06
6.460091369798202068e+05
3.052253185025975690e+05
4.198325627949927730e+04
5.624945836855678353e+05
3.981639144552166690e+05
2.578201725882363098e+04
4.985823795945512247e+05
1.726480574291924480e+06
8.380303617728139507e+05
1.634537738423033152e+06
4.010705874211616814e+06
6.243077676410898130e+04
3.901726383289037622e+05
4.419064096792367054e+05
3.549662522671022452e+05
3.682818195571671822e+05
1.077640375761919713e+05
5.516168063862348208e+05
6.518548523952924879e+05
1.861509284266397881e+05
3.724551757898004726e+05
8.248341053838228981e+04
7.964306461081973976e+04
6.843075699895625003e+05
3.173093031356547959e+06
1.422333023773671011e+05
5.642869210500626359e+05
1.565572375132025336e+05
3.762621451469017193e+05
2.032976446948274388e+05
3.406034173778212862e+05
2.008352168653922854e+05
2.827653093509591999e+05
1.828992661571361241e+05
6.456089531639587221e+04
3.054568370819416596e+05
3.908514781457804493e+05
1.215544567014559580e+05
8.152501273634881945e+05
8.370446417392540025e+05
4.976552789512115996e+05
3.939267310434092069e+05
1.001404316271325573e+06
8.443931737952783005e+05
1.272585278204355418e+05
2.376208560308048502e+06
5.680528443849178730e+05
8.089408995278112707e+04
2.867479714526075986e+05
4.257389679777882993e+05
1.730207360247526667e+05
4.112896334247232298e+05
5.483099545615827665e+05
1.265828660058744281e+05
3.348504811298968270e+05
9.642659908587844111e+05
1.773404801887664362e+05
1.342599325329616200e+06
2.121501621683132544e+05
8.327817600689968094e+05
4.064625269152174005e+05
2.916998110070728231e+06
7.796084793961190153e+05
5.132630353016718436e+04
6.234944784780171467e+05
6.149390224104828667e+04
5.785286370870809769e+05
2.696033780044533196e+05
3.557409358292233665e+05
1.029328172552389326e+06
7.730358225538332481e+05
5.324396014655372710e+04
3.816823002546404023e+05
9.434475470160545956e+04
5.457432303889110917e+05
5.158669417051681085e+05
7.236611372356401989e+04
2.058442333765455405e+05
1.072009205046257121e+05
5.424556191152606516e+03
1.563272934723322745e+06
1.316105685690933897e+05
3.074550220956268604e+05
2.980811223046876956e+06
7.362342880426604534e+05
1.474909180767472135e+05
1.919005430215561646e+05
1.368901903923635604e+06
1.041729457030532794e+05
4.010682762864038814e+05
4.146741571995877312e+05
3.007258216467504390e+05
4.403819080354867619e+05
3.775713319656327367e+05
1.858457431877292111e+05
4.086946569444759749e+06
6.616006442524800077e+05
1.131409509646299266e+05
5.449921204196452163e+05
5.029027453397851787e+05
7.207992085589483613e+05
2.625079189421228948e+05
8.638815451657792437e+04
6.657508550939534325e+04
1.126091053483887110e+06
1.544324813829446211e+05
3.360110987846292555e+06
2.417789420023915824e+06
1.311753485211380466e+05
1.015589595254408923e+05
2.660541543361395132e+06
8.463369554326178331e+04
3.697468241223492078e+05
8.831553986333835637e+05
1.533857992829665600e+05
1.631562698205675406e+05
3.270486427548672073e+06
4.409142309378356003e+03
8.041835341196198715e+05
2.450411891895619046e+05
1.521757735072904325e+05
4.113503116241978132e+05
1.889025306469106581e+06
1.864571249563319434e+05
5.366340047243530862e+05
8.341873700746908435e+04
2.159722194878311711e+05
3.248550243521818775e+05
2.614102292610712902e+04
1.280623655018434365e+05
5.656753678005982656e+05
6.822136741802664474e+05
6.459032187107771460e+04
4.126942571922153584e+05
4.558915323551463662e+05
7.527177139002945041e+05
2.604917661014770623e+06
8.436897055775516492e+04
5.086608705751103116e+05
8.445448896665741922e+05
2.320836703066829068e+05
1.613183422147561505e+05
1.090032639011542924e+05
3.972549629809001344e+05
4.396504591817323817e+05
1.349535193800716661e+05
4.533581615482260240e+05
3.774462029353954713e+05
9.033903286235453561e+05
1.963084338952062826e+05
6.888373093825317919e+05
1.544758513342440710e+05
5.361944945430532098e+05
3.674909654066737741e+06
9.113605525198040414e+04
1.329538876055540517e+06
5.760725505957130808e+05
1.756855609777321806e+06
1.838040824947913643e+05
7.626347607731238240e+05
6.543075534848703537e+05
9.786597231032386844e+03
8.027306277871716884e+04
5.824255045017602242e+04
3.032642770420052693e+05
3.788295445693443762e+05
1.109700239773533831e+05
4.243479076134993375e+04
6.335559653791539604e+05
6.695963816212133679e+04
2.009591529713032651e+05
5.296424851613618666e+05
7.153530206733279920e+04
4.635532428206427139e+05
4.759236395850522094e+05
4.064789972120190505e+05
7.008730348534802906e+05
5.095640232888844912e+05
5.229773186912528472e+05
4.068507057883824455e+05
3.523012739017776912e+05
3.096339613064501318e+05
2.147796823097087326e+05
2.946968106576928403e+04
7.237877821493793745e+05
5.071847194763002917e+05
6.600202691866259556e+04
2.605258087667049549e+05
1.033887815534182009e+06
1.335537005357416056e+05
2.534066181867837731e+05
3.873762267247042037e+05
3.022767317011689302e+05
2.144668066704550711e+03
5.579828645023268182e+05
5.433052293358527822e+05
9.003930668252963806e+05
3.035750423121629137e+04
3.973688642248550314e+05
6.046857837041415041e+05
2.264306965752701799e+05
4.769316595443546976e+04
1.422891293033476104e+05
6.319310377685229469e+04
4.298085805676554446e+05
5.056624037642008043e+05
1.030441513195412554e+05
4.815553087279497995e+05
5.083213646751662018e+05
2.103165450139908644e+05
3.117185202721085807e+04
9.544257553955710027e+05
7.456227780103868281e+04
1.243734920769554737e+05
4.802659663497414294e+04
8.263036459619743982e+05
2.026895110823054274e+05
1.371134099429447378e+05
1.560604934172521811e+06
6.357422749708581250e+05
1.378761288555830484e+06
4.289987428626308101e+05
2.759779802362922928e+05
2.675948184506480466e+05
7.823951369234151207e+04
8.784076730893692002e+05
2.957233927485705353e+06
4.354191068822558736e+05
1.972336618885044008e+06
2.619133822974192735e+05
1.290459626146143128e+05
2.918890140621244791e+05
2.243630941134675231e+05
2.267803394311107404e+05
7.722050369165312986e+03
5.379502825483338675e+05
1.244955810485741822e+06
1.479031228522145539e+05
1.863709903494050668e+05
5.677180965974547435e+05
2.143455945296546444e+06
2.800093581846154993e+05
1.013316588313471439e+05
1.962098118594020489e+05
1.030403149914458976e+06
9.177360211542696925e+05
1.443760235459398828e+05
1.438134614747508313e+05
6.579399560153426137e+04
2.536334543128619043e+04
5.003419043078527466e+04
7.846834513737136149e+04
1.317776498416759772e+06
1.473140110581507615e+05
1.481569448296196992e+06
9.739155874568413710e+05
1.761715772711203666e+06
1.683613208341047284e+05
7.055800646502352320e+05
5.117259411567794159e+06
3.224232793752267025e+05
7.046630423581131035e+05
1.981604570586840418e+04
2.271340768592111708e+05
1.035753040348561713e+06
8.375271949171769666e+04
3.202294470374232624e+05
5.417959686082164262e+04
2.481380740960511903e+05
5.378703651344550053e+03
8.281963421864413249e+04
7.784679300371374702e+05
1.776293192409299372e+05
8.829458981160609983e+05
1.299502303318602935e+05
3.081312067442782572e+05
1.724553910313567321e+05
2.501150882026286272e+05
2.719205744255029131e+06
1.875870846379126888e+05
5.939530469710355392e+05
3.913786474227632862e+05
1.999213279897708562e+05
5.402507809532355168e+04
2.864966228894735104e+04
1.598935407255466795e+06
9.272977078125523403e+05
7.914277879706462500e+02
3.607954883354780031e+05
6.953923119064435596e+05
4.458890809640838997e+05
1.038557583829086070e+05
2.201649883389416791e+05
1.906939542008916382e+06
2.940962427784536267e+05
6.102858347129497997e+04
6.294693613724873285e+04
2.523424553934605210e+05
9.779506939360346878e+05
7.314216897040704498e+05
4.652011964791470673e+05
2.121963854544570204e+05
2.650884745719204657e+05
1.064029665795538021e+05
2.052278988974122913e+05
1.601129506320754590e+05
4.434789940055865445e+05
2.229994379078179132e+06
1.431962481792927138e+05
1.460812320735804504e+06
5.954956312953950837e+05
3.945496332586628268e+05
3.859014037784464192e+06
1.589839631489268970e+06
3.377505148779774900e+05
7.308414836671241792e+05
7.235106833039828343e+05
4.056129911059812293e+05
2.023033390681602177e+05
1.970672765465142729e+05
1.710745325598329946e+05
4.031318720733640948e+05
6.086260611851385329e+05
2.230790706829967676e+05
4.366438946653841995e+05
1.656272917123153456e+05
4.729918855222336133e+05
4.070803058407823555e+05
5.792965854112568777e+05
1.767685672541241802e+05
8.192952203116215533e+05
1.242366801885522436e+06
1.533120713124820730e+06
1.388845003724780981e+05
1.126659656395267230e+06
3.951313506103531690e+05
2.970157231811074889e+05
6.548837516180414241e+04
2.841800988648767816e+05
7.066355788716928801e+05
5.242594792725814041e+05
3.544450445957078482e+05
7.965318493529314874e+05
3.148155711406433256e+05
3.970645534415895119e+06
1.008594774523395230e+06
5.958251168800215237e+05
2.211515498455088818e+05
1.344879449279041728e+06
3.326864627132417081e+04
4.000392697380817262e+05
2.985911355447040987e+05
6.336835611529651796e+05
4.652645967527465546e+05
5.229116774452131358e+05
1.612971709591816470e+05
2.059403623600713909e+05
2.063439767018035927e+05
2.139105744105381425e+06
2.356480327663144853e+05
2.171687433983039227e+05
3.861808629185804748e+05
1.310048738283551764e+06
1.316872894918755337e+05
9.020355712450997089e+04
3.868148846752166719e+04
5.405101929186044727e+05
4.160783122693694895e+05
3.111526821142880362e+05
4.931440090951180900e+04
6.324104171405810484e+04
1.277819159921783648e+04
3.745115572833604529e+05
2.264786455992288888e+06
5.903826470434939256e+05
6.237681261027579894e+05
2.559193910036911722e+06
3.958457122303757205e+04
1.517585068270646443e+05
7.435688484275082592e+05
1.054891240470646415e+06
3.911898856254598941e+05
4.044446138009043352e+04
1.477411840176169972e+04
1.485171066908274079e+06
2.194769681189320690e+05
1.273222950377485540e+05
5.789700133654964156e+05
2.573488592943815165e+05
1.685225543289370762e+04
9.940949956312715076e+05
5.211021380236501573e+05
3.688123157147897873e+05
5.590896747170594754e+05
2.065553781887066434e+05
2.736591337514613770e+04
1.477533805401765043e+06
1.704189749282009201e+06
3.342874299940616474e+05
1.993181532709735620e+05
5.936642184796541696e+05
5.221081232300411793e+05
3.897618678806033568e+05
1.846865411784932483e+06
4.589929992344744387e+05
1.369729133856686531e+04
1.355739476989692543e+06
5.781715896206151228e+05
2.455047495666725736e+05
8.467130066604274907e+04
1.718816394285012968e+06
1.100988086672391277e+06
4.184396610944324057e+05
1.630676508124701504e+05
8.963323898422120837e+05
2.487808561122847721e+06
7.873227430436927825e+05
2.131143653492885351e+05
1.173471398179016251e+05
3.835601816472085775e+05
3.474382758594401530e+05
1.409239748797816224e+06
5.708384368687575625e+04
1.599973533754442178e+05
5.225824145062474418e+05
6.221260429058982991e+05
7.903868542734206421e+05
6.678721977982127573e+05
2.631985420843326719e+05
1.326420486858323275e+05
4.978892502340431092e+05
2.114143145603198209e+05
7.792285275925947353e+05
6.467997440976402868e+04
5.327167985100718215e+04
6.515831826741127297e+05
1.971778928260668472e+05
3.565765482632541680e+05
4.384506521721382160e+05
1.112921819899144466e+05
1.374723108779904665e+06
4.634098938073949539e+05
9.185437250614574878e+05
6.462601304016868380e+04
2.711629704078352079e+05
6.014050061922988389e+05
2.290267526520692743e+06
8.134568109847893356e+04
7.766106987836336484e+05
1.002019444251499517e+05
1.493724519744966819e+05
9.268839105993773555e+05
6.647789881477997405e+05
1.803417542386884161e+05
1.542629927847809624e+06
2.599278934514807188e+05
7.414902263035231736e+05
2.866604744062054902e+06
6.582416369640473276e+05
1.871023272845899919e+05
6.045398067152852309e+04
2.590486262827597675e+05
1.786879482594761939e+05
7.077162349169085501e+05
8.301074812629499938e+05
1.847909302714292135e+05
2.088186456355521223e+05
1.849199545389003120e+06
4.062637435501774307e+05
1.245421062710141065e+06
1.506635543162895599e+06
4.386736737570868572e+05
3.147090063634279068e+05
9.730838665477280738e+05
1.496278054822876351e+06
3.671004469202930341e+04
1.008721450617676717e+06
8.533996122407960938e+05
1.273643575651839055e+05
4.884381456364576297e+04
1.532563986731129808e+04
1.464446913506242272e+05
2.735881904203530867e+05
3.079863842195685720e+05
7.681660162603188073e+05
4.861589005674022483e+05
4.749129349708262016e+05
2.666387202258522157e+05
9.375312725880659418e+05
2.122516946725167800e+05
2.663252927802937920e+05
1.351171220063050278e+06
3.460497871370983776e+05
4.016909879540431430e+05
5.003629751803890686e+05
6.515155919987912057e+05
3.291099071894100634e+05
1.768322167076975806e+06
4.057157542471359484e+05
7.146012567121436405e+03
4.291370651418886846e+05
6.270491007860144600e+05
1.655936554931317689e+06
2.704535845095401601e+04
1.469752410363396630e+05
6.125299331075146329e+05
1.459867234018043382e+05
3.280932658446739515e+04
1.902214172223835485e+05
2.565326870590827311e+05
7.803099169606072246e+04
1.043873209163631080e+06
2.361040259864463005e+05
7.734832445805622265e+05
1.478569729446264217e+06
2.126524555962227168e+05
3.335677982570138411e+05
1.465524635783566191e+04
4.229192938436045079e+05
7.593127124266447499e+05
3.148813572782792617e+05
3.091573590225559194e+06
1.366693517309224990e+05
3.320615991292877588e+05
2.095856572629024042e+06
3.861833159195128828e+05
5.207885949077757541e+05
3.945256348417630652e+05
3.359362222876690212e+05
7.899458978848273400e+05
9.909660358259706118e+04
7.171456554891715059e+05
6.698354996904067229e+05
9.555819518799771322e+05
7.808491313978706603e+04
1.315094350704967510e+06
1.226840174932030728e+06
2.477072465650684666e+06
1.481514253741254332e+06
6.225833018860770389e+05
1.109492047856950376e+05
9.630865065849169332e+04
1.648540075477454811e+05
6.744939734166847484e+04
1.254474952397908783e+05
2.711712585711356951e+05
3.623089487061349791e+05
1.506768111079965020e+05
5.489596925678686239e+05
7.598960899027668638e+05
2.052923352040622267e+05
7.156121649377467111e+04
1.477558673595253786e+05
1.966099174026235778e+04
2.225824323495381977e+06
8.831838584798306692e+05
7.072837223942099372e+05
1.255934182394924574e+06
5.005004155125105754e+05
1.379162529984904395e+05
7.046325396927120164e+05
2.048119269503306132e+05
2.748645763236848288e+05
1.089943451056318008e+05
3.487949245025582495e+05
1.514232715192640899e+05
3.110691597589321900e+06
8.656679541475375299e+04
4.927852335621102247e+05
5.196534392725180805e+04
1.629016424704173987e+05
1.187734439716443652e+06
1.815092553582927503e+05
1.685245991813509318e+05
1.164755612858235370e+06
1.365207936521640513e+05
2.136661645633197986e+04
9.032043802548950771e+05
4.217133475845448556e+05
2.605754667778284056e+04
3.493277218355466612e+05
5.133922367959867697e+05
4.977349949684927706e+05
3.321288655154642183e+05
5.940513602230434772e+05
1.584729076075214543e+05
4.359837644048187940e+04
3.770221560379500501e+06
5.035760046194753959e+05
3.578498276162312250e+05
3.315544137694904348e+05
7.619834261818022933e+05
2.330737317749371869e+04
2.823649681344134733e+05
5.702837719853874296e+06
1.025796624998162966e+06
2.601428819063750270e+05
7.129448928804759635e+05
1.494755073879177449e+06
3.763165715392449638e+05
1.358378445956061478e+05
9.505719327001500642e+05
1.960361578672172618e+05
1.002847192542845733e+06
3.048373447709390312e+05
2.423488894098274875e+06
3.971512788063324842e+04
1.561593559517586255e+05
1.992796036655959615e+05
1.076695679850045126e+06
8.591128871423903620e+05
5.352253341586332535e+05
1.380954253490761621e+06
1.206235292286476470e+05
3.262869345875268846e+04
7.398775378568532687e+03
1.172983218949322356e+06
5.155707407784492243e+05
5.051861822800090158e+04
7.437346117351278372e+04
8.880220660912209423e+05
2.574403205369454226e+05
4.984596772800854524e+05
9.563858141710184282e+05
5.815481445593809622e+04
3.817385557675249875e+05
1.718705938561495568e+05
6.004411818280463340e+05
5.117191081958649447e+05
3.536663815310330247e+05
8.660350092582175275e+05
5.800190935016692383e+05
2.218139758990336268e+05
1.326914125859808701e+05
3.485411808297614916e+05
6.630036433996970300e+04
1.364009489673111821e+05
3.023631635118045378e+05
1.869213360674821597e+05
2.522638301573676290e+05
2.642366821976308129e+05
2.575917628701676149e+05
2.568694731653865601e+05
5.341676824103649706e+05
9.130818550738645718e+05
3.706715823914079810e+05
8.469281344249310205e+05
5.957798833726158045e+04
2.006054577443546441e+05
2.644960888074875693e+05
7.648614334423167165e+05
7.917578401693273918e+04
7.348195031491171103e+05
7.824975678202476411e+04
5.752920772192156874e+05
1.633792284652816306e+05
3.813490936425864347e+05
7.050088155429054750e+05
2.348437016284103505e+06
4.503536887612125836e+06
1.321695280946465500e+05
7.546356168742709560e+05
2.194167085014328477e+05
1.717100093123691477e+04
8.149306115300618112e+05
4.111564159874650650e+05
4.064338426026676316e+05
7.879516782230945537e+05
1.969101100860224324e+04
4.586426259226178518e+05
5.161694850955616857e+04
3.840874980059939553e+05
1.694302581697350135e+06
1.149152215700472298e+05
4.808000994377780589e+05
1.303795046929376622e+04
7.734294126761283260e+05
2.572860663716422569e+05
3.951257519755628891e+05
1.922773141854333808e+05
2.636234786264923168e+05
2.504854273235553410e+06
1.040995694372242870e+05
7.443838949148645625e+05
1.076822103346436052e+06
2.970191150452035945e+05
5.767546318387875363e+04
1.750018617108202889e+05
1.704278936761344667e+05
2.268311197715994786e+05
7.253172382802524371e+05
4.297120331800917629e+05
8.139078749220357276e+05
2.857933864606030984e+05
3.750702599873714644e+04
5.292022700591244502e+05
5.114247569128690520e+05
4.587366483388285851e+05
6.271833250866534654e+05
3.592913421165611362e+05
1.475400979611855582e+05
2.958243509500669898e+05
4.431592736526679073e+04
4.793448845360148116e+05
6.653914850226719864e+05
6.925762214200166636e+04
2.386947286967292894e+06
1.926197307328889146e+05
5.046487310988651589e+06
2.794863866666729446e+05
1.118421404547433835e+06
3.056237033900465467e+05
3.810850165847280296e+05
1.879460706363968784e+05
1.114787560680340277e+06
8.323273911708238302e+05
1.842273964495700202e+05
7.641253007180788554e+05
7.687529261281208601e+05
1.927506372046289907e+05
1.649294860686773609e+05
2.231055321857874223e+05
1.605775870619762572e+05
1.423990565144807799e+06
2.189056062929583131e+05
4.240866667447627406e+05
2.415555486269888934e+04
1.279481214303142478e+05
1.046114046445997432e+06
8.633636962000784115e+04
1.384728051812290505e+05
1.014720637512424728e+06
3.096017009546249174e+05
9.607096015557039937e+04
4.849565303914650576e+04
4.973360772244572290e+05
1.869825138991729124e+06
1.270748519425724400e+06
1.088284268813529779e+05
9.178466674992063781e+05
7.965172652756223688e+05
1.143247915827196091e+06
1.905437022772288474e+05
8.462356306998841465e+05
7.226235324918811784e+03
1.130263019411770656e+05
3.159228862617731793e+05
5.059059431628567399e+05
9.008093678041703242e+04
2.798455009914186085e+05
1.187079708055470110e+04
6.628576760604479350e+05
1.512076703138474259e+05
2.065043071711075027e+05
4.299049824979710975e+05
1.039573908467138390e+05
5.673348797589450842e+05
1.512216548822595214e+05
4.836226134100344498e+05
4.193779318156047375e+05
9.956918375419785734e+05
1.260771516225551168e+05
1.033765617981431424e+05
2.866489422335616546e+05
7.143498681060326053e+05
6.522563354318364291e+05
2.134561032528674987e+05
1.239851887381222768e+05
1.376674450882739911e+05
3.310342504766081402e+04
1.156215210699126037e+05
2.428756507084688346e+05
1.837188387844899204e+06
1.663703764254965645e+05
4.952591929981599096e+05
6.606565973451128229e+05
4.489476537902534474e+05
5.207330320389132830e+05
1.769423386449690588e+04
6.545750274971371982e+05
2.773098276664478472e+05
5.204654284688876942e+04
1.961881638593441457e+05
8.447367867087421473e+04
2.744070255930930376e+06
4.855315791705233278e+05
8.874387539403056144e+04
6.888668476487871958e+05
4.878605539447949850e+05
1.130527045230951859e+06
1.257985174821173539e+06
6.790389407705429476e+05
1.697367860353970318e+05
1.282206229754779342e+05
3.834788028168414021e+05
1.035940192150559014e+05
2.035994251888916129e+06
1.020518158414672129e+06
1.303147914664068958e+06
3.203909939400256262e+05
1.643973635617525084e+06
3.383719195898674079e+05
2.434229129019638931e+05
5.717938193460926414e+05
2.034573439803253277e+05
4.444753124359644135e+05
1.731148215520314116e+05
2.477422152664747846e+05
2.142615034053921700e+05
1.417655775182403449e+05
4.566778753188639530e+04
1.820050447139606404e+05
2.861480680488168146e+05
5.796767907144618221e+05
2.826004007072573062e+06
3.806237275793914450e+05
5.826872615463938564e+05
3.689472138470048667e+05
1.311121353345947107e+06
6.170813075958574191e+05
5.782640277119763196e+05
4.323967487492784276e+05
9.165332977539165586e+04
1.511921468269430567e+06
4.151011279934705090e+04
1.015637781772271555e+05
4.062622854480055976e+05
2.153673383904993898e+04
4.791842256820285111e+05
1.223763122098181630e+05
9.387823825937937363e+04
1.719410554387734737e+05
1.152609046554245870e+05
1.273996457256241702e+06
3.348230271240163594e+06
5.357396850441307761e+05
9.652183284854868543e+04
7.640579956652345136e+05
2.549096642529062810e+05
2.428666207464726176e+05
2.487093956850257018e+04
1.089034764144154033e+06
2.504269598352448083e+05
1.762639785179808969e+05
4.925321249051889754e+05
2.512120516115395876e+05
4.216318104611129384e+05
1.769596809478866344e+05
2.888353533530161367e+05
4.325641804051956860e+05
4.840833315682157991e+05
1.451739872358781577e+05
6.867863791714187246e+05
3.795434998313024989e+05
3.703192207469669938e+03
2.162944765794152045e+05
1.695389389661350287e+05
3.655416950759929023e+05
5.516584593017529696e+05
1.261351475547775626e+05
7.919393708291129442e+05
8.045507811247863574e+05
1.960587102210482990e+05
8.409726064946202678e+04
4.081182770418357570e+06
1.533674204374304099e+05
1.579023307064669789e+05
2.257182155179855763e+05
2.863293997178647551e+05
3.700855096979264999e+03
7.985405412782427447e+04
2.171460440489494940e+05
9.483969215520936996e+05
9.277925270925364457e+05
8.373504090761890402e+05
1.225671387703020009e+05
5.843097884112158790e+05
9.000158288293855730e+05
9.721366651510718511e+05
1.322141539767247392e+06
1.967602005087192229e+05
1.412646810679017799e+05
2.357654167633717880e+06
1.976458903052964888e+04
3.655711823119343608e+05
1.015002716319995525e+05
7.421616546203278995e+04
6.364766120319022593e+04
2.419163255074555491e+04
2.660452619964748155e+05
1.249937129308162024e+06
4.439499148547820514e+05
3.741454495085818344e+05
1.344353750927117886e+06
5.032200678689216147e+05
9.333629239851691818e+04
1.377905984125324467e+05
6.256673555635949742e+04
3.509079814443962096e+04
3.410101321197868790e+06
1.725035140437364171e+05
6.203422524192659330e+04
2.804299946628450998e+05
4.440448752214558772e+05
1.797773497150335170e+05
1.688750084438472695e+05
1.227666246940402547e+06
6.496109093028749339e+05
1.473968705245421734e+06
3.131363362191996421e+05
2.854338750952921109e+05
1.783010535943485156e+05
4.638675490297468496e+05
4.411353234796800534e+05
1.089508771154915681e+06
3.444193873790850630e+05
6.878135863319103373e+05
1.749744543763082474e+05
1.172550568666118896e+06
1.393522823681120935e+05
1.124845970520556002e+05
9.209627109227192705e+04
2.672893616241684067e+05
7.508307458067719126e+05
7.368219956604110848e+03
3.054083206799508189e+05
2.187769855695127626e+05
1.092422719390260754e+05
2.559002482699790271e+05
3.909632191606466222e+04
3.822021904639868881e+05
2.754233288684453582e+05
1.794455323067876452e+05
1.101549954447384225e+05
1.149735027804738784e+05
2.038550432769684994e+05
1.401823434770591557e+06
3.562913589239389694e+03
1.204118407801521971e+05
7.241543328609960154e+05
1.003758263518819585e+05
2.612572212401524885e+05
4.965973625776673434e+05
3.203875927200786304e+06
5.048546325752767734e+04
8.531106983556595515e+04
7.032941674902427621e+03
9.720921262761663820e+04
8.377597068978642346e+04
3.566845242452598759e+05
5.013742671827676822e+05
6.893695166446269723e+05
1.362879600740772439e+06
5.702336056234984426e+05
2.005268931851060479e+05
3.071989023519486072e+05
2.349345892050684779e+05
4.347128761925980798e+05
6.023355081352604320e+05
2.743565014639464207e+06
1.978117416212499666e+05
1.195030170830418938e+05
5.854878021748997271e+05
7.470137842738477048e+04
1.937271710932337446e+05
6.362882220801579933e+03
2.006397093752685469e+05
3.657669974072890473e+05
8.849687867877432145e+05
1.863452683042260818e+06
6.645428473393628374e+05
6.851976598197285784e+04
4.122355956954722060e+05
7.641892033643106697e+04
2.203168531436148332e+05
1.147022383116718993e+05
5.302045539887467166e+05
1.872283806466555980e+05
1.001981046229119675e+05
2.588567659490089573e+05
1.465462980101449881e+06
1.058285775997414952e+06
1.127501874199677259e+06
5.640671267092870548e+05
2.723464945299337851e+05
1.784371283603952907e+05
2.461437406010064296e+05
8.376127921572020277e+05
3.845698476419536746e+04
3.605758448383366922e+05
9.903144165013585007e+05
1.889485503713091894e+05
4.544194768969509460e+04
3.652515944401701563e+04
7.469860457103393273e+05
1.431216111021037912e+06
2.583288837752554391e+05
3.894755298840393079e+05
4.183129949457554030e+05
2.126771682934690325e+05
2.240567360231123748e+05
8.750294316743608797e+05
3.498166891173165641e+05
1.362209304936136468e+05
2.911260415238453425e+05
2.755430272018977557e+05
1.650473224673220247e+05
1.292214666303102276e+05
2.291956693226852454e+06
5.014538837463935488e+05
1.870283840915121604e+06
4.466544947291074204e+05
1.122457251480612031e+05
5.524803152694354067e+05
2.974756051382085774e+06
1.086616220849314850e+05
9.122414889817984658e+04
1.394403380955631146e+05
2.605788318739295210e+04
2.209666751887514329e+04
3.135991675126158516e+05
2.295616602858284314e+05
4.881837470398641744e+04
8.346768635356295272e+04
4.787602705928625073e+04
1.854139036328890361e+05
2.770949559724265710e+05
1.504645391639613081e+05
3.402602162089906633e+05
6.924783285172061005e+04
2.744872290179738193e+05
2.165097825405936164e+05
9.072777241052454337e+05
2.392354080954443198e+05
4.121394696657791501e+05
4.933082539990451187e+05
6.342714969733795151e+05
6.967022230103606125e+05
2.810692157616124023e+05
1.346580355078009889e+05
5.577649973664447898e+05
5.825549661799380556e+05
5.362915487843364099e+04
1.274725624862545228e+05
1.257500641288876301e+06
6.015814745991902892e+05
7.044008576995141630e+04
6.008717711286369740e+04
1.924380639339455811e+05
1.265827502276575426e+06
5.551173557626263937e+05
1.337148194254498230e+05
1.131221400586168515e+06
2.088797600426698627e+05
1.545977237930733478e+06
7.029079965624407632e+05
3.368505264404183254e+05
2.002110038605251757e+05
1.609627534322166350e+06
3.446013422915400588e+04
6.169563602768575074e+05
2.899905455268951482e+05
9.262995285612129373e+04
1.834888206922791724e+05
2.174910971210251097e+06
4.364433209395883023e+05
1.794373042715278454e+06
4.415832286030271207e+05
1.017824853257742361e+05
4.461578578800046671e+04
6.601571470439582481e+04
1.307003677073056460e+05
2.789012037908832426e+05
7.170887244091620669e+05
1.393870855016085261e+05
1.194771210830892436e+06
4.153190612328542629e+05
6.701078964656354401e+03
2.264964858074788062e+05
2.990360970109472983e+05
7.493614398494787747e+05
2.723191155770511832e+05
1.099708375220281538e+06
1.308302390136130853e+06
1.104539536359212943e+05
1.640090950327693427e+05
5.107648197636922851e+04
1.969247222399755556e+05
8.518944311933947029e+04
2.857498303144942038e+05
9.725235750319781946e+05
2.124392451386552711e+05
1.706146494295895391e+05
5.375251468224555720e+05
1.726613729750775965e+05
1.395408844952145300e+05
8.832704742362754187e+05
6.806102529738243902e+05
8.889581188000073889e+05
3.011045862011013669e+05
1.603967928114217357e+05
3.325940005312448920e+04
1.647107985244981828e+05
4.468567940126507892e+05
3.426483712249204982e+05
1.821153008711714356e+05
1.924831303127884457e+05
5.711547289486007066e+05
8.490510678986931453e+05
5.004363565865651472e+05
2.608265058995050786e+05
2.909725547442786046e+05
4.717201699008410214e+05
1.307334889079244167e+05
2.408165588561309560e+05
9.073387080373521894e+05
1.683311920865793945e+05
1.956005851628981181e+05
2.579398815197421063e+05
3.225901905479684472e+06
4.404628670710934239e+04
2.229364264471834758e+04
9.509250076531535015e+05
1.263758159579255152e+05
5.030039997091413243e+05
7.015242376112196362e+05
6.148407250913848402e+05
4.438519484911900945e+05
1.627159211483227846e+05
7.011307772828893503e+05
4.767771945091623929e+05
2.696081617760150111e+05
5.109622119243268971e+05
8.066359669425076572e+04
5.236922484085643082e+05
7.606555765051812341e+04
1.415662227420056297e+05
2.286729897844427032e+05
1.939819241162479739e+05
2.105488057286314870e+04
6.921421329482714646e+05
8.219893769241146219e+04
7.888739404154883232e+05
2.034145151613555499e+05
2.116355510842473013e+05
3.657136588927802513e+05
2.755950714279018575e+05
2.782554709750615992e+06
6.629028119218808133e+05
1.215438344313124893e+06
4.725269992860443308e+05
4.667118915949740331e+05
1.342417979262541514e+06
2.498758041693441919e+05
2.299992602913346491e+05
5.392080482295623049e+06
6.534142428887196584e+05
6.695465340356255183e+05
5.061116801264589303e+05
9.725389189775007253e+03
7.022453682311358862e+05
1.806638933034755522e+06
1.665865310527897440e+06
2.008382438431639748e+05
6.805759546646381496e+05
1.760507501501790248e+05
1.867899529984861379e+06
5.088935878892329056e+05
1.468559411592464428e+06
2.465555308111604245e+05
9.530973121152578387e+05
5.303955791424028575e+05
1.385468277601990150e+06
2.515910219936465728e+05
2.041990259528538445e+05
7.524764174695039401e+05
3.039183125557574094e+05
5.602744091385701904e+05
5.318374968868995784e+05
6.584100971701922826e+05
3.511346675443615532e+05
1.227385204285769956e+06
5.879922354449440027e+05
7.571828571538708638e+04
5.181220885731391027e+05
4.156175790038331616e+04
5.883798402515260968e+05
8.322590021198621253e+05
1.684900646813405328e+05
6.237126773222122574e+05
5.765596413943027146e+05
3.934655828739014105e+05
8.006521436644821370e+04
4.598711888022363564e+04
1.461715767198404530e+06
1.820806594299043936e+05
4.159011625905038090e+05
3.626871054444217589e+05
1.543796940012062259e+05
1.130334516058391091e+04
1.838051498104006983e+06
4.868913776238284772e+05
5.433168007626621984e+05
4.474919897714823601e+05
1.595253842923681659e+05
1.198058161728818435e+06
1.147682734467363218e+06
8.012869360605338588e+05
8.671446061904672533e+05
5.315166317750609014e+05
1.311028431626446778e+06
1.504071717883125166e+04
2.323874298836188682e+05
1.668852872243411548e+05
5.262810060511205811e+05
1.426128016013481538e+05
3.086945349492406604e+04
5.703372110597294522e+05
8.354606129089348251e+05
1.160745324139181525e+06
7.340745496053800453e+05
1.229276333488156088e+05
1.701206581218954409e+06
4.530878049476274755e+05
4.216332127699143020e+05
1.634308423545666155e+05
1.000209147881223005e+06
2.779297286656307188e+04
4.017386988606554805e+05
3.525252550237568794e+05
9.298212169219305506e+05
8.663717518766674912e+05
2.810132870106923656e+04
1.332062030654347967e+06
1.487512701644792978e+05
6.578734425909245620e+05
5.861443301300677704e+05
2.806454925407974049e+06
1.353149698312885012e+05
3.295838704542031512e+06
8.669018117325066123e+05
8.912536980528671120e+04
1.927126499250728812e+05
3.062937192870745203e+05
4.562821538919880404e+05
1.476135180657712510e+06
3.047415731291062199e+06
4.006711010807236889e+05
1.075265500305662863e+05
1.557466942187504610e+05
3.985237435313748196e+06
1.141063140189989499e+05
6.018684931248527719e+05
1.982050249520230282e+05
3.614560640601142077e+05
1.576441545211405028e+05
3.493944447078339290e+05
4.275671690495691291e+04
5.171054037542376318e+05
7.346228906812424248e+04
2.545083484331550717e+05
3.741343489765151753e+05
2.248273723346941697e+05
5.586510998993048997e+04
2.301041813511606771e+06
1.801092660876002861e+06
3.439230318665017840e+05
6.190464542724540661e+04
4.555635323545078281e+05
4.536847281017677160e+05
2.603412976708001515e+05
1.194376516532908659e+06
1.675591855416017817e+06
2.634614782992511173e+05
3.987597763710259460e+06
6.026838481481262716e+05
4.479254617308025481e+05
9.811317705005416065e+04
3.531481004599506268e+05
3.278240227263862034e+05
1.631190293931755377e+03
1.597941809316373197e+06
3.306225510556334630e+05
6.412461177353991661e+05
2.518795514324737014e+05
4.679925195933054201e+05
3.952331124587904196e+05
5.490278974428467336e+04
1.815866939841763815e+06
7.414253955917206440e+03
1.171731003953515028e+05
3.530959556234919932e+06
2.491702118548067810e+05
1.624099351244552294e+06
3.502567029087026021e+05
1.823259320794364612e+05
2.550281478903853567e+05
4.996010663073657779e+05
3.189071300909375423e+05
4.158165869795468752e+05
2.287109344988172816e+05
1.039475503254260984e+05
8.861388090215680131e+04
5.956697701421122765e+05
9.296973214047780493e+05
2.946075668801615248e+05
6.387188963898259681e+05
8.076635266606854275e+05
2.031937400106358982e+05
2.988035466698976816e+05
1.218501980191340554e+05
2.498749702094747627e+05
9.604411562390814070e+05
4.634894009641141165e+05
3.775886423929457669e+05
1.380302060577142402e+05
7.112561948741921224e+05
1.767336685823700973e+05
3.523661916554758791e+05
1.232469910026015714e+06
9.480713459205471445e+05
3.867041155160369235e+05
7.376071918583610095e+05
2.585578731953263050e+05
1.030388485499819362e+05
1.422551353684956557e+05
2.719178202701439150e+05
2.174554739590327663e+05
1.002324898059224128e+06
7.677706079827701615e+04
2.706161057066451176e+05
1.483632535456039477e+06
1.295437877534046129e+04
2.486612431021507655e+05
2.235046079508252151e+05
5.365365174479172128e+04
4.880967199688656256e+05
3.774176744043679792e+05
2.523099579741302005e+05
9.145887685817452148e+05
1.066148696407981151e+04
1.051873140482803719e+05
1.949276207678863080e+06
1.673461464163420169e+04
1.680497721913533460e+05
2.209401152427363268e+05
2.630404751347773126e+05
1.038079890172605228e+05
1.244956325530617032e+06
1.547978001000322984e+05
2.414632903441826638e+05
5.699485501448048744e+05
8.177571819386185962e+04
4.451150385821372620e+05
2.948150325085091172e+05
5.112946703615903971e+05
5.322597533740652580e+04
4.927395952536917175e+05
1.933481618482777849e+05
2.048926799137042326e+04
4.036157427768422058e+05
3.983164050798204844e+05
2.179300907636889024e+05
6.332152138153176056e+05
1.149445591113287257e+06
3.817042624500853708e+04
6.246072812426054152e+05
1.551941859556598647e+05
3.891996059245727374e+05
9.201005714688560693e+04
1.887652614205654827e+05
1.791852296739255253e+05
3.942768539706317242e+05
3.479878284727526625e+04
4.824384196948133176e+05
4.095017790634895937e+04
2.895803188665627968e+05
5.596792725401896751e+05
2.738705087927376153e+05
1.214566952077094174e+05
2.699553859589899075e+05
2.118511389327615907e+05
5.416222267295406200e+05
2.494635223449607147e+05
2.516830930806869874e+05
2.594938183674463362e+05
1.542205193319341051e+05
3.853121217026024824e+05
9.827039737465944199e+04
6.471577948226380395e+05
1.790984863131906313e+05
1.465510528094978305e+06
4.630596154275203589e+05
5.251870397378657945e+05
8.971510830810167827e+05
6.511300682305669034e+04
2.406872849635374150e+05
2.322943702270083304e+05
9.161327364880281966e+05
2.844734561558976304e+06
2.915594133964232635e+06
1.768889899013426621e+05
1.663320062045108527e+06
6.296084959461226390e+04
1.276154794299622590e+05
2.777373817525048507e+05
9.132711120426899288e+05
3.444536620110579534e+05
5.809959809531263090e+03
1.470256123162279546e+05
4.795023604139951203e+04
3.073580545658368501e+05
1.668728110376483528e+05
2.543585113989623205e+05
3.395456018003413919e+05
1.118390939046122367e+06
5.003528782837426406e+05
5.634677172749491874e+05
2.304662617794520047e+05
1.691488174689494772e+05
1.603824862866977230e+06
6.463457428683827166e+05
9.318367627773538698e+04
2.819478403667244711e+05
1.136762729890839546e+05
4.712026725294897333e+05
1.399787773133571027e+05
1.693383762127717200e+05
1.510922147351782769e+06
5.594827983971674694e+05
5.665621572750681080e+05
8.902206416302587604e+05
7.059715027529788204e+05
1.565389319685689406e+05
4.965805275128839276e+04
8.192080324211298721e+05
2.601033168268937443e+05
8.986921767365181586e+05
3.162046933854387607e+05
1.290419024444090755e+05
1.591499583354500064e+05
5.977341214419326570e+04
1.464114940819013573e+05
8.347219669617123436e+05
5.772509330978714388e+03
2.177590231724939658e+05
4.777470368532484281e+05
2.604735258766059997e+05
1.527345370382741792e+06
6.327457181619962677e+06
3.987835148650275078e+05
9.353453341598168481e+04
1.829641126092328690e+06
3.020333631652607583e+05
2.208576712163922377e+06
7.572617305031396427e+03
1.812957942717549740e+05
8.285944061455545016e+05
6.721864751081072027e+05
2.616942951976752374e+05
4.018310191005623201e+05
5.318270388014386845e+04
9.011306221972291823e+05
1.001268749678815249e+06
7.363157946023796103e+04
3.209645083093476715e+05
2.739289874353267951e+05
9.200858906924950134e+04
3.458593434187764651e+05
5.719973880116574001e+05
3.065317018716235179e+05
4.795932243591750012e+04
2.738129117950179498e+05
1.234290687782913483e+04
9.690280117981302319e+05
3.591236447821175097e+05
5.995703865367437247e+05
1.017449126219677710e+05
2.050573872034364904e+05
9.401518882342692814e+04
7.957827289806166664e+05
5.136875072754312423e+05
4.240130767985936836e+05
2.482443357429157186e+05
2.464262017573099292e+05
2.172379606710700784e+06
6.511809830809663254e+04
2.165094918250214832e+05
1.915962150371473108e+05
2.159889336814630078e+05
2.642334356802097172e+05
2.033112413257400738e+06
2.170494057293847727e+05
4.248580188660712884e+04
3.621915734346720856e+05
2.219779414096309338e+05
