3.607180140274133882e+05
3.783063700959825655e+05
1.226246382462856360e+06
2.438361751726857387e+06
2.155431419857437140e+05
6.434190574757651193e+05
3.483603036714369227e+04
2.703604932520617731e+05
2.150719309473098256e+05
3.015990216723034973e+05
2.840986768999517080e+05
1.318357776167114498e+06
4.567711237318318454e+05
3.703250124525675346e+04
6.402020574328629300e+05
6.748972233394920477e+04
1.908339934621958761e+06
3.067625830437943223e+05
1.522731805288855685e+06
1.840340671690418676e+05
4.913063097874516970e+05
1.619688803196744760e+06
1.092964406551009015e+05
1.130170127285991795e+06
1.107976015292660100e+06
2.238405327710239726e+04
1.141328695206342964e+05
3.058410025300737470e+05
9.730788873760552378e+05
1.167905118833970919e+05
2.131991061970969196e+06
2.498352482857728028e+05
6.141475115732770646e+05
1.944333635413396405e+05
1.569328665596804931e+05
9.389144131159638346e+04
2.890747319248443237e+05
1.818476240229310060e+05
4.474219409200663213e+05
6.808518257566003595e+05
8.936048357561612502e+05
7.175657099724934669e+05
2.554744823425087961e+05
6.604497114889505610e+04
1.674142900035468920e+05
1.144990092670915881e+06
1.408397651118578622e+06
3.878376332335587358e+05
1.669380759441977134e+05
5.324044022522196610e+04
7.166614708737811306e+05
2.790425011126093101e+06
2.732751983163348632e+05
1.002932564259783539e+05
2.407802805508742167e+05
1.068818707706256537e+05
1.098009679591136519e+06
9.504854452824806503e+04
1.183838311265352240e+05
2.532901797550414922e+05
5.960336374629505444e+05
1.770559890504002105e+05
9.496574441224067705e+05
7.418012967530859169e+05
4.999338792109063361e+05
2.076776716393985844e+05
5.986979942997893086e+05
8.390711346766735369e+04
6.492508256237397291e+04
1.391046953661617008e+05
4.107167719517047226e+04
3.929837792916965671e+06
6.166294002893059514e+05
1.733907042058243242e+05
3.196250071995643084e+05
2.279924133095181023e+05
2.763325836815293296e+05
2.995749753534238553e+05
8.218946145401480608e+05
3.204218445361566264e+05
6.672798855481658829e+05
6.889583957072611665e+05
4.677731195056140423e+05
1.064523690654031670e+05
4.664672198309189407e+05
2.510422750573792495e+06
1.793773649442815804e+05
1.109193543210401433e+06
2.304061276851446368e+06
8.825690476333256811e+04
1.697865165606249066e+05
2.097577614223795172e+04
3.571589459578751121e+04
5.891365475054734852e+05
3.276610388461131151e+04
7.612441939364145510e+05
6.250153003242568811e+05
1.072169808066784317e+05
1.045712477383689984e+05
8.415254468341049505e+04
7.962480923752726521e+05
1.220049441831793229e+05
4.634907890609047026e+05
4.541699274166736286e+05
6.063294094500543724e+04
2.669219775682903710e+05
1.225715198559284327e+05
5.774069327866417589e+05
2.788108472428193199e+05
1.177193130766047252e+05
3.015404366260097013e+05
1.109033217683392722e+05
2.482304957510317618e+05
1.841671066432939842e+05
1.848519682874286809e+04
6.240650668420563452e+05
1.308612630124123534e+06
1.352216932287407981e+05
6.024360157828041702e+04
4.326322678894155542e+05
4.963051697804693249e+05
7.784350529310209677e+05
2.471972220238840964e+04
1.102355413443980273e+06
3.113582962961788755e+06
8.013370881788092083e+04
1.827531613425406395e+06
3.213448554950359976e+05
7.308545510902400129e+05
1.640137478610948019e+05
7.190302239983305335e+05
3.943223516865886631e+05
3.034712682609472540e+05
2.207573523013494851e+05
4.235340046862472664e+05
1.161408446772780153e+05
3.325648962003491470e+05
7.351556665478205541e+05
1.792009939054902352e+05
9.222226610139036784e+05
1.378219740870568203e+05
1.040383337612501346e+05
4.327786782927594031e+05
3.022929061734729330e+05
4.780822783458386548e+05
5.284971348551971460e+04
9.877203196236936492e+04
9.090623534039764199e+05
9.002586781876313034e+04
7.757939660143795190e+05
1.432454856067181565e+06
4.871519968584542949e+04
9.761356331128602324e+04
3.484642514576349058e+05
3.594653329050951870e+05
1.331679272922954260e+04
7.900769389452821633e+04
5.264426412287868880e+04
1.322423784902245679e+05
1.239282735595599661e+05
3.395408568207494682e+05
3.834701878169897827e+05
7.737253077212444041e+05
7.316307192484663101e+05
1.972247829812435666e+05
1.396722125192919746e+06
2.185220935163741466e+06
1.226885262120275293e+05
3.901301611713891034e+05
6.730300256751592970e+05
4.755525004205516889e+05
1.705038168373917288e+05
1.468396817278974457e+06
2.204591750367639761e+05
6.958185438934732520e+04
3.089345969608693849e+06
4.470266591622756096e+05
8.320898501279522898e+05
4.749802308927797712e+05
2.037579641765354609e+05
3.123031637988651346e+04
1.408147436658362858e+05
1.602094431307123159e+05
1.691009411390846595e+06
1.552278679085923359e+05
9.615897509473103855e+04
7.019419108038760023e+05
4.841964388561415253e+05
1.074698149442942813e+06
8.540808404186449479e+04
2.047758756214728928e+05
2.131123688512380177e+05
2.058833380513369048e+05
1.067793365849908587e+05
4.864635742544959066e+05
1.758370437167354103e+05
1.245674517704369733e+06
1.085258329794600468e+04
6.845457110479802941e+04
3.830390163300709100e+05
1.084183169455754105e+06
1.284847307294414146e+06
1.466011011354452232e+06
1.196131345321154076e+05
6.778397899503024528e+05
1.634810477203978226e+05
3.233545518888634979e+05
1.681928917695260607e+06
1.044706688997016638e+06
3.853257884686498437e+05
3.097904867621445097e+06
7.395091405428523431e+05
6.500868295538824750e+05
2.859045546860087779e+05
4.264840700006515544e+04
1.102342146427677799e+05
9.949615442650219193e+05
4.369055500902980566e+05
6.133920024845883017e+05
5.482889703913248377e+05
1.532769573900237679e+06
2.462383696501601662e+04
2.486897984148282267e+05
4.021541194452130585e+05
4.436429300446970738e+05
3.679018922169170401e+04
1.664845172109600680e+05
4.036004094782276661e+05
8.814459489085927999e+03
2.794176129596198443e+05
1.771781202285183535e+05
3.273405326418921468e+05
7.290363122877133719e+04
1.230614525523673743e+06
1.402019004805179546e+06
4.264854250287207775e+06
3.057877373169238563e+05
2.168541694307306898e+05
1.165981068436762434e+05
3.316207805118683609e+05
3.808114431751541561e+05
5.183199198579601361e+05
1.552737958395138616e+06
2.434688440146516950e+05
2.282906792292461614e+05
6.306812858938824502e+04
7.265402634821839456e+04
3.644551733747641556e+05
1.985089915712404181e+05
9.352699246926335618e+05
6.638569679965057876e+05
1.473002461037920089e+06
4.527624185985619552e+05
6.540280645380668284e+04
2.250291296608663164e+06
8.727212531405931804e+04
1.456992154917151667e+06
1.305375082524351456e+05
2.537450479798380911e+04
9.339224430019763531e+05
1.973207884355959832e+05
4.814584176137109753e+05
2.024272086123083136e+05
6.859658534671966918e+05
1.713783501619619085e+06
7.628229747898467758e+04
1.281212611136983760e+05
6.724988183221875806e+04
2.338251321282475838e+05
3.713332436521064956e+06
8.010164854843784997e+04
3.920484828249568818e+05
3.839698360421428806e+05
2.890295628214136814e+05
1.313175383396224934e+05
1.045015380034818227e+05
2.390684878214897763e+05
6.900939272791384428e+04
1.326245216118284770e+04
8.587634249391907360e+04
1.303853599319129251e+06
5.822260940549104707e+05
1.132218655077813659e+06
5.792800806964393996e+04
2.042707330328815849e+06
1.743774630287396431e+05
2.491288453834875691e+04
1.473255178635892225e+05
1.084301938634334831e+06
2.179792474350603297e+05
7.004486659938488447e+04
8.167462683637124428e+04
3.984280699494346627e+05
2.154274287887097453e+05
2.781095351952873170e+05
2.788165657705939375e+05
6.037794539542531129e+05
2.624124248721033382e+03
3.184127142797398847e+05
2.789222681127966498e+05
1.470366082279165974e+06
5.622059242294538999e+05
1.566747613524968619e+05
1.794648717667849851e+05
1.567418375490320614e+05
2.824937818871745840e+05
1.405563544179172954e+06
3.223473245633072220e+05
5.583561222331770114e+04
1.405460255742248046e+04
2.523848599204038270e+06
8.414637194367948687e+05
1.239776920647621388e+06
6.978425641993915197e+05
3.422679755244301632e+05
1.894328931197190832e+05
7.468535314535071375e+05
5.421450698133194965e+04
6.251830873112083646e+05
7.442777806247408735e+05
1.189686420689813793e+06
2.019835512707231392e+05
2.828757920773886872e+04
2.392751500767699908e+05
2.133174490714781452e+06
8.787756410770198563e+05
6.083084019075111719e+05
1.283006160795086034e+05
1.171686187631128705e+05
3.745429350197424646e+05
2.306241375121261444e+04
3.363642427772484953e+05
2.672619511143945856e+05
9.095859008528491249e+05
1.930676915591675497e+05
2.736636281407963907e+04
5.011595984142421366e+04
5.949239628106947930e+04
2.462496066975882859e+05
3.490114238867848180e+05
1.010327008530001767e+05
9.031483540656906553e+04
1.380803196351744700e+05
4.488754199697468430e+05
2.045120099506615661e+05
6.197195712579376996e+05
1.723050749915728738e+04
2.304519767016439582e+05
2.142241080536465161e+05
4.979527870091617806e+05
1.089599582024774281e+06
1.187721883114450844e+06
2.774553049823035952e+06
3.798876542613189667e+05
1.438489813635130879e+06
1.010254540672927513e+06
6.651777729158907896e+05
5.176816065039160312e+05
3.311944018144973670e+05
2.830563433006395280e+04
4.478107218097046134e+05
2.167383788525306445e+05
1.848731113173148769e+05
1.265721496892775176e+06
8.620751953631573124e+05
9.477003895603494311e+04
3.189020336765424581e+05
3.487385368718210375e+05
1.658133447134038433e+05
4.086925602090320172e+04
1.042565059949558054e+05
6.858960823482149281e+05
1.568440956044461345e+05
4.897017141949087963e+05
4.006242955500991666e+05
1.025313848400265095e+06
1.083762042351110373e+06
8.100405255835935532e+04
4.833583906407208269e+04
1.612289360239092784e+05
1.418147245106548071e+05
8.993734494245453971e+05
1.466252839350938448e+05
7.178719239977276884e+05
9.293504681659019843e+04
3.664595088431729237e+05
2.811001690459442325e+05
3.221170814620824785e+03
2.025162723784057889e+06
9.524997180315068690e+05
2.199729194860619609e+05
4.628840946920237620e+05
1.519356364810966188e+05
2.504307098280703649e+05
7.506318108942346589e+04
2.396059397851613176e+05
1.814641113989766163e+05
1.230311987954660872e+05
7.067406760081991088e+05
2.931308017760328366e+05
9.018951061432239367e+05
3.996416864650017116e+06
1.170337935236035148e+06
2.255437407440864190e+05
1.828552654571856256e+05
2.499612673953733611e+04
7.180528564989153529e+04
1.418655544822086231e+05
1.481756638629998779e+05
8.604332557812347659e+04
8.232882426937394775e+05
9.990937334215273149e+05
3.408828209065655246e+05
2.770811740198252373e+05
3.652336489654241013e+05
9.317422155084157566e+03
6.806529547386209015e+05
1.043670634538119310e+06
1.513494629107178655e+06
3.717847179803551408e+05
4.652662484714789316e+05
1.968306554749335046e+05
1.716527051782748429e+06
8.163908911341910716e+05
4.217778575305880513e+05
3.461375476206592866e+05
1.186832685713990126e+06
6.071826853486712789e+05
1.915434459768198139e+05
1.129031377949574962e+05
3.301542072826655931e+05
1.007874406953277066e+06
1.141536775918375497e+05
1.837536144155614311e+06
1.251559036485459510e+05
7.075653005649506813e+05
4.062848032864030683e+05
6.695252228431174299e+05
4.491520135744079744e+04
4.877389970700818230e+04
2.505423672723663331e+05
4.369650505424232106e+05
1.056436597235213594e+04
1.010383771204481600e+06
1.238150059839593450e+04
2.242952961080188688e+05
2.067740595674487413e+05
1.709171393409386801e+05
1.231968240805915120e+05
7.062420403859788785e+05
5.098203472194049391e+05
5.121710557794673950e+05
5.048861786088326335e+04
2.442060247793572024e+06
1.194090585209297948e+06
2.309245421842004871e+05
9.095389946893876186e+05
2.163702502480194089e+05
1.163214348126840778e+05
7.903406542615666986e+05
1.045100445227803721e+05
1.960930010819335293e+05
7.754378755376848858e+05
1.649736140436954156e+05
4.983986570498854271e+05
8.433444967281741556e+05
1.097637368297725217e+06
3.904239511421467760e+05
1.025252210295993835e+06
5.103998107302065182e+04
1.532649484843808168e+05
1.085271763811906276e+05
4.889456535857650451e+05
5.757449372511429247e+05
8.969539228091808036e+05
2.913962924446766847e+05
4.197402091221284121e+06
3.856464962500832626e+05
9.710562431692666141e+05
7.958210612438559474e+04
2.172935393800006423e+05
1.027136759550692077e+05
8.574478428760430543e+05
1.593021180003219633e+05
2.197632653626062965e+05
6.290662964574032230e+03
1.196996792098185280e+06
1.544273602124486351e+06
4.831791013649028027e+05
2.174207077760064858e+05
5.402705718806085177e+06
5.977841265888264752e+04
4.065659647556877462e+05
1.959104853759788966e+05
2.137624795218107174e+05
2.306432179663203715e+05
2.996688214760501287e+05
6.165180165453688096e+04
1.139878884179957822e+05
2.053841789498887490e+06
2.368407198315220885e+05
6.240089342712983489e+05
7.622021520291113993e+05
7.818246982786462177e+05
1.594718697432817717e+05
3.339088984084833646e+05
1.826224160327528080e+05
3.199026450823091436e+05
4.801489001032605302e+05
2.442157395187399234e+05
7.015848372555203969e+05
6.673258319601336552e+04
1.227660275839952519e+06
9.793406513479818823e+05
5.994494256467163796e+05
7.648125182289094664e+05
2.385801101533175388e+05
6.110521436363023240e+05
5.164055383564547810e+04
9.181064686185648898e+05
2.026378063896473031e+05
1.132467649742589674e+04
1.385169028953212313e+06
3.089552952377294059e+04
1.520678251240885293e+05
2.032803599329292047e+04
2.265791178896212950e+05
6.098878315375545062e+05
1.046246946039093928e+04
7.714031011480206507e+04
1.659906813797799405e+06
1.236633060559521255e+05
1.058790194558081275e+05
7.427791157455220819e+05
9.982745709670764627e+05
1.805716218300882902e+05
9.050584357530665875e+04
9.001600636869285954e+05
3.885265852517833118e+05
1.376483719570225512e+05
2.209593458760534413e+05
1.415878750575878366e+05
5.215755285614055465e+05
5.310577736154546074e+03
3.057853616553756874e+05
1.708975195588453440e+06
2.010505059537439374e+05
2.843731217647969970e+03
6.693996158941155045e+03
4.148679670366782229e+05
9.750512950970702805e+05
2.231151113688959231e+04
1.286956290097247838e+05
2.600218415751864377e+05
1.636638059637946426e+05
9.043175318610426039e+05
2.913320653292770148e+05
9.311129921148389112e+05
1.567373557063833287e+05
3.334365340132551501e+05
4.592414928071244503e+04
2.154968328811421525e+05
2.743388254742498975e+05
1.874314775948677852e+05
3.716946905824357236e+04
8.191247531936642190e+04
5.608315586120008957e+05
1.010620699533304200e+06
6.046104878056038870e+05
3.051041871796849591e+03
8.387324631388460984e+05
4.267522895442108857e+05
1.274580989200554177e+05
1.446159517384815445e+04
6.228110229050163180e+05
3.415441721032265923e+05
9.735491927886406193e+05
2.264457004880231980e+05
2.929784241610280005e+05
1.684421853869555052e+06
2.690254469313573791e+05
4.452255451881481567e+05
2.108203210828327065e+04
6.075744612322204048e+05
9.913109150946917944e+05
1.388564922134065419e+05
2.860087810987039702e+05
4.182668041897750809e+05
1.857854656204505882e+05
6.341385043229319854e+05
2.834311670693302294e+05
2.716439018414714374e+05
8.818695542804802244e+04
6.459176934903428191e+05
8.188587508624723705e+04
1.377486509663897741e+05
5.961253338556800009e+04
4.167643855035604211e+05
2.497338646751512715e+05
2.942171278248173767e+05
4.419374247141443775e+05
1.011754635493690846e+06
1.929642074507126526e+05
8.520818731979789445e+05
1.659680412690337747e+06
3.348516634492550511e+05
8.986208904061956855e+04
4.767881725877833087e+05
1.766289185806073074e+05
4.515096533356435248e+05
4.322774878673433559e+05
8.742279512421089457e+05
5.438803604352650000e+05
2.094482988132681348e+05
1.264285266648039542e+05
3.363980592764617177e+05
8.536885351525959559e+05
1.681419601467614993e+05
1.576950242842824373e+05
1.357799763333303621e+06
1.233984813420880528e+04
1.032386999504090345e+05
1.028180168819798273e+06
1.226114190071471967e+06
5.079399332250303705e+05
7.846300152441884857e+05
4.113937138564887457e+06
1.554332571771731018e+05
4.956431309548778227e+05
3.159782538663415471e+05
1.645983531096969964e+05
7.470175858333856741e+04
6.660556557361513842e+05
7.328690720276386128e+04
1.161556439264646469e+05
3.042261949735170347e+05
3.266841366772940964e+05
3.143550328004243784e+05
3.542130195413156180e+05
1.123541758154422045e+06
1.043351133966829977e+06
2.705492095897012041e+05
1.556035469068403763e+05
6.626608187237991951e+05
1.622474967979206704e+05
1.276161505739736836e+06
2.762407828919097083e+05
8.134320855027481448e+05
3.157372334833081695e+05
3.052207925166779314e+05
3.529296960135182599e+05
1.353373466536184715e+05
1.586035587531471974e+05
1.891843678787313693e+05
2.720072083456519758e+05
2.738231024973389867e+04
4.391298978996843798e+05
4.808496102783457027e+05
1.527785062855326687e+05
3.056692005010040157e+04
4.293993109377491637e+05
3.464884607836387586e+05
2.607034624726777838e+05
1.213529027313830593e+05
3.483114540928652277e+05
3.732749808982692775e+05
6.742891440804018639e+05
1.169944304710067576e+06
5.809370736549013294e+06
5.682011394142364152e+05
1.784082612106775050e+05
5.535604907572428929e+05
2.593066870767348737e+05
1.029254940151863557e+05
2.274295852366179170e+05
2.027851701984107494e+05
1.580092596825441797e+04
3.590406463799623907e+03
8.722378097166883526e+05
5.160257803022968583e+05
1.146788196107597614e+05
1.449786748928116634e+06
1.272029463029986437e+04
3.721118914993176440e+04
2.146393963028329017e+05
3.705889256844015908e+05
3.269260655965077458e+05
9.665483337094595190e+05
7.690914636111045256e+05
5.849021649537836493e+04
2.387849025508256163e+05
1.202249601114262623e+05
6.727894356289347343e+04
3.452943903800739790e+05
7.772868705097044585e+05
8.913056083188706543e+04
3.890129449693191564e+05
8.527841908023266587e+05
3.592672302780528553e+05
1.648792368186461972e+05
2.588986123319984472e+05
2.017992847122991225e+06
3.646798021232085885e+05
5.740791022506259615e+05
2.193084493537642120e+05
3.604063542507133679e+05
1.603371880545971217e+05
4.100993640835781698e+05
6.812540361597515584e+04
2.232349299002031039e+05
1.907221199690291425e+06
9.758749714923871215e+04
1.933247072119965684e+06
1.618304569624869619e+05
4.634427850100300275e+05
4.463959709499865770e+06
1.308153339369163587e+05
4.583451207356287050e+05
2.995337408091139980e+06
9.088311401181131369e+05
1.693545156906064134e+06
8.092604250600103987e+05
4.023838783619926777e+06
2.968401431386580807e+05
7.013067469743675319e+05
7.952083609976920998e+05
9.071918888194933534e+05
3.448502992566649918e+05
1.599167379409251153e+05
1.855952750220285088e+05
1.005004209051311482e+05
7.317164504559441702e+05
2.712285542035622988e+06
1.703201992361603188e+05
2.246511359393707826e+05
1.347083551444184734e+06
2.804472965976668056e+05
9.725056567567815364e+04
6.342693280103534926e+05
2.853781021662229905e+05
1.063392216419320321e+06
1.091640574948965339e+06
1.585919396715639858e+06
5.466612763198167086e+05
4.257796284381513251e+05
1.362249543045171304e+06
9.477689812887862790e+05
2.097819900066147675e+05
1.014851369180645452e+04
5.601691013379606884e+05
5.775901891278519543e+03
3.109520207054207567e+05
1.494360829584540807e+04
2.289626291992427723e+05
1.458483984454403864e+06
6.016054644895778038e+05
3.443507151525594527e+05
8.574366854232883779e+05
3.338693406921174028e+05
1.423185255308473716e+05
4.706034598437768873e+05
2.413837206218780557e+04
3.225154261147232028e+05
2.164179241831131221e+05
1.278164134301396320e+06
3.430527640537088737e+05
1.191407064051892376e+05
4.860505179223043378e+05
1.485042590140878165e+05
1.113201048861616000e+05
5.154792546168518602e+05
1.610769890648739820e+05
8.135106388984190999e+05
2.722602295628367458e+06
2.127005573635075416e+05
8.300614700614057074e+04
1.529316740295042691e+05
8.574988211743823194e+04
3.152921222252373118e+05
2.433428749923291616e+05
2.777715370664062793e+05
5.518547149914827896e+05
2.246971117802562367e+05
6.711611612826543860e+05
1.186247279656854371e+05
6.688871582228483167e+05
2.205059083499305416e+06
9.443526030128565617e+05
1.050440626923499804e+05
1.416910033051389968e+06
2.947520100571105722e+05
7.423370533730391180e+05
6.969781849967616145e+05
6.403723462599240011e+05
3.883079464500774047e+05
1.328464504108095542e+06
1.325145942810165288e+05
1.501152026218356332e+05
1.863925558291737107e+05
1.949911472040309454e+05
7.522777518321486190e+06
1.314370913285095710e+06
6.918669881287399039e+04
5.600963762562291231e+05
1.659496415027526964e+05
6.154441467755963095e+05
6.089071816111023509e+04
5.690116146174164023e+05
1.111938754008803749e+06
5.086029325598790310e+06
1.407588485065424757e+05
3.110664886902154540e+05
1.719469832359893480e+05
1.028514963918150170e+05
2.523706076482169447e+05
2.264883871378675103e+06
3.014311188716955949e+05
1.203285610583318194e+05
1.927074853883259057e+05
1.824635989021525311e+05
9.515891379958238394e+04
8.243938039247310953e+05
4.733201896306642448e+04
2.626208496914703210e+04
2.736115243957907660e+05
9.042685669042316731e+05
6.789500077100977069e+05
2.015335897863940045e+05
2.568463951093082782e+06
2.677129350714804605e+04
7.200949061691932147e+05
3.069744886168062803e+05
4.849303819084931165e+05
2.325662356228359509e+06
9.023984883950392250e+05
1.031851810550571536e+05
1.246644051421951968e+06
7.167441547888626810e+05
1.443072738300048804e+05
1.150259789422257199e+04
2.860869866555515910e+05
2.373431980954519473e+06
2.841430287637112197e+05
8.601579490737571905e+04
1.254909183422963397e+05
7.010186193428466504e+04
2.914029913120876299e+05
4.702552387177359196e+04
6.110548318773086794e+04
7.479374497549574589e+05
3.867409607338124886e+06
7.737709483594496269e+05
4.127785210106807062e+05
1.227563705434158910e+05
4.113865200739490101e+05
3.711292559120507794e+05
1.053099955055009923e+05
2.392191935928706152e+04
5.267970318610591494e+04
1.502702619558385340e+05
4.082553453013374237e+05
6.978908091670103022e+04
1.170865498930119677e+06
1.295471000023162633e+05
5.041802460389467306e+05
4.173273554301824333e+04
2.151605268588386534e+05
1.798451524032768502e+05
1.459867581956519512e+06
4.015002493884735741e+05
4.714278536631116876e+05
2.696110058468714706e+05
1.053653094311778201e+06
1.565322684748437023e+05
2.820587856242400594e+05
4.634531221165853785e+05
6.940026129609344061e+05
4.103430042220460018e+05
9.226347534931057453e+03
2.900638331046884879e+06
2.552648824319413397e+06
1.124893276694599917e+05
1.367135450146939547e+05
4.331455875535408268e+05
8.507843185339065967e+05
5.776227179375669220e+05
8.724801782617253484e+05
8.058454592126614880e+05
2.183792729049489426e+05
3.214362174605852342e+05
6.932756954578398727e+05
9.778786824501309311e+05
1.184125334873675019e+05
9.432624263871255971e+04
2.112992377553151746e+05
2.485887482860826130e+05
3.966062254850051831e+05
1.212750464700539305e+05
1.966641092771383119e+05
1.142620005955982255e+06
1.063225594019628363e+06
8.871914071758772479e+04
2.139982145310898486e+05
5.436535918682444026e+04
5.829127005844413070e+05
2.202458856393171591e+05
1.076984929031831562e+05
3.618039489547589328e+05
1.142748315594663000e+05
1.747363919949397387e+05
6.062001400452393864e+04
3.008826918731651735e+06
1.461098229423693614e+06
2.035152518144288042e+05
1.153680268760696985e+06
1.375725818898026133e+06
9.782397270077867142e+04
1.181310681416516891e+05
3.048308104298374965e+05
1.714360978200123354e+05
2.072171936004878953e+06
1.569808245707720052e+06
1.188023328084689565e+06
3.084571625929018017e+06
3.202501035360334208e+05
7.806374869913161092e+04
3.254548552116467035e+05
2.012157197553631268e+05
4.507931626885170699e+05
8.718576499041275820e+05
3.776712328511800151e+05
4.506814609694951796e+05
7.199060481487982906e+05
5.828507674627170200e+05
2.724643004420402212e+04
2.230696480290348176e+06
2.466133901118301321e+06
1.805183614821986994e+05
1.480446854423462937e+05
3.615240729193639127e+05
3.020273168441496091e+05
5.960040432211342704e+04
3.100309156295935158e+06
8.920946248288685456e+05
5.367716603698119288e+05
3.322421771348042879e+06
6.679848161833636696e+05
3.689643090345602832e+04
7.655453979262723587e+05
5.609436969479867257e+05
1.605710942429032875e+05
4.221092402093264973e+05
8.014244907919481630e+05
3.987857418162173708e+05
8.450838256580127636e+05
2.134545264378940192e+04
2.170121053316782636e+05
3.675944427990937838e+05
6.656571451182043529e+04
8.980291367116927868e+05
2.071774056921588257e+06
2.200698157178016554e+05
3.845124311808683560e+05
2.305941298950389901e+05
1.990476315831638640e+06
1.046699492784060567e+05
1.108670056360510353e+04
1.926887253799604368e+05
1.990003849348754738e+05
3.528306230647765915e+05
1.333242009936616523e+06
8.385868677599070361e+05
8.278838215899729403e+05
9.321736592062570853e+05
6.228769298016816610e+05
7.598694692317128647e+05
2.978162061233803979e+05
2.977689435574329691e+05
1.562984646212280495e+06
1.143255620645174989e+06
1.280428979722136282e+05
2.298140387096236736e+04
5.059278304338433663e+05
1.747507454726956086e+06
9.114420675815350842e+05
4.183109941131689120e+05
2.018181909937126911e+05
1.214172158524991479e+06
4.235764700988340192e+05
2.394304832763660670e+04
8.256201217132755846e+04
4.799623281190042035e+05
7.721703528812319564e+04
3.042994174380580895e+06
5.967574215689462144e+05
5.551125302266987273e+05
1.565268216860221466e+06
1.405404798655065824e+05
1.339146851584339747e+06
1.330025942227542400e+06
9.527033821332351072e+05
9.336340676223741611e+05
4.124841307555510430e+05
7.649341075755382190e+05
1.023741341291166318e+05
5.958746175316720037e+05
4.861699418531859410e+05
1.713710394499526825e+06
7.071503398506891681e+05
3.441450914020837808e+04
7.177060538362665102e+05
1.286154078616159095e+05
2.208058294721050770e+05
4.384655366955827049e+04
6.047435082189409295e+05
3.625605691599493381e+06
2.718651250094164279e+05
5.256923544732456794e+05
1.247336628937206115e+05
4.263395107350670150e+05
5.670871798530126689e+05
2.391878085663386621e+06
6.936614634574574302e+04
2.190889196833996102e+05
4.082139620074206032e+05
7.009239228064732160e+05
2.551718186492907698e+05
7.446142810079800256e+04
2.761122416490109754e+05
8.647764987520952709e+05
3.479405004132280010e+04
5.644787368663580855e+05
1.532092499808571883e+05
7.163605548265605466e+05
2.406504911161224882e+05
1.021198513962034369e+06
2.786506429613667424e+05
7.126830869483271381e+05
5.154823088255383773e+05
9.016054069774303352e+05
1.156337164967310615e+06
2.597934866105423134e+05
5.197549676105576567e+06
1.514331105283558369e+06
2.412224159723210614e+05
3.435744158576837508e+05
2.636481049657700351e+05
4.277006784309908835e+04
2.065590649934418616e+05
6.008616890711130109e+05
4.182160779132296331e+06
6.751474218914534140e+04
4.758779867658431758e+05
2.241414712902607862e+06
2.098696840924587741e+05
4.295255674572558491e+05
7.824892288676121971e+05
4.157571676763745927e+04
2.837129353903265670e+06
9.913108320336537145e+04
1.059682024981751340e+06
3.486051338183591142e+05
6.816712364758553449e+05
1.452918426462155476e+05
8.805363455096022517e+04
4.981549325688340468e+05
1.833905696519824211e+06
7.019343031842642813e+04
4.193618023107913177e+04
3.061920958430505125e+05
2.008854340212505485e+05
8.370426875665115658e+05
3.433325210028376314e+05
1.584035137677488674e+05
1.687620986197174352e+05
2.999933550691051641e+05
1.206977596928035055e+05
3.142321827663303338e+04
4.104549948708852753e+05
2.195941004484464356e+05
1.868736605207140325e+06
6.933570610659935046e+05
7.115763455772466841e+04
1.103085189639973920e+06
1.483253883166415908e+05
4.623655405991512234e+05
2.248687435432466154e+05
1.360363660980171699e+05
2.261789157922062557e+06
2.945294332995568984e+05
1.873986112556738663e+05
1.486050588544908678e+05
4.943166209897377994e+05
2.053909959875891800e+05
3.160990001210039947e+06
1.506866085640116362e+05
2.534427986253775016e+05
4.691559090537971933e+05
2.869172939371099346e+05
4.148242210560559761e+05
3.108959523142707767e+05
6.999832198735373095e+04
8.461107384878956946e+05
1.268613792862739792e+05
1.701289881516048627e+05
3.809071836866848753e+05
8.252414009466397110e+05
2.848345940096005797e+05
9.394401859075209359e+04
5.205010919907360221e+05
1.465525515909042442e+05
2.497130650095174788e+05
5.216834619838865183e+04
4.938790206155797932e+05
1.231245872543573496e+05
5.628590595007005322e+04
1.291206794926224829e+05
6.607451836453877622e+05
4.945854725009269896e+05
1.324021581517795101e+06
8.279839168039722135e+05
1.067386298320214846e+05
7.533646282788239478e+04
6.321001506150977220e+05
6.490972650745479623e+05
7.686462366568951402e+05
1.345135643864243757e+05
1.196660858624075336e+05
3.654930404214224836e+04
6.362686041654635919e+05
9.759145444307329308e+04
1.302098423698212719e+06
2.518355418352923880e+05
2.946481026670405408e+05
5.154862983675632277e+05
7.339698131607137620e+05
3.374654093801003764e+05
3.638277905239840038e+04
1.610335474839398812e+05
4.054258278873711824e+05
1.964445624679056345e+05
1.578820333554422949e+06
3.107304019838038366e+05
1.712033334464162763e+05
7.237668788611594355e+05
3.079218320203683106e+05
2.818090577047499246e+05
1.167818911126061575e+06
7.977411159482642543e+05
2.823177098048233893e+05
1.645360474571236118e+05
4.348175096643764991e+05
3.417654035972989514e+05
8.960124350055108080e+05
6.325590975995539920e+05
5.013862941571444389e+05
1.545557855082233436e+05
5.225797681321652490e+05
2.261802240053086542e+06
3.269538197836088366e+05
1.929783967087331461e+06
1.573293356513973849e+05
5.075148660114702070e+05
1.292845192992358207e+05
2.400218198870769993e+05
4.917435847424353124e+05
4.957692670886540145e+04
8.342554392861064116e+04
1.332070772949712118e+06
3.726980407413208857e+06
5.610327221143612405e+05
4.519093483751130407e+04
6.465630047363641206e+05
5.818789011276707606e+04
1.012785457999607897e+06
7.714497384752980433e+05
8.726864579769980992e+03
1.400101270493212505e+05
1.224914651606831467e+05
5.367913038302107016e+05
2.105810584202049067e+05
4.289032889226069528e+04
1.596294244982441887e+05
6.885481336543188663e+05
9.850600149656380527e+05
5.443616923737107754e+03
2.656807285601114389e+06
1.764560945036363788e+06
8.578721603051053826e+05
8.996203461167537607e+05
1.225410366418402264e+05
1.778947236985357711e+06
2.056734847317755630e+05
3.278691120441367384e+05
5.464182467998557258e+05
1.319385641833508998e+04
4.144980586619051755e+05
1.106794605938401510e+05
1.779676194344762480e+05
2.171647718834511936e+06
2.013446791498263832e+06
2.249633036516928405e+05
2.004484372023523028e+05
4.669369161309206975e+05
2.895263421920615947e+05
2.615187436520472402e+05
8.363665315797794028e+04
9.286579534159633331e+05
9.342129111539507285e+05
1.230319579802801600e+06
5.152085138973073917e+05
3.116146617048673797e+05
7.594217036919359816e+04
5.502065878079240210e+05
1.327220478827131155e+05
9.076533168908361113e+05
1.063807424666199600e+06
1.138922953809640137e+06
1.005810233369408292e+06
1.348243772450930555e+05
1.017127277341934387e+06
4.595168279419405153e+05
3.325509227920235717e+05
2.878634689811001299e+05
2.249636959255953116e+04
1.109251759660492884e+06
2.752736987676580975e+04
1.072202337033677148e+06
2.262754571262675454e+05
3.695998913270877674e+05
2.083748273499714851e+05
3.012024685113457963e+05
6.944379959667330841e+05
3.679878523673724849e+05
3.100889509010080248e+06
7.974327914918572060e+04
2.243183362221734133e+05
1.767500950850392983e+05
3.117292202109691571e+05
2.773606813452994102e+05
7.834695173708570655e+05
2.002788935087826976e+05
2.588431976506471692e+05
2.731740652717289049e+04
3.081200895160326618e+05
2.208850148525478726e+05
2.357504319584298064e+05
2.448610230820421129e+05
2.860203009831661475e+05
1.532742993920468143e+05
1.560657974011210026e+05
2.290044074129641231e+05
9.310210180055749370e+05
4.214073564604341518e+05
8.298893282616481883e+05
2.646452727122908109e+05
8.961370287287475076e+05
1.387350007590965834e+06
7.875171065078139072e+05
9.306444006787290564e+05
4.009712485723336431e+04
8.428576160773377633e+05
6.504026449911043164e+04
2.123091085383853642e+05
2.602358145175831451e+05
1.667270900341284578e+05
1.810478832917356922e+05
4.358027477531511686e+05
1.501351425079074979e+05
2.952533860028730123e+05
1.928633003257389180e+06
7.843426722752612550e+05
1.092599338074687694e+05
8.947272048494926421e+05
1.323945883067233372e+05
8.809016015961768571e+05
1.392399961192123301e+05
1.136926947999294134e+04
8.551323899398758658e+04
3.214866405267454684e+05
1.002651540315319726e+05
1.053919328295642481e+05
1.614006559623732173e+05
5.231875828079287894e+05
4.552275594211351126e+05
1.645142168088453589e+06
5.745750798023076495e+05
1.932424185862690210e+05
2.641919559026175179e+06
5.193341805791174993e+05
3.532496558111032937e+05
1.424383929652779829e+06
2.760968530890190741e+05
2.151995424516649917e+06
2.331361929404331895e+05
5.231638075830869639e+04
5.568793535624148790e+05
6.570994177692930680e+05
2.810966550608180696e+05
1.759525870600487979e+05
4.103354684642631910e+05
1.775178395158141793e+05
2.079579665278300236e+05
3.139150881783048972e+05
7.215138308531027287e+05
8.486028509513820609e+03
4.415969918344645994e+05
1.694955650416244171e+05
1.664053829227445880e+06
1.692938528742979513e+06
9.052141981875022175e+05
9.597994499700730375e+04
1.556333813693987031e+05
4.601772901427120087e+05
3.942919516701430548e+05
2.776331618960450287e+05
6.569025012506265193e+05
1.610802060919026262e+05
1.455805142265562434e+06
3.288096181738140785e+03
3.551577274472668651e+05
1.700466429984531424e+05
8.339051088584272657e+04
8.069455832036242646e+04
8.967608064741803100e+05
1.270195010037057655e+05
1.129179293296168791e+06
2.379160521003771282e+05
3.892668271548780147e+06
2.155189857778583828e+05
2.499983608731172571e+05
2.563782595221182055e+04
1.646849944698455743e+06
6.218830663942391402e+04
2.696993243841431104e+05
1.438024889435248624e+05
5.748757358665075299e+04
2.052911616134257056e+05
4.601572551807767595e+05
1.533246261600234720e+05
1.201194529305632750e+05
4.459593290418782271e+05
3.793274394245860749e+05
7.047111556645316305e+05
1.693148863567606313e+06
7.116370423388320487e+05
5.747293519253400154e+05
9.955112684038149891e+05
6.095649058840867365e+05
6.514714545361174969e+05
2.255647739872557577e+06
2.725462717593747075e+05
1.078227701666227367e+05
2.595152134840767540e+05
1.408304759047540138e+06
4.767914171042339294e+05
1.473771565366634168e+05
2.163193023463106947e+05
1.258622238937595102e+05
3.455862449430431006e+05
2.270752126892693050e+05
4.810520484792067145e+04
1.131753246615045471e+06
1.592407927056034678e+05
6.451480988957317459e+04
8.276656104097844218e+04
2.225378175146834692e+05
1.481999055218169000e+06
9.055824690442666179e+05
4.412758758994389209e+05
3.899669927348531201e+05
1.648938273093477474e+05
7.399297301403557649e+05
1.144097195755365101e+05
2.733573458529777708e+05
7.020112741089975461e+05
2.616847508259512833e+05
8.914379792039336171e+05
1.480906270975387597e+05
3.823464247233559581e+04
2.047778198528682406e+05
1.658702562949149287e+05
7.191122126413057558e+05
1.730183818171999301e+05
3.399686529514712747e+05
4.006913506761649041e+05
2.297218718238345755e+05
1.579084471931113803e+05
1.338995510873558698e+06
2.490631697522817121e+05
4.541974814092513174e+06
3.797364740890931804e+06
7.684284639483485080e+04
3.412744222931832774e+05
6.762152575875063194e+05
5.181481955090703443e+06
2.989982525712118950e+05
3.052342615648666397e+05
8.948927927254980023e+04
1.701642661933249619e+05
3.558887214315098827e+05
3.104189937868324341e+05
1.837031485540589551e+06
8.894077135857134999e+04
1.916843808909026266e+05
6.550092876980972942e+05
2.728525041909696884e+05
3.772723492279114434e+05
1.248146927658969653e+05
2.179793206426610705e+06
2.682449119867390953e+06
1.216178494139594113e+05
2.568491868323654053e+05
9.770062479086477833e+04
9.101523788840833004e+04
1.074435508601427544e+06
3.257392557330584968e+05
2.188899980397759064e+05
2.216844772133243969e+05
8.138342356684397964e+04
8.480612425982990317e+03
1.211951594765129703e+05
1.423752724084930960e+06
2.699449739412743947e+05
5.620793898545574630e+05
7.945315407450508792e+04
2.048658483553139027e+06
3.594073573083283845e+05
1.240920192793198657e+04
1.041410442274904693e+06
1.076431753501790517e+05
9.948349274319834076e+05
4.451703636837763042e+04
3.696626807297901250e+05
6.055282779252901673e+05
3.459602386625244981e+05
1.154034155329775531e+05
8.341991806886176346e+04
4.774788486231490242e+04
9.497456093060604762e+05
1.522966046072304307e+05
2.525862831950109685e+05
1.402968886077416537e+05
4.737731083741875482e+05
2.642267797066485509e+05
2.186276195897114929e+06
1.381743452459859254e+05
3.625004699857161613e+05
6.031097407853608020e+05
1.801036343646733440e+05
4.777862917898108135e+05
6.923197394439155469e+05
6.972117229279287858e+05
2.134469430434799287e+05
6.242064773099690210e+05
2.886342976855206507e+04
4.650372817837448092e+05
1.699535942615068925e+05
1.755357997468186077e+05
4.164644453406584798e+05
2.508905590857954812e+05
5.213342899494618759e+05
8.613563720572103921e+04
2.040182350812679506e+05
7.925697858052235097e+04
6.757096712373350747e+05
9.373350352568046656e+05
6.660711389728605282e+05
1.411837999953260005e+05
6.465004442109282827e+05
7.355028802540865727e+05
1.490726122388259973e+05
4.445986482777237543e+05
2.990789836702974862e+05
1.273004611526529770e+05
3.230349622453738702e+05
1.448890654355646810e+06
5.996895344089295395e+04
5.569539588698664447e+05
5.723958676713701570e+05
1.366149253976143955e+05
3.607665473802491761e+04
2.397123158719746862e+05
2.640185094985697651e+05
4.596567388324168278e+05
5.596671752353840508e+06
3.992076508938689949e+05
4.058045150600741617e+05
3.656363743807041319e+05
8.312181700413407525e+05
6.005889536236331332e+05
1.348518475873304997e+06
3.428461268430466298e+05
9.696550994483153336e+05
1.104230761172892235e+05
1.341572070994048554e+05
3.127495812274435302e+05
5.537965590669772064e+04
7.350536828742225189e+05
5.948994481403166428e+05
1.981804450778246392e+05
1.336805598650926258e+05
4.974737493119516876e+05
1.350512568627709697e+05
2.877515389921275782e+05
7.514483184293337399e+05
8.989106087524805916e+05
7.718486040179315023e+05
7.856313546078288928e+05
4.254206994150055107e+05
9.027563650985827553e+04
1.094226277959324419e+06
6.296675101403613808e+05
9.998479889090638608e+04
6.612081714817388274e+04
2.709794993667492599e+04
1.065189073963575764e+06
2.483650720197652481e+04
8.935491780641633086e+05
3.965091409335365170e+05
1.777051114241671894e+04
9.436608747456068522e+04
3.391021717253966926e+04
2.470910373609845992e+05
6.157929709543008357e+05
3.569947966209300328e+06
1.540321677116837818e+06
2.451669811428666580e+05
3.521743303739267867e+05
2.702719675502186292e+05
1.710992628114012768e+05
4.171746997580490424e+05
4.147525159520035959e+05
7.241866523326659808e+05
3.876294806206589099e+06
3.257939844066665974e+05
1.460271610299972526e+05
5.582756507190159755e+05
2.659780189133383101e+05
1.119636209359601140e+06
8.908881060845779721e+05
5.012622021614580299e+05
7.455087940708416281e+05
1.257217581802382134e+06
5.155772298735909862e+04
1.067862818553422403e+04
8.094591574339732761e+05
3.161826525829326711e+05
1.591075693743265583e+05
6.104004443034107098e+05
3.469172599223270081e+05
7.395697663171553286e+05
5.186720471255070879e+05
7.993789584893122083e+05
6.839432068197960325e+04
1.028882535246085026e+05
3.959687852992012631e+05
5.495876340423475485e+05
7.861941324760231655e+05
8.806922800707607530e+04
9.326163556563990423e+05
7.560612473118664639e+04
1.645355641384521732e+06
5.265309875527388649e+05
2.568690996304192580e+06
3.422001519877307001e+05
4.017146470744226826e+05
7.942636149477247091e+04
1.103086611830423353e+06
6.743610303975382703e+04
1.343649849652707635e+05
1.140008966640800703e+06
1.384670002098971454e+05
6.491944631939906685e+04
3.598834934510657331e+05
1.590522695197228750e+05
4.743768212234078237e+04
8.414636060725736024e+04
1.703722805472333857e+05
9.215824472066047601e+05
9.242797966735801892e+05
1.182370172282005369e+05
4.099387112424563384e+05
3.548610895647353755e+04
5.122798664551525726e+05
2.665423762610690901e+05
2.365511476478571421e+05
1.567130055339580576e+05
4.658571319660166628e+05
2.796860252600319218e+05
3.617643734548325301e+05
4.727497762632730301e+05
9.933356687597752898e+04
9.843601742749589903e+04
1.186994031222052407e+06
4.235210637721006788e+04
3.439927513428216334e+05
1.195950622172421863e+05
4.432365004037739709e+05
2.522159885210854118e+05
4.806565571785218199e+05
4.146312045040139928e+05
6.626771737397708930e+05
7.297383904533644672e+05
4.027500844459688757e+06
7.277635902952910692e+04
4.978347558253101306e+05
2.710347927464306122e+05
2.305844098171383608e+06
8.170603776310768444e+05
2.208589565911210957e+05
1.333708779300314563e+04
9.127115107740786625e+05
1.461035162422614812e+05
1.576831669939761923e+05
1.246283130972774699e+06
6.163202695439760573e+05
1.751025732834670052e+05
1.896946556744427944e+05
3.911325006370560004e+04
2.817421419696628000e+05
5.607337149852475850e+05
1.175092670309442619e+05
7.625714925393266603e+05
1.777745297929757799e+05
1.138695228804413928e+05
1.940783463358785375e+05
2.033867878425962117e+05
6.186117960377773852e+04
9.337996899408323225e+04
1.518034764999217005e+05
4.008879052074162610e+04
7.427757260951123899e+05
4.171268391436238308e+05
2.890803138858671882e+05
2.280084888958602969e+05
1.332153968241644907e+05
1.953125337270297459e+05
4.373049358643670712e+04
1.445182527024255833e+05
2.344656466513542924e+06
1.250967666361979907e+06
1.511505035405269882e+05
1.308065324208586244e+06
4.093979907177919522e+05
3.191184162620913703e+05
4.878783500609847833e+05
2.353151338172056421e+05
1.476385174753002124e+06
2.653196470957002603e+05
2.742336914357272326e+05
7.207751762416207930e+04
5.965243962188131409e+05
1.145818009506785311e+05
1.763994374183820793e+06
8.723105425157246646e+05
3.793319157721578376e+05
2.073253786675029260e+05
7.275109370649366174e+05
4.226736030570318107e+05
4.731605648649941431e+05
3.469361615173697937e+06
7.685005175307764439e+05
2.931098488254932454e+05
6.856095279469097732e+05
6.961819065173045965e+04
6.821105992457583779e+05
7.192029101049747551e+05
2.703431155336335651e+05
7.932671255089122569e+05
3.956152594462557230e+06
6.913774084365823073e+05
2.083920106653737894e+05
5.447572457775057992e+05
2.165653798302780488e+05
1.177369384637751500e+04
1.350799604541552544e+05
4.872858923768879613e+05
6.161970411657846125e+04
1.080689445325396082e+05
6.021672145175283076e+05
9.198294799357013544e+05
2.482272008649016265e+06
1.866744027872929873e+05
5.377938441368740750e+05
1.912626299269925512e+05
6.223736615215988830e+06
2.119492686036369123e+05
4.752888769398010918e+05
2.349098153714537621e+05
5.132925712237616972e+04
3.282722512664725655e+05
2.656936826466257917e+05
2.979575395260643563e+05
1.690229497829832253e+05
1.425134153848811984e+06
2.504506304921426636e+05
5.701614349407830741e+05
1.396233013047654822e+05
8.876566320838183165e+05
4.169742073752210708e+05
2.474962365317307995e+05
8.665535734935954679e+04
2.842238910721037537e+05
4.127259860732854577e+05
1.659296018081717775e+05
2.688347943670522654e+05
3.694642167818789603e+05
7.501330615885632869e+04
5.972825066115615191e+05
1.026362127659869584e+05
5.078244405082592275e+05
5.066171238267983426e+05
1.025295688594946696e+05
1.099906173019272246e+05
3.148518495637127780e+05
1.025684367481096881e+06
1.065978379758304654e+05
2.512558078720731428e+05
8.441903923338661843e+04
1.545385036519271089e+05
2.490362499108749762e+04
1.833477746992072789e+05
5.078273151688884827e+05
2.688931931401740803e+04
1.120772122449815652e+05
1.446866845965096960e+06
1.966634576435386552e+05
2.302789751059160917e+05
5.523317954812322278e+05
3.108415218593401733e+04
1.866313061010692909e+05
1.334085664248382673e+05
8.226491028903044062e+05
1.513190765756494598e+06
2.530937770104240044e+05
1.760176418423723226e+04
3.578909431894758018e+05
3.229051961496479344e+05
7.262717395628941013e+05
3.306721874639252783e+05
5.804901094180074142e+04
1.531061881342650449e+05
3.230578653658884577e+05
2.195042778500863060e+05
8.442689237294576596e+05
4.272185976706821821e+05
2.060439252870519122e+05
1.308929892847019510e+05
8.996314632623948273e+04
3.789522858512593666e+05
2.724607880666099372e+05
1.142141530105521815e+05
1.387276498340753838e+06
6.303961487121594837e+05
1.343150437449254794e+06
2.100594811585887510e+05
4.837630729394906084e+05
9.764204115556840552e+05
6.231890454339087009e+05
1.208575166778459214e+06
1.618291791432724567e+06
8.657642210505658295e+04
3.251265543775798287e+05
1.578515152583098970e+06
4.112328484311967622e+05
2.237024374770367518e+06
5.888903506940710358e+05
1.368739296862675401e+05
2.432605327164884657e+06
2.206146103076490108e+05
6.632653902882200200e+05
5.868105864988365211e+05
2.987236448008650332e+05
1.207678788034101453e+05
1.111082357505787862e+06
9.485011204143349314e+05
3.036268722236078465e+05
4.326229422851693234e+05
8.282455409815718886e+05
1.410908232888911734e+05
2.907734301866935566e+05
1.308850773769013322e+05
4.679242989287246019e+04
2.326493074378748424e+05
3.314295906767051783e+05
2.401056168527537084e+05
1.200113690827547573e+06
4.963338794586292352e+05
6.496912860933687771e+05
7.768067999836110976e+05
9.867456554470671108e+05
9.772206398557670182e+05
9.297152454155088635e+05
1.993032225067684485e+05
1.601398447120504570e+05
1.872029794107012567e+05
9.913945665728549939e+05
2.378644996836350765e+05
2.822554213925159420e+05
8.814338410466110799e+05
1.998885376770641014e+05
6.975513489624792710e+05
2.336401455295553606e+05
1.697879742438623798e+05
3.749537386560995947e+05
2.576090505425774900e+05
2.570075017972083297e+05
1.398027757196413295e+05
1.960144545511686010e+05
1.298621411063255277e+06
2.273420194844455109e+05
2.258264292120027239e+05
6.939516390737528855e+04
3.409879242201634042e+04
2.415194450431248406e+05
4.251055838270257227e+05
2.673308140041836305e+05
5.742352937026382424e+05
8.882450041423719085e+04
3.160783779731485411e+05
4.466472880533040152e+05
1.763679234046285972e+06
5.193335940631866688e+05
9.004590853733419499e+04
2.851017003958488931e+05
3.930931248231545906e+05
3.762229354534360464e+05
9.293605104609682166e+04
5.468375425924220326e+04
5.700697441094917012e+05
4.916198410119133769e+05
9.841458815673821373e+05
1.337740500070480630e+05
1.685857850390682928e+06
1.170717947601578431e+06
1.964543133844936965e+05
1.415859521259092617e+04
1.544252478775531927e+05
5.044003062861478538e+05
4.193708588751094794e+03
3.635338320123727899e+05
8.653136388675245689e+04
7.857049826586879790e+05
2.541532436016472639e+05
2.641419406214277842e+04
1.622825738889477449e+06
5.721176703282887320e+04
2.054938207418214588e+05
4.352195153784313879e+04
1.150286185288406705e+05
9.391240855934800347e+05
3.727425224595373729e+05
2.932718335130873602e+05
1.866252959162911575e+05
6.036164805046156980e+05
8.721049296574754408e+05
1.293137284441154334e+05
4.620581406234197784e+05
9.938198287254074821e+05
3.176956592416766565e+06
2.076655962125669757e+05
3.825047492772009573e+05
2.591800878286243882e+06
9.485860807018682826e+05
1.465942267979354365e+06
6.308927690818150295e+05
6.145810805561884772e+05
4.845666761147152283e+05
2.882086287446842180e+05
8.679595663600440603e+05
6.778657347488971427e+05
2.795785537333204411e+05
2.719732611682360948e+04
3.838961888736910623e+04
3.670956413682588376e+06
1.520955076306262752e+06
9.787255937429511687e+04
1.222210365102269920e+06
2.247199277477454394e+06
1.581485756109075854e+06
1.747646818085137929e+05
1.771416112180224154e+05
1.044728300063764473e+05
4.806247413562706206e+05
4.474107454454603721e+05
2.827228794323714916e+06
4.675252746727924387e+04
8.898982779348926852e+04
7.632244304217385361e+05
5.586663202755927341e+04
6.683567312655106070e+04
5.738928828617846011e+04
1.432248301219334535e+05
3.784311893302843673e+05
2.790418195995769929e+05
2.634919334315097891e+06
4.644410450417794054e+05
3.752280942871645093e+05
3.235398035138013074e+05
2.300906701907124836e+06
1.408111205990738235e+05
2.612941664712444763e+05
6.381772032230923651e+05
1.440483435206198599e+06
2.047389679258920951e+06
4.958303799487894285e+05
2.516309319519371493e+05
1.704346673269269231e+05
1.833189095956688980e+05
1.676034556552549766e+05
9.157372722582930874e+04
5.322300292380264727e+04
1.028186464564949041e+06
1.679614275170588226e+05
3.242364170291655464e+05
2.427219138175049447e+05
1.018185076017018524e+06
5.933272771115615033e+05
2.778638902877418441e+05
9.686688913568172138e+05
5.324955679595161928e+05
1.654663869033272786e+05
5.491073471496000420e+05
2.055500875738941540e+05
3.390496357418506523e+05
2.960196892810565987e+04
7.300824989056560444e+05
2.825103936432381161e+05
9.919357994481634814e+05
2.951233322017909377e+05
5.379959858273086138e+05
7.565262022065757774e+05
7.979677562353808898e+05
1.700340337820251472e+06
1.328408930898720631e+06
1.073644532850628020e+05
5.358279437143946998e+05
1.186839994106583617e+05
5.952855958734883461e+05
2.943164524428673321e+05
2.289309989539262897e+05
2.110041259907438071e+05
1.528681931892938446e+05
3.162406131289658952e+05
2.155000381852749706e+04
5.548346510051413206e+05
4.954690072860250802e+04
2.492987204188764736e+05
3.815698074766341015e+05
2.160592082381657383e+04
4.825869007254989265e+04
1.598368986495559220e+05
1.746215058109599340e+05
1.165949066257307277e+04
5.551014609141849214e+05
1.453371767178393493e+05
3.173273559449934401e+05
1.701776782285847585e+05
9.705518263258716615e+04
1.699161058470242424e+05
1.371372984306108847e+05
1.796293588239705423e+06
5.172975329425833188e+05
1.219885891500992875e+04
1.142983896476273658e+06
1.483916505362848693e+05
4.928363949798594113e+05
5.210353387610859936e+05
3.294791581460471498e+05
9.827792443261545850e+05
1.028268384322028724e+05
1.034518281291673775e+06
8.149777663282434514e+04
1.787232161805549695e+05
3.525291195924516796e+04
2.852807569735063589e+05
2.041635925503251783e+05
4.415650504880385706e+05
1.175269052257394942e+05
5.266706339390880748e+04
1.386829311635240156e+05
3.474655247636858840e+05
1.443540283293835819e+06
1.012826530944283295e+05
2.088319042609440294e+04
3.336055572961326689e+05
2.070683964085908374e+05
4.590785805564391427e+06
1.640203785201132414e+05
1.430483763171236729e+06
8.761394415469474916e+04
5.590093586090387544e+04
3.512480390150608961e+06
2.200430822781922179e+05
7.788983169784046186e+04
1.669590163407028012e+05
1.631736308672196697e+06
8.127396797726784134e+05
5.657613704683849355e+05
2.649724637355625164e+06
2.172791947354257572e+06
4.486176225473569939e+05
5.131490866439841921e+05
4.498767223485626164e+04
5.773026234719174681e+04
1.277186958965007914e+06
1.275687196780716840e+04
2.830499704628915424e+04
1.530638157439999923e+05
1.341081791529707261e+05
2.761934995745554334e+05
3.719618461195363780e+05
1.837350171643346315e+06
5.928824302717357205e+04
5.328739836136056110e+05
1.497723342525171582e+06
2.061510197670274647e+06
1.910148877583765890e+06
9.651887654231077759e+05
1.083013105753855547e+06
6.152491700829671463e+05
1.098674698912686901e+06
1.110411962202262657e+05
1.999669283590710722e+06
1.110395387184235500e+06
1.087613705380992265e+06
2.786876084760910599e+05
1.031797427412047633e+06
2.447534726275343448e+06
5.976493613540809602e+05
9.586834975108569779e+04
8.611151014696704806e+04
2.250347710187500052e+05
2.621996772003496299e+05
7.159270027103101893e+04
1.657875218023738125e+04
2.592154183294128161e+05
1.785487415149253793e+05
4.282864715626498801e+05
5.670727037964685587e+05
1.740381016446712893e+05
1.240022267127005849e+06
4.485501038409647881e+05
1.939893782496155472e+05
3.744898497454441385e+05
2.253179929204048822e+05
1.456464998720180476e+06
1.328707005106375727e+05
3.939533071111898171e+05
2.326961576939582883e+05
4.684719220361123793e+06
8.831264951012509409e+05
2.753913743846789934e+06
8.120711947650308721e+05
1.414515053424744168e+06
1.108944468213563552e+06
1.863415336218901211e+05
6.546546378486497561e+05
3.967393985768908751e+05
1.568914162549214205e+06
1.009773088333587861e+06
1.614942393036530353e+06
1.106132441627229797e+06
2.448056386245558388e+05
1.427804152586650162e+05
1.233338483880965359e+05
1.111379387060415000e+06
4.270677216609854368e+05
1.135068270308828447e+06
1.569939249625551165e+05
3.532532182680946426e+04
5.333675273396198172e+05
2.270416278376258444e+06
1.542784544133357937e+06
1.318101965996270592e+05
1.225102963239760429e+05
3.139251336139339837e+05
2.952730676006087451e+05
1.061805749996775412e+05
7.725629552229443798e+05
5.911696457272316911e+04
5.108722755650326726e+05
4.348259467810483184e+05
3.864798592272924725e+05
2.089179571168113907e+05
5.898916643040288909e+04
9.633136078783903213e+04
5.231981756888742675e+05
7.059723788029311982e+04
2.557641996848328927e+04
1.513971923109627678e+05
2.665928608113671071e+05
1.636793529137608421e+05
1.978619613043449644e+05
2.198433106234458683e+05
6.000899089694316499e+05
8.454680225866521941e+05
8.617271030920288758e+05
4.108473206355655566e+04
2.333946018481859064e+05
4.026429992997417576e+05
2.294690624687832315e+06
1.835534247425122885e+05
3.381820283190447371e+05
7.056900202227610862e+05
5.359515492937228410e+05
1.420452404375882354e+06
3.768050796987502254e+05
1.598763798586499470e+05
4.808058305082037259e+04
1.712486211268265615e+05
3.062904834855679073e+05
5.418281694745751884e+04
6.107649553872836987e+05
1.584612602978078066e+05
4.170546742491320401e+03
6.289367013194388710e+05
1.189016362137238495e+06
9.595575024702816154e+04
2.332688644810050726e+06
1.207201541921264434e+05
3.267036581487429212e+05
9.067063103533200047e+04
8.972210901304936269e+05
1.880094571995688020e+05
3.572510939577718964e+05
4.530736111385402619e+05
4.121385975581537932e+05
2.579715996678906376e+05
3.430755321242286009e+05
3.367471794467754080e+05
1.271785179942009505e+06
3.018530513182569994e+05
2.430138124330267601e+04
4.520405203806599602e+05
5.073047619999604649e+04
5.272429403198543878e+04
9.904681075848782202e+05
2.031965995207830565e+05
2.554382089511645318e+05
1.378306290015572449e+05
8.873385448963976523e+04
8.245042184500092117e+04
2.655699385746867047e+05
1.547986810575712880e+05
2.671832943188900128e+06
6.346354706050574314e+05
3.466276723540317616e+05
2.799429895927257603e+05
3.517429520885164966e+05
1.161986357689303550e+05
3.732668376721963432e+04
1.985858877527516452e+05
1.681229980222217273e+05
2.355118899846569111e+05
7.492611895284762140e+05
9.786720819934978863e+03
1.418120376907441823e+05
4.600070974778943928e+05
2.275295272448957898e+06
2.194179413093906478e+05
2.348984946564421989e+05
4.861495030640791520e+05
2.176510515899949314e+04
1.187062367079329415e+05
2.608991835773013590e+05
1.941387598860188882e+04
2.746234695390009438e+05
7.097650272316932678e+05
5.097806945371877518e+05
5.535492474293845589e+04
7.224553132953476161e+05
2.260246784145561687e+05
3.829921881762923440e+05
1.402726395135082304e+06
8.633957573714071186e+05
7.137717956012162904e+04
7.822700970379078353e+04
5.657925012782827253e+05
4.060732790824539552e+04
1.097424530433738983e+05
3.787564229755878914e+05
1.183075960215353734e+04
2.066547958345617400e+06
6.288995233231588500e+05
6.976769883896849351e+05
4.988821986537051998e+04
8.380336703300076770e+05
1.825573655620898120e+06
1.291423960791352729e+05
1.412080911171024491e+04
5.821979723608834669e+06
3.416457017361150938e+05
1.166324869024571264e+06
4.883554953256303561e+05
2.549348117888564593e+05
3.093081136806503637e+05
1.064628125831062207e+06
8.443371112511411775e+04
9.449036178198992275e+04
1.169428765146394871e+05
1.414171693391959998e+05
1.148572144311098236e+05
9.301109253181160893e+05
2.513937792905395385e+06
5.262626238424355397e+05
7.458654202756828454e+04
6.400065685614444083e+05
2.470218105233099486e+05
2.507991882962194504e+05
1.606336858317826700e+05
2.058000461242034798e+05
1.072072538547344739e+06
5.858443369054389041e+04
1.041650277163564460e+05
1.323872219695657841e+05
9.036761072814745421e+04
1.708512411539622990e+05
5.104546774490171811e+05
6.826857964621330611e+05
3.890994648552840226e+04
3.316301992973898887e+05
1.203771838904354721e+06
1.871284377258887398e+05
4.472135820952086942e+05
1.054375025160098448e+06
2.984196701527860481e+06
3.106933531653321697e+05
5.975748411314269470e+04
1.091283487245219585e+05
1.688992581053370959e+05
1.113804865123749478e+06
2.819269988114932203e+05
1.308284764302821364e+06
1.402743736298651202e+05
1.219642358842596586e+05
1.373443212257952109e+04
3.336875952873031143e+06
2.265779857791274844e+05
2.038234055804607691e+06
1.088066711137732636e+05
2.080417943503062415e+05
1.388750328219265793e+05
4.919816554716902319e+05
1.461496562349059852e+06
1.175833080424812157e+06
1.719386800876304740e+06
2.788138144002744230e+05
2.036970086738833052e+05
3.141487093729272019e+06
1.485161548347591422e+06
8.428894496875235927e+04
4.642958098496129387e+05
1.192218778779217391e+05
1.450297940657016821e+06
3.124683861858994933e+05
4.172097565087291296e+05
6.273791205840990879e+05
2.763898287251086440e+05
8.502704328752777074e+05
1.434299461182494415e+05
6.315757235568638862e+04
3.874898056864480022e+05
7.075299298051877413e+05
4.289882716008308344e+05
4.645658343323970621e+04
3.687751510411938216e+04
9.098090881915751845e+06
8.491555805530925281e+05
5.683977293370033149e+05
1.230633104052624432e+06
4.799273624882413424e+05
4.089754318971011089e+05
1.638852014177933452e+05
6.649138792953921948e+05
1.595456665717085998e+05
5.138841731680758297e+06
3.721029582224049955e+05
6.080084277781822020e+05
1.034623917444220715e+05
7.974205850529366871e+05
1.955107664049712766e+05
5.576825162394600920e+05
9.538966260490227432e+04
1.992932875196511741e+05
1.251891869602062070e+05
3.492342857133155339e+05
3.660104894591520424e+05
8.665386871435164940e+05
4.171467937601222075e+05
3.507235743996506208e+05
1.304212477353813592e+06
5.648716796783809550e+05
1.861965717885311751e+05
4.985285354285896756e+04
8.923068839549585246e+05
8.631752682905353140e+05
5.589976091237276560e+05
5.381551914004972205e+05
2.924340187287513167e+06
3.468545521002056194e+05
4.309337279350419412e+05
2.785372382204033784e+05
2.772850264162825770e+05
4.625435763461385795e+04
3.617003817484181491e+05
8.940130132328078616e+05
2.881185871284565073e+05
3.081701978234355920e+05
1.401702787023428245e+05
3.958019170636032359e+05
1.247285275167896616e+05
4.528290177936625551e+05
5.981545763902991894e+04
1.491363673194528557e+06
2.271572633938617364e+05
1.982205535707960662e+05
2.417375128980515292e+05
9.999883017657945165e+05
2.578026828904412687e+06
8.898106179336173227e+05
9.855470829063456040e+05
2.079168400679285987e+05
1.208872142278215033e+05
3.489066992402280448e+05
9.123141315851567779e+05
3.822910307753845118e+05
2.948075797156185217e+04
4.416349599758771365e+04
3.792870612858652021e+05
1.292896844394132262e+06
6.516254115377706476e+05
4.703797196631525294e+05
4.512344375034347759e+05
8.350837302162870765e+05
9.386030968258839494e+03
1.147276625458669296e+05
3.002016326925077374e+04
1.124116315289220074e+06
5.204539826401160099e+05
6.964179838179639773e+05
2.448629887646414281e+05
3.183028925291742198e+05
2.570772340075940883e+05
1.778500685310758417e+06
1.113540165556552354e+06
1.402189590261445381e+06
3.741118376914781984e+05
2.280906277243102159e+04
7.746822124835650902e+05
1.021979386171632068e+05
8.841571568264756934e+04
4.816058652590302518e+05
1.614606621333108982e+06
4.895679554875683389e+05
2.585104002988212742e+05
6.796863149712084851e+04
2.580374673262976867e+05
1.230499679947857512e+06
2.363320188090845477e+05
1.255452440507378051e+05
9.632159570727523032e+02
4.089930221623516409e+05
1.447475744709119899e+06
4.622666310939900577e+05
4.837959122216313262e+05
2.287090388649353554e+04
4.087170254640164057e+04
6.590154423250032123e+05
7.715012265372733236e+04
3.242027106112370966e+05
2.045864368609664962e+05
1.571402190286626865e+05
9.106100371693041234e+04
5.955351651931610832e+04
2.533618692823311780e+06
8.024379869562864769e+05
7.596155104848555056e+05
8.308370249271218199e+03
2.510105764059520443e+05
5.457510964614148252e+05
1.322802657334423857e+05
1.838927842368723941e+05
1.558024564601757331e+06
7.268277294919432607e+05
3.623221965987029253e+05
9.812401554107302218e+04
2.150012571087963006e+05
1.463419596414809930e+05
1.492732497565803933e+05
1.431249221764207585e+06
1.636115822413975839e+05
8.662112471725323121e+04
2.466917077353213972e+05
2.276101187553260825e+05
2.262883223381555872e+05
4.220497312265305663e+05
1.416262654858245223e+05
7.691339304479218554e+05
6.287580308795775054e+05
3.275740129250543541e+05
2.846428707994216820e+05
3.024164908974674181e+05
5.383396257922417717e+05
2.492207473687011749e+06
1.076396656927675795e+05
7.925526164514726261e+05
9.794014676724027377e+05
1.772053720051424811e+06
1.174083206314373529e+05
6.297118433490842290e+04
2.269384100068561384e+05
1.597691096234757570e+05
9.401229521432017209e+05
2.542719719598604424e+05
3.842025473541219835e+05
4.730675550970900804e+05
9.323406896544522606e+05
1.581932259393662971e+05
3.435025597056644619e+04
6.860492224164264044e+05
7.201440366535296198e+05
1.968172659574603313e+05
4.073479030822649365e+05
1.275540038792520936e+05
4.359805823528688052e+05
4.058402750592788798e+05
1.214982043482453795e+06
2.055278821229901587e+04
1.255375119355044444e+05
8.371533955712298630e+05
1.611844657438198105e+06
6.324621062406076817e+05
1.142018294116279809e+06
9.921557059687589062e+05
2.644244671118082013e+06
1.198907205479241093e+05
9.329055001626205922e+04
5.305234846547615016e+05
1.835785300598038593e+05
4.932015810883748345e+05
4.586985266756902565e+05
1.596389446809352667e+05
4.490193600415685796e+04
6.598502924877081532e+05
1.717902489634105004e+05
1.587379886705909739e+05
5.793857162775328470e+04
1.838042118266343314e+05
6.762740962936440483e+05
2.320776291617489478e+05
1.049600398202059296e+05
1.179941875819394132e+06
1.226257759403372329e+05
1.524804612028142670e+06
1.248763046554093249e+06
2.912191176180829643e+05
5.735729473777012900e+05
3.520664388842318440e+05
1.998023093225279590e+05
1.188069559739951801e+05
5.942153749388336109e+03
8.471342839810767327e+04
1.221055634592487710e+06
1.109593833082846395e+05
3.155267193694266825e+04
2.259551642299439118e+05
3.911725142163767596e+05
2.994690504486078280e+05
4.028759705179685261e+04
6.886354548971957993e+05
1.763651022226654924e+06
1.958577905580312363e+05
8.626861511953494046e+05
1.345742304447176168e+06
2.637722743301276932e+05
1.802917504240426060e+05
9.597072079988321057e+05
5.962362644418369746e+04
3.348268584275077501e+03
2.313407341135522292e+05
5.082098074303639441e+04
5.105524828370808973e+05
6.160576376075743465e+05
6.231968197738331510e+05
1.845167349040905712e+06
5.312334136215655599e+05
8.975517851727617381e+04
8.306501851476829033e+05
4.450483292093274649e+05
8.385105309462109290e+04
1.664325312576676879e+04
3.162367767518555047e+05
4.326915429576331517e+05
3.478453129769861698e+05
1.628952751483342727e+05
5.090192785981873167e+05
1.335869125361371844e+05
3.404569212001647102e+05
3.925005286551139434e+05
5.268121811816849367e+04
2.441894160801380931e+05
2.087445615051581699e+05
3.084817291148261284e+05
1.513208602718097158e+06
3.268561598205387592e+06
4.666835684868199751e+05
1.373315275204608624e+05
2.319262006475511007e+05
1.554071096117382986e+05
5.989127365812538483e+04
1.001709009486502619e+06
3.917761598777169711e+05
4.166349294097613165e+04
4.361228496671890025e+05
2.108011460332188653e+04
1.312706877761669923e+06
1.073925000636174111e+06
8.246546577753269812e+05
8.388451017920917366e+05
1.775648258206038736e+05
1.049649919455609983e+06
1.462611774411855149e+05
1.718121140491979022e+05
5.892873827428369550e+05
9.372966902366470313e+05
2.770550050264829188e+05
3.405268748199599795e+05
2.425054429154774989e+05
1.272579692926469492e+06
2.279142379530456092e+05
8.432317039237384452e+05
8.847759768061446084e+04
9.819829650386591675e+05
4.119138866169078974e+05
2.608016856722234748e+06
6.117681088344842428e+05
2.762349849851638428e+05
3.642607360507972771e+05
1.217208514782177081e+05
3.671906217330607120e+06
4.474458239743399317e+05
2.358873637177364901e+06
7.053356274197272724e+05
2.002545456257326587e+05
5.384655994964826386e+05
1.584528451116099604e+05
1.227705089241305832e+06
8.626748119397364790e+05
4.982341762208304135e+05
3.490365416620078613e+05
1.131092531692062272e+06
1.725778376831615577e+06
9.683042430279207474e+04
5.941955227401796728e+05
5.800151080389913404e+05
6.976553550531469227e+04
2.555380953338129912e+05
1.216778421341274952e+05
2.250940501619960705e+05
3.082386247584876837e+05
3.498057694348429213e+05
1.054329502278130531e+05
7.970980652354545600e+04
1.404254858394545154e+05
2.638313638193632942e+05
5.197644992546361755e+05
6.142108919994727330e+04
2.847402205254135188e+06
1.051362200134709274e+05
9.019023276039543562e+05
2.455534761152777937e+05
1.125605594891261775e+06
8.266419414612333640e+04
2.162517393768916372e+05
1.897188667946359143e+06
2.091283081629176624e+06
1.512632754270609235e+06
1.761851501891191292e+05
2.264190681941053190e+05
8.068118196528448025e+05
1.382900159877917213e+04
3.512645310547411209e+05
7.021386335002058186e+05
3.004757658933833591e+05
9.049454867512388155e+05
8.816489624685785384e+04
1.911376106915885466e+05
1.281292225546870613e+06
3.930930162564609782e+05
1.677896735468549887e+05
1.147755811740762147e+05
1.583812965827714186e+06
9.906345379771552980e+05
7.217917953586450312e+04
5.376142589444516925e+05
1.556974178372171300e+05
3.996753195828071330e+05
9.104148287806938170e+05
2.352657843039224856e+06
3.842332757125659264e+05
3.164242668691296712e+05
5.303764566220230190e+05
1.180908462231343146e+06
6.470262308784963097e+05
3.672169404934609192e+05
3.244426259594995645e+05
4.052280419988557696e+05
3.747162811489380692e+04
9.183859885866497643e+04
1.842424430753827037e+05
2.530572348510242999e+06
3.401028974231310422e+05
2.876139985786357283e+04
4.964000688460401725e+05
5.726857465326014790e+04
2.408363648677198216e+05
2.476837434758380987e+05
9.959318435894772119e+04
7.803231521486482816e+05
1.191068171752035560e+05
6.963695863456517691e+05
8.903774553109481349e+04
1.704981984770926065e+05
8.408992174792276928e+05
7.412951503994960804e+05
2.279398830153354502e+05
3.908341398142367252e+05
2.137244490415455657e+05
3.391551856355109485e+05
2.416117910195578879e+05
3.468415302612750093e+05
1.634521802753962111e+05
8.495684575572494941e+04
1.136458159845365211e+06
2.840981824032081058e+05
6.422642731181551935e+05
5.905835384842057829e+04
2.810371934176950599e+05
7.661040856436230242e+05
1.476297397173255158e+05
2.830439368231360277e+03
2.737775077813640819e+05
1.276744518960644637e+05
3.907880497767942492e+06
1.109650576086217072e+06
1.362827291413904459e+04
4.177885829339369084e+05
1.126846578272593440e+06
6.854780391825984698e+05
2.417995390752845269e+05
3.169241555632969248e+05
1.633244941911331553e+05
1.005814591154700029e+06
2.495643143367649172e+05
1.880716627582586661e+05
6.605960675299984869e+05
8.384113489078797284e+04
3.056934404540573712e+06
1.015139220429823908e+05
7.467213870116573526e+04
3.333092714184888639e+06
2.773947494140903582e+05
2.923822821986791678e+05
1.800500897080801369e+05
1.385295332276640926e+06
1.366767730724578432e+05
2.160811156317939516e+06
8.357882527409241302e+05
2.041806346156042709e+05
9.241209722237156529e+04
9.398572362886156188e+05
2.712683186788952444e+06
3.944628138175922446e+06
6.311566505785658956e+05
1.434443317123888060e+06
2.224437325952260871e+05
1.397074699018336541e+05
4.130680903965592734e+05
1.339400660794738447e+06
1.551162343792075291e+06
4.953024791207288508e+05
6.195024324887528783e+05
3.789441943222259288e+05
2.394599548564438301e+05
3.133648665416059666e+05
1.836461221925565042e+06
1.177234817352329614e+06
3.095915856065884582e+05
2.272907297637039737e+05
3.771983542711249902e+05
1.901550842160056636e+05
8.291369241365601192e+04
3.510671177576106275e+05
8.741473490610098816e+04
4.082702300238178577e+05
5.586409769385847030e+05
4.595180968841872527e+05
1.956946731333796633e+05
1.808233606833658705e+05
1.312199287905758480e+06
2.430633062242694665e+06
7.461518169249680359e+05
3.377042158261446282e+06
5.091602210195522639e+05
1.769302808131725469e+05
4.596594618376521248e+04
2.444485968145742081e+05
1.532237241946368013e+05
1.856158340029988030e+05
1.018831767822537804e+06
4.706721134498180472e+05
4.285840240523895482e+05
3.197931938452750328e+05
2.960254337677574367e+05
4.609992571756232064e+05
3.295433624094215920e+05
1.588833183755565260e+05
1.470123888950517867e+06
1.326573706985213503e+05
6.174678482734105783e+05
1.786386527188531822e+06
1.188481985504573968e+05
2.262410362196497954e+04
1.236152598737481312e+05
4.640077096156341722e+05
1.991391808695140062e+05
1.434471721793286502e+06
8.037504500333481701e+04
7.809941944130745251e+05
1.634900617644306505e+06
8.995374918660869298e+04
2.821088211876573041e+05
1.424560865173317870e+04
4.921525507227471680e+05
5.495364113355705049e+05
1.691798521240798000e+05
3.022514384378250106e+05
3.401701805247290758e+05
5.546535256240895251e+05
4.157765818670204608e+05
1.923531382646411075e+05
1.768486013421320531e+05
5.310970963060669601e+05
5.422566357969732024e+06
3.917669749581716605e+05
3.617823863362568663e+05
1.268100302349953679e+06
5.030405089067184599e+05
1.156509667840290815e+06
7.428528149828374444e+04
1.840502858292046469e+06
5.085315828557631903e+04
2.038694981743691897e+05
2.566684531742855033e+05
6.503320230012384709e+05
1.672631276587355533e+05
1.205450671777235111e+05
9.508465739886579104e+05
9.958631405433884356e+05
2.475213731326469861e+05
3.393551469354830333e+05
4.310244831213952857e+05
1.596217099240812939e+06
1.212637149410965620e+06
3.909734274254661286e+05
8.786636614397382364e+05
2.631506812706566881e+06
1.475029188940458407e+05
7.466368326029335149e+05
3.294955143375184271e+05
1.095778431492368254e+05
1.656211999936756445e+06
4.557578683973699226e+05
1.259639916157453117e+05
2.343601565047040058e+05
3.881533241676518228e+06
2.073098069687447569e+05
3.939328772131405276e+04
8.801631644442293327e+04
6.182535786506235600e+05
4.296833770363868680e+05
4.681643731673902948e+05
3.346487919830317260e+05
3.910706671168821049e+05
6.294576667999689234e+05
4.155971268943031901e+05
3.816088840066045523e+05
4.573480610295564402e+05
1.681219168051753877e+04
5.798431048876309069e+05
4.536487271681015845e+05
7.352588709583887830e+05
2.112513237526213343e+05
7.006604514992237091e+04
6.236064922100869444e+04
3.014627500772333005e+05
5.961864218750850996e+05
8.878743468631996075e+04
1.233717074519883463e+05
9.704584857578913216e+05
2.226675695127235085e+05
5.755127109562406549e+05
3.471737145429207943e+06
1.429215638976640184e+05
5.024890886143854819e+06
1.179128167738328921e+06
3.053553223401249852e+05
3.208337802614173852e+05
4.481628343852750841e+05
6.949978521970639704e+05
8.998879632028895139e+04
6.695488269434841350e+05
1.004679180385863729e+05
6.762679565181647195e+04
1.010967861360613024e+06
2.251363126528382418e+05
6.289535050309916260e+05
2.197081102441506926e+06
2.511649642118760094e+05
1.529414037402646616e+06
1.622805999908527825e+06
5.025662761802588357e+05
1.355116650524123572e+06
1.151905891851278720e+05
3.691143807506651501e+05
1.105775399284388404e+06
7.150896085839343723e+05
1.277395407358620083e+06
1.451691591680235870e+05
6.451724224252772983e+05
5.446012756039768457e+06
1.357128836511257978e+05
1.137951520173441153e+06
4.772690289026272949e+05
8.756732625809386263e+02
3.345183648247342091e+06
1.793991775012389699e+05
4.115170986326659913e+05
3.402704767275831546e+04
5.970459403198788641e+05
3.288587532539775711e+05
1.941406735451690329e+05
5.814361573654208041e+04
2.230848455205703212e+05
2.045352477433697786e+05
4.419213017348824069e+06
1.521065472834190819e+06
7.379021219051769003e+05
2.842742585494694649e+05
3.590726388620905927e+05
1.755615321375213098e+05
4.302776937936341856e+05
4.258079308020020835e+05
1.748539786300052219e+04
3.739607085153146763e+05
4.180177065644520335e+05
3.055316410287115141e+05
4.468003156482887571e+05
2.080939537050918152e+05
2.453529592799362435e+05
8.910727112490810687e+05
6.490031324042398483e+05
8.040777531279176765e+04
1.525549846412515326e+05
5.244131419030320831e+06
2.878854194711648743e+05
1.950690006270043319e+06
2.536138813217341376e+05
2.043257026229592157e+05
2.007949893467806687e+05
2.368728135133464530e+05
1.271582970050117932e+06
6.703459924189166632e+05
3.888050369953973568e+05
5.149294873330360278e+05
2.229339271512464329e+05
8.678523737889948534e+05
1.271866425680501619e+06
1.801827249935208529e+05
2.493314752914042037e+04
1.652677885143641033e+05
8.684842954878014280e+04
2.406361320563023037e+05
1.336373000022454653e+05
2.036895407442138458e+04
1.570049064634210896e+06
2.634848746781127411e+05
1.187261961314521031e+05
9.018064304842373531e+04
9.804068259091892105e+04
8.899465490819878178e+05
7.265157969824824249e+05
1.164475287947402830e+05
5.430617987430464564e+04
4.476303689675515634e+05
7.672470524939817842e+05
1.396081387729703914e+06
1.153660552243049257e+06
3.654233425031566294e+05
4.033323009852692485e+05
2.029032061774331960e+05
1.045981111059563555e+05
4.241677335515270010e+06
1.882284217229864153e+05
5.586263913228058955e+05
4.262411035033912049e+05
1.228681393473767384e+05
1.201412699333425262e+05
1.125511428809017088e+05
8.117558360945913591e+04
1.845923836995739257e+05
3.027816158318458474e+05
4.781311094989749836e+05
3.690452195240057190e+05
1.046320939865793567e+06
1.792189132833232288e+05
4.447785599102649139e+05
4.155465400501327822e+05
1.310505798358083121e+05
2.751555930834327592e+05
7.283965239443641622e+05
7.640356315920114284e+05
6.574624172522453591e+05
2.706701045326354448e+06
8.566321334393735742e+05
9.536951112726262072e+05
7.090454941841191612e+04
1.326457509026984917e+06
6.448533272821926512e+05
5.473210668127840618e+05
3.503190614250181243e+05
1.258441341539326459e+04
2.151940444070710219e+05
4.733327115346478968e+04
4.894734053503380856e+05
2.567804248114902584e+05
6.564990435158070177e+05
1.417450417758463416e+06
8.411739738822203071e+04
9.925303480831139314e+04
3.062432745906238561e+05
7.410058940577167959e+04
1.149835622155059129e+06
3.348833616387143411e+04
1.333129532671772467e+05
1.356045716454820649e+05
2.818044806422021938e+05
2.049043101990584109e+05
5.881122695418884541e+04
1.271890543163620168e+05
3.364433290784184355e+05
4.461710508313266910e+05
3.403934294275614084e+05
5.425273588726008311e+05
1.346425672904294624e+05
1.847174976094928861e+05
8.151856442612236133e+05
3.187005596193908714e+05
1.919290995345439587e+05
4.040149503510809154e+04
1.385797335347885732e+06
5.081539777161299135e+05
5.639163118928562617e+05
6.134527337487523910e+05
5.128782614724697196e+05
8.046146331392772263e+05
5.912119262683061243e+04
3.364608976592401450e+04
4.744669514368236996e+05
5.037875799544146867e+05
3.486634567148142378e+05
3.161583998825478193e+04
2.661393004877198837e+05
7.972661238536412129e+05
6.625454878391834791e+04
9.528077878578216769e+05
4.467324316149406368e+05
6.275191331723172916e+05
3.000823321779416874e+05
