1.485337614629155723e+05
4.597285469824160100e+05
7.290472359788272297e+05
2.118065974653679295e+05
3.228157570665052626e+05
1.987001708503699629e+05
2.302571955965850793e+05
3.797113634624812403e+05
1.034950202440769062e+06
2.794254770345455618e+05
7.469078151753422571e+05
1.080645011354815913e+06
1.026056129579578061e+06
4.417766537475922960e+05
2.238144191149687394e+06
6.569741506286952063e+04
9.992054482307034777e+05
6.987883576191237662e+05
1.883638817003062868e+05
2.424124348935261078e+05
4.793067126576334704e+05
3.918523191909947491e+04
6.190653651888732566e+05
2.982391520157073392e+05
1.581837807475019014e+06
9.827823684469483851e+04
2.599406249718316831e+05
4.566875049725859571e+04
1.044315205538481241e+06
3.651249092240065220e+05
2.556506302891426720e+06
1.126060249677129090e+06
6.976548221032484435e+04
4.435832743544256664e+04
5.397145957810370601e+04
6.662964765414891299e+05
8.363975136965939309e+05
8.977993395704617724e+05
2.462375074719443801e+05
1.275318250758906594e+06
1.003072097632755176e+06
4.009183372488219447e+03
5.002925893096961954e+04
1.770592095327595598e+05
2.991228420197487503e+04
2.698286307957431418e+05
1.177060306345812511e+06
9.195971193984568818e+05
7.042741779942481080e+05
2.752640371814736864e+05
3.236786878556402517e+05
8.698353973904052982e+05
1.656769036380661128e+05
4.942145073339489754e+05
7.660585426735413494e+05
1.898769240282186656e+05
3.861513011380440439e+05
1.283146192358401837e+06
4.309770273003248731e+05
1.544541778715843393e+05
1.296451714531858597e+05
4.425638530403063633e+05
4.573845807763323537e+05
7.450185266743393149e+05
6.666192816799094435e+05
8.162471354036832927e+05
4.970931509672226384e+05
1.546260756493526060e+04
9.596880955922480207e+05
1.252372214263312635e+05
1.755461494956067763e+05
1.372294781815132825e+06
1.927490904401757522e+06
3.392000016902523348e+05
1.055300964334310265e+05
1.632032976792925037e+05
4.212714008786781924e+05
2.185498976676441380e+05
4.710120928437745315e+05
4.388565844883350073e+05
8.900306260048695549e+04
1.120210389939583372e+06
1.774333980821310310e+06
7.166097826021829678e+04
2.071431277637909167e+06
2.643539268752754651e+04
1.131861828431002941e+05
5.119413275484593469e+05
8.451828844543863670e+04
2.244709843662188505e+05
2.798395905861449428e+05
4.419497862289408222e+06
4.255202128822880331e+05
6.971291350184762850e+05
6.567091421916860854e+05
9.506547172315947246e+05
5.798637134718479501e+04
1.541745419524731406e+05
3.436411623260288616e+05
3.642255868900249247e+06
8.276097104262098437e+05
7.876538793707021978e+05
6.693457737043305533e+05
8.314157922346129781e+05
1.562689258119520964e+06
2.554653473813307006e+06
1.127520983367556008e+06
2.243842798268081096e+05
2.087491614644013753e+05
3.030156673098398605e+05
1.318345217528870562e+05
9.589140759073671652e+05
3.414053315800635028e+05
6.055927898337980150e+04
3.213797496496439562e+05
1.732893888033062103e+05
6.654189950717641041e+05
1.785406535206343047e+06
4.904286413223135605e+04
1.425457725906899141e+05
1.399181953141608275e+06
3.902272054521723767e+05
7.427121106969899265e+05
2.219422272131257923e+05
1.894358634955665329e+05
5.180949657669860753e+05
2.791007411448353669e+05
3.163380492194138351e+05
2.977607505573813687e+05
4.857825127435967443e+04
8.444029459340864560e+05
4.819274914729812299e+05
4.859358949660336657e+04
1.425949298352403857e+05
1.099827560025599814e+05
1.282856209685820388e+06
1.349945635419244180e+06
1.945661301054500509e+05
1.470848060458721011e+04
7.508017282772760154e+03
3.895065400255258428e+05
5.840546123966588639e+05
5.930341491894352657e+04
1.034751582641398454e+04
2.631373219187452196e+04
5.066773010075133061e+05
7.672710783667482610e+04
7.017693416965105571e+05
2.762518340584899997e+05
3.748440305016723141e+04
8.329161174361300655e+05
1.862985105773381947e+05
8.685198804093092622e+04
1.296817342746033333e+06
1.283600237044593378e+05
5.014361376098452020e+05
4.987688465778129757e+05
1.527578982745714602e+05
8.981851083468151046e+04
2.586273206572943891e+05
9.065226777847677295e+04
7.680230335216363892e+04
1.600856428692795802e+06
1.252215529268321814e+06
1.648295023237930145e+05
8.529461333534096775e+04
4.790117952728593722e+06
7.456661360449529020e+05
4.658780651648120256e+05
7.173283049514338200e+04
5.820083330947351642e+05
2.647666403480493929e+06
1.407452110959810438e+06
2.727131806882278179e+05
1.360255873831679346e+05
1.314494708404415054e+06
8.685042230790471658e+05
5.952178811697534984e+05
5.630197857775256271e+05
7.245774559721758123e+05
6.915781333409602521e+05
1.535940883408741793e+06
4.754635052180320490e+05
1.036513619902323553e+05
8.450256113435899606e+05
6.377210459578779992e+05
4.172456640224513831e+05
2.700565610573980492e+06
2.558308962324158347e+05
1.293087025814400549e+05
5.402461798920304282e+05
1.196372675467948895e+06
4.003270307223355630e+05
2.093534122036003042e+06
6.821066606468221871e+05
1.739591566939352488e+05
2.403323436104069697e+05
3.885534555986303603e+05
1.698394706526791852e+05
1.495630328833082458e+05
2.858279963328419719e+06
3.182824935655571171e+05
4.907573939582413877e+05
6.787479905315620126e+05
3.555787435929068015e+05
3.344512894490315230e+05
8.655161731582813081e+04
9.821692406112539175e+04
7.750469142471222440e+05
4.646687146264373441e+05
2.101519443718884722e+05
3.659060116291502491e+05
6.448462563966901973e+06
1.384405280725953169e+06
4.816939377178853028e+05
2.245869236668070662e+05
1.986570464873712262e+04
9.809499965261487523e+05
6.981804639703182038e+05
2.683466220113731455e+06
2.845569791706616525e+05
1.096757096731517813e+05
5.510911394796654349e+05
3.422571863646219717e+05
4.364501544801066630e+05
4.044704182190176653e+04
4.851488866576022701e+05
4.351536921264294069e+05
1.523144548876667395e+05
3.137701604305648943e+05
9.268018893654337153e+05
4.719602219762059860e+06
7.695878824866361683e+05
2.137400101382498629e+06
1.214504212711478758e+05
1.316097868200439552e+05
2.525590696719177067e+05
2.778543471571657210e+04
6.351235937755519990e+05
7.714020214970783854e+04
3.087151811414424446e+05
4.532961378414576175e+05
1.528071574955839023e+05
5.087587352017478552e+05
3.998237970079723746e+05
5.535543157099558448e+04
1.678542315934621729e+05
5.386081183687083831e+04
1.598733695510029211e+05
1.958683083982743090e+06
7.098890651392019354e+05
4.634021940787665517e+04
1.839515284639117599e+05
2.688276923680758919e+05
3.717607568351585651e+05
2.457708216349646391e+05
3.427755984329286148e+05
8.639672312718791654e+05
2.493777562629507156e+05
5.541989232721159933e+05
1.003167207350438257e+05
7.450489642376491101e+05
1.743853399312414695e+04
1.611830418970238883e+06
2.792405637143472559e+05
4.552947150479047559e+05
2.051973878727123374e+05
1.024600845978236990e+06
7.673385377774023218e+05
8.717625490110334940e+05
6.712326886281598127e+05
4.713252999968270306e+05
6.443618207545841578e+05
7.369398416379847331e+05
1.855372791797680547e+05
3.782358011405491270e+05
3.274239108613554854e+05
7.458792343488704319e+03
4.377851146310754702e+05
3.931244280153459404e+05
9.787003352426850470e+05
9.882294561922069988e+03
5.042959052882326650e+05
1.950477180814875755e+05
1.495870406810330693e+06
7.711281894592544995e+04
1.645050518948263780e+05
7.759439476372805075e+04
1.803680889105579117e+05
1.273513713139052270e+05
4.309206793261076324e+06
3.684369354627948487e+05
2.642413577179120039e+05
6.945258368263157317e+05
7.955736931802592881e+04
3.308661769636367681e+05
4.346586254328857758e+05
1.068414026888739318e+06
6.498714665568908677e+05
8.934094252941763261e+04
3.669021015929352725e+05
4.652922120131739575e+03
1.383803811566212215e+06
1.283454504524189513e+06
9.458795629790615931e+04
2.463071530475324544e+05
1.522349327245216991e+05
1.979622582574349944e+05
7.178446030551581644e+05
1.343184628006800085e+04
5.526133272690973245e+05
4.011759043108921032e+05
8.236568256753400201e+05
2.509317601866860059e+05
2.031949919457783399e+05
9.205827371676031908e+04
4.232277631462250429e+04
8.389498893759884595e+03
1.895074592574408278e+06
2.118605454544338281e+05
1.374105954642723780e+06
2.279659349319878384e+05
5.118595434510246851e+05
9.022972070419038646e+05
1.530855793120107846e+05
3.057362836010734900e+05
3.666712688943236135e+05
1.136853148877884232e+05
9.931234489050548291e+05
1.370184459830325330e+06
3.959704714640428429e+05
6.131733993785786442e+05
2.978695273565644748e+05
4.149976735729391803e+05
8.150479314500406326e+04
4.873681873290920048e+05
3.063276754821998184e+05
3.427950880971394945e+05
4.851011751221086015e+05
1.964957439612133894e+05
4.475057641122304485e+05
9.441914125469078135e+04
3.400583019952579634e+05
4.811961181491766183e+04
4.230354877517528075e+04
1.749533006414579868e+05
1.053566326314876787e+05
4.621694599118214683e+04
8.347704644716226903e+04
2.535685581132746011e+05
1.535381127906097390e+05
8.306937384757368127e+05
2.672453050799925113e+05
9.706132368244198733e+04
8.699567601085843053e+05
1.053041322774400469e+06
4.888706081535600824e+05
1.435681996489283047e+05
4.996564739835583023e+05
1.827522960318486148e+05
8.566544970129678259e+05
1.517389208205002942e+05
1.066068190575385088e+05
2.659654942966343835e+06
9.295015161658053694e+04
4.895988420760045992e+05
2.153643786533555831e+05
3.130548673631537167e+04
6.289573518259882985e+04
8.911523861237062374e+05
1.826558664203224180e+05
3.187156473249662668e+05
4.762691604777923203e+04
4.906442353277032380e+05
8.701326260875938460e+05
4.918954735149858170e+05
8.316191158509117085e+05
5.234256153222824796e+05
4.969201438377833110e+05
2.087343437207856914e+05
5.889745934014273807e+05
4.584661706887268228e+05
3.585258915883296868e+04
1.287867360563172988e+05
2.348649049989111882e+04
2.293071343943011598e+05
3.611353935020399513e+05
6.814539041424232710e+04
1.330809559456788702e+05
1.048421302418651758e+06
1.194793796886386699e+05
1.331308288678106619e+06
3.190807707943529822e+05
2.712858616880431509e+04
6.895751862761161756e+05
4.939242052910007769e+05
1.135896695318993879e+05
2.114871015337829012e+05
4.745024761221121997e+06
5.408064564797285711e+05
1.153292934851669270e+05
1.539600947477272712e+05
6.802482197388637578e+05
5.915375788828005316e+05
2.605505829565919412e+05
6.341269855094202794e+05
6.491872421529847197e+05
4.230931904927477444e+04
8.749080310847042128e+05
1.231998398944509972e+05
1.229466009764398681e+06
3.898011794931981713e+05
1.167007889209409186e+05
1.595203083652016358e+05
3.881339631950283074e+05
2.099541316878145444e+05
8.953397470804655459e+05
1.932663265381043311e+05
9.549955790911109652e+05
2.335278775919498876e+05
4.921361072287516436e+05
5.049822922996322159e+05
4.882834420709265396e+05
2.793459726690262905e+05
7.645101914131222293e+05
1.424398216362925887e+05
2.806130687192982296e+05
1.779654194215418829e+05
2.343532114704908803e+06
6.667390893759909086e+05
3.204734547662952100e+05
8.271498650377544109e+05
5.825371474993561860e+05
7.766721268675345345e+04
2.719950627099937628e+04
3.101101307103897561e+05
6.666837528770208883e+04
4.964583092468109680e+05
4.521562281351544516e+04
1.635274550644134251e+04
1.273661582110777963e+06
1.106757673805924365e+06
1.651250580782300676e+05
2.136890515506309748e+05
1.696741200644898054e+05
1.840203722156529839e+05
2.215705278034771036e+05
1.340129857421706896e+06
2.623747624890787993e+05
6.221947152007770492e+05
5.097930002518505789e+05
2.585816580343520269e+06
4.411089882002538070e+05
7.072144684364212444e+05
8.611954635887654731e+05
1.086472230638991343e+06
7.428842560701508773e+04
7.577655852968846739e+04
2.328688971491519362e+06
8.651454294245921774e+05
2.030662470551832812e+05
1.113926008617733605e+06
2.849936668932735920e+05
6.221450085589557420e+05
2.398017495843750949e+05
4.372080977007416077e+05
1.900508406592908432e+05
7.302530719417960790e+04
2.136931361465904629e+05
5.400358610705389874e+05
5.756576716595280595e+04
1.232480267072492279e+06
4.454192724624335824e+04
3.437066904924688861e+05
3.818468668928845727e+04
7.659451673087259987e+05
1.895944344822129235e+06
4.338309333518562489e+05
5.180010168618831667e+05
3.343261923560940195e+05
3.117000991883350798e+04
6.770969979958985641e+04
2.243604316152760293e+06
1.306668474356920924e+05
5.139794700599832577e+05
3.692952383148077643e+05
5.375226519053708762e+05
3.007823114312189282e+05
9.732071598849227885e+05
2.537509641925366886e+05
6.830935684689894551e+05
8.018620003766979789e+04
6.772190757794253295e+04
9.846020995129883522e+05
2.548420232378806395e+04
9.798725229298180202e+05
2.583335973317515454e+05
4.780528658065711497e+05
2.803801239356483566e+05
1.675233519273522325e+04
1.843727756677457131e+06
1.949116621541119879e+06
4.904701675950940698e+05
3.351194384905150509e+05
3.975404038299480453e+04
6.626012686367435381e+05
1.491537707337346394e+06
2.198549268112841819e+05
2.016840154664487345e+05
1.029529940311084036e+06
5.013181420387885533e+06
1.446191497091859346e+05
2.443198188195930561e+05
7.237424652558335802e+05
1.886692780498467910e+05
4.840797517450143350e+05
4.302686442076502135e+05
3.333326008272176259e+05
1.443186809711964452e+05
2.926679595834492357e+05
2.917365612475562375e+06
3.091779902851814404e+05
5.645686679192563752e+05
3.085403155039689154e+05
9.969178376025983016e+04
3.659792389890497434e+05
8.365391462945559761e+05
1.664388353674470563e+05
5.616751282254256075e+05
3.968098677977591287e+05
1.804188558028944302e+06
2.675893089681009296e+05
1.555107071095214924e+05
1.677750214474067616e+05
4.764297644740937976e+05
3.368176708100452670e+05
2.892881451542319846e+05
1.766921810630182037e+06
5.752034561098770064e+04
4.902324385936863837e+05
2.267258394160170064e+04
8.100386447629091563e+05
9.443228663506737212e+04
4.266936392968972214e+05
2.222432425116599479e+05
6.489442588975197395e+03
6.694497222234436776e+05
3.642431715521875303e+05
5.486343158317414345e+05
4.119322270422331640e+05
3.759036389479215140e+05
1.465152183711212128e+05
4.504106833211901248e+05
3.261069533917235094e+04
7.999463013872926240e+04
2.064846417697041761e+05
8.735594591103622224e+05
4.588294665044378489e+05
2.538186555783690128e+05
6.346581486194430618e+05
1.445031657815712097e+05
7.786725551740754163e+05
5.857186229296433739e+05
5.167095537665299489e+05
3.913816566350411740e+05
3.914093072318664053e+04
1.231361787218783982e+06
8.979721881466105697e+04
2.922754615489234566e+05
5.553687717257752083e+05
8.926828594149218407e+05
2.608952746626488806e+05
7.162132562681403942e+04
7.266904907288721006e+04
8.179150168704794487e+05
7.521424625014052726e+05
1.923752702124641277e+06
2.418340080298812536e+05
1.553237599840504990e+05
3.129957131105699227e+05
1.520230949345967732e+06
6.921006084825081052e+05
1.986831019895013305e+05
1.238730771282104542e+05
6.288198637421679450e+04
1.715846539280126162e+05
4.413555231384042418e+05
4.122353179634178523e+05
8.184951921356454841e+04
1.826608679269114218e+05
2.684474051936346223e+05
8.282491328034893377e+05
1.840868880494648358e+06
5.002301151635920542e+04
3.212311120298165479e+05
3.338645440952532808e+05
3.067748465128455064e+04
7.100307295006018830e+04
3.511800559285132680e+06
2.886378602321716608e+04
3.193323405840069754e+05
2.505446858633015363e+05
1.748052987657798076e+04
2.890460138317233650e+05
2.807435389360255795e+05
1.788372816187621211e+05
1.572940944017034199e+05
6.716345338140699314e+05
5.749712882997456472e+05
8.430723732351670042e+05
4.029836046336066211e+05
4.440722486824639491e+05
3.244248725021213759e+05
1.453976848616350617e+05
5.813611804496615659e+05
7.360967050367749762e+05
7.141999126975599211e+05
1.132941234537902987e+06
2.100285616890090168e+05
2.528547989019824890e+05
9.782285726733427146e+04
1.583888106552044628e+06
8.145285404300136724e+04
3.824912761200498790e+05
2.618211907051152375e+05
8.188809843140356243e+05
7.671038476148425834e+05
8.465493467883182457e+05
2.090239136277051875e+05
9.828384759643916041e+05
2.827015564107658574e+05
6.138302540543023497e+05
5.624220148589791643e+04
9.551353094930280349e+04
1.650727964373786235e+05
3.674052614818394650e+05
2.459781694776575605e+05
2.128167405615101743e+05
1.993169596008532681e+06
2.777242728427519323e+05
4.130633960786287789e+05
6.214627133693066426e+05
1.121362735577355139e+06
2.566998497925381816e+05
1.920169441791311139e+06
3.992820423590680002e+05
5.674352481470693601e+04
1.205472334069892066e+06
2.258320538180163931e+04
1.251485457585666561e+06
1.366950889859068440e+06
4.110067452856829914e+04
8.818736594872565474e+05
9.973317985603702255e+05
1.769761450691701320e+05
9.253602836999653664e+04
6.212602359973315150e+06
2.525799397666315199e+05
2.030957009134761174e+05
3.557526256511397514e+04
2.080824117190949619e+05
7.075756575921841431e+05
1.406144968743783655e+06
8.252432174649016815e+04
5.904535623036453035e+05
6.906127664553929353e+05
1.415654687854129355e+06
4.866029703828464699e+04
7.547155652229475090e+05
1.376006081199826440e+05
3.738721512600308051e+05
9.069224597294819250e+04
4.570896773347547278e+05
4.653846560931683634e+05
7.828178531333114734e+03
2.728215582827968057e+06
4.202210471871920890e+04
7.593084562571236165e+05
8.260650003572416608e+04
4.238037369404955825e+04
2.880837642634271760e+05
1.578017100556551850e+04
1.174634416738443542e+05
3.896971694550848042e+04
1.479376374352752464e+05
9.797917467257113894e+05
9.103986103762993589e+05
1.158584463465680165e+05
1.896771794050020399e+06
5.380153941702609882e+05
2.481623367884525564e+06
2.231285387340004963e+05
3.407780137186187203e+05
1.498078001939838286e+05
4.596916397528363159e+05
2.951906864476372139e+05
2.562199701074117329e+06
1.543215138406612386e+05
1.691814240304331179e+05
6.272974969036554685e+05
9.262248061590224097e+04
1.251002865455013380e+05
4.039629352479335503e+05
3.427190337308991002e+05
5.718189684575679712e+05
1.148669821387568227e+05
5.322633166048785206e+05
2.337687993534377601e+05
1.437317480008981656e+05
7.645091260132113472e+06
2.390120119644219521e+05
1.559014513109065592e+06
3.927051658414735459e+06
1.634925346124174539e+05
2.144773397177621722e+06
2.548352349831449683e+05
1.864880358964778716e+05
1.043183459375740349e+05
3.168843015302355634e+05
2.302103830499963078e+05
2.637618470694632735e+06
3.550352230626488017e+04
1.387529490275003191e+05
2.977391719842182356e+05
3.622528051905803150e+05
1.622068326911811018e+05
2.026839890838013962e+05
2.263940281097914849e+05
2.169747232715679565e+05
6.152961953087148722e+05
6.934503089155151974e+04
7.007472810815983685e+05
8.138138381481483812e+05
1.501009021419307101e+05
7.940847607757726219e+05
9.211888620486435248e+05
3.459716794949302566e+05
6.813546544039555010e+04
6.082650477340645011e+04
4.171445048491904745e+05
1.726577555423909333e+06
2.571797188286916062e+05
1.509355026502663095e+05
1.994376812162320421e+05
4.723855027190922992e+05
6.165827877164621605e+05
2.756694939900633181e+05
1.771810782337904675e+05
6.106237494296007790e+05
5.047558543547676527e+05
8.214506259939639131e+04
9.467284497067615157e+05
6.782542628594503039e+05
1.131206773951102048e+06
2.388361621800477616e+06
5.133505771446450381e+05
2.971340539813888026e+05
5.632435258679646067e+05
6.690989878327432962e+04
6.140472201601233101e+05
1.508380894601291220e+05
2.538275535292777640e+05
1.038907892947195651e+05
3.342154724539418239e+05
9.042567423369953758e+04
2.107339757494326914e+05
1.900441758203241974e+06
6.132825471582785249e+05
3.417398513291472773e+04
3.047523332705777138e+05
9.206440341825027717e+05
6.058630127883617533e+05
7.781881116541611264e+05
1.383247875294496189e+05
2.864791446999958716e+05
1.133449244170346647e+05
4.055473154311878170e+04
2.360783283510954119e+06
4.877530603423211141e+05
1.608557754221417708e+05
3.100139516723079723e+05
1.210453075309650507e+06
3.196927166607322288e+05
6.627899896835169056e+05
2.556660776912008005e+05
1.376113216504094889e+05
1.033914927138419356e+06
2.252554845506051555e+06
2.704596831321071368e+05
1.467578709203732898e+06
9.136626113848047680e+04
2.599186333401504089e+05
2.002984487442518817e+06
4.513106823206351837e+05
1.380383486708357850e+04
5.721134195070263231e+05
1.928991897260234400e+05
3.655220054915666697e+05
4.270961023037062841e+04
1.559388990343897138e+06
2.834644040949854534e+05
4.769860240612346097e+05
2.817156801689361688e+06
3.941518301925449632e+05
5.740287118371345568e+05
2.159645664579859658e+04
8.861955195902015548e+05
6.275018268997720443e+05
1.671730314427168341e+05
1.057926514844203339e+05
1.526756598853742704e+06
6.388979775278889574e+05
3.759776089304186171e+05
2.898585311181775978e+04
4.084264331433692132e+04
2.604971025363492663e+05
2.511396432236249675e+05
2.977246585725393146e+06
1.969191690764823579e+05
7.765251044244832883e+04
5.033599392292806879e+05
9.636538356452612206e+05
1.762804039841915946e+06
1.168075646973855473e+05
4.241075898052052944e+05
1.213143483760305448e+06
4.433292094194198144e+05
2.787611639893404790e+05
5.354510134475030936e+05
1.264892186132398667e+06
5.477344122659822460e+05
1.867397199164447666e+05
4.436892210104391561e+05
7.573125250261211768e+05
2.729703069333690219e+05
1.826241799282537831e+05
5.219427193181728944e+06
2.169963879717896270e+04
1.049080911100977246e+05
3.667758810429552686e+05
1.181701541819667211e+06
5.884751591699195706e+04
4.303481197527006152e+05
1.079796065425882698e+05
2.104134020621489268e+06
1.064509085458349437e+05
7.119650086721215630e+05
6.297120292245104793e+04
1.897851067978211213e+05
2.609930330156745040e+05
1.207123877453673398e+06
1.145277810745765019e+05
4.663271274389324244e+05
1.250925175926236203e+06
9.957784977792744758e+04
8.662346535259003285e+05
2.438942140089003660e+05
1.812529495859310846e+05
2.166961959306375589e+06
5.030941827321219025e+05
3.174172430924169021e+05
3.388676778573673218e+06
4.273633808840907877e+05
1.282739767384161678e+05
2.509867365934079862e+05
8.988270018358923262e+05
9.438749086048750905e+05
3.367439743783292943e+05
2.113233483672628936e+05
5.542216549899287056e+05
1.559614702537865378e+06
6.496977585892095231e+05
5.839143167991685914e+05
1.543247009032972157e+06
8.508428927551930537e+05
2.298064010963881738e+05
1.399797925413065823e+05
3.845166865344221005e+05
2.380824985705988074e+05
2.158532531650853925e+05
1.086479442785703141e+05
5.743387386454254156e+05
1.969772925128720526e+05
1.757340880620523531e+05
2.696260373404615093e+05
2.622635305909400340e+05
9.158100973264691420e+05
1.359484504069119226e+06
5.630170027387782284e+03
8.662490925023851451e+05
3.208542853678701795e+04
1.825192886990711850e+05
1.619681008610404970e+05
2.199974178243379283e+05
1.750103977782466391e+05
6.252595536284385016e+05
2.420903170899037214e+05
1.272051152738126693e+05
1.735681103291173349e+05
5.338411372907634359e+05
1.228842823961329268e+05
8.861958605178240396e+04
2.612681751412823796e+05
1.165588667564822390e+05
1.063521065746594686e+06
9.203756183876097202e+04
3.583772533767468994e+05
3.895932393131637946e+05
1.647664491303795658e+05
6.710467792913740268e+05
1.181629829783494351e+05
2.454228096464018337e+06
3.262096833723763702e+05
1.440774332057725172e+06
4.049651375539914705e+06
2.319403454233476077e+05
4.762239291053783963e+05
1.815214474232408393e+05
2.716608982842357364e+05
9.637152426019991981e+05
1.375838708009871421e+06
1.093665456846843241e+06
9.935325813791116234e+05
2.661304898993994575e+05
9.430839038308472373e+05
2.516689380319561751e+05
1.721852462018038612e+06
2.767839970047800307e+04
1.406107152115808334e+06
1.701546259529810050e+04
4.389239543281780207e+05
7.828417007298046956e+05
1.808566373911894698e+04
1.028178716906963673e+05
2.955189218225387740e+05
7.585279682672869239e+04
4.948446486497297301e+05
1.336250428984181781e+05
3.490052905376575654e+05
8.011748758234054549e+05
2.305051419313342776e+05
2.952358616253496730e+05
1.807691020135030849e+05
8.970398489468296757e+05
2.892560973360635107e+05
3.018848982617229340e+05
1.643602232650781807e+05
2.755766763104114798e+05
1.394523094256920740e+05
2.405590648923322806e+04
4.186950862856738386e+05
9.694891591011964483e+05
3.650341577320016804e+05
1.710135380057015573e+05
2.772747292277422384e+05
5.974271159834789578e+05
4.319321832485650084e+05
3.491588457662314177e+05
3.790371322756024892e+05
5.461306682698799996e+05
1.884285907384550374e+05
3.901618968230536211e+03
6.265723605410872551e+04
1.972490709245812322e+05
7.596854548546395963e+05
5.345945456427203026e+05
1.029374662415845378e+05
2.426642556029139378e+05
3.082319457935304381e+05
2.567422953204032092e+05
1.444464495412047487e+06
2.014929644022354332e+05
1.402288369899632817e+05
2.525072963100387715e+05
3.272571689495204482e+05
4.097490899519179366e+05
1.877674132956911344e+05
5.360618127965952735e+05
6.231709540378180827e+04
3.755957829047000851e+05
1.392411036189279694e+05
9.110650697674464027e+04
2.122934729337726021e+05
6.087475879778431408e+04
2.565512762296620058e+05
3.545601716538720066e+05
2.873325315090634831e+04
1.077562000921520870e+06
3.102507241856319015e+05
1.822905811590301455e+05
2.852262068727166625e+05
9.268830970757252071e+05
6.108310099847546080e+05
1.213733583660509175e+05
3.138442793084433652e+05
3.580523384439789224e+05
2.375813798310884158e+05
1.505765850548519229e+05
7.904959454283416271e+05
1.584405650231969776e+06
1.836825643375134678e+05
1.804296303408866806e+05
2.035494829424046213e+06
6.637707356584335503e+04
4.088814877561329631e+05
6.662176087540982990e+05
4.875279171447260305e+05
2.817517637653528363e+05
6.200411034364429070e+05
2.730519010763373226e+05
5.344736806061489508e+06
5.211007792562338873e+05
7.392676642369530164e+05
6.648967817815041635e+05
1.135978236993561586e+05
6.034186593268483412e+05
7.791985868900778005e+05
1.370081009832204552e+06
4.744073884898451506e+05
3.769774413157503004e+05
1.231485017057131918e+05
3.757907657699404284e+06
5.413791045029854868e+05
2.692687236160080829e+03
8.796084138849331066e+04
2.044873148641543812e+05
8.761369874812092166e+04
2.269663284291289747e+05
2.562801798892521765e+05
1.288364705069499905e+05
3.063132312407241552e+05
5.068971413164192927e+05
1.333718847409118898e+06
2.032176580190924287e+05
1.487662627965979336e+05
8.602269396932327654e+05
2.660824347072851961e+05
4.213733356893787277e+05
1.268830227882346604e+06
9.612361198881357268e+04
1.297289848406915844e+05
7.887296746273426106e+05
2.924541478587311576e+05
2.401251613194321544e+04
2.397007913407039829e+06
1.144405350799943786e+06
7.375536755489971256e+04
8.549531399796447949e+05
2.129200133649762254e+06
1.461269967248643981e+06
2.373947586232323956e+05
2.690000757854247466e+06
1.124490519902582892e+05
9.954003870664199349e+05
2.105375875736530870e+06
9.582835801551256736e+04
5.676363458561412990e+05
7.886861731736084039e+04
1.411267954793502868e+05
4.781753563849726343e+05
5.343701495107914088e+05
7.796112901220453205e+04
1.814150942957479565e+05
5.355668770163782756e+04
2.372386143628649879e+05
1.270792326687961584e+06
3.703604879946673755e+05
8.238392481159252930e+04
2.067732547303119791e+05
2.812311711306788493e+05
1.930961227381699951e+06
4.348709772723836359e+05
8.503492196707216499e+04
1.023264374529256311e+05
1.913390395565297513e+05
4.659728192780028621e+04
9.005695416410769394e+04
9.605856468971999129e+05
2.562403283064258576e+05
5.230402097103004926e+05
1.176707723777475912e+05
9.442542074228647107e+04
7.773370490401359348e+03
4.911910477546274196e+05
3.460755374713088968e+05
5.397790498230329249e+05
6.223988124288262334e+05
4.230960097854171181e+05
5.045353822117834934e+05
1.798237518846202875e+05
1.629353834334713174e+05
1.880920963460704370e+05
1.940841656315129658e+05
2.153107435311895097e+05
1.779738682457133255e+05
1.361612231933150179e+04
1.669956856377738877e+05
7.385559494498355780e+05
1.982342600331608264e+05
2.788719659277701867e+05
3.652389703183444683e+06
4.264829981437090319e+05
1.377260242213424994e+06
1.818296008681787644e+05
2.802992771722534671e+05
1.421687411868064373e+05
2.588411361450663244e+05
7.999074757334878086e+04
4.583019336375649436e+05
2.306859050133624580e+06
5.954136075510793598e+05
1.348531582361584995e+06
2.240060162400504050e+05
1.905041172053535993e+05
8.819937884033088339e+05
5.708970972119325306e+05
7.193922378986894619e+05
5.973889266978694359e+05
4.680345252754981047e+05
5.502432522678583628e+05
2.321124161064802611e+05
6.056964527275349246e+05
9.434279558461312263e+04
1.894959122016978217e+05
3.128867452490669093e+05
1.773569203171046684e+06
2.474680074455114082e+06
3.176380953685087734e+05
1.557650154823236400e+06
2.910515313126415131e+05
4.602269907976762392e+06
1.218014332287517609e+06
4.623494037423428963e+05
1.399265734582125442e+05
2.269110645195160469e+05
2.300070171491832298e+05
8.749224085190243204e+04
1.605270847266725614e+05
2.611703106599496095e+05
7.196777394772885600e+05
1.211608408371380792e+05
5.162780511915032985e+05
4.058341901225813490e+04
2.405937471279393940e+05
9.041057202765843249e+04
3.542960508263990632e+05
6.553042000225691590e+05
3.127413182968018809e+05
1.967193737191238441e+06
4.547942172727528960e+05
7.639511600590845337e+05
1.589123300675578648e+05
2.817457430793378735e+05
3.540471416552041774e+05
1.734455101130594849e+05
2.294163009107568068e+05
2.449693827478304447e+05
7.991498794800414180e+04
1.120232796406200214e+05
1.522075940509714419e+05
3.401656857424999471e+05
5.712776410028483951e+05
8.697445639733894495e+04
6.671464339086941618e+04
1.706848430525166041e+05
1.521698138260507956e+06
5.658752497440780280e+05
3.390229311487188097e+05
2.316363378742448695e+05
3.857498122433706885e+04
3.009099118755455129e+05
1.774303172322839731e+06
3.405247313829765189e+05
2.978958692709323368e+05
7.076853616147945868e+05
9.181205079350542510e+05
8.293929742381458345e+04
1.336969187195791397e+06
9.820940291633992456e+04
7.600143104222009424e+04
1.232257874813285307e+05
2.514747686382538523e+05
3.101166728061759204e+04
2.088220360149804736e+06
4.267854376872536959e+05
1.004690415431235306e+05
2.875358997591040679e+05
7.490026520150582073e+05
4.281180371028752415e+05
4.414116629832344479e+05
5.096824109984605457e+05
1.567919790882784873e+06
3.645177863291116664e+05
4.761519102282089298e+05
1.050319749500642531e+06
5.366367414728472941e+05
8.741035661381915270e+04
8.743478734972665552e+04
7.292464776513586985e+05
1.142901781705259113e+06
4.246883010438004276e+05
8.717030353163032851e+04
3.057552692014020286e+05
6.479405287675717846e+05
1.539750192872983171e+05
1.206940554056199268e+06
6.371105789695519488e+05
1.187481021621360909e+06
1.065145797966382524e+05
6.153016471338843985e+04
7.248368342373170890e+05
1.761346284580893989e+05
7.558495899921550881e+05
1.073584270058153197e+05
4.424379638746636920e+05
5.267870011131699721e+04
2.937582735135243274e+05
8.350211075027922634e+05
4.609958382780663087e+05
3.634165249060139759e+05
3.710173936819551163e+05
1.209525093095510092e+05
8.962024910225542262e+05
2.498201727019112441e+05
9.714923482138607651e+05
5.964430940751293674e+05
7.610019519985626685e+05
3.831767386000832776e+05
1.236229403465913492e+04
8.434222343481067801e+05
6.453213835658916505e+05
2.845790550326190423e+05
1.908941744823083864e+05
1.134271338422396220e+06
3.703259901309942361e+05
3.742787790813075844e+05
1.002171570181085990e+05
3.536730777059257380e+05
3.309659520546193235e+05
1.274336280142106261e+05
1.291570797908305540e+05
7.391760811815247871e+05
8.598958167025638977e+05
7.584355759836131474e+05
2.866643655696627102e+05
9.243854017204187403e+04
1.671741008460840385e+04
2.698146690426113084e+06
3.985919945430299849e+05
9.495442893772210227e+05
6.471943350589303300e+05
2.326516886138082773e+05
9.856030474571337691e+05
1.584655274043723475e+05
1.333684723937169416e+06
3.528519456612553768e+04
1.624248685339633375e+05
3.519094103219672106e+05
5.516361185867058812e+05
4.687695555002909387e+05
8.709558802030860534e+03
2.989019940394579899e+05
3.166949554234864772e+05
7.828172632842862513e+05
2.579374210301857383e+05
1.000606037344850629e+05
3.921225960482757073e+05
3.173516614004557487e+05
9.590486388664206024e+05
1.062988639896642184e+06
1.037058070777879562e+06
9.339259439441158902e+05
6.831072532881947700e+04
1.116662776127884164e+06
1.075274880125162890e+06
2.560069699184194207e+06
1.928257031319176080e+06
3.763314126068811165e+05
5.173059576675662538e+05
2.429500195820386580e+05
5.587677233602556225e+04
2.822106289616339491e+05
6.352746733379646321e+04
1.417293306984260853e+05
2.287133690253155946e+05
8.268010081270087976e+05
1.824009803100152349e+05
2.631081485775144538e+05
1.393098371537898784e+05
3.722218364898505388e+05
3.432044581386228674e+05
3.458955161606309121e+05
7.223720808899557451e+05
3.298973521082304651e+05
5.544542079618974822e+05
2.217933338900847302e+05
5.217952248305294052e+04
1.031155152478445234e+05
2.663720392340689432e+06
3.163150741139989696e+05
2.540561528748360579e+05
7.933781806854046881e+05
1.013657072838716442e+06
1.384381748602821724e+06
4.449392466879976913e+06
1.842886410617022775e+06
3.980825134187189396e+05
7.770795854693037691e+05
5.303906702100596158e+04
3.522816123748191167e+05
4.459739836047183053e+04
5.148832370058591478e+05
1.829799608688116772e+06
1.568030581901324447e+06
3.839448435873655835e+05
9.592277349850485334e+05
7.309677757620550692e+05
1.130157699228491256e+05
3.621228567921078065e+05
1.677740068353396200e+05
3.254023426197184017e+05
6.408217379659924190e+05
1.148320818978138501e+06
3.780395508685273235e+05
4.579410277820739429e+05
5.672290926109352149e+05
3.658863465645735268e+05
3.713391333092097775e+05
2.860782313679570798e+05
2.905472015929905465e+05
2.513295990878510638e+05
4.516109033348771045e+05
3.885765399498280603e+05
2.636111153891278431e+06
6.772917573596159928e+05
1.207030491731859656e+05
2.650780328353393823e+06
4.608025418640818680e+04
2.367367942389871925e+06
1.815527161216561799e+05
3.168692908893858112e+04
1.479567757135056600e+05
3.913970011852069874e+05
6.783396271810824983e+05
3.738742719207486953e+05
4.726239261393040651e+05
3.737195218065417372e+06
2.133563358218906447e+06
1.032282995429605595e+06
1.110856547399108968e+05
1.622452135864745360e+06
7.801627656592335552e+04
1.615185794037118030e+05
5.793621914144100156e+05
2.498615571324996126e+05
4.467937484339966904e+05
2.657842184791566251e+04
9.273306053434299538e+05
8.940983742705035256e+05
2.480165437794362078e+05
2.061240673431675415e+06
1.476915887591685751e+05
3.550561800655599218e+05
2.374758834342218179e+05
6.011956761482632719e+05
3.311268535604684148e+05
1.448856242615192314e+05
1.325112908844501944e+05
3.881364033746138215e+06
1.806253845252747124e+05
1.016813715463604545e+06
3.063715270030512474e+05
5.018564511730566737e+05
6.092013203857528279e+05
2.508220255779103318e+05
1.137721094376693072e+05
8.471812941046116175e+05
2.231871643008752144e+05
1.299054389664636401e+05
8.726003799228775315e+05
1.016771588018797775e+05
5.516278235137492884e+05
6.073514352494053310e+05
7.526336883520401316e+05
2.105686514210375899e+05
9.126434035919010057e+04
2.449664934642431399e+04
1.606649195089487126e+06
7.632001692346144700e+05
2.541679135822638054e+05
1.057724478021047398e+05
4.205970690810601227e+05
1.894488615356894210e+06
1.858507369861487532e+05
1.168148324586609961e+05
6.605294437497926410e+05
1.172551994670528919e+06
6.722901620254322188e+04
3.134012934239052120e+05
7.283059600944876729e+04
7.797333794166435255e+05
2.665096680522386450e+05
1.262724926377746306e+05
2.514280286180159237e+04
2.416910703760199249e+05
5.043202246366964537e+05
4.215593625725539750e+05
6.286066908507627522e+04
3.856141791847739660e+04
3.770556240200542845e+06
2.677259269706441555e+05
2.778956624297716189e+05
4.045255186543046148e+05
1.505013501770105213e+05
5.684024929204303771e+05
4.813377309792868327e+05
1.841168449250066769e+05
2.282063756207659608e+05
8.677754715371032944e+04
8.639849345494144654e+04
5.064662781636852014e+04
1.680855607030211249e+06
3.178208041059993557e+05
2.349040456514381338e+06
6.854174082825846272e+05
1.830106749492310337e+04
3.185003039403559887e+04
6.744836353006993886e+05
5.305482052234984003e+05
5.835282564249644056e+05
1.004119833980335825e+05
5.196311897242015111e+05
1.634404349852164451e+05
4.958818934345226444e+04
2.468845864701643004e+05
5.919149208887203131e+05
1.550903066846086644e+06
2.184743796191027213e+05
2.490621644170991203e+05
8.457610714010642550e+04
2.958797772808064474e+05
4.684051455298217479e+05
2.088683397151210578e+06
4.088359635752201575e+04
4.399907203383488231e+05
3.799311551258902182e+05
3.106371892854937818e+06
1.426121554984740505e+05
2.580147462800340145e+05
1.922915393670129357e+06
6.818621503271914553e+05
2.567299094094141619e+05
7.533780213617687114e+05
4.874311803438916686e+05
3.339688243767413078e+05
9.490642645362402254e+04
9.234486944175602403e+05
2.598797152789722895e+05
1.064089847716695222e+05
1.547383193433575798e+05
7.435736269981219666e+05
2.183123277813156892e+05
2.685373893665555515e+05
4.754940955652452540e+05
2.762949793919194490e+05
4.810439443138468050e+04
2.121182228291916545e+05
3.356841422349354834e+05
6.265847176602589898e+05
1.740227653722820105e+05
2.900978457827640814e+05
8.818231515979375690e+05
5.672172855847921455e+05
3.241040145627019956e+04
2.007252547339360754e+05
1.664299035551852430e+05
4.311293802839895943e+05
1.390293967810645117e+05
1.532151242441588256e+05
1.386328012468739180e+06
1.598984584174063639e+05
2.109694856637865887e+05
7.590048393795694574e+04
9.022446248761973402e+04
5.591368597897530999e+05
8.444559732194534736e+05
2.635190168313370086e+05
2.883065135353085352e+05
1.045267863815298770e+06
3.204156375829463941e+05
7.815600116713222815e+05
1.445546426464606775e+05
6.948732977915713564e+05
1.021757463948815566e+05
4.860266394661411323e+04
6.477440795291068498e+05
5.105083519312890712e+04
1.868685892099399935e+05
1.331466250083974155e+05
6.393799498499478068e+04
4.743527735349134309e+05
8.507164110639818246e+05
6.326393269467445789e+05
4.177263861529705173e+04
7.608645600746963173e+05
8.150738337459428003e+05
1.888410667052436038e+05
1.261164233385515836e+05
2.594946391074539628e+06
2.531187004543195071e+05
6.881886073780567676e+04
1.453666040659720420e+04
6.055562099914500723e+05
2.198469829587125278e+05
5.384236555814807070e+05
4.292943996373971459e+05
1.669781770891760825e+05
6.470621452675422188e+05
5.324726745042938273e+05
5.606008707713823533e+05
9.161615170787413372e+05
3.696100303289363510e+05
3.188446538255939959e+05
1.827334338977156585e+04
2.471863424088902539e+05
7.324277678756539244e+05
4.678386671436887118e+05
6.278095505001588026e+04
1.163535660800346872e+06
2.169281013257639483e+06
3.464833987152242917e+05
1.584527758955379613e+04
7.418350394475935900e+04
2.403696971600792604e+05
5.854596099123525200e+05
7.090518817977340659e+05
4.079855515910775284e+05
1.019607920231058815e+05
3.439789704243154265e+05
4.427506597071781871e+05
7.588106375020598061e+05
1.201690369561615080e+05
3.881369737773001543e+05
1.451233782466311532e+05
6.160541394223439274e+05
3.335142852436102112e+05
1.699002053918872552e+05
2.101177202448415337e+05
9.457985186267552490e+04
8.767631291735349805e+04
2.267812840900846059e+05
2.584345284231207188e+04
3.552075901689085731e+04
4.372610610859204317e+05
4.039201355062060058e+06
8.534125432979430771e+05
1.591014740757989930e+05
1.198769646472198190e+06
1.376872601587744895e+06
1.781555281727079710e+05
2.872322970198988914e+05
1.234685090484547429e+06
1.396955767764251796e+05
2.573223340275227965e+05
8.426468529168831883e+05
3.922737776530140545e+05
9.042160883334724349e+04
2.303963347285086638e+05
2.336809830059690401e+06
1.893577394985332212e+05
1.841583320743763179e+05
4.189211547446351615e+05
1.650936891918932321e+06
8.656591582644527080e+04
4.896740887066940195e+04
9.999053751800092869e+05
6.685139563864317024e+05
7.407113080498516501e+04
2.748362709291575011e+05
7.469185014484240673e+04
5.048092471826377441e+05
3.146834928093134658e+05
1.535767975300593069e+06
3.926438843476714101e+04
6.441730254763087723e+05
1.495256224524941936e+05
1.992919266027926467e+06
1.985678216130982386e+06
1.275155682743429643e+05
6.000261699588394258e+05
6.390036973413259693e+04
1.404900717977135173e+04
2.393227005927404098e+05
9.063204003664264455e+05
6.570565974541180767e+05
7.907830111331137596e+05
2.283474800041868817e+06
8.376682396516010631e+05
5.819483804122818401e+05
2.339788579845408676e+05
1.138282793628200161e+05
6.368774324161106488e+05
1.324217200242460531e+05
1.617651790156453848e+06
5.057652646770630381e+05
7.591524510979553452e+04
1.753085504356197489e+05
2.116649748310522176e+06
1.080035443558614235e+06
3.357393350667413324e+05
1.251386720060880471e+05
3.786226449441632722e+05
2.518045820997297415e+04
7.880864230909181060e+05
8.506013873864626512e+05
3.785161736402916140e+05
2.244850181173908350e+05
5.805198574183100136e+05
4.410546406042288872e+05
2.787915258501982316e+05
1.799409000281530898e+05
1.687045126243914128e+05
1.024205917340894084e+05
2.894039184517968679e+05
1.421736710389395012e+05
2.013324032260916429e+05
3.495283506661342690e+05
5.037581880337159964e+05
3.902442121746349148e+05
1.040728926051688963e+06
3.601422643883579294e+05
2.722774044813835644e+05
7.727663425253438763e+05
1.327641737300555455e+06
2.887860747026147437e+05
3.984890728421473614e+04
4.090863081839891383e+05
3.079202354438192560e+05
7.526387248362899118e+04
1.217523706955181435e+06
2.637496327368933999e+04
5.239471524660552968e+05
2.335690126750365889e+05
4.338532497742759733e+04
4.888182890584436827e+05
1.487850152160106227e+06
3.795915930695650750e+05
2.022367618397477781e+04
1.066520000986599131e+06
9.852995201745507075e+04
1.282769533583687298e+05
2.104991978260584001e+05
3.082567752507398836e+04
4.903667196078383859e+04
1.108505332516032213e+05
3.917370991292826511e+04
4.513641182925814064e+05
6.698490075789844850e+05
1.883851497853694309e+05
1.380925379187819082e+06
1.130077621618466801e+05
1.958813682246647368e+05
3.894115196524331168e+03
3.594529311166881234e+05
4.565618878813409829e+05
4.232450860781716765e+05
2.456413272622793156e+05
7.956019364238540584e+04
5.189113372263328638e+05
1.947943045911306399e+05
4.069836523604355752e+05
1.001518428990438581e+06
2.541949900655027886e+05
1.202468255233321543e+05
1.844917952740176115e+05
1.904199722621802648e+05
8.204396734002346057e+04
5.748959791379752569e+05
8.905067189012366580e+05
1.392033004477894574e+05
1.063764381960449973e+06
1.687522416171113582e+04
3.604450782027455280e+05
1.055077307591466699e+06
3.625941546794470050e+05
8.450574206933341920e+05
4.014862056890333770e+05
6.746308197672363895e+04
4.848884825475306134e+05
1.786333135062937799e+05
1.921133493370889337e+05
1.093921907306639245e+06
3.016409274858902209e+05
5.348862656598381000e+05
4.649049928203959716e+05
2.655870177672852878e+05
2.344417755523055675e+05
1.851693260162680526e+05
7.438528613869191613e+05
9.351486805724541191e+05
1.449686608381529222e+05
4.152072851244856138e+05
7.268918884498224361e+04
2.753107428232632577e+06
1.765191948433849029e+05
5.746257093485639198e+05
5.704877423182424391e+05
7.564391044578870060e+04
4.526529115743795992e+05
3.825350469549720874e+05
9.135110811410534370e+04
1.694555688844102900e+06
1.687253426006049558e+05
4.552167965903797449e+04
1.047632681698199740e+05
7.912543549869860290e+05
2.287345334677595238e+05
4.421004920315420168e+04
2.733338407163724769e+05
2.819426638165748678e+06
5.526799419194860093e+04
3.191944548313925625e+05
5.042712345416810131e+05
4.873239686416125915e+04
5.326077156437302474e+05
1.405075020850160858e+06
1.052790969281439437e+06
8.297227839882120024e+05
4.055970734186994960e+05
1.505359056811488699e+05
1.674771704258029058e+05
1.694214029639289074e+05
2.593792197773751686e+05
3.222355116911378718e+04
3.442198787030130916e+04
3.138578333188935649e+05
5.214981759895488503e+05
2.416908619483738730e+05
1.140140862253181171e+06
4.632501458231005236e+05
1.777415525590994803e+05
3.954461692777638091e+05
4.787025926727505866e+05
1.578403007643477467e+05
4.013541436645367066e+05
1.156256450839040335e+05
1.501172816927100939e+05
1.668675019008645555e+06
6.245912137952377088e+05
4.335938506574413623e+05
4.932921051242160320e+04
5.321702436440993333e+05
1.421680129753963265e+05
3.092980187422008254e+06
1.329508890211787657e+05
4.561510705670434982e+04
2.253781488930783235e+05
2.819557786363369087e+05
4.389224983013835154e+05
2.068245879444623366e+06
2.270972166632257286e+05
7.542814116055383347e+05
2.027636968605032307e+05
4.247226051449197112e+05
2.410625914888998668e+05
1.135991014265902486e+05
1.395889532194599451e+05
2.624654040958666010e+05
2.371353714403642807e+05
3.226909025704391534e+05
2.143156038500011899e+06
3.503769398208211642e+06
3.876360425223578932e+05
9.466478521483816439e+05
3.205869900499167852e+05
2.250263552044668177e+05
4.237641024612460169e+05
1.766129412058841554e+05
3.813749272001550999e+05
3.836261900392501848e+05
3.299109128755631391e+05
6.996261092863956583e+04
6.756424688431362156e+05
9.841216238048479427e+05
9.568266075545178028e+05
8.070275829745001101e+04
1.334977911673032795e+05
2.788267654061178328e+05
9.911308767055967473e+04
1.711809320554200531e+04
1.842894307416219963e+06
9.226913630282520899e+04
3.636130434649920062e+04
9.923708201479329728e+05
2.094323911111105466e+06
2.345625249057861976e+06
3.451459727951675886e+05
1.057331726466474502e+05
2.550220729644553503e+05
3.893989112756685063e+04
7.593530285357912362e+04
2.977171936739286175e+05
1.166381137268692401e+05
6.184676768073921558e+05
1.963457047992599197e+06
7.529343209269256331e+05
2.579788755868791486e+05
4.436430517013322678e+05
4.259966585447032005e+06
6.927067208319271449e+05
6.276200126057626912e+05
3.022995104247297859e+05
4.887115595455179573e+05
2.750816943372242386e+05
2.659849623990789405e+05
4.314321601205408806e+05
8.441872187019848207e+04
7.318959007709512953e+05
1.334695363451506710e+06
4.651760435759556480e+06
2.464827549796391395e+05
1.063370833097979194e+05
5.682443665478643961e+05
1.524419741801885830e+05
9.331580416504180175e+04
4.678913342114216648e+05
3.432487027613415266e+05
2.659475252041493659e+05
7.974129247117729392e+03
7.664247489608557953e+04
1.133242166056720016e+05
9.253709887801755394e+04
2.118997279527013889e+05
2.511438827878937882e+05
1.260843863049185311e+05
4.694513935435719904e+05
1.616658383988510177e+05
1.792117767801709124e+05
3.981941347614845727e+05
2.751006255578894634e+05
5.071023500806012307e+05
2.353911663282480149e+05
4.484279036743458128e+05
2.192410274271592789e+05
2.712654043608772336e+05
8.225092502614790574e+05
4.457854266793939751e+05
3.536797719643039163e+05
9.189287222101630177e+05
3.262193416393012740e+05
3.741753203379964689e+05
4.294136715085559408e+05
1.338989773512967222e+05
9.937065592849499080e+05
4.676400912166531780e+05
3.318880135753826471e+05
4.353936891124606482e+05
2.960922899844720960e+05
1.498285802929542260e+05
7.827241930350365874e+04
1.241884982746328897e+05
4.401726930838328553e+04
1.191896942558104929e+05
4.837839643487858120e+05
5.504534865955839632e+05
1.189228447108819091e+05
5.360628596769903088e+05
1.201609113199644489e+06
1.651456559614057478e+05
2.117830298199927711e+04
2.090647957363005262e+05
5.190294890730871703e+04
4.328663479485684365e+04
2.000485478848661063e+06
2.778554352481219452e+06
5.907440924347706605e+05
2.788554918803779292e+05
1.602320331917545700e+05
9.673249105975336861e+05
6.726455356305913301e+05
3.447464868671364384e+05
4.174515981742698234e+06
1.857575354874612531e+05
1.828413117269407259e+06
4.097929446280387492e+04
2.071989381677325291e+05
1.785540513351753179e+05
2.526515889937526663e+04
2.316093243297360023e+05
4.039989264173744014e+05
1.303535165582120884e+06
1.952916331587590685e+05
1.626666819686995295e+05
6.845053390927481232e+05
9.892209048583497060e+05
5.488195802734984318e+05
5.988215376383946568e+04
2.996014220259104623e+05
1.931273051632668066e+05
6.469932640032452764e+05
6.526890297593362629e+05
1.106434864979904814e+05
5.047915144966511871e+05
2.307365803809374920e+05
2.098119132435421052e+05
1.639144493869616999e+05
6.013220709608460311e+05
3.987421156758063589e+05
6.955682724234630587e+04
9.691996229862933978e+04
9.154620770570292370e+04
1.728521854152049054e+05
1.694448256012887461e+06
4.911180346094709967e+04
4.491456558985463344e+05
1.230737722999528749e+06
3.265932372465881053e+06
4.635621254542328825e+04
3.337419284431146225e+05
2.854254254776217043e+06
3.547136322149902699e+05
1.317875585563101340e+05
2.665055014004355180e+05
5.061126539884680096e+04
4.425173692378061241e+05
7.282815718176529044e+05
1.774619236676579458e+05
9.054259303220201982e+05
1.099875863992088853e+05
5.806307061442638515e+05
9.950808945834833430e+05
6.474162700955402106e+05
5.514578481267164461e+05
2.256112684548816760e+05
2.848440319334203377e+05
4.109131257644983707e+05
7.556094740003124753e+04
4.070962398553897219e+04
3.946466103808675543e+05
2.849123632462380920e+04
2.307983643708343152e+05
2.349999545353398134e+05
3.774970554847792955e+05
5.427060418156231754e+04
2.864347261497021536e+05
8.887121557482962089e+04
1.865349254342696513e+05
3.270577827863656566e+05
3.841902635877623106e+05
1.313425946327220881e+05
2.345479432497534435e+06
1.789065804388841498e+05
8.359918165288004093e+04
3.583674396216037567e+05
3.106774481594089302e+05
3.067590085601388128e+05
9.927053878757607890e+05
1.322094779576251167e+05
4.373179788739616051e+05
4.775963656894099404e+04
1.101523809090713912e+05
6.004601051890463568e+05
1.234633040659232996e+06
4.915931256021758891e+05
2.216029930723862781e+05
2.395223109328725375e+06
4.475777198853960726e+05
6.372629395505125867e+05
9.627566465536622854e+04
7.414128995313550113e+05
2.238505891464556102e+06
1.254277595661683590e+05
4.601752112628010218e+05
3.398977786354951677e+05
8.880338677167028072e+04
6.065662603112045908e+05
1.047231783470804687e+06
3.959146042829355574e+05
1.853652653007040790e+05
4.441729994174832827e+05
1.886210340058079746e+05
5.437545820107002510e+05
7.167143130497411767e+04
4.935238151319488534e+05
3.813721546919685788e+05
7.292025279766438762e+05
3.484801109809878981e+05
6.600739315197656106e+04
2.725914575475592283e+05
1.230662149474233855e+06
6.028057628475236561e+04
6.239851526841594605e+05
8.622836357656869222e+04
3.269241003792408446e+04
6.721792812485776376e+05
9.597782358938625548e+05
3.435804364512921311e+05
1.136978898704585154e+05
1.159286669638204854e+06
1.136966008025083574e+05
2.686402197959414916e+05
9.371860110246170734e+03
4.108035652260694769e+05
1.328895801798593602e+05
1.322669079475847306e+06
2.942979514949076693e+05
4.067661599570337567e+05
2.221468720059926156e+06
4.204201610595054226e+05
9.675121830639365362e+04
1.425444084695979953e+06
2.347800677038624708e+05
7.855293870847813378e+04
2.509669483267298201e+05
1.156707543840972241e+06
1.318344650609068631e+05
5.409592368985215435e+05
2.820051385274948552e+05
3.759513879497082962e+04
3.493703095490884152e+05
1.772260796581906616e+05
2.890553688055981766e+05
1.592776166077470116e+05
1.138792807729292399e+05
2.275761227912250906e+05
4.153430412628472783e+06
6.792428817448369227e+04
9.160075358395240983e+03
6.985850886662899284e+05
6.462468516028446611e+05
5.425251319582215510e+05
2.518844226133272168e+05
2.956095014154903038e+04
2.638348963144844747e+05
2.187213731409153435e+06
2.836891689405153156e+05
1.104600856616756646e+05
2.198671675612032879e+06
6.704062548902926501e+05
6.029937759773755679e+05
2.433415065382030734e+05
1.390337594553041563e+05
1.180877765111663466e+05
7.504488739288519137e+05
3.702730000461856253e+05
2.159228446167184666e+04
8.917671966616580030e+05
4.342978789210670220e+04
6.034558815006619989e+04
2.656836485972028458e+05
4.289810551521271700e+05
4.083967877844242030e+05
2.620125282240933273e+06
1.336290467207276030e+06
3.117238058584229089e+06
5.542914478612831590e+04
2.713853929213145166e+05
2.888525167946964502e+05
8.964759232410944242e+04
9.029042444431602780e+04
1.758005626696534455e+05
2.472804638731011946e+05
3.580725775459523429e+05
1.569960242676638882e+05
9.671529644868132891e+03
6.462953192880482675e+04
3.680451552605030593e+05
3.166846971381744879e+04
1.374023360977443226e+05
2.837167893799570156e+05
6.549276386154731154e+04
8.833029698395234300e+05
2.175490770102403592e+06
1.370111477945139166e+06
1.420544840494370554e+06
6.236493986141901696e+05
3.734738875431344059e+04
1.569569949904643232e+06
4.505760990506288363e+05
3.787497140666062478e+05
5.845589837871595519e+05
9.675297539354473120e+05
7.311173658479971346e+04
3.163212468290671823e+05
2.019529423530685483e+06
4.413876134968127124e+06
1.868096065838416980e+05
1.166775018790386239e+05
6.939064544921874585e+03
1.303257771649903298e+05
3.394908905546913156e+05
4.498917459717784368e+03
3.784100368395319674e+04
2.204376798424772569e+05
1.822124280024215986e+05
8.599025314116579248e+05
1.971175611048645515e+05
7.884029804858763237e+05
2.995706081021427177e+06
9.982971743514385889e+04
2.568937189801581262e+05
7.990153832408444723e+05
2.563212928132793750e+05
1.176268713811543072e+06
1.367888322000436892e+05
9.744527477416626643e+05
9.966022336992708733e+04
5.152143314259110048e+04
5.382359532495947788e+05
4.129539694610662991e+04
4.443850579991401173e+05
9.131246943137154449e+05
2.168539044060376764e+05
2.547054535873802379e+05
5.766620726389010670e+05
1.033454823721419438e+06
1.342494287359627924e+04
6.772011820428570500e+05
1.150484693779884605e+06
2.186575720010077115e+06
1.576635825179483742e+06
8.786311128168206778e+04
2.755523640183339012e+05
3.333493239524931996e+05
6.996108603860018775e+05
4.368688053970729001e+06
1.500794894113627670e+05
1.302120953581826470e+05
3.671621800437491620e+05
2.010794936521719210e+05
2.982793458909270121e+05
3.369434997173967422e+05
1.713867854755399749e+05
9.897783364150764828e+04
3.720760758158136159e+05
4.539467568037689198e+05
1.061613556477976235e+05
9.971722718168330903e+04
4.933072045313350391e+05
3.874062691747136414e+05
7.890822881327858195e+05
1.984232678174493049e+04
1.641051481166803744e+06
2.092913823905817699e+05
4.939552434177855030e+05
9.388840455430777511e+05
2.938441545123877586e+05
5.312776697889928473e+05
5.463335992915035458e+05
3.453733714900612831e+05
8.066638256653397111e+05
1.681424381665909314e+05
2.333566731984982907e+05
2.241088613130602171e+05
2.806658240719696041e+06
6.369713036812165956e+04
1.237617874606069672e+05
6.493979967162967660e+05
6.209765551062938175e+04
3.673102519453795394e+05
7.798899099155506701e+04
5.863954464648343856e+05
4.622778021128833643e+05
2.062222504069351358e+06
8.611261418978418224e+05
5.976821544671719312e+04
1.409696335592410469e+05
5.556574192521561054e+04
2.991675596128110774e+05
7.980510824938432779e+05
7.376283630965635530e+04
3.390269403636313044e+06
5.140287699209494749e+05
1.385582412082217168e+06
3.425466338497374090e+05
1.648142740756520070e+05
6.549021695781775052e+05
1.480032772598054144e+05
1.237786685926005594e+05
1.489892362910676049e+06
4.827489823216727236e+05
1.088789682604983391e+05
2.576332958948953019e+05
9.709133900037586864e+04
1.581929576149824541e+06
6.343501973490528762e+05
1.484408679281894292e+05
5.418056840477817459e+05
1.148920259669960360e+05
3.088218296813072520e+05
5.952549410372804850e+05
1.741984625188304344e+05
1.819490541847022541e+05
5.173389022711104481e+05
1.490513335998077237e+05
3.878913708509253775e+04
5.268501639404229354e+05
4.211088654703656211e+05
9.072059619344118983e+05
2.617803580937380029e+05
5.939315774623001926e+05
4.655644575986866839e+05
1.307943127399160527e+06
1.514712460798554821e+06
4.613440442768721841e+05
3.090372751645147218e+05
1.184093227009349794e+05
4.307975395130046527e+05
3.687824320512867998e+05
1.684410929911195417e+05
9.161464239834027831e+05
7.553869565804023296e+05
2.994547026057476760e+05
6.825439119481070666e+05
8.162922626098510227e+04
3.691405283748676302e+05
8.112563584144992637e+04
2.609061131176581606e+06
3.371977389868529863e+05
3.077571698478905600e+05
5.550089629935502075e+06
8.012943585802884772e+05
9.021955368025734788e+05
2.465531156631086487e+06
4.734842981203957461e+05
5.282728460544509580e+05
1.956126635122806474e+05
6.252303488613610389e+05
3.253246771064004133e+04
2.435182672632997390e+06
8.206273004791956628e+05
2.060162771569879260e+06
8.397411905068020569e+05
6.877688822284234921e+05
5.016198829335295595e+05
3.185645573890110827e+05
3.536020320836717729e+05
3.644711078894747770e+05
4.104544830990434275e+05
4.482170402826347272e+05
5.677660913107986562e+05
3.533796161995383591e+04
2.533403030896706696e+04
3.203237945106578991e+04
9.051032300645227951e+04
5.749287985282997397e+04
2.312721004106338078e+05
1.495921239736067764e+04
5.198475966597103252e+04
7.304396306368137011e+05
6.137257372597531503e+04
2.678319572983405669e+05
1.065528446069968340e+05
1.268737891943096329e+05
4.866521879044871312e+05
1.564878468038987776e+05
7.146931136928646592e+05
1.085855803423644684e+05
4.897953027725296124e+04
1.836899967721037683e+04
9.214936469079526432e+04
5.712963917351947166e+05
1.632455664361887379e+06
1.233660418183288304e+06
2.777651194841329707e+05
1.845642483188293118e+05
3.029632149915100672e+04
1.468909579981171992e+05
1.118891694431027165e+06
2.248449342462063767e+06
1.742869704200814711e+06
1.360848231006725691e+05
4.197713892802436603e+05
4.952868739739438752e+05
7.595668012669436866e+05
4.617662800407510949e+05
2.923583728420290863e+05
1.662019243684162575e+04
1.416590849145714426e+06
1.298315160234565265e+05
3.840609610639568418e+05
3.418737337691449211e+05
4.096933514614680462e+04
6.791336839990456356e+05
1.738637288931005402e+06
8.314953886545632849e+04
8.878625588786111621e+04
2.573457995618700807e+05
4.897315499374060164e+04
1.326455674838941544e+06
5.418435696597767528e+05
8.356052930919713108e+05
1.072766286579211242e+06
1.483492641845330218e+04
3.629321259533647390e+04
1.938004007323569153e+06
1.032754564911078778e+06
2.933108217899252777e+05
9.319373426199877867e+05
1.625254323554850649e+06
7.449762835284844041e+05
3.115929970613236073e+05
2.703385345042132540e+05
1.620973823337081412e+05
3.511294028284996166e+05
1.597335417531921761e+06
4.071707111675602500e+05
2.394709782937898126e+05
7.137778283211539019e+03
9.855742482737953542e+05
1.540786434942493681e+06
5.871042778745829128e+05
7.402672464571780292e+05
8.932166076948233240e+04
2.708456318191193277e+05
2.035835455148762325e+06
3.460437241008067504e+05
9.071725242863149615e+05
2.265775784882485168e+05
3.897672279316882486e+05
9.462919403578017373e+05
2.375077355862630531e+06
4.584221778409113904e+04
1.116248050927407312e+05
1.343806070456142304e+06
4.492763682049019844e+05
2.926614149489393458e+05
1.096824937808263930e+05
7.989077360210353509e+05
8.801885931625162484e+05
9.410436724921254208e+05
5.822139167881858302e+05
2.416213871292322874e+05
1.150295713506553089e+06
9.543566295589109359e+04
1.430321073716019455e+05
4.209382839455949143e+05
6.710231531339701032e+05
6.336172307691018068e+04
8.292946235937777674e+05
2.892689542647344526e+06
4.617093365681521245e+05
2.840182513497874606e+05
6.163228159333354561e+05
6.338402195870978758e+05
1.174573009936080052e+05
1.112833702166711679e+06
6.857146072232103324e+04
7.026392399847041816e+05
7.008142748827275354e+05
1.406407965505864704e+05
7.143479337636390119e+04
8.638267488407153869e+05
6.297638696161474800e+05
2.653600137417216902e+05
1.120722715561834397e+06
2.748955312761477762e+04
6.468182382861737860e+05
3.418843929208136979e+04
2.713686179496179648e+03
3.176627918495759950e+05
1.980561962202513241e+05
1.188179007263862150e+05
3.527674458188124700e+05
2.455949485589874675e+05
1.308523444538826821e+06
3.439644270305380924e+05
9.620176611423041322e+04
1.133549466231927276e+06
1.735148008561593248e+06
1.043702180711157998e+05
2.859646214629858150e+05
1.149794086185867433e+06
4.380719835677071824e+05
6.272734651808325434e+05
8.885602937077663955e+04
3.900764040616669226e+05
4.083810326436776086e+05
2.567149708715151355e+05
2.567929004611759447e+06
2.238275902930544398e+05
3.655396622374875005e+05
4.882948195156321744e+05
1.760973073456978018e+05
6.758883436140669510e+05
2.282558901143334224e+05
6.778290225537153892e+05
1.147101747555667971e+05
1.201129504646757850e+06
8.518919973386216443e+05
7.765838102952840272e+05
8.223180560349322623e+05
2.620813630879125849e+05
2.086586611838479526e+06
7.278104411314454046e+04
3.778834938488820335e+05
1.036703285070663696e+05
7.483456489557684399e+05
3.061288274344897363e+05
2.458363966631829971e+05
1.061716653293359122e+05
1.225292498866544804e+06
3.474398124656453147e+05
3.920258166327871149e+05
3.494561118328970624e+05
3.653339084986105445e+05
4.632210866891345941e+05
4.793551083186718170e+05
2.041026951535968401e+05
7.726688642217741290e+04
2.552748826437515963e+05
5.015617219224291039e+05
2.939041546899558161e+05
1.436684222241184616e+05
1.349499843608670635e+05
2.319452389429382747e+05
8.603070233364929663e+03
2.338105742791659664e+06
5.846481543401178205e+05
2.226593100740470982e+05
2.841816921278572408e+05
4.897175882422573632e+05
1.286672682080759900e+06
3.521969672878899146e+05
1.525138966090468923e+06
8.879135215928580146e+05
6.141014669455047697e+05
8.289420755109381571e+04
8.980594544772115769e+05
2.212840181581949873e+05
1.668458689975679736e+05
6.148336662737271981e+05
1.996055340448874049e+05
4.252085324261917849e+05
1.428763723931321641e+06
5.055970275318072527e+05
5.324099341112032562e+04
8.589492460524883063e+04
6.514602065397908445e+05
1.717407914701586822e+06
1.926074597592990904e+05
2.231865358484987228e+05
9.494970754239270718e+02
2.025164000850573211e+04
4.718240385407160502e+05
5.497671634584659711e+06
7.263945441033324460e+04
1.505207207508626198e+04
3.977621728493308183e+04
2.459519788557516586e+05
1.037155880392248742e+06
5.547503610627729213e+05
4.153325343017885461e+05
2.751231034338360187e+06
1.417256354975751601e+05
1.241229848834582837e+06
9.988857991663353750e+05
1.355695440018047811e+05
1.269350148816817964e+05
1.379022575086536584e+06
3.634322290686257184e+05
1.726515218005609349e+05
1.564352214723870566e+05
7.626833197772809071e+05
6.120882062936986331e+05
8.028903244832529163e+04
2.432042333313637646e+05
2.229148570090375724e+05
5.598628336159609025e+05
1.139328060253485339e+06
1.750164093500675168e+06
3.328261826933170669e+05
1.727861129873109167e+05
1.271134672658308991e+05
3.627098884726796532e+05
5.809632269648007059e+04
9.621377119837916689e+05
2.343411932958781545e+05
9.288418704084616620e+05
1.520958028211600846e+06
1.448990278785368137e+05
1.718684297960852564e+05
5.607385711149182171e+05
6.081644226136186626e+04
2.114283901411161060e+04
2.926692019678867073e+05
4.002587404299362679e+05
3.290514184419212688e+04
4.741860419142747996e+05
2.975174169617192238e+05
1.696306063047772273e+06
4.650389351994772005e+04
3.721435894726581755e+05
2.250044646121063852e+05
1.001748496192976134e+06
1.274322013173785381e+05
2.486714309979519341e+06
1.326584479095288843e+05
1.338829222985699307e+06
1.776586833978881361e+06
9.009012382798061299e+04
1.224109610744498204e+06
2.289562584161692939e+05
1.069459691770277423e+05
3.351001030423798948e+05
1.664629226882922696e+06
3.992702031838717085e+04
1.514621578366469825e+06
7.546549494119954761e+04
7.842170691516596889e+03
2.130763263037516735e+05
8.041993040091551375e+05
1.082909947098245611e+06
2.001673618165658845e+05
2.804504406523731304e+05
3.615981828670536052e+05
2.444922434010074940e+06
6.450555177335876215e+04
1.110947736815317621e+05
2.262191338547914638e+05
1.245807626420443121e+05
4.581388240058919764e+05
2.294274431435316510e+05
6.006939534760988317e+05
5.116355936383012449e+05
4.443302246774557861e+05
1.551714362882203750e+04
1.932775881215777190e+05
4.792530426143465447e+05
2.434183422686879057e+06
2.644691441510094446e+05
6.452816438745209016e+05
1.362409069058247551e+05
7.398969652152139461e+05
3.970167952107737307e+06
9.869301091224180709e+04
1.409137934870749305e+05
5.555726425146753900e+05
1.192135070604651701e+06
4.420111742952330969e+05
1.017437645896223956e+06
3.494555207254537381e+06
2.451163817452931835e+05
9.477145972771056404e+04
2.778804863674304797e+05
2.240041390279470070e+05
1.518214369729477949e+04
3.001485644699636032e+05
1.123661212673450587e+06
3.141742612428335269e+04
1.380291011688176950e+05
9.299670502380566904e+04
8.591129093352033524e+05
7.077229686467588181e+04
1.858833506089479779e+05
1.747130715848772379e+05
2.959854921758292243e+06
1.628008260960799176e+06
4.933796163716070587e+05
3.045841502979572397e+05
1.064009254977525125e+05
1.191847860288714728e+05
1.509666837975893286e+05
9.811610210092749912e+04
1.386696907553220866e+06
1.311759896218042413e+05
7.764657321564718150e+05
2.907356006990919705e+05
8.744218781433551339e+04
3.335680015897518606e+05
3.422945218500226038e+05
1.138551807995515643e+06
4.506149072557615582e+05
3.370358871190501377e+05
1.511340644212682091e+05
1.059446941529217656e+04
7.522111499804144842e+04
6.325602305564195849e+05
5.434603159209503792e+05
2.140806838909997605e+06
1.990377314802511537e+05
7.325647289194653276e+05
5.049618997436691425e+05
3.399849275217099057e+04
4.566847811683610198e+05
6.799653840646307217e+05
1.867237080155041185e+05
9.109825397152340738e+05
2.993259593700618716e+05
5.956644978002237622e+05
7.071822859983220696e+05
3.899557014222735306e+05
2.087684257308899250e+05
4.641053934757852112e+05
2.562250640324605629e+06
8.878382261480814777e+05
2.730700066534760990e+05
6.177545164558930555e+05
7.161371234689683188e+05
5.715561482187019428e+05
9.640918649885355262e+05
2.433582616644636728e+05
3.317600516702558525e+04
2.254092720617293089e+05
9.347777862329917261e+05
4.351873519874401391e+06
1.431055827156454907e+05
4.142576438157530501e+05
4.546416288006166578e+05
2.460607496278086910e+04
2.136372024722245988e+05
8.867101664022312034e+05
2.851163115396909416e+05
3.518343113758077961e+05
2.924131561697314610e+05
1.219156912168193812e+05
4.742591918535121949e+05
8.270510516084849369e+05
2.365342868810837681e+05
3.391975771510950290e+05
6.563778341617180267e+05
8.869205853448278503e+05
7.909600892370425863e+05
4.897816497348148841e+05
3.045803502312386991e+05
2.174289126820288133e+06
1.398228432061750500e+05
4.060380582112947013e+05
3.203037786972777685e+05
8.344602400015832973e+04
5.032463263688497827e+05
1.071152477093816735e+06
6.037187915757081646e+04
8.440776059487613384e+04
3.288628758434729534e+05
5.188553924034272786e+05
4.064170120418904698e+05
9.464837232718250016e+05
5.534261218645377085e+05
1.846376284513138235e+05
2.368180549085423700e+05
2.168739847751280467e+05
1.002934226485111285e+06
1.945597937910502078e+05
7.524692387284259894e+04
5.925265828634332865e+05
2.501552779783573060e+05
1.006805422937220719e+05
5.887900387938092899e+04
9.808850168003162253e+04
1.084609369159928989e+06
2.037326869693534682e+05
6.411052405201651854e+05
4.768293181119222572e+04
9.403398370916969143e+05
1.145324824888364092e+05
3.830551560243488057e+05
7.075473664262929233e+05
1.123039572241590067e+05
5.177230548685146496e+05
4.822720676286204834e+05
1.280498236604222984e+04
6.084268209935238701e+03
4.423420331685357378e+05
2.335364847674530465e+06
2.925687984803820727e+05
7.640679897390130209e+05
1.296144569871701970e+05
1.900268424043051433e+06
4.513716776692015701e+05
9.094447361276434094e+04
5.007307411867297487e+05
2.254717163700229721e+05
3.654045296653638943e+05
5.821352952752667479e+05
1.276751986763495806e+05
1.663854397869607783e+05
9.862782396698457887e+05
2.462109828739288729e+06
1.589100651015569165e+05
2.616065654490471934e+05
3.734536852206271724e+05
2.069901409612300631e+05
1.627450390735924011e+06
7.012227945676051313e+05
6.728164928851521108e+05
3.764536597070568823e+05
2.020892711477320336e+04
1.173206993781802244e+06
4.110995192480723490e+05
8.900540331319490215e+05
2.150982664586484316e+05
6.821244245112938806e+05
2.347361388351446658e+04
1.966793220793654327e+05
5.891226434448864311e+05
2.550261371585708112e+06
3.613414182317962404e+05
4.096119814857569290e+05
1.728513050586695317e+05
6.900882901674389723e+04
1.120490875174125977e+05
1.354580877425902872e+05
5.837688964843237773e+05
4.079376574030852877e+06
3.285315245979533211e+04
2.748826536259090062e+05
4.888512467767149210e+05
3.170960926567861461e+05
2.882049226577346872e+03
1.642992577648882871e+05
6.040300681962501258e+05
9.465137306732293218e+05
1.117140867069414526e+05
4.936682799204374896e+05
2.626900986300299410e+05
2.628700430483787204e+05
8.214999474810198881e+05
8.315026919024916133e+05
1.014104216555619147e+06
8.903866692239990516e+04
5.547306592865511775e+05
1.199969896562045207e+06
2.526695647901984863e+06
3.943381759810382500e+06
3.964338037753616809e+05
2.830151492362946738e+05
7.882542158531455789e+04
4.539951552140628337e+04
2.618327301478266018e+05
5.186324288010234595e+05
2.258047686536471301e+05
4.438228380068643601e+05
3.800645650797366630e+06
2.831974086235596798e+06
4.142164398932136246e+05
5.047549752562398207e+05
1.504376267342306674e+05
1.663060563689050032e+05
2.232353804526505119e+05
3.390418661830053315e+05
3.972143637008031947e+05
3.633678341724590427e+04
1.318478100077561394e+05
4.084361636364542210e+04
8.114154910194177646e+05
7.225108030709588202e+05
5.488107256434232695e+05
4.173262691430553095e+05
1.388047794494719419e+05
2.928638270473368932e+06
1.281289480764807435e+06
3.813359582967836875e+06
3.135244800246552099e+06
1.569079713802596321e+06
2.563828900707437133e+05
2.096222313201183570e+05
8.629474626466804184e+05
1.399399438486735453e+05
2.495682373790725600e+06
7.422347064618768636e+05
5.910483763216383522e+05
1.330443018642303068e+06
7.208633788568273187e+06
2.015446470627458257e+04
3.703114643470573938e+05
2.556859165036203558e+04
3.172513306239525555e+05
7.649338764598687703e+04
9.165410830261789670e+04
3.782138133981678984e+05
7.527957067294269800e+05
2.318264849879795685e+06
1.113510585111931199e+06
1.028805209296447225e+06
9.208264889154706616e+05
6.418538768748052418e+06
1.925848660531961825e+06
7.844148292964867142e+04
3.634394318508714205e+05
7.025950777619417058e+05
3.923881443686923594e+05
4.051878442161784624e+05
9.877728990407411766e+04
1.197168057640824700e+06
1.639959718912701355e+05
3.625864851075249608e+05
4.016886567340755137e+05
3.808686608283268288e+04
1.283051867552464973e+05
4.478020904027427314e+05
2.473818190167295688e+05
3.412700340156115999e+04
5.987477154729346512e+05
5.216731336332527571e+05
1.187023225430180086e+06
4.372470196117741289e+05
1.203967814430354629e+06
7.740492264697354985e+05
1.072136161432516994e+06
2.704994303353630821e+05
1.176256790878493106e+06
2.959508216645720531e+05
8.162311773072738433e+05
2.142615952068130486e+06
4.259408813667659997e+05
5.882888807967198081e+05
2.553578781170423608e+05
7.636076177602814278e+05
2.103924851281553565e+05
1.430038525867598655e+05
2.916722562802835455e+04
9.916473767548329488e+04
3.220805976517862873e+05
3.884006354871022631e+05
1.731874331628890941e+05
4.318327493539977586e+05
2.108942387504506769e+04
3.033938046473974246e+05
1.389834932567103824e+05
2.506044180129138404e+05
1.272269454925230006e+06
7.606141101043720846e+04
2.527913908065239084e+05
5.331207492829662515e+05
4.670202224958767765e+05
1.927830937501956068e+05
6.833068532189714024e+05
8.785167609434444457e+05
2.973767438171974849e+06
3.834260500461474294e+05
1.507717753122592985e+05
9.548143065725639462e+05
1.845440781099242740e+05
9.354684625131383655e+04
1.599158988015819341e+06
1.115739059286113334e+05
2.034405865651681554e+06
3.267438868518368690e+05
2.839018297441637842e+05
5.351164988271259936e+05
1.195794396053427598e+06
1.663857674079606077e+05
1.729377124057031237e+06
2.135618992866005865e+05
5.365882849329711171e+05
2.168737997994425241e+06
5.814821479664946673e+05
9.903691480304602010e+04
3.825479112493855646e+05
4.677409892548840144e+05
8.438980338939781068e+05
9.508118296668507392e+05
9.236323585526262468e+04
6.820458066215278814e+05
1.120182120404615998e+06
1.539920863870413741e+06
3.994228694074284431e+04
3.884322088471671450e+05
5.912432064122766024e+05
2.231916096445946314e+05
7.731802533329644939e+04
3.881402507852175622e+05
2.293866685646674887e+05
8.255311984960327391e+04
8.807637789318430005e+05
1.827547010234748479e+06
1.220034996527299663e+05
9.165243062713157851e+05
2.409576726794065442e+06
8.589468284565003123e+05
4.382936748765356024e+05
6.806784551209850179e+04
4.518917999006625032e+05
1.557123234915267676e+06
7.157302602680672426e+05
1.076695313547209953e+05
5.856741530949264998e+05
1.865064600026287953e+05
3.483770920159093221e+05
6.707963513519596308e+05
1.028109188544299832e+05
1.150997082398791536e+05
4.051958876359136775e+05
4.661201616955269128e+05
6.134037266811637528e+04
7.667315807243902236e+04
4.974479981673108996e+05
1.055955824917014223e+06
1.810767283652767655e+05
2.110018310357611917e+05
4.162926595569855999e+05
6.448051999222555896e+05
1.538188449670714908e+05
2.344431794583703740e+05
5.461171181032684399e+05
8.877548611608886858e+05
3.771656347587353084e+05
1.321958271276725573e+05
1.141297013699581876e+05
7.408901051246225506e+03
7.909367823745796923e+05
3.015330581986854668e+05
2.825554788533757441e+06
6.726367135980934836e+04
3.804166686558021320e+04
8.115277923762823921e+05
3.581969461277363589e+05
6.927456218365163077e+05
2.023761112514281413e+06
2.104859231684623810e+05
4.198079274403264280e+05
1.256508757546638371e+06
3.684380604846268543e+05
3.231051038684398518e+05
7.548985855018470902e+05
3.994055425956929685e+05
1.168904585537801031e+06
1.869238512440240709e+06
4.387509859162659995e+04
8.032075390112805180e+05
3.556970070886012982e+05
2.243444656022653508e+05
5.079638870142325759e+05
3.947275214948810753e+04
6.683026677261042641e+05
9.569109287869100808e+04
1.719730813386533409e+05
2.865932984083450865e+05
1.971063213574077236e+05
4.781879812863686820e+05
2.536809494772285107e+05
9.014620612838867819e+05
5.266186096361869713e+05
3.642806565235066228e+04
1.496736010408142756e+05
3.476856407366113854e+04
2.901394664950417791e+03
1.557463536945696396e+05
3.527850129028289113e+06
2.589575974474245217e+06
5.075098189989407547e+05
1.106674411407245789e+06
8.982897704515762161e+05
3.199368900863196905e+04
5.452074204073166475e+05
3.096375902706519701e+05
4.536293685798316728e+05
8.728352905118656345e+05
3.483255017377842159e+04
5.963282236257161276e+04
6.150796965734504629e+05
2.938226423382362700e+05
9.635438031671118224e+05
1.354525671326210431e+05
1.206717017824170878e+06
3.604777728287355858e+05
9.192536881098814774e+05
5.340375249689333141e+05
1.501128559535978711e+05
8.524291844678535126e+05
1.922275593026736169e+05
1.953445845041575958e+05
1.258190623921144579e+05
7.409891190873280721e+03
2.307817236338883522e+05
5.101715998605640489e+05
2.309321206931010602e+04
2.916900810122799594e+05
3.534332573818521341e+05
1.474072789816669887e+06
3.662585824942709296e+05
1.417258255550711765e+05
6.554725051178615831e+04
1.020601972361898952e+05
1.652430304577387869e+06
2.362668717310627108e+05
1.249830655506966636e+06
3.972903577583386214e+05
4.598120336489038309e+05
4.830503703540738788e+05
4.132647216024422087e+05
2.786698391356627690e+05
8.068545459972424433e+05
4.549057078380257735e+04
1.687264641275744652e+05
1.445851498149269493e+06
2.377703799406269973e+05
4.106666472624007729e+05
9.608514200218464248e+04
6.259475201337899489e+04
1.544530457061702618e+05
5.473094495113706216e+05
4.523269897652799409e+04
