6.275692251651354600e+05
5.728268286828343989e+05
2.501221093837338500e+06
5.801849006210012158e+04
1.557719330849125399e+05
8.076171990672497777e+05
2.716159879342832137e+05
3.003482148401092854e+05
4.976203863619881304e+04
9.984636299246197450e+04
5.268895265361176571e+05
3.026224684993668343e+05
3.142620823400812689e+06
6.321681504435450188e+04
7.342594484749790281e+05
8.247137198810068658e+05
2.763828260986779933e+05
1.586232671402871842e+06
3.327984559800702846e+05
1.354521244433992775e+06
1.203065296387494018e+05
3.924195332883832161e+05
3.033369083729531267e+05
3.481987500018961146e+05
7.162947692496766103e+05
2.442859800535650866e+05
1.360311653805966722e+06
1.816448208926098014e+05
9.733410827464703470e+04
1.437422321281278564e+05
5.939536860027205694e+04
5.115647352201749163e+04
8.924668684283252805e+05
4.798244804086568183e+05
1.482329686815386231e+05
6.509927658306247322e+05
2.852323659335227567e+05
6.459501799001790350e+05
5.887928098438605666e+05
1.476579937041467521e+06
2.058804242362642253e+05
7.236562617748049088e+05
6.191727528731116035e+04
6.481769835891739058e+04
1.962831009941055381e+05
4.321191197983387392e+05
2.308762116668258968e+05
2.673944185313614435e+05
9.337164783324496821e+05
5.772937226477109361e+05
1.404783042470706569e+05
2.539655043335371374e+03
4.164846350013797637e+05
1.306814777210420725e+05
2.896027276463601811e+04
3.538168028588094166e+05
3.955911294825808000e+04
4.133566161107660446e+04
1.086441583066534251e+06
1.501203688036643143e+05
3.136292172550555188e+04
2.454561215981781424e+05
3.876436532166148536e+05
9.032278510939575499e+05
7.340912596560232341e+05
3.231034746278371313e+05
1.764999321202190768e+05
3.761792847722629667e+05
9.651224006793331355e+05
7.463875234763625776e+05
9.121609121659515658e+05
4.939976353330129496e+04
6.920174930946630775e+04
3.153808071920395596e+05
1.601815516095704224e+05
2.669617316298230435e+05
2.567568695893851982e+05
1.474877247935484396e+06
2.647272578439384233e+05
2.101289362637251616e+06
4.734306040925362031e+05
5.691781643578826915e+05
6.944436747286816826e+05
8.058497244405410020e+05
1.374885342734779115e+05
2.692550994063845836e+06
2.324645492571000941e+06
1.301372454140113201e+06
1.958649599085605587e+05
1.789168089496940229e+04
7.658360361759872176e+05
1.013224856403250596e+05
1.447505729233321326e+05
1.864568526032913360e+05
8.300446944237567368e+04
2.215936386513678357e+06
5.596223659371299436e+05
1.346678798749870330e+05
9.690638848824206798e+04
7.128291240091501968e+05
1.169549480468725087e+06
1.468273680462944612e+05
3.635841118040955043e+05
1.951889126213116688e+05
4.433258729646453139e+04
7.951312096245941939e+05
3.077727241198234842e+05
4.516191728876240668e+05
4.116652324844147661e+05
3.254670144777654205e+05
2.206681505501490610e+05
1.813356861593729816e+06
9.501034543330123415e+05
2.085715589609951712e+05
2.622619449038639432e+05
9.344501261507620802e+05
9.732435585052451352e+05
8.127462178490422957e+04
3.333702079913099878e+05
2.794808054441036074e+05
1.403425429579516349e+05
5.623757388211305952e+05
6.025325416504951136e+04
2.928203099340128829e+05
9.028501669913928708e+03
2.796808802245606785e+05
1.549050518426461203e+05
5.547724998283729656e+04
8.240592172805720475e+04
5.005345576728500309e+05
6.266435817543524172e+04
1.564858480345177522e+05
9.563024400360266445e+05
1.661483528146546800e+06
2.345536845835476415e+05
2.218042914590298198e+06
6.137626387871631596e+04
5.282159715832744259e+05
9.018671830616372172e+05
2.244558658456542471e+05
1.102790034948844259e+05
4.728492986471276963e+05
2.534304779833937529e+06
7.459365866084168665e+05
4.276426765504443902e+05
3.430494995745460037e+05
1.791930020816857577e+05
2.643934109828631394e+06
2.431004101936202962e+06
2.158359492338414129e+05
3.963126771547274548e+05
5.803287556958456844e+04
9.166573822652020026e+05
9.220806979817781830e+05
3.447807106997107621e+05
2.256926481747489015e+05
2.632956676844456233e+06
8.958638588125756360e+04
1.371873389461488929e+06
1.414037578341714689e+05
1.898232910314894107e+05
1.206484599053634156e+05
2.712009094568733126e+06
9.055923266738551902e+05
1.499292484289546155e+04
3.360008965264282306e+05
2.627615265737338341e+05
9.990734028111856896e+05
1.476682381747479318e+06
2.870491120539720287e+05
3.682944535825360799e+04
7.712862467231842857e+03
2.553232037039819639e+06
2.172554957075165003e+05
1.752438520529513480e+06
1.726456479173400730e+05
1.350364840953317180e+05
2.244869884474682040e+05
2.580848942648888915e+05
4.282851441549970186e+05
2.334689389217006392e+05
8.709835063483397244e+05
4.599354613627838553e+05
4.995160743059511296e+05
2.494471080296228640e+06
3.753698462936464348e+05
5.032334945932555129e+05
1.938905867619573837e+06
1.514824463556988921e+05
2.509958564794756938e+06
1.043247110814701184e+06
2.248035689524510817e+05
6.503475633214937989e+05
8.239640010273497319e+04
4.543122649683685740e+05
1.484339470171132416e+05
1.224997592729029202e+04
2.964553275448828936e+04
1.873460235828347213e+05
9.955098989011800149e+05
7.178735789570615452e+04
1.064503447724583792e+06
5.467181488919177791e+05
1.358999818306769885e+05
3.774324822358248639e+05
2.188609661284288450e+05
1.579962947751059663e+06
2.125350184160993376e+05
2.827837355703054927e+05
7.168677619956191629e+05
2.157580100051990303e+05
7.478272755303968443e+05
1.349901936778008007e+06
5.220693145780934952e+06
4.255841867037990596e+05
6.628303911132144276e+04
3.219130860947615467e+06
9.856762284701108001e+05
2.555115074901737680e+05
2.225269077949717175e+05
1.393699720078501559e+05
2.422642126252313610e+06
3.235701376247780863e+05
1.215547940091680066e+05
4.234924476464797044e+05
2.419509067375759769e+05
3.979610373225097428e+05
1.826505182278061984e+05
8.257284871732238680e+05
1.704819846193375997e+05
4.438360380782724242e+05
1.923407556619894167e+05
9.040091290683625266e+04
4.846615951307581272e+05
7.440810518436051207e+05
1.050444139410445699e+06
1.290317044855226122e+05
4.779730236211506999e+05
1.858612266847057035e+05
6.169996056153329555e+05
2.906114371921235579e+05
5.931341351163565414e+05
8.767781482684558432e+04
8.439472321964010189e+04
1.733383443057600525e+05
7.587363140897389967e+05
5.026264833316607401e+05
5.573711505925259553e+04
2.928055035262358797e+04
4.854856587474484113e+05
9.958595582064309565e+04
6.825674096710255835e+05
2.019734539991001366e+05
5.310720393800247693e+05
2.811497153089393032e+04
2.798311643023638171e+05
2.336759952588070009e+05
6.976707145350386854e+05
1.104408631169630680e+06
4.503606396058039536e+04
2.158812051523188420e+05
1.381349750245965151e+04
7.333930935587086715e+05
3.220731260962939705e+05
3.491945541009380249e+05
1.333065353034883265e+04
2.642264365498785046e+05
5.085598249383397051e+05
3.917908671294870437e+05
2.881564656084485468e+05
1.852944449637621001e+05
4.217088161896413076e+05
4.337803455549214850e+05
2.491622649441885878e+05
2.072599545973143831e+05
2.170781180093072180e+05
4.748624696517630364e+05
1.675500898957139289e+05
2.964716627586751929e+04
1.429569667532778811e+06
2.279599320194273605e+04
5.689446116424411302e+05
4.911175240863130894e+05
2.159124368803072430e+05
4.120803740089688217e+05
8.314391270463254768e+05
2.004860520575539907e+06
1.588426501075905071e+04
2.907901392844103611e+04
6.086524415940851759e+04
1.406802749456636608e+06
2.034507886759835761e+06
7.742942789799482562e+05
1.966817796208837899e+04
2.064289542542581330e+05
4.000883976639244938e+05
1.043862486904742254e+05
2.538206523063841159e+05
9.539547973039110657e+05
2.262293633268863894e+06
5.059823074929067516e+05
6.058759924655357463e+04
2.036556372925095784e+05
2.270001125446407590e+06
4.445627723909714259e+05
6.990204449962648796e+05
5.062386378063377342e+05
6.764203951402228558e+05
1.717084038974838797e+06
4.226115971302404068e+05
1.309818273780351010e+05
1.200971869960233103e+06
4.532672388196224929e+05
1.301575810800095787e+05
1.459839759251966898e+05
1.159792493874940788e+06
1.606780100719137699e+05
9.646862702638762130e+04
6.887090998123672325e+05
2.548107717667657998e+05
3.193494583234733727e+04
1.441435772550916299e+05
1.306254411822653376e+06
4.971278080462931539e+05
1.596543104150053579e+06
4.393995772802541615e+05
3.171034564419416347e+04
6.638011527422674699e+05
2.052573481726864353e+06
2.742830054397551809e+06
2.293319159988480096e+05
2.574872916645105579e+05
3.876139191417745897e+05
2.228956663153854606e+05
3.989394969033512461e+04
8.767841108200933377e+04
1.245080575290093839e+05
1.186358122942624323e+05
1.735583734876142116e+05
9.693522732028833707e+04
2.146989754791570012e+05
1.999898741449946247e+05
3.286082722704157350e+05
2.147942257235303405e+05
2.008915937651987770e+04
3.280886771444225451e+05
2.984846877418096410e+05
2.979007482748240363e+04
2.287371217746415350e+05
2.363140071052464191e+04
1.135400949682018691e+05
5.479501760042726528e+05
2.530741801462689764e+05
4.000684938787792926e+05
6.160005170477082720e+04
1.270405150850985432e+06
2.446681839097717311e+05
1.397266922502897214e+05
4.101549775582962320e+05
5.476907975816824473e+05
2.598638623325651861e+05
1.198848394219096284e+06
1.145888955069757532e+06
3.316744584345170879e+05
3.390314490951480548e+04
2.525847592361068018e+04
1.977211717040654505e+06
3.198695156053196988e+05
1.365023551950537367e+06
5.704574223892817972e+05
6.285535742792506790e+04
7.956798745172077324e+05
5.596802092913704691e+05
2.825678820827460848e+06
1.183629399796076614e+05
3.510041739271156985e+04
9.562165937360670068e+04
1.905559822975269926e+05
2.558478780628876120e+05
7.668084945318094688e+05
1.513375023716527503e+05
4.452208638575275472e+03
1.195673172564807319e+05
7.745218443695743335e+05
1.317461262408175739e+06
4.091007268491747673e+05
3.630896467101551127e+06
3.610560454671743792e+05
3.254597815461239661e+05
2.082301221758592583e+05
9.577592485629100120e+05
6.322394937999162357e+05
9.617316510611867998e+05
4.306612815034975647e+05
2.058674503988410346e+06
6.164602101201125188e+05
1.136823376363622956e+05
3.120653138516834588e+05
4.150950390677663498e+06
6.376170357660768059e+04
1.621133500938820420e+06
1.000996320716838236e+06
2.867395499687488773e+05
7.429814815419590741e+04
9.447975029222345911e+05
1.759419629170570523e+06
7.041180468521305593e+05
9.094027919745516265e+05
5.077635808631713735e+04
1.066849971824546665e+05
2.496001876687160693e+06
1.197592872663863818e+04
1.589604551482783281e+05
2.640360921288288664e+05
2.899763883383854409e+05
3.248323505801366991e+05
4.871794161806073971e+05
4.266851109049203806e+05
8.447107177178091370e+05
8.661567200064510107e+05
7.637934035678470973e+05
5.523226446968438104e+05
2.831667775672141463e+06
5.396701253785153385e+05
2.867920544003659161e+05
2.607710274454589817e+05
6.608797186489917804e+05
5.577880715975541389e+05
3.509056538123002974e+05
2.143208605685730072e+04
1.037449095095690689e+06
2.112371842968709243e+05
8.276150264821582241e+05
4.312884772886845167e+05
2.602910594836117525e+05
9.206136054780952691e+04
2.310757443175055378e+05
1.857553152111165982e+05
3.157043984619098715e+06
3.359396226100553176e+05
1.980513841253491701e+05
5.170459218128033099e+05
3.171177633671735530e+05
6.945184463584646583e+05
1.626495375447628787e+06
1.946161308403830742e+06
2.994190882022992591e+05
1.524766431190166157e+06
5.044963150466045481e+05
1.105320558167943964e+06
7.334554776651755674e+05
4.228504802072400926e+05
8.883698263059492456e+05
3.503258770447542192e+05
1.976250138627171691e+05
3.898375628526874061e+04
2.933755911604929133e+05
5.625275310816110868e+04
8.387877231797936838e+05
6.455306008047903888e+05
7.240962832182331476e+05
5.606103460419224575e+05
2.525517631064790185e+05
2.552756759836888232e+05
1.695544430261833186e+05
4.354949341421714984e+06
3.718075026021453232e+04
1.441618070436093549e+05
1.200677027294447180e+06
5.237802241221335134e+05
7.542269859594157424e+02
1.317734414258324541e+06
1.019604202152912389e+06
1.121651355098618194e+06
3.213726192006203928e+05
8.124581220611506142e+05
1.183632630142138223e+05
2.337574914642943768e+05
1.498846724313751329e+05
9.018484317011118401e+04
9.330995856418607291e+05
1.088672460170795675e+06
7.714267791580260964e+05
4.638595708560646744e+05
1.115061855551469605e+06
1.050916445391694870e+05
1.177402564238118357e+05
3.036181783637251356e+05
4.242849947000352549e+05
1.264960353906254517e+06
1.298900321978300577e+06
2.530851414821393555e+05
4.878456188155974960e+05
7.661497337767361896e+05
4.053493582533434528e+04
3.830147194824372418e+06
3.559041748140486889e+05
8.449259666499053128e+04
9.436961235475316062e+04
1.302906005095562199e+06
3.967759116635546670e+05
8.378828141573565081e+05
6.529586470746567938e+05
6.634039986101373797e+05
2.018435596066656217e+04
5.711262981809211196e+05
6.576883819456762867e+05
5.052013828149823821e+05
7.198970542491802189e+04
3.950910954009769484e+05
3.569001631057706982e+04
2.884547319963066257e+05
1.575718169353331359e+04
3.230332779152598232e+05
8.672077910689961864e+05
2.848945780796568142e+05
7.190244883587992517e+05
6.464592914767964976e+05
2.912658844640416792e+05
2.812382643215129501e+05
2.806600159826765885e+05
1.618641706488839991e+05
8.580469497642436181e+03
7.087496808360083960e+05
3.282039175797204371e+05
3.739886267653140385e+04
1.318880507424358744e+06
8.996943084491133050e+04
2.498292888747802936e+05
8.034879778676556889e+05
1.636539271387516055e+05
2.890060439812151017e+05
3.399437910074083629e+04
1.393498669099729159e+05
8.418159400539083872e+05
8.515518174328537425e+05
2.379534984633479326e+05
1.467232280031148111e+05
1.680157254911555792e+05
3.023913958513119258e+06
1.538025807124777348e+05
2.774264797502334695e+05
7.352875289214429213e+05
4.534468911649908405e+05
2.691573483264599345e+05
2.604389687617892923e+05
1.878651663299237262e+05
3.672321390345635591e+05
4.351680465584535268e+05
4.150607037176777958e+05
2.543187834592576255e+05
6.551738674704703735e+05
2.603688857354246720e+05
4.364443663722541532e+05
1.503898690575984074e+04
9.272695412491064053e+05
3.566182370972418576e+05
5.440721486755929800e+04
4.579784340615881956e+05
2.550190324305985996e+05
8.829063107778117410e+04
3.482318634450689424e+05
3.203763839822487207e+05
7.553559419067677809e+05
2.249232612345377274e+05
3.653704949714748655e+05
8.921259205652644159e+05
7.386161042955488665e+05
4.224334112752365763e+04
1.717905423576189205e+05
3.570498716562528862e+05
4.879022634085571917e+04
2.297818472458463220e+05
1.180929225750231999e+05
3.699089324100170052e+05
5.267353453905072092e+04
3.410532220629900228e+06
4.432021908080080175e+05
8.119948536707324674e+05
6.946077116917477952e+02
1.037197092080149159e+05
1.346854572138347430e+06
4.618955541035636561e+05
1.132756449078949227e+05
3.108919660676372587e+05
3.697792390097464668e+05
3.064003936297756154e+05
6.641316345319759566e+05
3.537722287615927635e+05
2.004592318534725811e+06
3.856229949188407627e+05
7.205276316895680502e+05
2.504814809672070260e+05
1.250098860943491803e+06
7.429794557937079808e+05
5.950357233203576179e+05
2.312699202913449612e+06
8.376348967966458295e+05
2.433095881698272133e+05
1.898004531391086988e+06
4.690981116512923618e+05
7.332909720214157132e+05
2.467710576904605550e+05
6.194612309308586409e+05
3.635361896619286272e+05
1.290674837000784173e+05
4.620693457669868367e+05
1.169891653083056008e+04
3.066410725054250215e+05
4.863608236354019027e+05
3.179248094444450689e+05
4.592144782549994416e+05
5.939951600390804233e+05
5.510782687560557388e+05
1.433791790069834678e+05
1.435857312341262354e+06
5.039921663565455674e+04
2.332566424683365331e+05
2.766646845451667905e+05
6.313519861415580381e+05
5.944789044120411854e+05
5.040555287046480953e+04
1.950682473143326351e+06
1.763517405039240548e+05
3.719295152942620916e+04
1.331471751680040034e+06
2.870347245289442362e+05
1.851840540111528244e+06
7.687553704525775975e+05
2.696830718504272518e+05
1.366096785778052872e+05
4.987058745560448733e+05
3.344258532816133229e+05
2.476094976716933306e+05
7.388187445814423263e+05
7.645315070361498510e+05
3.470460200990048179e+04
1.216241750374362746e+05
1.783737624075993430e+06
2.086976973375518864e+05
1.423790629879327898e+05
3.457654301801086986e+05
1.680881321641374670e+05
5.370808576821836177e+05
3.107390098878758727e+05
4.235231890849177144e+05
1.200235940654446138e+06
1.502321425043811032e+05
1.857836579519937222e+05
9.972221048516435549e+05
2.300475183462308778e+05
1.152239165133404313e+06
4.361991350378296920e+05
2.076923731427676103e+03
9.885228487683486892e+05
2.692144138626037748e+05
2.491805921209064778e+06
3.415131873135413625e+05
6.849975115539191756e+04
1.574541695822266920e+05
4.161937557817850029e+05
5.475201368404551613e+04
1.832888188258856462e+04
3.096441871868165676e+06
1.694746566574310418e+05
1.738900918343371304e+05
5.307061315207037114e+04
9.120104727431629726e+04
8.485537389948370401e+05
2.881561711581280106e+05
3.803648536151180160e+05
7.126495951391205890e+05
1.331225599075721111e+06
6.846205314118632814e+05
5.493077108000580920e+05
1.312602733791532519e+05
3.485488985617612489e+05
1.462330550447712420e+06
1.720759230222412734e+05
4.724141857707254239e+05
1.047815629715087271e+05
2.301225955092003278e+05
5.997488249330923427e+05
3.022960852798765991e+05
3.957651599251414882e+05
4.141891876430709963e+05
6.284438601842925418e+05
2.373139867178905290e+06
1.087099928196066758e+06
1.269883595114874042e+05
6.719812447821362875e+05
8.892687053797539556e+04
9.391711629022032139e+04
1.412145753706401214e+06
1.919150207636606356e+05
2.016692188395792618e+06
6.929975556371529819e+05
1.399954096004014136e+06
1.446274493592460174e+06
9.500071370020219183e+04
1.805259033264226979e+06
2.463850450805668079e+05
1.055673567537179217e+06
7.520806069642691000e+04
2.464900188782319892e+05
3.049721346303814207e+05
1.811754893565179082e+05
1.381512136847631540e+06
3.431964822645525564e+05
3.374667469064434408e+05
3.285809647203007480e+05
1.009939983682135493e+07
8.755170940088916104e+05
3.807835020890748710e+05
2.884431555771752028e+05
1.817083476256480208e+05
7.879253143316502974e+04
4.029478578806339647e+05
2.717231611126001808e+05
3.903037724934378639e+05
1.714142489935803460e+06
4.999667891569901258e+05
3.768530807336830912e+04
4.929189940920938971e+05
2.396959784052193281e+05
5.372457506936765276e+05
7.374445299928144086e+05
3.781627858888874180e+05
1.122618351403254783e+06
3.670445950765062298e+04
3.214043766291127540e+05
4.997852706762074959e+05
1.163222493625721399e+05
2.299697647974026913e+05
9.080017053467065562e+05
1.315966132738346932e+05
7.206297010445579654e+05
1.446256005522510677e+05
3.491341397852426744e+05
4.348894019455396920e+05
7.385650504993137438e+05
3.583020774726600503e+05
6.715943120287074707e+05
2.474386721917547286e+06
1.754333764406727860e+05
7.583233657156905974e+04
3.747801861801746418e+05
2.665962860275342828e+05
1.980639925011028536e+05
3.691965627640931052e+04
4.690073783457548707e+05
1.214918233180846291e+05
7.252247452500250656e+05
3.260802029509888962e+05
8.093777844604013953e+05
7.151357804822762264e+05
3.854624297389090061e+05
2.647246511518589687e+05
2.543530005433421466e+05
5.631008822104998399e+05
2.019568269590518903e+05
4.147889521300138440e+05
5.716415470418687619e+04
2.241115156609179394e+03
3.325714596027747029e+05
4.264210778509787051e+05
5.243692920279946411e+05
2.994580828070649877e+05
7.332960416289579589e+05
1.740537934348605049e+05
2.837960582338603563e+05
2.553475017833435268e+05
3.122556356430249871e+05
5.438475006543914787e+05
2.297721947252601967e+05
7.287747904355031205e+05
1.028549832657234161e+06
2.466383112229465332e+05
3.143663291490852716e+05
1.636676893180932384e+05
7.276815540596697247e+04
8.229368330252065789e+04
1.448764646796167362e+05
5.023723182027338771e+05
3.004940944629014703e+05
1.307927619437062880e+06
8.275980421056589112e+05
1.897832412546326814e+05
9.740724375103515340e+05
4.259446165529597056e+04
1.419001087502323207e+05
5.838230223250581184e+05
1.620636847782693338e+06
2.463633106303967361e+05
6.180841782028023154e+05
3.619666048478060111e+04
1.557119947777318303e+05
1.676972826308910153e+05
1.031511683228898037e+05
2.755778266208901186e+05
1.813659170823255554e+06
8.994876991924649337e+05
1.744909957101700827e+06
3.316919788302589586e+04
6.513953158671869896e+05
9.107524654405482579e+05
2.534845828932696168e+04
5.993078810529987095e+05
6.918090921731485287e+04
4.452075991935984348e+05
8.350231164945504861e+05
6.607437649962499272e+05
5.732688477954528062e+05
2.164708825652019586e+05
2.040700303903039312e+06
2.137851302712761753e+04
7.359583858721784782e+05
5.308551590296562063e+05
6.865447445171022555e+05
4.549175780335173476e+05
4.741959788160099997e+05
1.510161633606145158e+06
6.880387323344561737e+05
1.402736926126376726e+06
1.037806038952737872e+05
2.625318304606914753e+05
7.720635859560703393e+05
1.646084280481173773e+05
1.281353956783468602e+06
9.615895922837530961e+05
4.763815134197397856e+05
2.946301482819594094e+05
3.138217868253836641e+05
1.174387320256053354e+05
1.395031969682758790e+05
8.672480449716446921e+06
1.286575858594331512e+05
1.673863599051729543e+05
1.097921565892235812e+05
2.954417541498434730e+05
1.449516006781299657e+05
2.440514174715025583e+05
2.214005869194024708e+05
7.916741407299677376e+05
3.043684661230644269e+04
7.000528568444414996e+05
4.520228627637358150e+05
1.138774953507607424e+05
1.565543103153174743e+05
1.356269808401264017e+05
1.539725547961520962e+06
5.317429178468999453e+05
5.368226134088664548e+05
7.022594403916846204e+04
2.538572165758655756e+05
7.054411918050172972e+05
1.169594221998789435e+05
3.746090573511361144e+05
3.031751125023674103e+05
1.488741731781853305e+05
4.938893654628439108e+05
4.769900265406197286e+05
2.119627933447453834e+05
7.036926586437049264e+04
4.485058411991882138e+06
5.708662111851627706e+05
1.319467294333003927e+06
1.893855981785526092e+05
2.297475762208460830e+06
1.911003519032851036e+05
4.083514579727807431e+05
2.396887303098606353e+05
3.227774206002162537e+05
8.201652420385996811e+04
2.463057631831018080e+05
5.646752817528921878e+05
7.392676281323727744e+04
2.922077819394667677e+04
5.707962484247495886e+05
3.886555336612599203e+05
3.647963304021309596e+05
3.018948882663021795e+06
2.372462563318683824e+05
1.055381297696418333e+05
2.298896359696272295e+06
3.267796952867389191e+05
2.819597600778619017e+04
7.150637052457204554e+05
1.094056913194334047e+05
7.237691372787966975e+04
1.982317075762387831e+05
7.444472099351474026e+04
1.512556758589978795e+06
7.633047564362103585e+05
4.246252583238171064e+05
2.191068169243242592e+05
7.295304517928102054e+06
3.746474632049909560e+05
4.328818926168038161e+05
1.508852278969184845e+05
1.137297308661038755e+06
1.121737175759567413e+06
3.032088396177077666e+06
4.531463423180758255e+05
3.732405863498332328e+05
3.363736085687224986e+05
5.548857142102432408e+04
2.001081779699772829e+06
2.769929075276574586e+05
1.172332422554038749e+04
4.777902124625490396e+05
2.013525566518794585e+04
7.200426828337331302e+06
1.384954745679738931e+06
6.883916509403595701e+05
5.220362767012902768e+05
1.665676184705392225e+06
2.184623294571177103e+06
1.455132366411693511e+05
5.442756693660811288e+05
1.068583533145747380e+06
2.173595138680010277e+05
2.554285287540795689e+05
1.328942423619672481e+05
1.255808558201413871e+04
2.008715008324132941e+05
2.381947624299885356e+05
2.182577006127394852e+05
1.397017742055358598e+06
2.325584784885182744e+05
4.465758039506361820e+05
2.528170620721708110e+05
7.366667438711649447e+04
8.227592997841880424e+04
2.004598443392605113e+05
1.143396157584806933e+05
2.198539360105985179e+04
8.833228597973599972e+04
3.424640634656836046e+05
8.913597115803065244e+05
3.038110137930632918e+05
9.110431753315372043e+04
4.184085982245825580e+05
4.308134186565544223e+05
2.292988641073919833e+06
1.573191887378958054e+06
1.016289741694857075e+05
2.680558408170741677e+04
3.033594445983666810e+05
1.567338162772208219e+06
2.457806053793531610e+05
7.864865783650944941e+05
3.924351874742099899e+05
6.043318231726104859e+05
3.766058250881648622e+06
5.895049688373737736e+05
1.165152069210908812e+05
1.339286365785954054e+06
8.422481779369551805e+04
6.141796784279660642e+04
4.913553131694286712e+05
1.331229542604557646e+05
1.501125247463179112e+05
2.828536195688204607e+05
1.713941451823799289e+05
2.232333857158769970e+05
1.891341648980867176e+05
8.669159139267335413e+05
3.673822308116278145e+05
1.893936658674370556e+05
1.669375010673129582e+05
2.748010538030442316e+06
2.909950011091617052e+05
2.647809735287438380e+05
6.767476161973691778e+05
2.803595216179320705e+05
6.566824773352287011e+05
8.956334106504828014e+02
2.713074576203522156e+05
2.093405557221010386e+05
1.174673251152468583e+05
2.127695389774187934e+05
5.141878142170731444e+05
1.214048772302501136e+06
9.283859868186571402e+05
9.803587638537846215e+04
5.567868369225882925e+05
2.585206736292860878e+05
5.129044633269063524e+03
4.153295391721676569e+05
3.485062768099784735e+05
1.168571946320804564e+05
7.663662133929107222e+04
8.541439759766504867e+05
4.896632628376016510e+05
1.362564064476785017e+06
2.861312509655304020e+05
2.755371486107289675e+05
1.154080564604689862e+05
3.680193840125266579e+05
2.236919534016146790e+05
2.828812905931173009e+05
3.650816914072645013e+05
1.893500280328626468e+04
1.031540958366666600e+05
7.119361530362468329e+04
5.616348500995576387e+02
4.335880062223359710e+04
6.518304287603328703e+04
2.805353605519399935e+04
3.075108343521890929e+05
2.435524911328082671e+05
5.595706337535908824e+04
2.337300289428655233e+05
3.821754891275753616e+05
6.133233832689909468e+04
5.472040652557893191e+05
5.315168461725657107e+05
9.587999924989888677e+05
9.747871043341457844e+05
3.777073606379557750e+05
4.994002948809026275e+05
4.187474570091384521e+04
3.485678384136825334e+05
9.127643921110490919e+04
2.257804822529485391e+05
2.733013460286949994e+05
4.335280017307852977e+05
4.567501632513470249e+05
5.416605571503249230e+05
7.392569961462146603e+05
2.498742712872700358e+05
4.314401276661677985e+05
2.474350046440355072e+05
1.415410148517398338e+05
2.324735895920581243e+05
1.040337664595430484e+06
1.467498762893238571e+06
1.736047386928751075e+05
1.327777710027952446e+06
2.390890793410084443e+05
2.907271619206965552e+05
1.598090630469858414e+06
2.882321191940524295e+04
8.577395062120950024e+04
1.176855892686924490e+05
4.755035381458101911e+05
2.020289153066623549e+05
2.502116888863412605e+05
3.686102230440293788e+05
6.225514027386952657e+05
1.267611251084100921e+06
1.152309378120036854e+05
4.330664291284115170e+05
1.835012862123405284e+04
6.757955720938773593e+05
3.084654524571041693e+05
8.186388346580275102e+05
1.104251770307905506e+06
1.024268515597562771e+06
1.290134779873879888e+05
2.133608096411807055e+05
1.317901785610633669e+05
8.363767960134189343e+05
1.439477519432243891e+06
7.494692317710949574e+05
2.948123949907904534e+04
1.264877936405732471e+05
1.071844875772662817e+04
5.151291958038875018e+05
8.802089362037448154e+04
1.428846848244616995e+05
3.432372077468975913e+05
2.917371094365119934e+05
9.356998898650105111e+05
3.252737108909902745e+05
5.527878735723803751e+06
4.671743078199853189e+05
4.478673811387974420e+05
1.136241899175836006e+06
5.011813775170811568e+05
1.223486723715634871e+05
6.570352092038355768e+05
2.928053138766969205e+05
2.616670801097537624e+05
3.105250960574747296e+05
1.510424699756976916e+05
2.253703032765671669e+05
2.619392372474598815e+05
3.679341360086572240e+04
6.844458811859452398e+05
1.160003794946240028e+06
3.686204163845979492e+05
2.114572738554078620e+06
6.484321742771545541e+04
1.132668095390317176e+05
4.215885952613161644e+05
1.603479618509226566e+04
6.217421279293292901e+05
1.309210069501060760e+06
3.319453351992433309e+05
8.968367031951546960e+04
7.372302320540022265e+03
2.845050819448183174e+05
2.493846575745308073e+05
2.713785152192412643e+05
4.160465319916343433e+05
6.468234199132693466e+05
4.232128353040821385e+05
8.416714782686714898e+04
1.629235796147854417e+05
1.651617938254540786e+05
4.620209225336376112e+05
5.275050541686959332e+05
8.671667330776285380e+05
2.381850168998615409e+05
2.573604589856181992e+05
8.794179892551737139e+05
1.118549723476625746e+06
4.916380474827551516e+05
3.730006090701720095e+05
2.756776565642306814e+05
7.119238643297036178e+05
1.875136289605719503e+06
1.281329362331375480e+06
1.382889493627902120e+05
2.137405587810375146e+05
2.304763039191565767e+05
3.212024601838255694e+04
9.451700299493779894e+05
8.636970261714649387e+05
2.280056696032576147e+05
2.935749081063089543e+05
5.328659828214466106e+05
3.846215130991185288e+04
2.807015546536921756e+05
9.318986368974853540e+05
5.736335564622543461e+04
2.163335523744471429e+05
1.207435413062417065e+05
5.531073467629492516e+05
9.876299317374618840e+04
2.063116893763417902e+05
4.662271523390397779e+05
1.170448356869738636e+05
3.198845474124162574e+05
8.970784903491461882e+05
1.555735537470299751e+05
1.668206776372147957e+06
2.251716730325074459e+05
9.986252870939759305e+05
2.252682655729104590e+04
2.132645379226759076e+06
1.430625985391929280e+06
3.839173128640385694e+05
5.072135970465953142e+04
1.773651938130714407e+05
2.307485536620145664e+06
1.632748881964612519e+05
2.860562475441535353e+05
2.580184559576602769e+05
3.347807559511744766e+05
8.383246258327638498e+05
8.277708102791057900e+05
1.785363963168611808e+05
2.672701085969934356e+05
1.435078492168204393e+05
4.442348896937273676e+05
7.207938550844418933e+04
1.572083223497516010e+05
1.094800039765685506e+05
1.168889410190718481e+06
5.197805761282130698e+04
8.805126437021669699e+04
4.348505170646402403e+05
9.120127536765894620e+05
2.787364705452330527e+05
1.090813168604580220e+06
2.478894604052341310e+04
9.305027801404069760e+04
5.702043356826131931e+05
9.057143051528845681e+05
1.358945502690766007e+06
5.717542046656837920e+05
4.370959664696832770e+05
6.874619168185857416e+04
9.956003480056116823e+05
1.214831635817446979e+06
4.800980018628930557e+05
6.338864879235707922e+05
5.455999704751443351e+05
2.672069498362441664e+05
7.706935775258789072e+05
8.268658816645403858e+05
1.509668148730794783e+05
5.049323608339985949e+05
7.271491421283379896e+04
9.899755956964443612e+04
2.955956133975233533e+05
6.714997209189492278e+05
1.694865495285659854e+05
4.415678439762094989e+06
5.719843513200805755e+05
6.075112375509560807e+05
1.207335328559255926e+06
1.403050680080598067e+04
1.319324545984038850e+05
3.816012686999608297e+06
2.678623396260806476e+05
2.356673140892178053e+05
2.926571080356977414e+06
9.607713319123666734e+05
5.780900320714763366e+05
6.873007875573667698e+05
2.503563340485011577e+05
2.235035881717643642e+05
2.560857074345970992e+06
2.423501753571903682e+05
4.744973559364887769e+05
1.048365515432992543e+05
2.664154908051755046e+04
2.502103768513826944e+05
6.227889464936996810e+05
1.594221483014881669e+05
8.704492874056936125e+04
3.662427654621460242e+05
2.188282380709129851e+06
4.436162361013497575e+05
7.911981672938431439e+04
8.140201173832507629e+04
7.835147936255239183e+05
1.093918971912638284e+06
1.670667404597572749e+06
1.287079763158747664e+05
1.178731656179706188e+05
6.007281225544478511e+05
1.140543133079284453e+05
7.315937328869190533e+05
3.270285620234457892e+05
5.703131713689796161e+05
6.284767250065018015e+04
4.611427292780218413e+05
2.436600582607044780e+05
1.427093774353387067e+06
2.172964985925187066e+05
3.918337042808952974e+05
7.183845276599258650e+05
4.893055612238940084e+05
1.493033416091884428e+05
1.904325372605324665e+05
1.187554993504756276e+05
2.994985027644599904e+05
1.020361031520961405e+05
1.000517129798300448e+05
5.681585569119247521e+04
4.450538039304876002e+05
2.605776211984781083e+06
3.212889860055316149e+03
4.527723440982423490e+05
9.451159621558489744e+04
1.964244303220991569e+05
1.879182153722461080e+05
7.806449614328780444e+04
4.001448435356615810e+05
1.658274955920788634e+05
7.105875886427840451e+05
3.896639365119857248e+05
8.084261895920283860e+04
2.897110900716158794e+05
1.307707471205099719e+06
2.176773439867665293e+05
7.156355654616516549e+05
1.136891385531197884e+05
3.205284000990579952e+05
1.386748987055742473e+05
1.270151924405178986e+06
1.591482383755697811e+05
9.270145912249196554e+05
1.212675990750873025e+05
7.840968143612470012e+05
1.005812562005368382e+05
7.597971943329168425e+04
3.701648137789230095e+05
5.031420965913839609e+03
1.468594501252777118e+05
4.157525484239631332e+05
2.211735685796002217e+05
9.587795413039450068e+05
4.396359286094462732e+03
1.387255555131940870e+06
4.167686627800861024e+05
3.884612914432353136e+04
5.685163246352073038e+05
1.251034491951230913e+06
1.669636500240753521e+05
7.245024316911648493e+05
3.519171940523452358e+05
5.898706046207901090e+05
6.722623924329092915e+03
9.327558106514682295e+05
4.543233502982399426e+06
2.358352297068881162e+05
2.554761009387497324e+05
4.239848638809510740e+05
1.200292377594922582e+05
7.204486017738698283e+05
5.409452557079165708e+05
8.443128678709578526e+04
1.199254904013368650e+05
4.320663696204183507e+05
1.051460715872572764e+05
3.333127519833712722e+05
7.879535013105393155e+05
8.586731324669669266e+04
1.183503244291741401e+06
2.728904782552772085e+05
4.761270035297136201e+04
3.066802628620542819e+05
4.820365346912207897e+05
5.900522624536744115e+04
3.088316924579821061e+05
7.808734251002498786e+04
1.550009205204100115e+06
9.591365107830854831e+05
3.070835287693628343e+05
5.299420889619852824e+04
1.672451460736366687e+06
1.836122909762192983e+06
4.006091052240459831e+05
9.371517209118634928e+05
6.340093921892760321e+06
3.299778140855524689e+05
6.313705820835509803e+05
1.891271572136851901e+05
1.041395580009335099e+05
1.189929554118017666e+06
4.305144481991898501e+05
3.595916734547690721e+05
2.613714496930180758e+05
3.058952768792062416e+05
1.193779347088287177e+05
2.039485328943743370e+05
3.833814419105286361e+05
8.672641707846568897e+05
3.740674264428840834e+05
3.197620947916411678e+05
1.725109418819357874e+06
6.554912222683024993e+03
7.933619554708240321e+05
1.742024174016623525e+06
4.790092884837153251e+05
1.040991744196907151e+06
1.002920440503926802e+05
6.922244551453638123e+05
4.591092219066518010e+05
1.798927034263071837e+05
6.985011405669529631e+04
8.506226525074589299e+05
8.876664403469556710e+05
8.091751315579661168e+05
1.255390667050373449e+05
3.449829972013172228e+05
1.802720347879541107e+06
1.308954897507223999e+06
2.134915734504635038e+05
6.500731808940183837e+05
3.464604750385260559e+05
1.499976642525785719e+05
1.528028011976456910e+05
2.168518520590412954e+05
5.665306312411423773e+06
1.455238991247359198e+06
1.835457759576834505e+06
8.097307318471041508e+05
9.069769417330579017e+04
7.132224137364759808e+05
6.602669161686350126e+05
5.135918042781043332e+05
1.959067215514118550e+06
1.697890131729367567e+04
3.509852896439659526e+05
1.132554767484942713e+05
6.711947903920456301e+05
1.629955425850086904e+05
8.221464991731937043e+05
6.152209854645846644e+05
8.042520169842495816e+05
1.762391512512508780e+05
3.555289173989147530e+05
4.186009070159220719e+05
1.119100770364619384e+05
4.041504532681131386e+05
1.645703848628496984e+06
1.694950366799505136e+05
1.372304906758189027e+05
1.287378630644798686e+05
2.863634926771464525e+05
5.337424935226537491e+04
2.388418133305715164e+05
1.254445851598958485e+06
2.690677981621821527e+05
1.185690761410618143e+05
1.136131672417488153e+05
2.738808915551977116e+05
3.223767629677576479e+05
7.078523393713415135e+05
8.683753953195796348e+05
8.728561640035513847e+04
2.215317234837314580e+06
3.213151071178861312e+05
7.076093401372567751e+05
3.999543309567449032e+05
2.947607979081904632e+05
2.099993452423202340e+06
2.430249812738641413e+04
9.932620641590207815e+05
4.020031982710976736e+05
8.768879031755547039e+05
8.996899698205215100e+04
3.081657545874812058e+05
2.526724693413864879e+05
2.221743185374963214e+05
6.109129956597845303e+05
3.010193255999308167e+04
2.885787751733862478e+03
5.463278049733841908e+04
3.078653729665708728e+06
1.084812276911402878e+05
4.667915593156412360e+05
9.474406737949796661e+04
1.457247381791647291e+06
5.481642065869901562e+05
6.307679893345875898e+05
1.190521472938442457e+05
2.303569971312194248e+05
6.634207231569188298e+04
1.292057071373394429e+05
1.109796765580482606e+05
4.940715662665174023e+04
9.031916772601792763e+04
6.659381198100891197e+04
3.648708312033147551e+06
5.687669600058580982e+05
9.295949579488303280e+05
1.380622168718558678e+05
2.151934620607607649e+05
2.263740126653822663e+05
7.404637178452732041e+04
1.256180059840843460e+05
3.235554973599961959e+05
1.908377239275810425e+05
1.050071994699536881e+05
3.199376160663727205e+05
4.314906018426046940e+05
7.634123279073412996e+05
1.324200564389282663e+05
1.479298928443101468e+05
6.056311322901739186e+04
2.095307203546766541e+05
1.365942943606560817e+06
8.871553381378576159e+04
1.083799662995919352e+06
8.473164892577056307e+05
1.520616872976846353e+05
1.395961729096388081e+04
1.779739216821224836e+05
6.552494666427237680e+05
9.667102316564899229e+04
1.604331406397727005e+04
1.306089289962790208e+05
1.216882824912549495e+03
6.453460095101734623e+04
6.023471380724678747e+05
2.074657916262581013e+06
4.799539868072456011e+04
3.354250811444405699e+05
5.827179172133959219e+04
1.762388878168306837e+05
4.277404729916764772e+05
1.386102856933095725e+06
3.656005905767440563e+05
1.052063472382603679e+06
1.447990767388891545e+05
9.258789892059108752e+03
3.341033028176272055e+05
1.418661621121788630e+05
2.838285631621456705e+05
4.592163212025036919e+05
1.540774629630540265e+06
4.780794922665097401e+05
1.923392978708919138e+06
7.326002493389181327e+05
3.651928922791247605e+05
1.191070413453897461e+06
2.589669828442392463e+05
9.989829689414734021e+05
5.310131719360873103e+05
2.028629570695236616e+05
1.859383847861803370e+05
3.272530622170309653e+05
5.513425746680077864e+05
1.175959873083228478e+06
9.023603168554609874e+04
4.166681682029635995e+05
2.606211414352075954e+05
2.648116724770537112e+05
1.921405187101243529e+06
2.547772948531961010e+05
4.709410909281923086e+05
3.878926414849315188e+04
1.762687139712851727e+06
3.413215170680235024e+05
4.100042554915895453e+05
2.844232704205082846e+05
5.328468721781683853e+05
1.551592254679900652e+05
1.999312028647635889e+05
3.339697329889295506e+05
1.751708658473372925e+05
2.989732804625942372e+05
3.143886329635815346e+05
1.946470964996310358e+05
3.957859065438355319e+05
2.745076599893757375e+05
1.393707053498995665e+05
1.174316970508948871e+05
1.525158802850728855e+06
3.255618163549981546e+05
3.152600680427970947e+05
7.836656979243617970e+05
1.948832060313218099e+05
3.223925641297051916e+05
1.328044158921897411e+06
3.629673803636643570e+05
5.434687519812533719e+04
4.886018608136735274e+05
2.188077988628426101e+05
3.118687381351711228e+05
2.346053282977562048e+05
6.073497713348427787e+05
1.446216285047009587e+05
3.067070210185603937e+05
1.008746763814063976e+06
1.572309553998863557e+05
9.127354122900252696e+04
7.635872378345342586e+05
2.495617970261202718e+05
6.324856230229933280e+05
1.169669712175570457e+05
1.191520437859003141e+05
1.276309810338926764e+05
1.836963479255646933e+06
6.775661411101602716e+05
5.540539027758796001e+05
1.843401009568849695e+05
4.100391187521049287e+05
1.531651091581074754e+06
2.469994732833462767e+05
1.658585927460667444e+05
1.988270737462425022e+05
3.768774737930612173e+05
1.045851950646311510e+06
7.026734524254931603e+04
1.022670169661021355e+05
4.117714345058242325e+05
7.162163005745396367e+04
4.755396326526625780e+05
2.462568757489198761e+05
1.400512306540062127e+05
1.482323463986665709e+06
2.573675039410728205e+05
6.884916558552605566e+05
5.195175183956975816e+05
1.696713146912101947e+05
6.600737454614460003e+05
1.661172683951692306e+05
4.313400995792724425e+05
3.484015296570564387e+05
1.046506600878280151e+05
2.315437436396737467e+05
2.231402267582881905e+05
4.755607827241618070e+05
5.921512850761268055e+05
1.417772609127899341e+05
1.117632939085057704e+06
2.531971131381304876e+05
3.949134285657220054e+06
2.909232383244190714e+05
3.592380005622056779e+05
2.021192968554465915e+05
5.641341089594332880e+04
9.914848428119852906e+04
7.260553254066348018e+04
1.694580269094116229e+05
1.317523361894046247e+05
2.257825133878721099e+05
1.424222522877592826e+06
1.084886053934567171e+05
7.523291769376666052e+05
1.268135940713019809e+06
1.291969603341395268e+06
4.550055945526149590e+05
4.475593393930837919e+04
2.743666007004593965e+06
3.021743082519066520e+05
1.848245506720535457e+06
4.694141614622797351e+05
4.230748254444869963e+04
7.058500644506147364e+04
9.165069787105159776e+04
7.829514100675926311e+05
2.862895541547205066e+05
4.277080769187844708e+05
3.703707038772754604e+05
1.306577562042818405e+06
4.168861010870924802e+05
7.779486004253108695e+04
3.756621329542360763e+04
3.568179402784464764e+05
4.643357010354889208e+05
1.517691717131971382e+06
3.252776921309158206e+05
4.129106701158544747e+05
2.346970339374116156e+05
6.474035658759449143e+05
3.626007200830816291e+05
1.074657287781189516e+05
6.503898268198135775e+05
4.125608770726769581e+05
1.639228194446148118e+05
7.088372787747521652e+05
2.335829693643692415e+06
1.500705673530771630e+06
1.103412761977286573e+05
2.323155465126212512e+05
5.977180617854746524e+05
2.653561824159671087e+05
2.531618250233761501e+05
1.716349134416611050e+05
7.406886936786689330e+05
8.095540532144236204e+04
1.560025995309058053e+05
6.631692282724402845e+06
3.120980613522207132e+05
5.610734892514429521e+05
9.120990520870510954e+05
8.192688081946020247e+05
1.602128128811880597e+05
1.112534650744469138e+06
4.790921724430156755e+05
9.882059157124942867e+05
6.852224273511214415e+05
3.825609683912550099e+05
2.243752452219990373e+05
2.253154994630235014e+05
3.205517129711459274e+05
1.022415857847402367e+04
3.472303487707790919e+05
1.047745686378748942e+05
1.562159059060041560e+06
7.292303930182858494e+03
1.499410271590854099e+05
6.558256256641195250e+03
2.310455473304488114e+05
1.710656214650071342e+05
2.285021061748855282e+05
1.699919098052116460e+05
9.633300109591765795e+05
1.660482259794539423e+05
4.334949863533505704e+05
1.064100570563907386e+05
1.225150911277939595e+05
9.341832542526646284e+05
1.637520480629627673e+04
1.441515040994570823e+06
1.104514351253241068e+06
3.590548373453294626e+05
1.403713570114736794e+05
1.180284811286106473e+06
3.140120503220708342e+05
7.012189604383852566e+05
9.247670611880110810e+05
8.011869339233133942e+05
7.090988387055628700e+05
4.174674928825894604e+05
1.724065708565293462e+05
1.839030735145289684e+06
1.473181953267076518e+06
3.494537437282474129e+05
9.285827522009985987e+05
1.023178975429170532e+05
3.662674833571687341e+05
7.138257962936982512e+05
6.867385894848307362e+04
4.563651180791163351e+05
1.914054771267353208e+05
1.359704949928530841e+05
1.355546922835558653e+06
2.251783859664488700e+05
8.261744734168288996e+05
1.279748381174314854e+05
1.031907483568255790e+06
5.337242128574143862e+05
1.280841230515528237e+06
8.646362239799777744e+05
1.813660689268018352e+06
5.538443242415490095e+05
2.588489202473944169e+05
3.871650500044270302e+04
2.742570938157080091e+05
6.886545572653306590e+04
7.436504224933478981e+05
2.531059718777861912e+06
9.929403362906796974e+04
3.964424932226876263e+05
9.076424080771550070e+05
6.389375954469967401e+05
9.722652394237687986e+04
3.952477660513026785e+04
4.065898293331496097e+04
6.110484615878688783e+04
1.736751859388075536e+05
1.817519615747196600e+06
1.045613249403961090e+05
1.740303996119595540e+05
3.427307898693212774e+05
7.337962877110241971e+04
1.443177682522310351e+05
1.513878550877849048e+05
1.316423344575342024e+06
3.450421774621728691e+05
5.035288221766561037e+04
1.603395677581599157e+05
4.882470710731094587e+05
1.477065721559302183e+05
3.545194403828805080e+05
1.244271214293064550e+06
5.750674168292441173e+05
3.564617378153608297e+05
1.888566479830255557e+05
1.814540784098176227e+05
1.150953401083602512e+05
5.901733616417355370e+05
3.282102907630296249e+04
6.477643301492105238e+05
2.055521601979817497e+05
1.163345629708741559e+06
1.593530607311454660e+05
2.874052478773258626e+05
5.480393158910083584e+05
1.440539188032701786e+05
8.553908095971062721e+04
2.400494948253085837e+06
7.718751995061043999e+04
8.670132517921431281e+04
2.594117770436898281e+05
1.447955024921930744e+05
2.292753421692790871e+05
2.870915354180067152e+04
1.626634137757177232e+05
4.906832875878086779e+05
2.229403835851259937e+05
4.740625387988525443e+06
3.989019012167153996e+05
3.582044164025271893e+05
3.655745086280042306e+05
2.569160625282007095e+05
1.077180015117546311e+06
1.987530161469167506e+05
1.672950019580137814e+04
1.456028839793718944e+05
1.678378081264811044e+05
5.865148558869189583e+05
3.383376750243119895e+06
2.638584383049848839e+05
1.382185730867743026e+06
9.930774232557123469e+04
1.717324341993928887e+06
2.800011255227163201e+05
1.723529947280776978e+05
5.915216441328650108e+05
2.498867795066188846e+05
3.296596661161905504e+05
2.610580629839001049e+05
8.313439036425817176e+04
1.459970086250202730e+05
2.382639611599481141e+05
2.174654872164227127e+05
5.614291591556560015e+05
1.968318935485663314e+04
6.123291819506067550e+05
2.570493942890178005e+05
5.672312295184821123e+05
1.744189387390295742e+05
2.250629318623966246e+05
8.913855725447520672e+04
6.049301998677205847e+04
5.339469386260212632e+05
2.146596375756936322e+05
1.244289494519591244e+05
1.810473558219401457e+05
6.705574840671653510e+04
9.672518717514732271e+04
2.991461168700639610e+04
6.430138982099953137e+04
1.262041573586507700e+06
3.155474376089774072e+06
2.034767717072885716e+05
6.189126921158492332e+05
1.815921426794251893e+05
3.333313964998213341e+05
1.136216132284969324e+06
1.033271974576775800e+06
8.210494060356086993e+04
1.957369408241040655e+05
6.081100573767576861e+04
7.509544190103833098e+05
6.897160520903577562e+05
1.246040474272491410e+05
4.347676352528694551e+05
9.067088200655623223e+04
4.806179771415961441e+05
1.115328947516777262e+05
1.715656704200371169e+05
6.025211127018821426e+05
6.685168262952277437e+05
6.570678979435263900e+05
1.541466004837619839e+05
5.431638616494450253e+05
3.393995128541499143e+05
1.190967309148041066e+06
1.688097565729196940e+05
2.350933757847113593e+05
2.088045299224147748e+05
2.275160155434857123e+06
1.673793772051612032e+05
5.953423484352990054e+05
2.652769048167519504e+05
1.806581414456891071e+05
1.627462895830757217e+06
6.903574411032415228e+05
2.554689336101533845e+05
2.906354385935853934e+05
1.934012121587082947e+04
2.088639969188832765e+04
1.101347078537844209e+05
2.992215591647433466e+05
5.050768036646139226e+05
4.235493680261152622e+04
6.390502824859346583e+04
7.490972961142758140e+04
2.455381019899098901e+05
1.604626604824603070e+06
2.190260950128180266e+05
2.778485343791049672e+05
7.070059105178167811e+05
1.723629080872467952e+06
1.419962921880085953e+06
4.698606177408332587e+05
1.985841388400803262e+05
8.391112119241541950e+05
1.507248513683838304e+06
1.648720197292334051e+05
4.389572105599262752e+06
1.421623548816912225e+05
9.366584865446434123e+05
1.696714492590540904e+05
7.830351292438762030e+05
5.606093441834844416e+05
3.320349351098244661e+05
3.712233720306304749e+05
2.699764704246952315e+05
8.855165070528991055e+05
2.005374734805664513e+06
1.116101586607546546e+06
8.906870352681097575e+04
4.203598894662468811e+05
7.207517473359334981e+05
7.310430065270621562e+05
1.707892548868040321e+05
1.364294693385049235e+06
7.269785415109628229e+04
2.461512597461267142e+05
1.526841271307579009e+06
1.666336870274080429e+05
1.595349325227689988e+05
6.246956167955122655e+05
5.821906543939067051e+05
2.098621698432808626e+05
5.855490419270651182e+04
2.437200512045809010e+05
3.097782326874987921e+05
6.461836302734087803e+04
3.632678106456250534e+05
5.308591425579992356e+05
2.387390583305212567e+04
1.132923348468833137e+06
1.125994758609148412e+05
3.430528374214500189e+06
3.098608588697406813e+05
3.079188306200419320e+05
1.432716631871876016e+05
2.971220106664543855e+05
3.418777494537669700e+05
3.467002903119712719e+05
4.915436282036587945e+05
4.122159684201069467e+04
1.174248190580357550e+04
4.240798950489261188e+05
4.190638705521901720e+05
1.283495445291195996e+06
1.084217133802353172e+06
2.075424325464130379e+04
9.593494124124638620e+04
6.070901704991323641e+05
1.554033652605656534e+05
2.262090909882460721e+06
1.899982347719139943e+04
1.690121931606396101e+05
6.331428412860010285e+05
1.091385743312298437e+05
2.567686031897537468e+05
2.038720511203150672e+05
1.917865360431424633e+05
3.506627866959325620e+05
3.261813913426881190e+05
4.865818535560194287e+05
3.156123859178353086e+04
7.771132106884779932e+04
2.619634954009635112e+04
1.567694447999316326e+05
1.024899404010427766e+06
1.608130903254221776e+05
8.398189363734452054e+05
4.881359737567122793e+05
7.741431711498185177e+04
4.781346469462644891e+05
5.515654983062533429e+05
1.925336828385498084e+05
1.463931720027785050e+05
1.691815725104282683e+04
4.775101626478747930e+05
2.727351828959623817e+05
6.436978089811584505e+04
7.016161039282147540e+05
2.389519946866872255e+06
5.927470187593839364e+04
1.363698564643422433e+05
3.350484861626437632e+05
4.713503497130919248e+06
4.767234756814427092e+05
5.483514292348879389e+05
5.554133947250775527e+05
1.274309183104593540e+06
4.328479035402546870e+05
2.296192626711762277e+05
4.853098828717189026e+05
5.500933872661542846e+05
5.886335015856872778e+05
3.557286871020048275e+05
1.521744579497041414e+06
7.434747383762511890e+05
2.183757774948104343e+05
4.966275235068110487e+04
1.011428995513006696e+06
1.081477667314278660e+06
2.786905408013688866e+05
3.744223359542511171e+05
2.224088748505016265e+05
7.512479321781823819e+04
5.117290501287003979e+06
3.221966383945390116e+05
7.430188457872350700e+06
2.340250245254741749e+05
7.054390103777381591e+04
2.879745064169632969e+05
3.323218947885520174e+05
1.306137797452197847e+05
3.579550911733704270e+05
1.721568120529600492e+04
2.190782762487905857e+05
2.630618627205846133e+05
4.664079344651978463e+05
9.133299621629859030e+04
1.100922346921739634e+06
2.603767734670454520e+05
5.883005064983584452e+04
7.236177463530988898e+05
4.502145484663496609e+05
1.864143231939277321e+05
7.703494059204867517e+04
3.058411434532756684e+05
4.993757215004479076e+04
9.844309373027244874e+04
2.907806916457937099e+06
2.730452571719242842e+05
8.801541240531161893e+05
2.442836266033782740e+05
4.176869054786817869e+05
2.364771048933744605e+05
9.011244926788561279e+05
5.183124875638019876e+05
1.594864903220892651e+06
3.608288110106890672e+05
6.236001448861864628e+05
3.231965995881707058e+05
2.706951384656650480e+05
1.924200524205754919e+05
8.547853967603039928e+05
1.523202357278905110e+05
3.475996662127650925e+05
2.780072814673947287e+05
1.390209150007677381e+05
1.676481330928440439e+05
1.657384203023584269e+05
2.321627296063824324e+05
3.775217789800504223e+06
1.782927743184609280e+05
1.218786230475011980e+06
7.711971357586338127e+04
3.358302947598935862e+04
6.340638066909593763e+05
6.718856234367075376e+04
4.117314088362663169e+05
1.532376118121285690e+06
2.580152211682786874e+05
1.495542468773125729e+05
1.877945271013444872e+05
5.117671359324552468e+05
1.407952394135458395e+06
2.467861062642177276e+05
2.634708096210585791e+05
2.736032838921820745e+06
2.100122292024179478e+05
2.221632027037564840e+05
9.968254886941467412e+05
1.994682401550559443e+05
8.294502892301119864e+06
7.947236925834442081e+04
1.497992127594391932e+05
1.709393350514062040e+05
3.874115025215419591e+05
2.946601839926157263e+05
2.878465498382374179e+06
1.934345017052746261e+05
4.243553925785790780e+05
8.382683712308021495e+05
7.392608186376128288e+04
1.731872901825894951e+04
1.390045722860305803e+06
1.731635152311629499e+05
7.850803729999862844e+05
1.387495828112617368e+06
3.023816823259210796e+05
6.801930341228045290e+05
5.326907777504849946e+04
2.139117537522504863e+05
4.663789308867047657e+05
2.993854826044529327e+05
1.583868097110875649e+06
1.103301357306698337e+06
9.929823465715956991e+04
4.349008314888385212e+04
1.575511207633287413e+06
3.058567491799402342e+04
5.054493075010809844e+04
1.668760328693414049e+05
7.223413854153521825e+05
9.920757807027260424e+04
5.892251252476297086e+05
1.745825520197485166e+05
2.850318949665474356e+05
2.069327739988396643e+05
2.399942285321650561e+05
4.098684913167278282e+05
1.513498636479880952e+05
3.260085443586438196e+05
3.569838843252116349e+05
8.620683726252631750e+05
1.145533676593169221e+05
4.272425210233524558e+05
4.881378013091888279e+05
3.990271945142800687e+05
9.115402190554320114e+05
1.444998641720959276e+05
5.238376130241517676e+05
3.328804912027419778e+05
6.701823552463077249e+03
5.645371485702750506e+05
3.484937637333752937e+05
4.424239999441883992e+05
1.577616905326404667e+05
3.098940830910321674e+05
7.839194314077864401e+05
3.893958996435831068e+05
2.449746259663243254e+05
3.592133748049149290e+05
4.420276904881924856e+05
2.207974163352962933e+05
9.475815505127824144e+04
3.890082017954704934e+05
9.002580954969440063e+04
7.020838279736030381e+05
2.455430308571149071e+05
5.725889952952530002e+05
5.922596375621003062e+03
2.826623722411690687e+04
1.692647271205416764e+05
4.523014692068956792e+05
1.955551625379594916e+05
1.890484784242112946e+05
4.639144985058751190e+05
1.030052116981152067e+05
2.765776046430930728e+05
6.593735536198201589e+04
5.699499705555225955e+05
3.771003945140828146e+05
2.609117013985156082e+05
6.618861677812499693e+05
1.646630703538463858e+05
6.953481424970588414e+05
3.625116539069258142e+05
9.860859742887048051e+05
8.391706568622020131e+04
1.255214403970679734e+06
4.120875562127704034e+05
1.602451729343158193e+06
8.268665382542263251e+05
2.182555048906845041e+06
1.899345187941955170e+06
1.086269915765248879e+05
3.372205235469927546e+06
1.443408386390151281e+05
1.210228548396456317e+05
7.777862558628618717e+05
5.834596778087856947e+05
3.060546500531219062e+05
4.191770866853309562e+05
8.980979816123309138e+04
5.416690646069230279e+05
3.855894482478635036e+05
1.935871685802170774e+06
2.465928246413169836e+05
1.232195138282745029e+05
2.397968793888349901e+05
9.334510350852635456e+05
3.383182749106285046e+05
4.942257527553125983e+05
4.608995542387507885e+04
3.220882108177847840e+04
2.822028771347767906e+05
6.860344620473148825e+04
4.392501367068518448e+04
1.914564670877423850e+04
4.076105623318919097e+05
6.269702234421713511e+05
3.334625304675494408e+04
1.444630784210146521e+05
4.343391936981219333e+05
2.290962333439728827e+05
9.512207729504450981e+04
1.365289009793578298e+05
2.077186890286990383e+05
2.432375773074139841e+06
1.299658441275826190e+06
3.045745997427224065e+05
2.158966949961734354e+05
9.568473290623005596e+03
2.095353568175644614e+06
8.697846490270406939e+05
1.853123238601523626e+05
2.385768597785641323e+05
3.786029608114833827e+05
2.263600712086758576e+05
9.040069366173711023e+04
5.635885212221568218e+05
1.204553470227228943e+06
1.241809415703313571e+05
4.659813430935540237e+04
2.767809171382067143e+05
2.814174697989376727e+05
1.188246726307425182e+06
6.854054819576075533e+04
4.840371366233892040e+05
5.510999303228732897e+05
1.227814311374342651e+05
1.157404847228371073e+06
2.413434506570708472e+05
1.640323198634125059e+06
9.520339300662610913e+05
3.478837033411281882e+05
1.226933891973130230e+05
1.198634204956141533e+06
1.030956663588906376e+05
1.743009696025658632e+05
2.030131082920551125e+05
1.275347020653673535e+05
9.164119609693372695e+03
1.787648980331372470e+06
6.227917948749462375e+05
1.650121640978424402e+05
3.340464410399849876e+05
8.315983016264693288e+04
1.597927409676944953e+05
5.686042328043245943e+05
1.041856627194712346e+05
7.764065188502315141e+04
4.468500457285975572e+05
6.105136926487710298e+04
7.957634995682540466e+04
1.716160345512964297e+06
2.818090685172910453e+05
8.149017489628976909e+05
7.539968955845574383e+05
2.146749698251718655e+06
1.338178748734875582e+06
1.158490235084050219e+05
3.462332864322477835e+05
8.814556534697338939e+05
7.015668203722727485e+05
3.641213114248404163e+05
3.111559169312937593e+04
1.944948527148611145e+06
7.794093135154289193e+05
4.431278577131198836e+05
3.031511578017033171e+05
3.626876107546872809e+05
2.244134549662220234e+05
1.533688912434779340e+05
1.847168808969899255e+05
3.707730311140208505e+05
2.536013735991675640e+05
6.138566112719977973e+05
2.545779022681565839e+05
1.677371528488707554e+05
2.178290046726831933e+05
2.539435126044399804e+05
1.013963321186957910e+05
3.977665612781987875e+05
2.593499618049482815e+05
4.967832707910464960e+05
1.405129796037479537e+05
5.412066321872359840e+05
5.019697393333103391e+05
8.334472792309423676e+05
6.779066738675991073e+05
7.432701956852078438e+05
4.914768022747647483e+05
1.327567911027362803e+06
1.038137093721249694e+05
2.860353410237098797e+04
1.137345705837355927e+05
1.295301806360816583e+06
8.074675991120518884e+05
8.653458405280584702e+04
6.580573964666620595e+05
5.810958427149637602e+06
1.304951427812329202e+05
3.840928213990761287e+04
3.157016753493329743e+05
7.915049324270042125e+05
3.574797239833580679e+05
3.249576672120539588e+05
1.288958910360837326e+05
9.983598723245949077e+04
2.066673331684802833e+05
1.465251181826626416e+06
4.419915580653795041e+05
2.901938103200686630e+06
1.482149087862433633e+06
1.944028100440092967e+05
4.312874810873311071e+04
1.325829505327965016e+05
5.679398145792834839e+04
1.769167175636871252e+04
7.290002082465981366e+05
4.807913247112499666e+05
4.293458346919631585e+05
2.566002831431823433e+05
1.187812583083785285e+05
2.471426367091477732e+05
1.391949767261306115e+05
7.802949846690202830e+05
5.389612597842421383e+05
8.596281103805617895e+05
2.602203178735877445e+05
1.244181670365060854e+05
2.133566559366931033e+05
3.071204735658495338e+05
1.051478690151102637e+04
1.904850293648515595e+06
1.190905448511380469e+06
1.875664619905887812e+05
1.622566923723651271e+05
2.624972563154186355e+05
5.421663471533128904e+04
1.276664446733216057e+06
4.362931441641815763e+04
2.103331427121342858e+05
2.530374880428646866e+05
1.190874090847428670e+04
2.692462672800692730e+06
1.391798030896901910e+05
4.391094136579785845e+05
3.456370265668994398e+05
5.804654228918944136e+04
7.899588769923571963e+05
3.850894760933841462e+05
4.236955199402646394e+05
5.757806285482323729e+05
1.140371449029091746e+06
6.072598794388619717e+05
8.983749270339614013e+05
1.038141857451747986e+06
2.451213435833972471e+05
2.130722269013600599e+05
3.290244928373801667e+04
5.273774567511071218e+05
3.785730402663201676e+05
4.079372321975323721e+05
9.296074477573650074e+04
2.895773737889321055e+05
4.566646484381168848e+05
2.274675594380871917e+05
3.254023260901745016e+04
1.127759195571875607e+05
2.521418963192820665e+05
3.429321114482210396e+04
1.336112707685240894e+05
2.186526654325041745e+05
3.095935304563810350e+05
5.547003178919190541e+05
7.702587421130694565e+04
5.934201294622549322e+05
5.354008913033324061e+05
5.402547833644329512e+04
1.139434597275627457e+05
1.782745560072206135e+05
1.809171928754414548e+05
1.591878447730443731e+05
3.739083473845816916e+05
1.023932971020136902e+05
7.633248272353895300e+04
7.155542781450842449e+04
3.399449488278228673e+05
5.940420680176124442e+05
7.776312551690094406e+05
6.350744982712726051e+04
5.006903248413654976e+06
1.770901263796297717e+05
8.047274525851384969e+05
3.222554884586261120e+06
1.539144177303868812e+06
3.530340238983200979e+05
2.210313403942169098e+05
3.337306961958438042e+05
1.994059366464652703e+05
1.031243013769401005e+05
1.704577725976450602e+05
2.423662395789376460e+06
8.739402871422731550e+03
2.952119384597993921e+05
6.090356741850367980e+05
1.683514456904837280e+05
4.833326057359251718e+04
6.002076623716005124e+05
1.261914539311495901e+05
9.518550044212996727e+05
4.096360583165403805e+05
1.455588354441465344e+05
8.706839018734854180e+05
3.089788490427240686e+04
4.533355706420186907e+05
1.140878622055651249e+03
7.247791902928445779e+04
2.066554353192339113e+04
2.073850740328496089e+06
1.252143708479512861e+04
3.079893086086283438e+05
3.800687560800447245e+05
1.059176165198134957e+06
3.168740852130971034e+05
1.291262982673945226e+05
1.520547564480443543e+05
7.782079542420917423e+05
4.231426963147548959e+05
7.513504361305243037e+03
8.071396537274734583e+05
2.193246876297411043e+06
1.044112601404282963e+06
2.894891337102440884e+05
1.065002531590476865e+06
3.553302814439274371e+05
6.282157185536783654e+05
7.549997873949283967e+05
1.467784701997170458e+06
1.147382344455076614e+06
1.413597646815997432e+05
4.213079303117918898e+05
6.082577127030993142e+04
3.564732556243485888e+05
7.231953507120856084e+05
1.747176655178702276e+04
2.024066783677941203e+04
1.464898146527904610e+05
7.276841525925626047e+05
4.680757393316408852e+05
2.002821201380176935e+06
3.501716991627731477e+05
1.912795315295235196e+05
1.100173796832484659e+06
4.676585246824749047e+05
1.533588239547407138e+05
6.597424852041274426e+04
2.630865907984095975e+05
8.336810024360298121e+04
5.483717183207195485e+05
3.813472010245511774e+05
1.881328462543308851e+05
8.773234992407770187e+04
3.298267578735065763e+05
2.178060222181125137e+05
7.551379781714171404e+05
5.503686766579443065e+04
1.900901190973084420e+06
9.430865086644815747e+05
8.214635746018248610e+05
1.992407091397014665e+04
9.589426304181339219e+05
3.438269572232954670e+05
4.146585443642014288e+05
7.369143432642577682e+04
5.866204997206204571e+05
2.793542008462275262e+05
5.246753553679967299e+05
1.166982228509807261e+06
1.576541459323517047e+05
4.720314938180522295e+05
1.362296763830374766e+04
9.824090604208405421e+04
3.333621705334465369e+05
1.995973975294351403e+05
2.064460614434977062e+06
3.683361156744958134e+04
3.812628070106906234e+05
1.586008148615641112e+05
5.047691331294730480e+04
3.460408130758325569e+05
5.020611210166087258e+05
2.852454007418325637e+05
5.622289244209724711e+05
6.534530277530388958e+03
6.466055502492268570e+05
4.547573935472856974e+05
2.424209776975940622e+05
3.171733557622467633e+05
8.135966791112091159e+05
1.923084490931643813e+05
2.597856583326189721e+05
9.461992110586350318e+05
4.581152478842253913e+05
2.147243448063734977e+05
2.156092918542324041e+05
1.054002379241956369e+05
8.056536919507198036e+05
3.713725978426618967e+05
1.513324407758828311e+05
2.811866907984134741e+05
5.366393462721748801e+04
1.580015715219601989e+06
2.844646727768878336e+05
9.343649303258504951e+05
2.058101070566159033e+05
2.011257980291115236e+05
2.769241283734723693e+05
7.131907183601141442e+05
2.756809717713588034e+05
9.824405041512735188e+05
5.337558429320818977e+05
1.831731896652025753e+05
1.185162969639174407e+06
2.502163770948320162e+05
2.246141631965997803e+05
1.193656721495980630e+06
1.638022710079608951e+05
2.761347035901197232e+05
5.032464797858801321e+05
1.183010915096176177e+05
9.473745890714821871e+05
3.124468826437619864e+05
5.091154211739653256e+05
1.420890505260743375e+05
2.597827454348196625e+05
4.091279008606681600e+05
6.983924965393256862e+05
1.385018494541554712e+06
2.250394673177476507e+05
7.811686718231716659e+05
9.134967309750019240e+02
7.055971042058407329e+05
6.648880671355645973e+03
1.070496751570282941e+05
1.404063812779268716e+06
1.333887943997199764e+05
1.009585375222284056e+05
9.405020937768148724e+05
3.528561564842393273e+05
3.649990527391723590e+05
8.856363060112958774e+05
1.121196018733769597e+05
3.401345567607740522e+05
2.917176985498550930e+05
1.910034562558029313e+06
3.964698788096951903e+05
2.357178280969819170e+05
3.086103918793673627e+06
1.033776874474777578e+05
6.803642365815372905e+05
6.834910632681238349e+04
1.901305066048901790e+04
1.232281600035387091e+06
1.253060638182307594e+05
3.895835159328542795e+04
9.148636020543742052e+04
4.803639909357019933e+05
1.643278608993986199e+04
1.860569988614199392e+05
1.588981328542615054e+06
3.848192216799773159e+05
5.338646685738232918e+05
2.685456651057751733e+05
4.390887439718217938e+05
5.466327338785902830e+05
1.769078856073569623e+05
2.550079239611554658e+05
5.481105684191769687e+05
1.762282416051848326e+06
2.321139431044952944e+05
2.728554452809359063e+05
2.415430162752607139e+05
2.387742701575935280e+04
6.113658688881156268e+05
1.201101017038341233e+05
9.813519724568099482e+05
7.134709224158879369e+05
5.082466707603833056e+05
8.884374761491599202e+04
4.718078472844355274e+05
3.357258897086332086e+06
7.104735572815845953e+05
2.272205603884823620e+06
1.802970007963358075e+05
8.243398505884745100e+04
2.350206450117944274e+06
9.873732975458201254e+05
1.605428881334609177e+05
1.948101273778716277e+05
1.888336882914814865e+06
1.672875810873161827e+05
1.600041802998058964e+06
3.401071235383921885e+05
2.033873486085853365e+05
1.602676823555641342e+06
8.947294515778908972e+05
8.606907275651732925e+05
8.851917148275031941e+05
6.327492010772299254e+05
4.078942190439985134e+05
4.019053124968586490e+05
6.681964765319529688e+05
6.819825574751995737e+05
4.159470272400685644e+04
6.756310528475715546e+05
8.807730883835893474e+04
1.012606499510271969e+05
1.112443087248085998e+06
3.414717854819308268e+05
7.428288625260851404e+04
3.771937062976800953e+05
1.384307550213094335e+06
2.223559410806050291e+05
3.582772107690624543e+05
3.156488053426167971e+04
5.807274205143529689e+05
4.787306691232387093e+05
2.229058158566440688e+05
3.778207621450285660e+05
1.169555814958944218e+06
1.634557750050142349e+05
2.273011486105883028e+06
1.593553202899592870e+05
2.003081415287856071e+05
1.143839495660717599e+06
4.548603227796067949e+05
5.448492815700388746e+04
8.130686332331284648e+05
6.773902464719690615e+05
4.777046636867005145e+05
3.385877823768215603e+05
5.000153998493024264e+05
8.046722147550882073e+05
1.630605876902286662e+06
1.220297481567298237e+05
4.145205770542829414e+05
1.215386355555458693e+06
3.743589018176404643e+05
3.191437852847574279e+06
1.383599909737682028e+05
6.034488403269802220e+05
4.819299079074022011e+05
3.614059921844055643e+05
1.892893180056367710e+05
3.963492345004356466e+05
1.230740373272645287e+06
2.403925474275202025e+06
4.168827336713103577e+05
4.738537171018373338e+05
7.914992907410550106e+04
1.010458788150915789e+05
8.702713203249641228e+05
9.458657223387727281e+05
3.916067707833654713e+05
1.941850357666670170e+05
6.493317211368833669e+05
7.031134559754221118e+04
6.822452514285531652e+04
1.840494463323643722e+05
4.483731787367811194e+05
1.345490571608326165e+06
3.724214116710866219e+05
3.007662044078147155e+05
3.609203660332881846e+05
1.415822388728170481e+05
1.279879075250363530e+05
3.097166011226197006e+05
8.865569284460616473e+04
6.547044360643359832e+05
3.171327944193489966e+05
4.555658340808455832e+05
4.403535526269023539e+05
2.339516098143466515e+05
3.326229285043748678e+05
6.024385286967389984e+05
1.963339486182249384e+05
3.841877700109509897e+04
5.282588010560149560e+05
8.997279674555964302e+05
3.134314538738072733e+05
5.904459223242939916e+05
7.612153431476462865e+05
6.539035946370930178e+05
3.081013140243377420e+05
1.823436828891630052e+06
1.467431110861206427e+06
2.117885474866371602e+06
1.393701849745998159e+06
3.021199434291516664e+05
2.535962126472134260e+05
1.020393495676803577e+05
3.006151058806880028e+05
9.647815134982297604e+04
5.865305741607501404e+05
7.504003363968123449e+04
1.323981602806220872e+04
1.215680781986162910e+05
2.633476943062033388e+05
1.301202634128070786e+05
1.014803515904101543e+06
2.011726424719755014e+05
1.387910598586393171e+05
8.493702360645985464e+05
1.142436143773110525e+05
1.765358846008617256e+05
8.019423790073165437e+05
6.460199813523845514e+05
4.743440042861115071e+05
1.466150759622670012e+06
4.169102397708903882e+05
7.900140198053728091e+04
1.799705286966342945e+06
1.214039265213336330e+05
6.588854500689820270e+04
6.438390119167336263e+06
1.320269046703479020e+06
2.843915254594507162e+06
1.236937867074149428e+06
2.044658153396693757e+06
1.156195468829474412e+05
3.787381784195613727e+04
5.088466171057458851e+05
4.047953917089385795e+05
1.188178727401708718e+06
1.307970154201375553e+06
4.101767525647144794e+04
7.764314241638428532e+06
2.699139005333653186e+05
1.476764096691345330e+05
1.879780490075917623e+05
1.796007804607972957e+03
4.549636005573245930e+05
2.062757042636435654e+05
3.277260450073971297e+05
5.661927155911260052e+05
7.667487215594883310e+05
3.640591706034650560e+05
5.488433242729324411e+04
3.687982664707644144e+05
1.795715099734031828e+06
8.363714654102033819e+04
2.636123334030155675e+05
2.043418256222017808e+05
7.038421209475080832e+04
5.988241200650124811e+05
4.016708361227775458e+05
2.097771641948306351e+05
1.271407620071398560e+05
5.369879597844624659e+05
2.063041104018300306e+06
1.229474186499593925e+05
4.957762673484697007e+05
7.447438686333660735e+04
3.734691475482809619e+04
2.163193821507048851e+05
8.476243155404430581e+05
1.943590146088449983e+05
1.169054918392975815e+05
1.901709680070146685e+06
7.012029295378496172e+05
5.063464970301991561e+05
2.169838113888610096e+05
2.379384030263380555e+04
1.336395801576718222e+06
2.519625588968644734e+05
1.114152796307457320e+05
4.722129959315441665e+05
8.283081336533166177e+04
1.783441257931426808e+05
2.784093783562693279e+05
1.889163555227513134e+05
2.130789548030886799e+05
3.634200692649271805e+05
3.236248377556240885e+05
8.067690442294414970e+04
1.029870550939043460e+04
1.779304136804309092e+05
3.209348168599458877e+05
9.563139244637200318e+04
2.474635683279883582e+06
7.118617143509138841e+05
1.725119001513978583e+05
2.018614726357072068e+05
1.287981505881568650e+06
7.253501431461954780e+04
9.289465204047611915e+05
1.489199233187547361e+05
3.548035974191543064e+05
5.795509952073787572e+05
1.390459849569901126e+06
1.019104419176880154e+06
7.066059692278084112e+05
6.631050748840456363e+05
5.936866804191155825e+05
1.386303174128688624e+04
2.243777323980898946e+05
6.878371916379362810e+05
4.074154851884317468e+05
1.417415701509092760e+05
5.139948858961293008e+05
4.660182285848380998e+05
4.585300789148623153e+03
2.804588504439284443e+05
3.205504735236482811e+05
4.245970052107510273e+05
4.264581433153683902e+05
4.355737339119663811e+05
7.620013388979540905e+05
1.614133573560225195e+05
8.708360707007354358e+05
4.465074465553764603e+05
2.207729074897695100e+05
3.581793375518613029e+05
2.328111120448100555e+05
4.201638776800846099e+05
6.858386197114145034e+04
6.499743724225769984e+05
1.366525849626073032e+05
1.230624614473053080e+05
8.521231548099936917e+05
1.424086432786774240e+05
4.703411943567214184e+05
3.887464235932521406e+05
3.036221883310538833e+05
4.506184070734774577e+05
2.405112207518320938e+05
6.553694541207668371e+05
2.190438535818239325e+05
1.105838900244517863e+05
1.131800434525307966e+06
5.056590351007343270e+04
7.763436461289029103e+05
4.945166677347528166e+05
2.863727709351884550e+05
6.162901137657630024e+05
5.432178839417507406e+05
2.566489251889739244e+05
2.604566973181916866e+06
2.173087017494050378e+05
1.496010450205165580e+04
1.108847543140671405e+04
4.305899988078164170e+05
1.682409038247722856e+04
8.574810609931319777e+04
2.776615705534735462e+05
9.282754422124469420e+04
4.927157474912890029e+04
4.670554927398041036e+04
6.647747952229002258e+05
6.750456335353522445e+04
2.313420643442680739e+04
1.577662300366392592e+06
9.814755015821140842e+04
1.124510686770080792e+05
6.412768406023744319e+04
1.580244937915454793e+05
3.489724808760444866e+05
6.606075554586913495e+04
5.352011603395597922e+04
1.283081916801044252e+06
3.265520168693848536e+05
2.610446102359417127e+05
4.417460116395355435e+05
3.294212000833599595e+05
2.670576649293724913e+05
1.466413497324989410e+06
4.229150924603554304e+05
3.461215679801112401e+03
3.267663810246981448e+05
2.065980955044456641e+05
4.201849223860823549e+05
3.497288402917316416e+05
3.413065671070643002e+05
5.683793598289953079e+05
1.778149428483350857e+04
1.470346293127926765e+05
7.149402340822578408e+05
5.339328604689910571e+04
2.252773681227455672e+05
1.465237960122932564e+05
6.962440846641389653e+05
2.306197567915000545e+05
2.956755282578364131e+05
7.635785716173218098e+05
6.366574075446840143e+05
3.459017456305089290e+05
3.499478763608937734e+05
4.195432076498300739e+04
8.763962211735085584e+05
8.457309322761645308e+05
1.343139455171877635e+05
1.476957907040390710e+05
1.381127330247544916e+06
1.532373541491045908e+05
4.906338889607876627e+04
1.241410152283068601e+05
1.550796486631799489e+06
8.569281900721839338e+04
5.093176684133359231e+05
7.600239320826329058e+05
1.244457238988495374e+05
7.329392276686412515e+05
7.904792101490527857e+05
1.649123611327497521e+06
9.532305449790926650e+05
7.348287996772318729e+04
5.208711077681949828e+05
2.448171057700309902e+05
4.391482125889075105e+05
6.162778415627892828e+05
1.568354138457675872e+05
8.707954982903904747e+05
5.573876799208750017e+05
3.751483767802661168e+04
4.125969670104628312e+05
2.048949793885323452e+05
7.712493578745870618e+05
1.082389850370086351e+05
1.009872676975165959e+05
6.646778483435228700e+05
2.820431277409492177e+05
1.483732731193325599e+05
4.971463264218202676e+05
2.583727896910947748e+05
2.228548083411423722e+05
1.186068907140070951e+05
3.155904450562935090e+05
4.976031703789591847e+04
2.735656750444328645e+05
2.738463272936154390e+05
1.039152521022050292e+06
2.767340276030196110e+05
3.061830971947763115e+06
2.252766770048928156e+05
3.119669475653051049e+05
3.467137365827838075e+05
8.603899016569544619e+04
6.172428375937605742e+05
1.824916575165987888e+05
3.597369922389090643e+05
2.302212275607506672e+04
1.045540321187538211e+06
1.839669073997521191e+05
1.145247533544372709e+05
7.651068061608859571e+05
1.282620195598637918e+06
1.471051319791071583e+06
1.197730802820271580e+06
1.929915220610915276e+05
3.563208132656736998e+05
1.017440426744518627e+05
3.397845832276013098e+05
4.456278199205475976e+05
1.810686074223763775e+06
2.488439602173730673e+05
1.475111737726354331e+05
1.145547165342269182e+04
1.390079599423359148e+06
1.254471851487086969e+05
4.757089810739457025e+05
3.161549084569798782e+06
1.891268559178403113e+06
3.214163439971269108e+05
6.867725506758339470e+05
3.899906733181621530e+04
1.033750944369064877e+06
1.832522160162909422e+05
7.955512493430881295e+04
