2.958188728901917057e+04
4.624754543253795709e+05
6.257124413244013704e+04
5.391900133158245444e+04
1.701845416160065215e+05
5.633645468288561096e+04
1.242704233644564520e+05
6.962789366389896022e+05
6.861677647528024390e+05
6.362345436959009385e+04
1.531778605905672885e+05
5.517141520410213852e+05
3.179441562769796292e+04
1.945840206997622154e+05
1.817282857469325827e+05
1.373814435609095730e+06
4.758401850261806976e+05
2.377884449356210534e+05
5.029020101198953344e+05
2.155505039979691501e+05
4.880038716081093298e+05
5.327846404155581695e+04
1.433501785013968183e+05
4.244439981058033300e+05
2.448509351291833154e+05
5.294482065790204797e+05
3.719260279884924239e+04
7.379475323213974480e+05
7.513778461209070520e+04
2.996411379698468372e+05
4.040335977290890878e+05
6.290573341426257975e+05
5.768310033481626306e+05
2.328099778940337710e+06
7.310887784083426232e+05
8.519251566866227950e+04
5.978523626326765225e+04
1.999774217824207517e+04
7.894586421423817519e+05
2.498349771206736565e+06
5.657385631644102978e+05
2.774300863743367372e+05
2.213920815950242803e+06
1.698620379490571504e+05
1.186334000149747590e+06
3.816062662907153717e+05
1.696469325914655637e+05
2.206592614101755607e+05
2.470985506921870692e+05
7.128324229957264615e+05
1.052632201980972895e+06
1.649174460205161304e+05
3.683814983414606540e+05
2.925884642733664368e+05
4.301338628651806503e+05
1.181967259592242306e+06
1.242721444273205416e+05
1.884912626795495860e+06
1.052614924406605714e+05
1.342469688553134620e+05
1.164858790920907399e+06
2.129197339144826110e+05
3.213642122276152368e+05
7.870250136433627922e+05
5.255943843112064060e+05
1.377366972375013574e+05
1.966334207232147455e+05
4.590030573852426023e+05
7.295105467726997449e+04
6.716357928589968651e+04
5.167518238029206404e+05
4.148496360271743033e+05
2.124308130035845170e+04
8.616453426609464805e+04
1.225488359238489938e+05
1.505213447185118217e+06
3.977647343918337137e+05
3.966783956228654832e+06
8.656435776302433806e+05
1.243899638145416509e+06
8.315209625950433547e+05
1.382620127018254483e+06
1.796474185747218144e+05
2.835435113947523641e+05
4.807283720086747780e+05
1.814985890470743179e+05
8.474471276186304749e+04
6.297930974672480952e+05
3.788136276089753956e+05
2.654947394139909302e+05
5.314756305041529704e+05
2.874985671518807067e+05
3.782090883065750822e+05
7.116686483743590361e+04
5.745139322424001875e+04
3.579123451078144717e+05
1.063561759528296301e+06
5.553046113799035084e+04
1.707825467116728032e+04
4.602214365106207551e+05
7.954415173128342722e+05
5.896680845898051048e+05
1.496883204402127594e+05
9.529666318434478017e+05
8.885366806018550415e+04
3.219242413999206474e+04
2.444139274601396173e+05
1.997070423003294738e+06
1.320353942192360410e+05
1.190384022029408719e+06
9.080007583458463196e+05
6.508061009148051962e+05
1.292800745762623148e+06
6.833213101402041502e+05
8.216557338873144181e+04
3.654055878651589155e+05
1.117629117369603831e+06
2.733310748716173111e+05
3.295695972149241716e+05
1.338684447270994540e+06
2.712211789013223606e+05
7.162895350773488171e+05
6.750310101841121214e+05
4.745504379961432423e+05
9.266335507871725131e+05
2.907940439695584937e+05
8.860064886036604876e+05
2.747799135671075201e+05
5.495804746664168779e+05
3.882261153470372665e+05
3.748585952266478562e+05
1.592841103549118852e+06
2.052171753292194626e+05
9.713838373868422350e+05
1.643141960315206088e+06
1.782014717129249475e+05
3.219170294521274263e+04
1.146020779912138591e+06
6.176584083806539420e+05
3.832170948112358456e+05
1.119143588844353944e+05
3.111949008286580793e+05
2.315340750415805262e+06
3.900135389501989703e+05
1.676575037381216418e+06
8.877811293746644515e+04
5.289491012199877296e+05
5.456691392329433002e+05
5.143736058277888224e+05
2.235185675286327489e+06
7.287664015192647639e+04
3.825395073319104267e+05
1.777432813047321106e+05
1.106318429058667738e+06
7.014279253630522871e+05
2.121799013883598964e+05
2.944604365631696419e+05
3.517167037947859499e+05
1.149864648127772845e+06
2.752266587684075348e+06
6.441942425109712640e+05
1.391635907335419615e+05
3.670033243465823471e+05
1.413811996553750068e+05
8.920854702171930694e+04
5.767099024346898077e+05
5.608798971817167476e+05
1.420814198930640472e+06
1.198478276837779209e+06
2.479722055703758087e+05
1.200029548525667487e+05
2.497373661530241225e+04
1.841385981100769481e+06
7.821196202991548926e+06
2.647975954544116743e+06
2.273329633457186283e+05
2.520870018535155104e+05
6.068281176138972660e+04
8.014647858647802786e+04
1.847913506122856779e+04
5.782576263080129138e+04
9.581928038465671707e+05
3.923699062527143979e+05
1.975521304097236716e+05
1.557835616265951423e+06
3.287230122733003809e+05
5.897917808275895659e+05
1.163242203997236211e+06
1.422668472513208690e+05
4.660723786029950861e+04
5.510468981064530089e+05
9.779927284350957489e+05
6.110049859263900726e+04
8.710285188064975664e+05
3.244712744639584795e+06
2.513343227963859681e+05
5.792881321313846856e+05
3.676940505379728856e+05
1.214520089724408535e+04
3.596596859962249291e+05
5.520940412322108023e+04
4.198737017442405922e+05
5.843708301783872594e+04
8.165484241622531554e+05
1.840565558115694439e+06
8.721006555271982215e+05
1.331446794167501503e+05
8.898394252510372316e+05
1.145592960351580521e+06
2.484779210910123948e+04
5.836829425550334854e+05
3.833245785376065178e+05
9.439885058647370897e+05
2.140442527486260224e+05
1.351074130847438471e+06
2.406246587379015109e+05
3.628003310010880232e+05
4.050264760774299793e+04
7.824378704539862229e+05
7.525244059899755521e+05
8.998246484899446659e+04
2.310629121925412037e+05
1.641048874307403574e+06
1.380598459958819440e+06
1.536272919331226440e+05
1.333531741325353796e+05
7.627673579982410884e+05
4.792438138358483411e+04
3.822885304628291487e+04
1.244194534033702366e+05
5.873324396816508379e+05
4.159946218624101020e+05
1.769992521317848878e+04
5.356795043080749456e+05
1.773086833056342730e+05
9.772152016330567130e+04
5.075370495064652641e+05
4.346019573056178633e+05
3.933194229989178129e+05
6.904481084157900186e+05
2.375700939138295362e+05
1.172626080912743695e+06
8.239067293272182345e+06
6.115986292692000279e+05
9.606906309902062640e+04
6.008709736391317711e+04
3.474302420794831705e+05
6.603872326633321354e+05
2.743058453794963658e+06
5.855913789004249265e+05
1.910765596037978248e+05
4.497706192312665517e+05
1.693651618797960109e+05
1.913559641243295337e+05
2.755373956401505275e+05
1.803189530379590578e+05
1.654617237833130057e+05
1.108571241164119419e+05
1.911954912582585530e+05
9.406682265487584518e+05
8.702121769995646318e+05
1.146548303128752392e+06
1.173480599937155494e+05
3.107551155849245843e+05
7.985527753830533766e+04
1.558746034565629670e+05
5.817862093597998610e+05
5.879897933877684409e+05
4.062143457453770679e+05
2.518804006494012661e+06
9.756804817703930894e+05
8.224617143913216423e+05
1.966383882842541207e+05
9.049950013360114535e+05
3.066191967173787998e+05
1.585221255046577659e+06
8.283739142517517030e+04
1.075533370613302686e+05
3.786451088005157071e+05
1.794419738882029196e+05
8.147206776176115964e+05
2.310405824453103123e+05
4.588444089879889361e+04
3.157917430940601043e+05
5.556772787116637453e+06
3.252916647804109962e+05
3.222355937096010894e+05
3.197085486952524516e+05
2.270899181137240666e+05
5.324441614886892494e+05
1.272995066227065545e+05
4.419308259367202118e+04
1.850632551588210044e+06
8.882112818208087701e+05
1.724834074877515668e+05
7.271458973530774238e+05
8.190749078029037919e+05
3.286908035887107253e+05
3.960393856340994244e+05
3.780459394052391872e+04
2.795893937108654645e+05
6.092898408794093411e+05
6.191360496965127531e+05
7.989403076947867521e+04
2.999613037724604947e+05
7.343223144370334921e+05
3.788583370563439676e+05
2.906275598427962541e+04
1.823147025556691515e+05
1.348344689186045434e+05
9.432071800790543784e+04
1.766031150087651040e+05
3.259991645275103510e+05
7.137035685584774183e+04
2.444753560872057453e+06
4.667642469665472745e+05
3.166860604636758217e+05
3.949114525314234197e+05
2.688688859638907525e+04
4.397765885234592133e+05
1.456969243372209021e+05
6.945349412466086214e+05
1.398939039410338446e+05
7.107699506492413348e+05
1.399998306031312793e+06
1.016210510011556471e+05
8.095790247888761805e+05
8.159922458013825817e+05
4.486566513978641015e+05
2.185530818696409115e+05
2.092337731732356478e+05
6.492060287571547087e+05
4.962246731673377799e+05
1.037043438062307250e+05
1.308910963648345351e+05
1.069915196217941993e+05
3.417843898815467255e+05
8.172681774134494481e+04
2.998832973138944944e+05
2.032731055789244128e+05
2.849316294500781689e+06
2.627686162756147678e+05
2.058905444074599538e+06
2.496471484783730120e+05
8.045465862959653605e+05
2.138837961113616475e+05
1.230543683212509059e+05
5.559809035476716235e+04
2.865758298898840323e+06
3.347722323691862402e+05
5.503299746688577579e+05
1.358989541651212203e+05
2.311705728604226024e+05
7.929192587914663600e+05
3.621299707422592910e+05
4.604050268149834301e+04
4.365327236838093959e+05
5.456726777475840645e+05
2.566014052243471611e+06
1.083236497366678959e+05
3.604276570037213969e+05
1.525243918543803156e+05
4.893473694501697901e+05
1.176963045958729635e+05
3.148370119386852020e+05
1.667181900408444228e+06
8.283367678127731197e+05
1.619814118033240375e+05
8.002353861395802232e+04
3.713605502665938693e+05
1.286656080130568938e+06
2.939024300781619968e+05
4.857073564123854158e+04
8.335160228196122625e+04
6.297623335739543836e+04
1.376433491649125062e+05
3.813602892317902297e+04
1.911035405386264028e+04
1.197476510747173801e+06
4.461699120663640206e+05
3.627571512864821125e+05
1.355604675397682935e+06
4.802513119504178758e+05
1.176014451297491469e+05
2.235390598746508767e+05
1.594788891427268100e+05
9.421945972009878606e+05
7.132416131386367488e+04
4.922947672700515977e+04
1.366822263751619612e+05
9.715527458860079059e+05
5.619475161494883941e+05
2.669529114659297280e+06
3.412619019300465588e+05
1.469213542872193502e+05
1.221617672734922729e+06
4.721267875780762406e+05
9.447909746238152729e+04
1.238271273912922479e+05
6.717782055643931963e+05
1.209963052865687787e+05
2.504196836776177515e+05
5.776127721710155020e+05
1.318806498029084643e+06
2.430183618289798032e+05
4.829381219443976879e+05
1.613977262733181706e+06
6.467220454611824825e+05
3.027000956646573031e+05
7.727677845596565749e+04
5.457634704722981405e+04
3.197159605053050909e+05
2.226404081135076922e+04
4.661237116541737341e+05
2.244560099980591331e+05
3.299180920787584037e+05
1.658893842375787790e+05
3.520320192846175632e+05
2.915550688693817239e+06
3.090427603676562430e+05
9.381336761778304935e+04
1.551770971358201467e+06
7.792661460497097869e+04
2.944992372476187302e+05
2.465745019305778842e+05
6.683315034765322343e+04
2.793903448387090117e+06
5.465382988146069692e+05
6.506901264625240583e+05
5.398563340487993555e+05
1.422110590271353431e+05
3.838331447222801857e+06
4.989861493699925486e+05
5.891902606152727967e+05
2.522915777506135055e+05
1.626944207948329276e+05
3.056966931499474449e+05
2.825557984305474383e+04
6.804073761800400680e+05
3.331313342972852988e+05
2.497684787682785653e+06
1.530454089284176298e+05
2.586287535689027936e+04
1.076155866831320804e+06
1.662817083613009017e+05
2.686855890089265304e+05
4.876659717472557677e+05
1.955808137479335128e+05
1.063269815822363307e+05
4.274766589401579404e+04
1.103092202078451664e+05
1.234549878921147319e+05
8.366844910540264100e+05
1.169456169255467365e+06
1.222179635811566841e+05
1.566164273538637499e+05
2.014308162415515399e+06
4.557903149082434829e+05
4.461924129041138804e+05
4.480979938294013264e+05
7.385493528783544025e+04
2.269764661936740958e+04
2.495283031114375044e+05
2.858742910692801815e+05
1.633784478845465463e+06
3.706975332742432365e+05
3.079769776087750797e+05
1.807892737002779613e+05
5.848084406731316994e+04
7.737254749431791715e+05
1.899960090267923661e+05
6.908806375798023073e+05
1.159868914429741213e+06
4.113039524565666215e+05
1.708234374295204179e+06
7.528007222336599079e+04
1.528996489780786214e+05
1.413450944643071853e+06
6.812454649512251490e+04
6.812588669927489536e+04
1.948695518592131557e+05
9.274922662480321014e+05
1.937343017166898353e+05
8.479211722893181723e+05
1.092075852838816820e+06
1.325353605259392876e+06
7.253268575561204925e+05
6.740653227019750047e+05
1.412454931757982122e+05
5.785200446423651883e+05
1.807010234659842899e+04
1.261679856408484979e+06
6.661005518899198796e+04
4.488749797538068960e+05
9.839963280169821519e+04
7.642240089325128065e+04
9.694604679079673588e+03
3.012701146200745134e+05
1.884366691217258631e+05
1.282137686592846876e+05
1.401998628023109341e+05
8.698302081729345082e+04
7.459106363975995919e+04
1.674024401797573373e+05
1.228354584852181841e+06
2.054909859501083847e+05
5.129886484153024503e+05
1.961323148360856867e+05
5.401713337901282124e+06
3.018393584232550929e+05
2.311296352447868558e+05
8.545119961030810373e+04
2.840254096501345630e+05
5.476211164030891377e+05
7.262886668230929354e+04
2.977263573968600831e+05
5.138507241061913664e+05
1.605991886870597955e+05
1.390714114190041437e+05
9.850201636455941480e+05
3.092880829380187206e+05
2.642510522065136465e+05
4.382121028280697064e+05
8.800336916004919913e+05
6.527732140085869469e+05
4.808548597363283625e+05
1.949876477251639008e+05
1.679448159463197924e+06
5.584124458486243384e+05
5.017408398846868658e+05
2.993340350979426294e+05
2.771159600489788572e+05
6.727890831736250548e+05
1.150829753322677221e+06
5.995262591588519514e+06
7.418370504458143841e+04
5.223622955925322021e+05
1.765875112084792054e+05
3.040083917488495936e+05
8.128315038326082285e+05
7.224282775277096080e+05
9.496242205670379335e+05
1.516164516665233998e+06
1.884790447139817697e+05
2.405771589973503142e+05
2.335528310212813667e+05
2.262307697241391579e+05
1.136537204486073824e+04
1.072301404780826851e+04
1.852373866514728579e+05
1.372308971946290112e+05
5.519687340554777620e+04
7.933535748341759900e+05
2.139478252965285501e+05
6.586548224789102096e+04
7.382525175864289049e+05
5.557089272525155684e+05
1.232298464654895070e+05
4.548645757086620433e+05
1.519706860720332013e+06
3.670244989986751461e+05
1.460198774144375930e+05
4.701726769353466225e+05
5.181824901524586603e+05
5.726671050007839222e+05
9.339971215384061215e+05
3.800872132142735645e+05
2.393476090688218246e+05
4.049233461730053532e+05
2.320631940593698237e+05
3.978499580806147424e+04
2.319468011176877772e+05
7.599024187986025354e+05
5.970873208405214828e+05
7.454253127258704044e+05
4.950700549378715223e+05
4.163515746796480962e+05
5.991315869661673059e+04
8.049907196739261271e+05
1.891848753835324896e+05
4.581153654934447841e+05
1.557952773209637053e+04
2.416858504026214941e+05
2.667986555631276569e+05
1.088118631942815613e+06
5.078509132003135164e+05
1.512716970835770480e+05
2.529897789795893186e+04
2.089842674043216102e+05
3.974563986226014677e+05
4.368514901084661687e+04
2.686168949680583901e+05
5.197236512987315655e+05
1.539815287533236260e+05
2.458338574438640790e+05
2.240756952119762427e+05
2.776042559197788360e+05
2.651213217304664431e+05
3.055046639106862713e+05
4.577860406308719539e+05
3.094822868513432797e+06
1.560442176519771747e+05
5.575776091415011324e+05
1.453176573514303891e+05
7.542358962556642946e+05
1.452454079571042093e+05
7.683108336380576948e+05
1.553393776704178308e+05
8.194779561836620560e+05
3.971816179360086680e+05
1.300720179207507172e+05
3.529809133078581071e+05
6.611376069717997452e+05
4.452338897507796901e+03
5.289335973435173742e+06
9.258073241856053937e+04
3.070863430320685147e+05
5.753902333976154914e+05
1.941272821450125193e+05
6.939664190585478209e+05
5.332716411295871512e+04
4.320834456059818622e+05
2.280224556804772146e+04
1.009307806015018257e+06
9.170571440405634930e+05
3.497110746884262771e+05
7.334557102119293995e+05
1.064337449549114972e+05
5.368879737623110414e+05
7.647636416756525869e+05
1.168774095304846996e+06
3.906304625414746697e+05
2.248281991331125028e+05
1.314656062096314854e+05
8.935170857385206036e+05
3.620318764009727747e+05
4.021568980588046834e+05
6.230364186749859946e+05
1.341742705964273307e+06
1.346276462477524183e+05
3.351342317437371821e+05
2.137150785102215741e+04
1.018601309384032735e+06
4.996467051217016415e+05
2.770302889563637436e+05
1.251429295774959261e+06
3.136576998981131474e+05
3.327320637212313595e+05
4.406243534341431805e+05
1.136845120926219679e+05
6.466119743233687477e+05
9.684065932154187467e+05
3.318705845473527443e+05
1.014183327793192235e+06
3.882607108728687745e+05
1.917012773386948393e+05
1.617169445441144635e+05
5.455760329618493561e+05
8.991573153234295314e+05
2.531565611692065839e+06
2.126160326531967148e+05
4.610771970573696890e+05
4.701985674479549052e+05
2.893150042564967880e+05
3.035382839481834671e+05
5.633262166272995819e+04
4.448479915558302891e+05
6.316363175823057536e+05
6.588381113277836703e+05
6.503569356213990832e+05
1.880374716479945229e+06
3.531462994706950267e+05
3.479205892902269261e+05
5.337576919780947501e+05
1.078177056701658148e+05
4.131226684122401290e+06
3.596060267342949519e+05
3.010350366909284276e+04
3.711253985475646914e+05
2.491985511899664416e+05
1.126446594042630750e+05
3.582713453897256986e+05
1.080121469467577990e+05
7.505169613958933624e+05
1.369074990824266570e+04
1.729099925730974064e+05
5.911769782653889619e+06
3.405229875613618642e+05
1.061191716069844551e+05
9.544519785634515574e+05
1.213726514291899948e+05
7.042992573678836925e+04
1.466887271033668367e+05
4.022995110117086442e+05
1.071776433008474996e+06
3.821360943469466874e+05
2.340066234117833956e+05
1.024492350069431996e+05
9.613112895838511758e+04
2.095911657547576178e+05
8.783303139165331959e+04
9.328797400912483863e+04
1.557387431745306531e+05
4.916496277528803330e+04
2.652598223926551873e+05
1.379591948683473049e+06
5.289240452416127082e+05
3.059488728669144330e+05
5.392158656319216825e+05
2.947257084475915326e+04
1.034157029746342014e+05
1.678846852258624858e+05
1.181325423187034903e+06
1.471371664997016778e+06
5.166871255339971976e+05
2.640535908002177603e+05
2.726096785084797884e+05
3.707378990451240679e+05
1.969347457760834077e+05
3.057531983769991202e+05
6.396443383727271575e+05
9.201650561840852606e+04
1.242479140954685397e+06
6.268694015899640508e+05
2.326328601446463290e+04
4.931371467499397695e+05
3.810355239406076726e+05
4.244232029877962195e+05
8.381075809466230567e+04
1.714401238758236286e+05
1.922337890113873873e+05
6.774000005772026489e+05
4.853996950445391703e+05
2.954415466285178554e+05
8.011019343038987136e+05
1.917745618600427697e+05
6.199271090701698558e+05
2.110890955705666565e+05
2.658615791693027495e+04
5.401311563698413374e+04
6.212679061068252486e+04
3.558206189542264910e+05
1.498413564342828933e+06
1.577031031657727668e+06
3.730434779326862772e+05
1.561255289810856048e+05
9.255952014769630041e+05
1.683378872354869382e+05
1.216550006010273006e+06
2.207362811604095332e+05
7.592123115817386424e+05
7.961610331172643928e+05
1.432828524551995797e+06
3.935481110563173424e+05
2.718477531477201264e+05
2.502601324541691574e+05
1.562293986325317528e+05
2.094687681188565039e+05
3.108843246806094539e+05
8.196720427144854330e+05
5.359835383558091708e+05
7.443797248138712021e+05
2.498190409308500239e+05
6.105994926926831249e+05
1.443538976360175002e+05
4.779663522696984001e+05
1.581770670023463201e+06
1.016121868503404083e+06
1.262353273939325241e+06
5.245780292523348471e+05
8.265010587995432434e+04
2.234137190715251025e+06
1.304291173301364033e+05
2.190749916837000754e+06
1.662294391825775092e+05
1.126132436721660895e+06
1.009086977005988156e+05
2.793440259553090436e+05
5.472508165215707850e+05
2.575032623177502246e+05
1.533081951721011661e+06
1.129172305881716602e+05
7.904244869720811257e+05
2.715085771088061665e+04
3.273044302644762793e+05
7.326829498139482457e+05
1.254024376816685108e+05
3.693399036953476607e+05
1.684945564899516525e+06
4.492881997595715802e+03
3.381483592866019462e+05
4.152847933358338196e+05
4.649884364515651832e+05
3.310927805077515659e+05
4.518162492996093351e+05
1.023481237725306186e+06
1.242988500034295022e+06
1.605851870029706915e+05
6.153287672491119010e+05
1.687658996269466297e+05
3.631109994539570762e+05
1.768898264529986191e+05
2.004981659183864249e+06
4.384926233018154016e+04
1.505989421915933781e+05
1.440942991290088685e+05
8.907283835909418121e+04
3.126642216096825898e+06
1.514727685698633722e+05
1.096527613897204719e+05
1.527019440012125415e+05
2.116986647341464704e+05
1.220213301491991617e+06
3.437919481905911234e+05
3.099377596802261542e+05
2.259619384833199438e+06
2.774344588531916816e+04
1.167873845270112157e+06
9.075501276007026900e+04
7.293235224376730621e+05
2.844788996166750439e+05
1.755593530935190385e+06
9.801459940763462801e+05
3.053321184127159540e+03
1.209181313342943555e+06
7.046302879400443089e+03
6.795839492522100918e+05
1.115070729193221632e+05
5.024547415037290193e+04
3.614600081523275003e+05
1.590602108262589609e+05
1.855002018596375419e+05
7.230596544051877572e+04
1.050264304034565575e+05
4.628956523015787825e+05
1.974856783889401413e+05
4.720855145042696386e+05
4.850949253042953205e+05
2.675684273013174534e+05
4.171841680850762059e+05
1.096993932358185120e+05
9.512916056331881555e+04
1.175434726075910003e+05
3.216658314112492953e+05
1.242675672328857938e+06
1.466120727971011947e+05
1.646372537363086012e+05
1.918121350577589765e+05
2.773388283677442232e+05
8.151897880069453095e+04
4.188649135425753047e+04
1.449654765321920160e+06
1.897156198787654866e+05
4.395974269299212028e+05
3.764017484984825714e+05
4.059296947747275408e+04
5.073328334869921091e+05
3.953910861442666646e+04
2.137783990778242587e+05
9.901398186571692349e+04
4.090743308548628120e+05
6.981690512482919985e+03
1.710061260725049360e+05
1.601830627116017509e+06
2.774798508382862201e+05
2.621250470290031226e+05
5.780963998994738795e+05
2.001320798841059732e+05
1.318180137449309404e+05
1.285755883967033005e+05
2.003980878888015170e+06
3.377351392819722150e+03
1.842171205265917160e+04
1.825967362250431906e+05
1.529658910889390099e+05
5.417793807275153231e+05
5.895612186804108933e+04
1.377810553574016376e+05
7.982139802955076448e+04
1.557166767569219810e+05
2.286580992304237952e+04
3.972130805655894801e+05
7.199520107320707757e+04
2.484115717002274469e+06
4.030681438231595675e+05
1.338541048172757146e+05
3.628784021452977904e+05
1.541250619249848824e+05
1.713528906302262621e+05
4.699010027888809418e+04
1.688814780755182146e+05
2.571155842480199935e+05
1.462444534266623086e+05
1.159845008869212121e+06
2.840907659220091300e+05
1.074376179594736081e+06
8.422625229540109867e+05
5.629400721365795471e+05
1.489586952871940157e+05
2.298819397450466568e+04
1.742791219368259135e+03
3.591373997849641019e+05
2.068919885239353971e+04
3.172898902587004122e+05
4.996843852242893539e+06
9.229445737323282810e+04
6.137191906337864930e+05
6.154651768060596078e+04
1.376568506040912587e+06
4.484565777565138415e+06
8.717112906238490250e+05
4.690536895031064632e+05
2.884787536591121461e+05
4.379142519148497959e+05
3.036533126272999216e+05
1.747819110984641884e+05
3.120739916330515407e+05
2.790107286208311096e+06
5.109123277673691628e+05
6.380186153042522492e+05
2.697808495528333005e+05
1.737819433738178341e+05
2.165850617228554096e+06
7.822523258952273754e+05
5.954473496308675967e+05
1.154965947569342534e+05
1.048035043538662867e+05
5.551268446265582461e+05
1.708791068137446418e+05
7.268338788781677140e+05
1.739637818349408044e+05
1.299788932295410341e+05
4.099215522531644674e+05
3.269842797191560967e+05
4.057260793946565245e+05
1.005512760894966777e+06
1.901049972372627235e+05
3.194291524907897692e+05
1.099076268981439760e+06
1.608887015596046404e+05
1.901195663361013285e+05
5.213791676313094649e+04
1.014371893804686610e+06
5.525449418963229982e+05
1.431317412920608884e+06
3.361877094711386017e+05
3.562637749071234430e+04
6.160755193054539850e+05
1.109939963530030509e+05
8.183525013038893230e+05
1.876663942860623938e+05
3.159163517208675039e+05
8.350214099969640374e+05
1.534999811675326491e+05
1.202657515379763063e+05
1.169468098918659671e+05
4.389671434296313673e+05
1.254736801691306609e+05
6.979296760999669787e+05
2.652039391952914884e+05
7.684890380963699135e+04
1.002972886733077758e+05
5.792271930554336868e+05
8.530096836647031596e+05
1.708889583034827956e+05
1.381343727796013467e+06
2.677358148341636406e+05
4.556042529960653628e+05
8.295404037435383361e+04
1.401536131239710085e+05
9.051920426193370949e+05
4.550286832814820227e+05
1.588867348769827804e+05
4.110140936157042161e+05
4.103182842807012494e+05
1.111142694398833410e+05
1.813776279925917624e+05
1.278549500087086053e+05
1.183209674558883853e+05
8.099012648345230846e+05
3.012985766462439642e+04
3.494434239920689724e+05
1.413354462831658544e+06
1.591933103525940096e+05
2.083434930072406132e+04
3.245851774315846269e+05
9.642493343401869060e+04
2.250232673168642446e+06
6.029702668876366224e+05
4.086942919374828343e+05
4.462201704267420428e+04
2.745708654562375741e+05
4.260362982250534697e+05
6.748027664212518721e+04
9.302287773928934475e+05
3.932704785856405506e+05
1.239280063091573538e+06
4.623228135323667811e+04
6.082681543880914105e+05
4.633101567086656578e+05
3.201332228880134644e+05
8.900304392849565193e+04
2.660954361378049362e+05
2.761247939252115248e+04
1.416217170624151477e+05
1.223321474016742548e+06
2.577675425831637986e+05
1.567093316284183529e+05
6.271934224005722208e+05
4.231134840941898874e+05
1.466252100311137270e+06
1.704837253393472201e+04
5.265433494284343906e+05
5.798227749015362002e+06
1.047551865953702145e+04
9.860715879748255247e+05
1.132209297480185283e+06
1.539452574624451110e+06
6.183572936619868269e+05
1.706705026056020870e+04
1.958302699054153927e+05
1.130800522106896533e+05
1.840488338698690059e+05
1.735079810458881315e+06
5.110481390254796133e+05
6.975482716220381553e+04
1.735328496817486885e+05
4.043847221968487720e+05
1.318701125512460712e+05
5.068378045809051022e+06
3.474244571845186292e+05
9.728004627619226230e+05
3.003217840103293420e+05
4.137722651095959009e+05
1.554184275181362173e+06
2.967730924283755012e+05
2.531692325627129525e+06
2.874864067918988803e+04
1.374886452655315807e+05
5.446978930275619496e+05
1.296871682962893974e+06
3.645980357463326654e+05
2.841952110797897913e+05
2.918568324818711844e+05
1.215746714750995860e+06
3.139487658854271867e+05
4.894115403739393223e+05
5.578084295894415118e+05
6.965488485292536207e+05
2.382071666810350143e+05
1.303282518757784739e+06
7.166782263052604685e+04
7.804004239377510385e+04
1.508783094682060182e+05
4.905464690437486279e+05
1.970442318103426951e+05
5.034311422889644746e+05
3.602516142396077048e+06
7.145434125686898187e+04
8.256966063599560584e+04
2.421526166508556809e+06
4.924927499747620459e+04
3.131477792656838428e+05
8.317063515689891065e+05
1.141297542633397388e+05
1.072096333595492644e+06
9.716652996548220108e+04
7.419623083348065848e+05
1.780212328258451307e+05
4.926600439099550567e+04
1.539340350400216703e+05
4.882800214404297294e+05
2.579198625221138936e+05
9.280146588619485556e+04
1.442707605025032244e+05
8.616943629109001486e+05
1.964414800423699489e+05
2.457099423713857541e+05
7.736005709372150013e+05
2.033813758961929241e+06
1.521916239264816395e+05
2.136709444119099528e+06
1.054959958668067702e+05
1.447492182148313441e+05
5.969574047916862182e+05
2.038204784831629833e+06
2.712521260254834779e+05
3.947851052791338880e+05
5.272300916026246705e+04
3.783434333789009834e+05
4.688731926332473522e+05
1.836652384048704698e+05
2.571259101874707849e+05
1.697307797296222707e+05
5.166037320906370296e+05
1.653300517455711379e+05
3.445393214208199061e+05
4.952364215324985562e+05
2.697905964509470505e+05
2.529795245810987253e+05
2.080606362275941996e+06
4.569324621013500146e+05
2.229843851123031054e+05
5.292795322512254352e+05
6.363211201280185487e+05
1.016069469472032797e+05
5.849850032638395205e+05
6.819641313423466636e+04
1.269833673236250645e+06
1.481160481129499094e+05
1.994952085081332480e+05
5.348765550393384183e+05
2.277807720510585699e+06
1.250671446381204994e+06
2.914655120475422591e+06
1.121148842370002531e+06
1.253604193061748752e+06
8.813711230222668964e+05
3.732931689413191634e+05
8.193127500357993413e+05
1.646246580740285804e+06
7.511008247513846727e+05
1.054661572410169989e+07
8.802165218252129853e+04
1.014921655778680462e+06
2.251460780706088990e+05
1.441741299035674019e+05
6.324025244619690784e+04
3.581865959163934895e+04
6.198735729584602814e+04
6.984833492331014713e+05
9.785992141532122332e+03
7.543285760215146001e+05
4.217926974328781944e+04
2.899872691976385540e+05
2.702079615192913916e+05
7.821172361892161425e+05
1.538205872700200183e+06
2.524327484837561380e+06
1.961352221852696384e+05
1.916291365606534237e+05
9.061800687408185331e+05
1.947203631484352984e+06
1.227992275885299081e+06
3.475142882580246660e+05
1.184295076905875176e+05
1.054331016647969605e+06
3.889050798192384536e+05
4.076875820781739312e+05
5.938655660429834388e+05
7.850745932366852649e+05
9.079212266634512926e+05
2.084061441875096934e+05
1.911776015925009415e+04
7.916376696121616988e+05
5.874426180427895451e+04
2.697349630293109920e+06
6.736065885606877273e+05
3.038033421110830968e+05
2.558536058666087774e+04
2.668209670489473268e+06
3.216787540990556590e+05
7.697386242398690665e+05
1.108919211523746839e+06
1.962359216488090169e+05
5.051516423751666443e+05
2.315872931053649518e+05
1.689602492482070811e+05
1.302532388486994198e+06
4.202341734762518900e+05
4.030904278611256741e+05
1.101601352250766649e+05
4.151917212291713804e+05
2.040376737843631781e+04
3.253570699757724069e+05
1.117396702387180412e+05
7.282410813697491540e+04
3.895961295990837389e+05
1.926439056172557321e+04
7.151315448713833466e+05
2.232547238286363427e+04
3.750765254017182160e+05
2.299838519921804313e+06
5.507357431046439888e+04
4.898798371107414714e+05
8.622540772187479888e+04
7.003185147764332360e+05
2.730962073372520390e+05
3.278810419408105081e+05
2.571121631775180576e+05
4.320979782456847606e+05
2.231268874541818222e+05
9.783224205839853676e+04
3.129079071490601054e+05
4.731098246518507949e+05
2.114571265424414072e+06
5.646505028465779033e+05
1.942468552128402225e+05
3.348394500356449280e+05
2.641531222196200397e+05
1.382570618230031105e+05
9.006739500420154072e+05
1.103372246843603905e+06
3.504194167111280840e+05
3.686349710251026554e+05
5.119346677832555724e+05
6.302249292335612699e+05
5.212773170348966378e+05
5.253510527821851429e+05
6.250387241072609322e+04
6.000053169602949638e+05
1.795065094003487378e+06
1.916652037249341665e+05
2.058561027772926900e+04
2.833126351747374865e+05
4.316074318948804284e+04
2.064275993327980977e+05
1.018880450726691633e+05
2.767682174262551125e+05
1.626322830680056009e+06
3.418974230821872479e+05
1.130842931696983520e+06
2.756960127715781564e+05
3.678202865657117218e+05
2.618781120868151193e+05
1.477308613022025442e+06
3.863853710108903761e+04
1.114611518715726706e+05
5.376433039190729614e+05
9.224418982904338045e+05
1.591358816517539788e+06
1.294133003769019386e+06
2.292264673414866411e+04
5.635470078537311638e+05
1.496552073028573999e+06
9.085512532005055982e+04
1.893928248553037876e+06
2.801839419841605122e+05
2.652112388789571123e+05
2.603347736141062924e+05
1.689812907749633014e+05
1.027354025213009299e+05
1.558292132875498501e+05
5.623561997614483116e+05
3.040748442405483220e+05
2.852712304904963239e+05
1.620540298194625648e+05
2.954639243621986243e+05
3.483618776546090958e+05
2.378552146280460511e+04
1.089742573970292433e+05
2.480485355931464874e+05
1.451662046577787725e+06
6.239029773489866056e+04
6.156386349465603707e+05
3.686351282576382509e+05
1.554435840057676251e+05
1.435102282142496260e+05
4.374430464822734939e+05
9.070916581703975098e+05
3.150854676343818428e+05
4.856575576898584259e+05
4.793738490464878269e+05
1.862997681248504960e+05
9.564350698538590223e+05
2.268052677346948185e+05
1.956453743987204143e+04
2.706830400174107490e+04
2.117120061336574145e+05
1.268978114454047463e+05
4.422616519470718922e+05
6.937224661874667800e+04
1.040124156613684027e+06
1.334133551937841985e+05
4.082677251193051925e+05
2.242819992643984151e+05
2.554974191529680393e+05
5.455830532109308988e+05
8.883503655447886558e+05
2.828774995832680725e+05
1.358998827278824174e+05
1.108551270465660054e+05
7.940900262226182967e+05
2.821511381410632166e+05
1.177862532717367401e+06
3.724790398105812346e+04
3.825916434356786340e+04
1.925024394145237282e+06
1.037058958550631301e+06
2.512813390008987044e+05
4.392942564610936097e+05
1.396240871745341792e+04
9.526011117575918615e+04
5.601778687021275255e+04
1.054642768200197723e+06
8.913255049868234200e+05
3.266061301917641540e+05
4.515991178523366107e+05
3.505574583861425519e+06
1.173103546734540432e+05
2.349614732484986016e+05
7.179413297962490469e+05
2.947357038233300555e+05
1.730504081557853851e+03
6.341203681121912814e+04
5.248278743892729981e+05
7.501779907454698696e+04
3.105014379031009739e+05
1.169669676743090095e+05
7.279981781787932850e+05
4.610506022068260936e+05
1.249739369914725190e+06
4.721381593243011594e+04
5.362854549550878437e+04
1.031775952778681181e+06
3.027998831448109704e+05
2.052748987427212705e+05
6.283260417935401201e+05
6.132917413477557711e+05
1.634447174314761651e+05
1.416797207391092670e+05
7.961687809595060535e+05
1.508674345484673686e+05
3.496388993763900944e+05
4.618483839466606150e+05
3.013550968414776726e+05
5.637545983316390630e+04
4.835992602526039991e+04
6.866908097898478154e+05
3.404790453271342558e+05
5.439448656954480248e+04
1.099974450238068588e+06
3.165739462360918988e+06
6.774467069155328500e+04
1.307403928583354456e+06
9.850903116158600824e+03
7.448195064353712951e+04
3.542137703947614646e+05
4.744279144777381443e+05
6.175804455704011489e+05
1.404814205397560727e+05
1.828089314894412237e+05
7.877063066105588805e+05
3.955893175620897673e+05
5.303608756805679295e+05
2.774177406384252245e+05
1.108259937742267735e+06
5.609959823659968562e+06
4.927430959672435420e+05
3.666617387888894882e+05
8.536622996908373898e+04
2.489314271972353105e+06
2.906001894903042121e+05
8.119514359111695376e+04
4.551523898282493465e+05
8.622627075199071260e+04
2.315600154140152736e+05
1.817495230163208325e+05
1.058047076911124605e+05
5.077014908402947185e+03
4.132278663533239742e+05
7.960187592726455769e+05
2.061299680574025551e+05
1.694929834334566840e+05
3.857558882380034192e+05
3.895711410186979920e+05
3.278228884352276102e+06
1.262582261484330411e+04
4.015907687686873251e+05
2.430711511808160227e+06
7.139404193243151531e+05
1.836881311491404893e+06
6.184356956248115603e+04
2.223835846418465953e+05
9.496163238445216557e+05
1.283279236565795291e+05
2.478621437714500353e+05
3.285768268804704421e+05
1.770165906187157088e+05
7.485863908885100391e+05
8.262021979373214999e+05
5.136701954845569708e+04
2.592176338643880736e+05
4.269331435906438855e+04
2.222286231189454440e+06
3.329877409993060865e+05
6.484064261722709052e+05
1.561438690456645854e+05
2.247130967904065328e+05
3.756723971472542034e+05
9.054285110996458679e+05
8.453175812204773538e+05
3.736769748344865511e+05
4.772198971290430636e+05
2.089399820824822644e+06
4.655081101927845157e+04
4.065107173947151168e+05
5.486835062130871229e+05
2.618596833814397687e+05
4.294868592154368525e+04
1.897688106780709932e+05
3.656429473387793405e+04
3.137066298556042020e+05
1.144767688867975376e+05
2.912403812690718405e+04
1.900733588196652418e+05
2.523337739838821290e+05
1.085000217701521469e+05
5.690865222014681203e+05
2.665181626009915955e+06
2.449862733233264589e+04
1.045134970199207193e+06
1.310731719098050671e+05
8.657619205877261702e+05
2.731886915771008717e+04
1.674777686220748001e+05
1.617733960513986131e+04
2.047147675354681269e+04
1.422616524231187301e+06
7.568869281252156361e+04
5.022236480035283603e+04
5.877740157858099556e+05
4.065479276641599718e+05
7.256107494663719554e+05
1.504912047746964963e+06
1.613384272613388603e+05
1.011183566033989919e+05
2.292564354380921286e+05
1.012601768169454299e+06
8.542033197629278293e+05
5.585630886314255185e+05
1.614457046383044682e+06
6.332091710837280843e+05
7.933722895943233743e+04
7.352860511937988922e+05
1.469633200222351821e+06
8.481289643254739931e+05
5.315554805738417781e+04
2.219213653987206344e+05
1.122939894269940211e+06
1.869730900749129651e+05
3.748147371170939878e+05
1.857813993480686040e+05
5.145419394932538853e+05
1.096987365460737346e+05
2.871801198120948393e+05
1.827138169699407590e+05
1.098589906588446174e+05
5.552899137024005176e+05
1.020645848324740655e+05
1.747171619467646116e+06
5.843705846514061559e+05
2.478500414873299189e+06
9.158725684605612187e+05
2.567897601479105186e+06
7.763337720041188877e+05
2.154527645691909129e+05
1.081198168208173476e+06
3.848888243412385345e+05
5.482659329649413703e+05
6.604950974403240252e+05
2.078793270609492029e+05
1.752036988457242958e+06
2.403370503989243007e+05
1.127927134295485739e+05
1.755882567889800703e+05
2.220850075624616293e+05
6.516425455004738178e+05
2.634159944465814042e+05
7.982744037536890246e+05
2.498885458909094450e+05
4.364968778844646295e+05
6.088980508582559414e+05
4.648277687604016974e+05
4.271587818978606083e+04
4.926214323202547384e+05
4.274324534326543217e+05
4.087156020460960572e+05
9.931838973093739478e+05
7.776951866917021107e+05
2.827375016698577674e+05
4.722622655270485557e+05
3.919391428552298457e+05
1.858654184405907872e+05
1.315056579774207785e+05
1.190454968805195094e+05
3.128130076896224637e+05
8.281230876838881522e+04
2.581227040502470627e+05
5.073144147858068463e+05
1.452814845067242626e+06
2.455945683832701296e+06
3.786957331159931491e+05
2.157591282397853676e+06
9.226882599110986339e+05
2.186484330228003673e+06
1.087342028386325343e+06
2.636514535619010567e+05
1.281018676675356255e+04
4.457270074683860876e+05
9.110321175051687751e+05
2.279754088222999781e+04
1.655304500235519838e+06
4.058639205993225914e+04
6.890829855246596271e+05
1.144583549351861468e+06
3.426377204739660956e+05
4.126504958611252368e+05
1.047191205018917535e+05
1.155299938866397570e+05
7.100440849654909689e+05
7.095919941291995347e+05
1.680246353737953177e+05
1.721247301929481328e+05
4.353162858939944999e+05
5.063671418703189702e+05
3.968518243459870573e+05
1.320109554365148506e+04
4.388434439297975041e+04
6.522692357715273974e+05
1.937029123503569048e+06
3.697088423695958336e+05
2.104337468167260813e+05
3.691099764040440787e+05
2.239300757721920672e+05
1.912108099244500045e+05
1.751049668099776318e+05
7.068989094878296601e+04
5.130741274900060380e+05
7.636159660107389791e+05
2.468893180722437974e+05
5.130388349696883815e+05
6.809285793466462055e+05
4.200141960305246175e+05
8.183113711796143325e+05
1.404197409377249423e+05
1.324526615214382531e+06
5.909610554005214944e+05
5.073999196442015236e+05
4.375854709889005171e+05
4.483468092998907086e+05
1.103801356192850973e+06
5.268361449522952898e+04
1.616667669595865300e+06
2.191838240746392403e+05
5.272811270255873678e+05
8.174312655581188155e+05
9.132798472299930290e+04
4.396479598797851359e+05
7.105518274014681811e+05
3.132102193067886983e+05
1.321585144569987606e+05
1.056519743300023954e+06
3.553205994160468108e+05
1.019508594763406436e+06
6.199361178306883085e+04
2.749010727872663992e+05
3.370734622189273941e+05
2.099785956990062259e+05
3.625470938880784670e+05
2.135694502819613845e+05
3.440137760566895362e+06
9.808931004482290518e+03
3.719619982136134058e+05
6.375473324303941627e+04
5.158073144561164663e+05
2.171735083618564822e+05
9.191688056897817296e+04
1.151377539423473179e+06
5.386585650362953311e+05
2.213625475494638376e+05
1.775057770923409844e+05
1.579215785522673279e+06
8.188263883360223845e+05
2.979291025444856859e+04
1.534426548910049896e+05
6.451631121283628745e+05
1.851483098583866842e+06
1.325323517862100154e+06
1.668543021647857735e+06
2.743540212433362831e+04
2.043646422065839579e+05
3.907316915676828939e+05
2.491987724850116938e+05
2.462233973936544498e+04
2.417105948118218686e+06
2.118703122919481248e+05
4.108308476507363375e+05
4.263323667733898765e+04
9.667822725632358924e+04
6.361701719964762451e+05
1.756496182274222956e+05
4.867391134452835540e+05
1.751527743384446367e+05
1.133579206134995911e+06
1.341970737654367695e+05
3.899598017570860102e+05
3.254010591702304082e+05
1.312084404499999946e+05
1.806652740542189567e+05
6.144882599116484926e+04
3.231490861087769736e+05
1.292506167541922769e+05
1.330695812006469583e+06
1.249310128593153495e+05
1.488651300622735580e+05
1.526778825908885046e+05
7.688521527159733232e+05
1.689500786303356290e+06
1.655922416781185020e+05
1.431507943354071176e+04
6.323336360614420846e+05
1.694362588774234173e+05
2.310742403965286503e+05
1.674122673513121670e+06
1.050832879477462033e+06
2.728359166893327492e+05
1.113002505361703923e+06
6.237564830649584110e+03
2.338282622030902421e+05
6.009779791623199708e+04
5.643939601045142626e+05
7.597550090500847728e+04
2.357328260024673946e+05
1.772489827507979935e+06
9.208992072358472506e+05
2.516479229426013480e+05
4.408330147091365652e+05
3.611231615054297727e+05
3.518963421526658931e+05
8.492689187680871692e+04
9.323926253658001951e+04
3.966368821620000061e+06
6.679400107573962305e+05
4.133847417687515554e+04
4.405517425954393111e+05
1.314747429608353123e+05
6.141552262112874538e+06
4.217567547077186755e+05
1.051165997530069901e+06
3.867382452764683694e+04
6.651427611039699987e+05
5.312378870463966159e+05
1.682573487491837877e+05
4.629907454481151944e+04
5.021929457718384219e+04
2.287055282201090595e+05
5.858623301326214278e+04
2.203254634693340922e+05
3.013401135029426776e+06
2.603373786594415549e+06
2.813637666717344546e+05
7.288522242841960397e+05
1.429566817233957991e+05
2.250068260988942930e+05
4.579532300039566326e+04
1.874083874548701569e+06
1.435387150532510714e+05
2.007335248891855299e+05
1.010224048297526460e+05
6.176975746394043090e+05
2.259905287116094405e+04
3.638324767374494695e+05
1.213798623159462586e+05
1.151168090567289910e+05
4.835150675346297212e+05
3.525745148785158526e+05
3.179044407937014475e+06
1.271889844186451752e+06
3.219199358604982845e+05
6.244499133170049754e+04
2.109368028193030332e+05
7.513910999878885923e+05
1.098780325812954456e+06
5.243785065360815497e+04
2.142362426892235526e+05
1.445077283756629797e+06
4.348817607968649245e+05
1.687454178012049233e+05
2.943637916263951338e+05
1.983335325458752341e+05
5.643827973144673742e+05
8.401551974195332150e+04
3.757888320141123259e+05
1.315070531365724746e+06
3.109337823233098970e+04
2.165879525319868117e+05
5.566516850944883190e+05
3.675108111664076569e+05
4.499292617140090442e+05
1.496038782270775409e+05
8.827872245580154413e+04
1.709232359933486732e+05
3.588199650467843749e+05
4.812869102488147910e+05
2.675855307116471231e+05
3.067366960618573357e+05
2.404944582301288319e+05
1.185136071983775124e+06
2.733792125041621694e+04
8.605558345744064718e+04
2.708687087459914037e+05
7.458215155851307791e+05
3.261106403472564998e+05
4.429681864699131256e+04
1.938903242699001217e+06
2.444641984149628843e+05
1.249655072637709236e+05
2.004860048068349133e+05
1.120705732533237315e+05
2.729082652104857843e+05
7.366462829515703488e+05
5.268719999850321328e+05
1.182487947682298021e+06
8.229493137666434632e+04
1.871344099510468543e+06
5.528493556259071920e+05
7.328269816058986180e+04
3.795795711170876748e+05
2.635886854386273772e+05
8.546928529236222676e+04
1.011558622839800548e+06
4.327681165243833093e+05
2.597372439160103968e+05
1.929375144663432380e+06
6.261935061102887848e+05
1.342910808883330028e+05
1.026759050526941865e+05
8.865622891480016988e+05
5.660977792477374896e+05
5.257408673887490295e+04
1.168421087516893167e+06
3.244151047368977452e+05
1.345249610736128816e+05
2.443564441231547098e+05
8.395627888963568257e+05
4.738476052627774770e+05
6.452675322204297117e+04
1.614209620820600539e+06
3.896151623122971505e+05
2.063466939473313105e+05
1.215418672967251623e+05
2.817616978358229389e+05
6.285214846201641922e+04
9.803171615564664826e+05
4.253530100783829694e+05
1.695325802947025746e+06
2.070690976416257326e+05
9.825139478745353408e+05
3.870715182373111020e+05
3.601073889981018146e+05
1.489499662844390259e+05
1.416009273070178460e+06
1.208970357205143897e+06
3.896542055335094919e+05
9.572770352430458297e+04
5.366780775870410253e+03
9.994834401256197598e+05
3.026272457141014165e+05
1.157859487943897548e+05
4.522327922375492635e+05
9.485829737008198572e+04
7.992475992131786421e+06
7.894135135194902250e+04
2.501974828800078249e+05
5.647521980322409217e+04
4.103500121926388820e+05
2.756787993973629200e+05
9.286080444165336667e+04
4.211998803403260536e+04
1.601166051973950816e+05
1.719896738871833077e+06
7.762601830251744250e+05
2.576179713327804056e+05
6.024369747994513455e+04
9.147510620036955224e+05
3.835710403342563659e+05
1.280861967114536557e+06
2.343923560699169466e+05
2.365016261823153764e+05
7.296632183430668898e+06
7.112854535287829640e+04
3.186976444220361736e+04
9.899284167791248183e+04
2.007247895916684764e+06
2.556290115055323113e+05
1.495027054713199148e+06
4.426996497625677875e+04
3.910279268789142952e+05
7.417146957250814885e+05
1.409769725381415628e+05
1.579949378952886327e+05
1.364058572077850986e+05
8.052842090170376468e+05
1.981624688777833944e+05
7.189881877955813252e+04
2.938533695121515775e+05
2.968581889487535227e+06
1.746712402535471192e+05
9.242319927121283254e+05
8.670129177720797015e+05
2.130809530967700121e+05
1.109458784241959074e+05
5.361281459431698313e+05
1.461438221999616944e+05
3.538154286605131347e+05
4.930786771433078102e+05
1.613671720250039943e+05
1.606079915014405269e+05
3.436013612267639255e+05
2.156396517480922921e+05
1.313285440461130638e+05
7.491532482857434661e+04
3.455320620417288039e+06
2.577125653645162529e+05
2.782495986453479272e+05
7.273172792886998504e+05
4.902438976876002271e+05
2.620679436193933943e+05
3.018805676591751981e+05
5.711450267094124574e+05
1.535680901982525538e+05
6.294532694913507294e+04
1.621257592992473219e+05
7.533411190225245664e+05
9.715103913371743693e+04
7.487462987702032842e+04
1.578182935523656779e+05
1.185488314630995505e+06
4.800761779574814718e+05
2.324164778543089924e+05
8.309894785639257170e+05
6.144660442666346207e+05
7.275386538734511705e+05
2.331061904126967711e+05
2.357404452903024794e+05
8.306791137872154650e+03
9.481246670162829105e+04
6.610953405293414835e+05
1.316040172524975846e+06
3.094452155131034306e+04
2.260333359902152151e+05
4.595326996008292772e+05
1.228422279956850980e+05
1.373767030178615532e+05
5.768318543715565283e+03
2.771507826424192754e+05
3.619397000346034765e+05
5.305241505151418969e+05
2.218862618541666772e+06
2.051384519592241559e+05
1.459568190482819628e+05
3.493749106887200032e+05
3.448494161075761076e+06
6.639919491965551861e+05
1.362339230300159834e+05
3.804714211223227176e+04
3.743305124792240676e+05
8.521508253890103661e+05
1.787378647117025394e+05
3.809678885713818017e+06
5.366405767458328046e+05
1.674590438051034464e+06
7.052240429406984185e+04
2.897383856379046338e+05
2.164094153786382172e+06
8.201629137107724091e+05
1.344121308558701421e+05
1.391759468967619585e+06
6.311909766366916010e+05
3.354715684709626657e+04
2.083741781904644740e+05
2.841134571320227114e+05
3.848293501559725264e+05
8.819809491604560753e+05
6.441200466219923692e+05
8.110438037589493615e+04
6.609049450408270350e+05
2.804558206547265872e+05
2.555180822212555446e+06
2.649146239783365745e+05
2.410125980397420644e+05
1.273021811968590773e+05
1.133672121089982335e+06
5.934404386667329818e+05
2.717299116637764964e+05
1.701996774849447538e+05
8.784690616658334620e+05
1.110565989010235295e+06
6.084595240992786130e+05
3.025194059069787618e+05
5.175634262631225865e+05
2.198174748970283545e+05
4.283532656276290654e+05
8.393758603545367805e+03
2.209165070831490448e+05
1.001841767466617981e+06
9.217584891511386377e+04
4.980950246664271108e+05
4.366340759182069451e+04
3.881228330828808248e+05
2.566590184688299487e+05
2.714372835933978204e+05
3.678199295605011750e+06
4.922045724626113079e+05
2.431793911883489927e+05
1.768104706176455365e+06
2.899135464444624959e+05
3.929594932038050611e+05
1.773539208691530512e+05
3.493537684246810968e+05
2.438602503886675986e+05
8.888905933558524703e+04
9.914569094747862546e+05
1.180302910084142815e+06
2.035779430309169460e+06
3.211204504401035374e+05
3.395067819187353365e+06
6.730057953225429810e+04
3.926739326430651126e+05
1.687792754817165260e+05
2.824275342289873515e+05
2.201635074939219048e+05
3.476322748662513332e+05
5.520466082195385825e+05
4.312807226602635346e+06
1.377494298117781291e+05
2.651458743783371756e+05
1.803452731163388307e+04
2.326837790278770844e+05
9.353860673846011050e+05
3.194403381468272768e+06
2.233597787868148589e+05
5.796419549477332475e+04
5.031885196704246337e+05
2.537026976991973352e+05
4.635786461821901030e+05
2.288866993105682486e+05
5.917945450380155817e+05
8.514238176828931319e+05
2.797614691416407004e+05
9.246852926303913118e+05
6.349851270570753841e+05
5.466448001971845515e+05
4.540784179405040923e+05
9.820649723882265389e+05
1.785094200174318394e+05
4.990928126189144677e+05
3.211464284294990939e+05
2.848045783887731377e+05
4.801875966685434687e+05
5.070494610940331477e+05
2.213021423278493807e+06
4.737090335166428122e+05
5.343260418637561612e+06
1.786547775427137967e+05
1.409769403373341309e+06
1.910638514268484641e+03
2.119615228779088065e+05
4.897894815799687058e+05
3.453444660603731172e+05
8.670745605371952988e+05
4.950287617506357492e+05
2.334176977847881499e+05
3.247245668446563068e+05
6.013775335780886235e+05
5.468607548985334579e+05
2.145551708343928331e+05
1.474446320350413676e+06
7.707367268700024579e+05
8.767302860708223307e+04
4.005979606532921316e+05
1.779107356778997229e+06
1.807144000608579954e+05
1.021749024308689521e+06
3.240550227667008061e+06
3.899189680652394309e+05
1.642884856199807473e+04
4.567696889506899424e+03
3.484731595978544792e+05
7.011992983134769602e+05
9.107459022817253135e+05
8.128863939400285017e+05
9.469383559001771209e+04
7.538411165737964620e+04
3.799011607827984262e+05
1.156217760220494238e+05
1.479434911051925737e+05
6.867521387243022909e+05
2.305895021669050329e+05
4.863959565758125973e+05
2.799678990880051162e+06
3.579122462579982239e+05
1.009552779005310549e+04
5.640154067776707234e+05
2.996733692073893690e+04
1.913157941112612607e+05
1.271144923784920713e+06
5.031849640628710622e+05
6.345194973264232976e+05
5.207259474144098349e+05
2.950522456040720572e+05
1.777862512155849836e+05
2.510299531973096309e+05
2.027609406034217682e+05
3.681146012086981209e+05
1.976682046042693546e+05
4.164927409636271186e+05
9.406646721939496638e+04
1.483658611183755565e+05
1.837898307274616673e+05
7.411812929053992266e+05
1.179182346882613609e+06
2.815779613432749175e+05
1.126002973214413942e+05
4.435528150537947076e+05
3.527955566312550800e+05
4.777432499964629824e+04
4.073366401358449366e+05
1.017846693872603646e+05
3.000240121023538522e+05
1.117559711832400179e+06
6.057911297814461250e+03
4.486772766901567811e+05
3.602075957485853578e+05
2.522732333601654391e+05
2.249257828667783469e+05
3.550578411900512292e+05
6.538655026651296066e+05
2.652782348985596327e+05
3.636266760245736223e+05
1.526828713190508133e+05
4.809488350645114551e+05
1.245946161888210190e+05
1.878614965130917553e+05
9.543745909004500136e+05
1.862818639156526653e+06
7.457550855349239428e+05
2.901378946493363008e+06
1.268028392414663220e+06
3.485973298257731949e+05
1.928199596458680171e+05
2.204478061725026462e+06
4.781871681496744044e+06
1.890901898755084840e+05
4.529185683483551256e+05
1.684736966941606661e+05
5.055418312839091523e+05
1.102425501395826461e+06
2.061296888036348391e+06
2.085953848675494082e+05
4.375687503038000432e+04
1.086787121798873646e+06
8.680839087681201054e+05
2.690725049217210617e+05
2.336317094691968814e+05
6.507529661936643533e+05
6.379437963590531144e+05
1.341452437695332628e+05
8.632434858648979571e+05
9.656273539048950188e+05
4.755660662443928886e+05
5.338265938678903040e+05
8.478610873633204028e+04
2.721801510714050382e+05
2.841977178813657374e+05
2.426526860446728533e+05
4.486430249604008859e+05
5.899441587879223516e+05
1.113184509420575523e+04
2.145031588231426431e+05
2.009197276950451778e+05
6.160457866515647620e+05
5.487134696054425876e+04
1.336091537553385831e+06
4.677328340709734475e+05
1.142556174494578503e+06
1.840066477687011502e+04
1.933636941527598174e+04
1.701180067097631108e+05
2.046735241343461967e+05
2.254925668485487113e+05
1.712438879073913558e+05
1.465087932717255317e+05
3.917812125066768494e+05
2.700298858695353265e+05
4.244049280081183533e+05
1.562945116647354444e+05
4.319344826599174412e+05
7.847591155261507956e+05
2.422728886730972445e+05
6.214389060712244827e+05
1.906822949947066954e+05
1.699732379335789883e+05
1.311446252057405422e+06
1.417802593474036839e+05
1.271062097315748921e+06
3.541660200512061128e+05
8.886712991665009176e+05
2.924947292671450414e+05
1.083698694052642677e+06
3.087748274302736972e+05
3.918320090026796097e+05
2.208821945031728828e+05
5.303342679976481013e+05
1.637837756806953810e+06
2.153632176320069411e+05
7.325802716863708338e+04
1.350191143536711112e+06
2.190555009300570004e+06
2.509034535285134043e+05
6.196357116667083465e+05
2.631042701491173939e+05
8.244891399352743756e+05
4.024426263584112166e+05
4.777567719794817094e+04
5.115153000101183425e+05
3.743700702665713616e+05
7.064648780653572176e+05
8.421622087057500903e+04
1.534050741190043045e+05
1.802558529187403328e+05
7.849994795845893677e+05
2.298033935774202109e+05
1.412072892237259948e+05
2.090311919420480030e+06
6.053354049054294592e+05
2.639751083422249212e+04
9.698383021582207584e+04
1.485304281083615751e+04
1.478012601026302436e+05
4.037052027744390653e+05
2.223073160637545516e+05
9.813548371817299630e+05
5.375686509368718835e+05
1.369343088121086766e+05
1.092601228662673093e+05
7.692940910160952481e+05
1.509359958303278254e+05
3.714425446099679102e+05
5.832700760193874594e+05
9.929887904473628150e+05
2.867385655905073509e+05
5.828979755651660525e+04
2.532820926561932720e+05
4.354817838759391452e+04
1.289061172761660302e+06
6.550622939498277847e+05
1.194913006471834844e+06
2.759404916889574961e+05
9.234842264902556781e+04
5.936928507960289717e+05
1.760576849701691535e+05
4.438898901460914058e+05
1.947451462334888754e+06
9.106797409725798934e+04
2.877179824902488035e+05
1.074624449508919497e+05
1.238894037883336714e+05
1.404299615090208827e+06
1.914970562333462003e+05
9.869006395708135096e+04
9.416792432726956904e+05
1.568418236483629735e+05
3.898821779305035016e+05
1.121294750398326432e+05
2.994504463862155681e+05
5.079922297145933262e+05
2.785948509685338358e+05
5.742016909063726198e+05
4.643351839640363323e+04
3.352985613199546933e+05
8.080407040885679889e+05
1.595735999116335879e+05
1.421685563514763198e+05
9.769474165913609322e+05
9.818889665311243152e+05
1.802660874619859096e+05
3.028976766568426392e+05
5.594621297147833975e+05
3.406538218460177304e+05
4.031899464386482723e+05
1.153576521968553774e+06
1.896224041357444949e+05
1.072617676601847197e+05
4.421184686655986588e+05
1.803899242481733090e+05
1.268744303529266967e+06
1.927275315708653943e+05
1.769374748008157592e+06
1.345491497205563937e+05
2.084193432863895723e+05
5.186500129028450465e+05
2.632769780420178431e+05
9.784975799582224863e+04
1.581259103866234946e+05
4.180266759269746253e+05
2.484277498574368656e+06
7.928975158782699145e+05
6.886820994524119888e+05
5.344159874296068447e+05
1.465565616441553539e+04
8.611602980833488982e+05
3.713165918574613170e+05
4.924440472009912628e+04
1.471278720943214430e+05
3.445507430228097364e+05
8.700195954098688671e+05
2.347156413772504893e+05
1.601326471182370791e+06
2.601932560820406943e+05
2.042517508207628271e+05
8.705812722349681426e+05
5.711502719746481162e+05
1.690351313470498135e+05
2.126416511337640695e+06
8.535095231531525496e+04
3.464649208869485301e+05
2.193670300646251999e+06
1.785885122860510019e+05
6.268541456454297295e+05
1.363630248985850252e+06
5.202483359180432162e+05
5.952936117358749034e+05
4.584320951752668770e+04
5.850024698281688616e+05
6.216979750688995700e+05
1.824553186002341099e+05
3.175057055357977282e+06
9.612625411459436873e+04
7.399847606203434407e+04
2.153242084856615111e+05
4.645042478302665404e+05
1.708737839233451523e+05
1.839265054774517776e+05
2.613426854103300255e+06
2.177877345589633624e+05
6.552302898314151680e+05
3.212300423247008803e+04
7.583956586053422652e+05
4.271909841178416391e+05
2.900953058323997539e+05
6.972253629524643766e+05
9.406751189381966833e+04
6.803523094653555891e+05
4.233218098860571044e+05
2.271854958967666316e+05
5.670418840678333072e+05
3.114475384360440876e+04
1.274712478507238411e+05
2.637371503139504421e+04
3.113259763248796226e+05
2.684263905170817161e+05
4.482443978224024613e+04
1.086598176674422808e+06
7.407093814838405233e+05
7.419238342807575827e+05
2.170443803575207421e+05
2.643830923349936493e+05
1.801333685115924163e+05
7.939649369554682635e+06
4.230245693230953184e+05
4.631050586310687941e+05
3.249895864428714849e+05
2.392412022361051640e+05
5.624643418692790437e+05
6.195155118130185292e+04
2.721109105551172397e+05
2.987010402416550642e+04
3.960337280986547703e+05
1.097236689842460510e+04
9.253744716044455708e+04
1.770905461681200832e+05
1.616715981734524947e+06
1.038842155674359878e+06
4.109590467100058049e+03
9.989445107865715399e+05
4.467203490056871669e+05
1.003842422594303498e+05
1.341001080926128780e+05
1.228179629067155300e+06
9.760106049663465237e+05
1.200840398823025171e+05
3.720771052845225786e+05
2.273500561665578862e+05
2.001677395205546054e+05
2.250729740521181840e+06
4.079665759663874051e+05
1.289247377540331508e+05
6.619036904151136987e+05
5.713374019247427350e+05
8.386415532354271272e+04
2.667423855416426086e+05
5.002515888597099693e+05
2.490445718444808736e+05
2.508129486481823842e+05
7.621622847176333889e+05
2.355618286390710564e+05
8.584703641621385468e+05
6.300696376469108509e+05
1.124924220463608799e+05
2.141297480091282341e+05
7.340963429314537207e+05
8.024026947111927439e+04
6.350085665392477531e+05
4.364353652549944818e+05
8.514098798022593837e+04
1.001718455964115565e+05
6.798665197700732388e+05
4.905645248630642309e+05
3.810210788543137460e+04
5.264949249520548619e+05
7.987900465039876290e+05
5.588282281835041940e+05
6.385457479123849189e+05
8.433446408598854032e+04
1.731816407889396069e+05
1.040339787856876683e+04
3.642422887214252260e+05
7.621754978475450771e+05
5.478687175915817497e+05
2.894520298831054970e+04
1.113293193636056094e+05
4.723520893798244651e+05
3.127741870438428014e+05
1.332636759543393273e+06
1.703887325088732759e+05
2.577770171458736877e+05
2.951869784006071859e+05
1.735734627073480980e+06
1.291657102835922735e+06
1.804223031817405135e+05
1.093312284654342657e+05
2.223961440813544323e+05
4.936708520468953648e+05
1.963228669597589178e+05
2.853361802285464015e+06
5.319455345927791204e+05
3.565309428238295950e+05
3.369978702991973114e+04
1.567552053272109770e+05
1.179749494706053752e+06
9.222866779836589703e+05
3.739932503719081869e+05
3.361613812461173511e+05
2.065821759453013947e+05
2.449437436332611833e+06
1.552429602259494714e+05
2.758501155856903060e+05
4.064789320829807548e+04
7.738643597445241176e+05
1.832773591575379032e+04
9.966124158225682913e+04
2.318748813525789592e+05
1.704667029051518533e+06
3.936795415660006693e+05
7.553015375392407877e+05
5.338083728638220346e+05
8.189961531490681227e+05
5.034792304756904923e+04
1.828098401601485966e+05
1.578564073409918463e+06
3.510575048592558596e+05
5.904641691370351473e+05
2.135978865733088460e+06
2.039344646060905943e+05
7.396378028145596618e+05
1.981607169897467364e+06
2.592515188194712391e+05
6.218359124813624658e+05
1.668129718516742869e+05
2.369973847231273539e+05
6.472345071038744209e+04
5.139736236048462451e+05
6.436125367176712025e+05
8.487226800125631271e+05
1.460307457472365582e+06
1.440283754035102902e+06
1.483670663802689640e+06
5.165448913786758203e+04
9.161657370789925335e+05
4.987815452633011155e+05
1.928817767729526677e+05
5.844980149508344475e+05
8.874514730562617769e+05
5.225055842590997927e+05
1.058086183342821663e+06
7.450636060392665677e+05
2.889703781568315462e+05
1.976770040367960755e+05
1.203593584091522265e+06
4.943360280544312263e+04
1.606746309449280670e+05
1.679940752399204939e+05
2.151868768915067427e+06
5.480977423193948343e+05
7.056368930348025169e+05
5.855873853394995967e+04
6.730652854595877579e+04
8.453906906163241947e+05
2.065839391719107152e+04
7.986773915446699539e+04
1.922673108215917600e+05
1.065983562692466192e+06
2.554416521509088634e+05
1.050334618266684847e+05
3.064274756924661924e+05
6.293776251369278907e+04
4.103298035271103727e+05
8.048814690702316875e+04
1.650845674362766556e+06
5.294933383823919576e+05
3.106019404961618420e+04
3.001168239368302166e+05
9.645223405609431211e+04
2.833796950040000957e+05
3.583757186768343090e+05
4.569766324287616299e+05
5.923707009943591402e+04
1.037550013885181106e+05
1.440461150319674751e+06
6.365349653925406164e+04
2.110073104962374200e+05
2.646994289669315913e+05
3.998075795318374730e+04
4.305192529171826900e+05
1.526607536225242366e+05
1.432162226403833774e+05
5.661808817568083759e+05
5.899311368551669875e+05
6.383095878512359923e+05
5.671649253798433347e+04
1.075486835191394901e+06
1.276460328122321953e+05
9.546409504851755628e+04
8.994387980047565652e+05
2.031096530919325596e+05
8.256624955571229802e+05
1.242259498446673242e+05
4.968265032787608216e+05
6.269473533471445553e+05
3.479068566376688541e+05
2.015229747375215637e+06
4.581012822369904025e+05
4.116831418426825549e+05
1.012364617753847502e+06
3.025779315592885723e+03
5.769176346916756593e+05
1.802660705126927642e+05
4.652978145564566948e+05
7.233068220175668830e+05
7.653042704832233721e+05
9.929392570070083020e+05
1.079776755797487276e+05
4.646493200945469434e+05
4.330468418231731048e+05
3.138622128035997972e+06
9.452218536108043918e+04
2.278738040738157579e+05
8.111704408310090366e+04
2.775899677522870479e+05
5.873282762309038080e+06
2.876769752559765766e+04
1.755213513274506549e+05
3.574651990124026779e+05
4.755162199399426463e+05
2.744265144613361335e+05
9.012803427148419432e+05
1.452378279526455561e+06
2.473726865801689273e+05
1.551430432462492026e+05
7.985343515696069517e+04
8.241695676087584579e+05
8.805411941070808098e+04
9.662772585059094708e+05
3.182106364336229672e+04
3.197463695428086430e+04
7.499933663841522066e+05
1.421457134427527490e+05
9.800749069583642995e+05
1.489026374536195071e+05
1.398432241074833437e+05
7.349931824994216731e+04
1.103858363832319592e+05
8.164906214860976906e+05
3.854060142352211551e+04
2.873618127601310262e+05
5.556828735356626566e+05
6.475494752225475386e+05
9.866163034673679795e+04
2.670453256368363509e+05
2.323266422568680428e+05
2.467541820290167816e+05
1.067258266140972992e+05
1.252543491309815436e+05
2.558826068476150278e+06
7.913601987913879566e+06
1.677369518084683688e+06
3.408248711671741330e+05
2.985856824592270423e+05
1.136803054559993179e+05
2.211267352980137803e+05
3.914490129257164663e+05
2.013308187283955922e+05
6.580018917570639169e+05
4.152167581545297871e+05
2.543664209384837595e+05
2.429538169209190528e+05
2.661735403740329784e+05
1.050275330017581582e+06
3.648690943901375867e+05
2.204435508701805375e+05
3.710304157726971898e+05
3.209304155221063993e+05
1.192807861503610329e+05
1.175833862322546775e+06
8.590590153284078406e+04
2.040627162928046309e+05
7.772937251194401179e+05
2.535966855424143141e+05
1.116271240238871542e+05
1.756009004766368307e+05
1.363805046067504154e+05
7.891803304306912469e+05
1.025732821423908928e+06
7.960494592275444884e+05
9.761477399415519321e+05
3.514533075945887249e+05
1.761096740759020322e+05
2.747850349924129114e+04
6.176549812045232393e+06
3.274888249964099377e+05
1.489432749434799422e+06
1.691082709123314708e+05
5.610235610190888401e+05
1.217635612530575745e+05
5.680210385451426264e+05
7.192639384098353330e+05
5.637869991374514066e+05
2.985670103021255345e+05
6.504795437028789893e+05
7.480297750083738356e+04
2.833698186373016797e+05
7.053864596329533961e+05
1.417130201268348377e+06
7.187125513242903398e+05
2.068601678524457384e+05
1.886255019265465671e+05
9.035793539484930807e+04
3.225903337593713077e+05
3.509311102681350167e+04
5.014027580278717214e+05
1.706836035147979273e+05
6.375946629609772936e+05
1.345134059793008491e+06
7.631002733617308550e+05
1.324640052712746430e+06
5.464546533760491293e+05
1.732910166806542838e+05
2.274621052625723649e+06
1.385699349141033133e+06
9.864544632707537385e+05
2.851951818931505550e+05
2.139171346185107541e+05
7.721279056124564959e+05
7.902935573370479979e+05
1.283441866497712617e+05
3.952776737726072897e+05
1.903387474509834137e+05
1.916753326552595827e+05
1.628509659694529837e+05
2.763570102828260278e+05
2.856568067611083388e+05
2.410318128688538272e+05
2.656023090083376504e+06
4.623848706496713567e+05
6.200238507926147431e+05
6.573324489946695976e+05
3.663554739916125545e+05
1.075825051450467436e+06
6.242827810709329788e+05
3.160229642050239272e+04
1.856126656221108278e+05
2.288004274586475512e+05
2.916834879086492583e+05
7.072518699396142038e+05
5.197746712991856475e+04
1.960829795654826012e+04
1.418145572282419598e+05
2.719633532156489673e+05
1.109084403862639592e+05
4.338274808495969512e+06
7.342042906260314339e+04
1.484233449233361986e+06
1.386924071579526062e+05
2.433974035081065813e+04
9.060202762168203481e+05
9.445494105342270632e+04
6.078639159680728335e+05
2.138705782070494606e+05
6.256256399592595408e+05
1.423979726599866117e+05
4.466958238465231261e+04
1.848868459685976559e+05
2.229386136956806295e+06
1.563371679880992044e+06
2.428399552211097034e+05
4.488169002303719171e+05
1.091115665798364353e+05
8.053400404404695146e+05
6.698631387665938819e+05
1.331215533262485871e+06
2.588533579272928182e+05
8.733871192700437969e+05
1.552398706646803534e+06
9.085230043810808565e+05
1.131226749315734487e+05
2.531885799960842996e+04
2.547080605921507813e+05
3.063560034953453578e+05
2.021878726558175695e+05
4.133084612810740364e+05
1.039482366886938253e+05
3.275359383457642980e+06
3.929531727150039515e+05
7.352953050453064032e+06
4.381206255689664977e+05
3.826313252897078637e+05
1.920183953181213583e+05
2.376312698050243780e+05
7.239754299488972174e+05
4.302938810654900735e+05
6.890878064163865929e+04
6.213754833666867344e+05
7.246265496710373554e+05
6.930674402671379503e+05
2.532987487308875425e+05
1.283251694699745422e+05
5.681473404091923730e+05
1.844487233896317775e+05
5.690744436834935186e+04
2.499130752896446211e+05
3.266022213592910557e+05
3.561251856906057947e+04
1.368813709317485045e+05
3.432062233155776048e+05
4.010806684162475867e+05
1.547507761696604430e+05
1.394996544434004172e+05
8.649670539330714382e+05
3.698376925458480255e+05
9.089338535709241114e+04
1.140014202821896179e+05
5.194011917787566927e+04
2.594580824392369541e+05
2.175034572677165852e+04
3.239604810675340123e+05
3.698800414376629516e+06
1.452840092223879474e+05
8.224205088024405995e+04
3.927792604849089985e+05
2.892811672075278475e+05
1.063889377206651494e+06
7.781852894189304207e+05
2.526088411625090230e+05
8.756202101243301513e+03
2.719169070392882568e+05
1.100365490095075220e+06
1.916899514998091618e+05
8.668623991977096302e+05
2.488366933571980044e+05
2.538746960203109120e+04
1.001141907567858929e+06
1.680556911379289231e+05
8.217796464678726625e+05
1.143387064451128477e+06
2.114033428501050512e+05
1.510185158604164375e+06
1.295553503192433418e+05
2.707044924448843813e+05
2.573310553377661854e+05
1.977444847624922113e+05
2.351626415467201150e+05
6.101676246372435708e+05
1.493544808260750433e+05
8.511699983435666945e+04
4.670503697925418965e+04
1.483725321255108807e+06
8.127306445079718833e+04
1.313164935218589148e+06
1.245954514713682933e+06
3.387365336087506730e+05
6.958292001577821793e+05
1.483513197060594568e+06
7.108094828305231640e+05
1.087384269532277947e+06
2.836316131676514633e+05
2.073733584426186280e+05
5.167044755024508922e+05
1.976948955210184504e+05
6.275383613464001101e+05
1.220633397024836268e+04
1.611025733352989191e+05
9.438688057701109210e+04
1.534754565957357700e+05
1.866930629457160132e+06
6.164156263861655025e+05
1.154915330734904855e+05
2.212663321725397836e+05
5.039113492140428862e+05
2.276669710734387336e+05
2.937604578602323891e+05
1.514340497305763129e+05
9.328763838154355763e+05
3.904334846852599294e+05
2.481137650360451953e+05
3.190358345621482003e+05
2.144544899185407558e+05
1.935893181381072209e+05
4.572078696059652139e+05
3.049931582733269897e+05
2.174015279398862738e+06
3.975094772019051015e+05
2.972869715707931900e+05
6.911323613867999520e+05
1.221824308496731828e+05
1.102621028896122472e+06
2.457932478082709713e+05
2.431604375147305291e+03
9.052436364687187597e+05
1.480018039436434861e+06
9.478733151947543025e+06
4.244675361507338821e+05
8.811910890700822929e+05
1.680506452877866686e+05
2.349799048948584532e+05
7.301256849335953302e+04
1.090433897578269010e+06
1.450441526843531057e+06
5.190855456350139139e+04
1.044811783074858016e+06
3.579593028088387800e+05
1.432801785013728950e+05
5.556274957880076254e+05
2.298663117126942088e+05
1.825953824371443770e+05
4.938355734015394119e+05
5.069082191699950490e+05
7.859062677368931472e+05
4.695922882147374912e+05
1.737408018058848684e+05
7.266645362775538815e+05
3.660567748168897233e+05
4.375023578784878482e+05
6.931672991051344434e+05
9.733788724877160275e+05
4.159831134606019477e+05
1.380269599396625417e+05
5.306132487453707290e+04
8.921211423129048489e+04
6.997875193649253924e+04
4.742686580611284007e+05
6.861812865380111616e+05
6.755350798930907331e+04
1.108175358476464869e+06
1.281070827235312463e+05
3.685254098113615764e+05
1.076124445566707291e+05
1.117646130039395299e+06
3.120754803501014248e+04
9.165261238734135404e+05
5.694730213103542337e+05
1.071350931761546090e+05
1.074893592356714886e+06
6.048045497977183200e+06
6.280338664583948412e+04
1.014005109604013502e+06
1.593125308781143394e+05
3.470509228838128038e+05
6.050875556897933711e+04
6.720160510258987779e+04
2.773224178955119569e+06
1.780820489937812323e+06
3.866866061547858990e+05
3.932772600761568756e+05
4.595329437721975264e+05
1.119669418644109275e+06
5.122560624950769125e+05
9.468604852060858393e+05
7.225953752945041051e+05
1.257354557332238619e+05
4.589578694015974761e+05
7.797610606326091802e+05
3.571087274251829367e+05
8.885939487200869189e+04
5.840300125402831472e+05
7.045806122825407656e+05
3.008827403088977444e+05
1.121208861734707898e+05
1.361925914379346068e+05
4.967076236752021941e+04
6.951822456663065532e+04
5.599018267743685283e+05
3.828001986903561046e+05
3.705344331237654551e+05
1.255431647467997245e+05
4.108655537233744399e+05
4.934526452277912176e+04
4.325374451932090451e+05
1.439760399978601374e+06
3.509947427040146431e+05
2.755852378349863648e+04
8.477272549818617990e+05
5.685217147194371792e+05
6.869388407370480709e+05
1.918396742782513320e+05
9.460420467519722879e+05
1.159565506458917953e+05
7.567999858584438916e+05
2.396604382629641987e+04
8.967985555701507255e+05
9.252896548584906850e+05
1.064689755585378298e+05
3.813446068400277756e+06
8.095980463701218832e+04
5.233138966944234198e+03
1.524725511338096403e+05
5.379157575387719553e+05
2.341250096040397475e+05
3.754815485891160642e+04
8.974182478592883854e+03
1.084204176664499537e+05
9.533109552292262379e+04
5.462634191038586432e+05
1.554501254327043425e+05
5.673174559735809453e+05
2.108466792816228408e+05
7.866237268367274664e+05
6.984018605196870340e+04
2.870859770720853121e+05
1.420425597249725251e+05
3.927475779272161308e+05
1.286858160120984685e+05
1.132795740821637883e+05
2.171340386799771804e+05
1.421375861187555129e+05
1.981546765785331372e+05
2.981936221715446562e+06
3.074696705083327834e+05
1.436003359260322060e+06
5.365382031699804793e+04
8.848839065894094529e+05
1.252881955725095468e+06
4.417966058172826306e+05
7.675573232170942938e+05
6.086107369005805813e+05
8.307797446535433410e+05
6.410616909396554111e+05
7.966859569253328955e+05
1.380737376749404648e+05
3.296549088172406773e+05
4.021583396220154245e+05
4.626598572817224194e+05
2.553381519701052457e+05
4.259921194342088420e+05
4.359414390873750090e+05
2.397870742331212095e+05
1.937962794108112284e+05
7.128032395672469866e+05
1.041721787453311554e+05
7.263535087582272245e+05
2.395229408286342397e+06
7.581430589267522737e+04
1.794308413493380940e+05
1.000246260009201360e+05
8.913639317380650900e+05
9.703316290967392270e+05
1.189924541208402079e+05
2.283619024552532937e+06
4.482728383727269102e+04
4.599993396095053176e+05
1.208436551961828372e+05
7.801980205320259847e+04
6.586403812841015169e+05
2.526619978649858967e+05
3.225162386020969716e+05
2.247657292362293811e+05
4.640705379473999143e+06
2.529724927027587910e+04
2.882345394866840797e+05
6.093129598381156102e+05
1.070857363941841060e+06
3.422006138108277810e+05
1.784584131829279067e+05
9.609002102736356901e+05
3.498994907014694763e+05
1.130062797499299086e+04
6.819740893629296916e+05
2.747849639195458731e+05
2.179860619083799247e+05
3.084883877617490725e+04
1.123890874366600532e+06
7.948761678300490603e+05
3.851592002500838717e+05
6.048973358296564547e+05
6.367176610449105647e+04
4.348102971008169698e+05
5.488194452827924397e+05
2.507079436149568646e+05
7.175510397540917620e+05
8.095950326839054469e+05
4.081750343089494272e+05
3.001312817433024757e+05
4.105554933329484775e+05
5.236641741160409583e+04
1.170032435455146944e+06
1.727978660349647689e+05
9.691612957713243086e+05
1.289958941296008881e+06
6.077721984233576804e+05
3.206450909242985290e+04
1.109356649170478922e+05
8.975648475269867340e+05
1.333479619151514024e+06
1.495945356257077365e+05
7.700791538234835025e+04
3.545443755829033908e+05
2.579420153984031058e+05
2.436768091883037414e+04
9.688459676801325986e+05
