5.927039520826943917e+05
2.836289877352268086e+05
3.858038990472594742e+05
1.742994401295367570e+05
2.680265540224763681e+05
3.454834421461017428e+03
2.057083453288377495e+06
1.365232852811812656e+06
3.133401217589201406e+05
7.588123584449660266e+05
6.732292569716257276e+05
3.149163200121800182e+05
2.546193294245390280e+05
1.361775026409287238e+05
6.247807655664624181e+05
2.145991852273696568e+06
7.554553317508261534e+04
5.202173210050201742e+05
3.930042876839027740e+05
3.843253341718690936e+05
3.415773266727461596e+05
4.575416404037564062e+05
6.987115237651455216e+06
1.827464025515838875e+04
1.391253678124864353e+06
6.026231551871395204e+05
1.537058377010949189e+05
2.968958966645913897e+05
1.193498478039002512e+05
1.584638169246579346e+05
3.337174266251039808e+05
1.451815035322203767e+05
2.936746912219349761e+05
1.139646488848404406e+05
5.347203003517086472e+04
8.806301888156660425e+04
3.201399496673594113e+05
6.390574227913942887e+05
1.427631896237320965e+06
2.499124508469671011e+06
5.970999105462227017e+05
6.244712595720159588e+05
4.281496088514707517e+05
3.273191905986099737e+05
2.040048561441643978e+05
4.695512448606314720e+05
1.425295285842691781e+06
7.569105913337288657e+05
3.852713724768953398e+04
1.605020953518163180e+06
4.396841886942983838e+05
1.103872877130685840e+06
7.695781009300568257e+04
5.504408854451739462e+05
1.305964172976855916e+05
6.985970065769857028e+05
1.349518596470062621e+05
3.415581257886785548e+06
6.020892758193316404e+05
8.754992926063151390e+04
2.430875125101919693e+05
3.508213271243004128e+05
7.896293797239916166e+05
3.896276685124831420e+04
9.237961390736889371e+03
9.054109450793160358e+05
8.805731468935916200e+05
6.394502105625744443e+05
3.077472952578885015e+05
2.092588412761204236e+05
3.602465136126661673e+05
1.291637260498207615e+05
4.925600361757098581e+05
7.320561272321159486e+05
9.417836334568517050e+05
9.918803154265742342e+04
6.488139202890836896e+04
4.605940785556643968e+05
1.925417918527935981e+05
8.299650206871410774e+04
1.463896587537339365e+05
8.950868978274942492e+04
7.065916185642107157e+05
3.043824373787485994e+06
2.275496508229530882e+06
2.044387093803669559e+05
5.615857930669331690e+05
1.048956701221651863e+06
1.434436699395505420e+05
2.685360577604164719e+05
2.797165690227886662e+06
1.465899820054247510e+06
2.001091002598656996e+04
1.134202404378023464e+06
8.150640008888619377e+03
2.001747772610526299e+05
1.369396090344407130e+05
1.096316149911211833e+05
4.399833779557176167e+05
3.267063428862434230e+05
9.614431629395390337e+04
4.629875021079891594e+05
1.538114663568289019e+06
1.085501208048668690e+06
5.082545913172945380e+06
5.999055951860837376e+04
2.823628458802437526e+05
1.050692539124050876e+06
1.554992972542565549e+05
1.488758400146717904e+05
3.795945579856652184e+05
6.726637356744752033e+05
1.789909720259582682e+05
2.593840781385367445e+05
5.373966023560543545e+05
4.641017333933993941e+05
3.445104989156560041e+05
1.052822363179683452e+06
2.311209875822487753e+06
1.153558123489994090e+06
5.937389414221063489e+05
5.547046171043682843e+05
6.341853947019017069e+05
4.317295651576687815e+05
2.142617258959201572e+05
5.106200201040231623e+05
1.720691587038491271e+05
8.338576201658138307e+05
5.720717414976720465e+05
1.109680798108838644e+05
5.055977961570355110e+05
7.127308955197181785e+04
1.508659547424608354e+04
3.599090513286145870e+04
1.364436287744736765e+05
5.564403915912713856e+05
3.914050401652686298e+06
2.077175582007092016e+05
4.519990931055199326e+04
3.352724257562348503e+05
1.634839645478425664e+05
7.440679785181560146e+04
6.266618545564867090e+05
1.314111071792507137e+05
4.890536770347406273e+05
5.032578326720008627e+05
9.432785656169461436e+04
1.784982063425384695e+05
4.553937199962784653e+05
3.265784725567426533e+06
9.004625510857610789e+04
8.417506947618303820e+05
3.704663161575747072e+05
2.243027861000428908e+06
2.781261804085519980e+05
7.768227723793938057e+05
1.689303839468040678e+05
1.898244504456709838e+05
1.475052585854412755e+05
9.909582124078467314e+04
1.933204573663236806e+05
6.624583394979543518e+05
1.539759092865142506e+06
2.986984070149493709e+04
1.312216335323972744e+05
5.463984438393820310e+05
3.118754140990928281e+06
1.358681544107979280e+05
1.168145258802500088e+06
2.286496653464020055e+05
1.931642920437493885e+05
2.471107577758177940e+05
1.110277596335958951e+05
6.109570494979231153e+05
4.960770432613221928e+05
3.476122201807998354e+05
3.165032807782046730e+05
1.232518852685490419e+05
1.624941139161189203e+05
2.184382747462139814e+05
1.432637763245145034e+05
4.249378280083395075e+05
3.183362992247123038e+05
1.913112426766001590e+04
6.064921950216505502e+04
4.074098470783293014e+05
7.243200810519995866e+05
3.504691257431610720e+05
4.206866311623784713e+05
1.592156022808941198e+05
7.455960673297948961e+04
1.339452614170327142e+05
8.765590636718095047e+05
2.405872818329992297e+05
5.630525856094290502e+05
2.540078374973978847e+06
1.327828988586023916e+05
2.686076941848581191e+06
3.563908933382292278e+06
1.028162449076750432e+06
1.063735153946075588e+06
9.871124549484810268e+04
7.021634241801453754e+05
4.044070386772936909e+05
6.216310908495205695e+03
2.079493821806020860e+05
3.233673870275959373e+06
1.124969839574043406e+06
4.298671245159225073e+05
4.777973436205210164e+05
1.341354578282794682e+06
7.767593981440379284e+05
1.926236766481301675e+04
4.813340907481787726e+05
2.240616031665416958e+05
5.423000949453664944e+05
2.643300954330475070e+05
4.237741318532868754e+05
3.141915227167843841e+05
2.064975785257704410e+04
2.482336516344082542e+06
1.865497795534773322e+05
2.269529006408982910e+06
1.169512325094613334e+04
8.316271405727311503e+05
3.031231324248610763e+05
6.775554577277251519e+05
3.041687263665464125e+05
3.681993242529277341e+05
8.795044281179871177e+04
5.563790213189977221e+05
3.922876082883113995e+05
1.326201227969548199e+05
1.981875957684796012e+05
9.299863801350827562e+05
6.108327849317430082e+04
7.195255218836147105e+05
4.531388885305395233e+05
2.487243826926701295e+05
1.340540788380369777e+05
1.526438944744631881e+05
2.194272843094388023e+06
2.685493765438450966e+06
1.218416658921416274e+04
1.564402746462564974e+05
1.181179331892797927e+05
4.095823103469688795e+05
8.911006037563451100e+05
3.530636109947454534e+05
8.314331611272002338e+05
3.765830689166455995e+05
8.189326725963152421e+04
2.746020885562171461e+05
3.977805751986354007e+05
2.402215730324690230e+06
3.709688829056516988e+05
5.871562011008973059e+04
7.086495929877739400e+04
6.756743438768674387e+05
2.051680818364493098e+04
6.985743479680148885e+05
6.421464948205585824e+05
3.625694345454572467e+05
2.619431242590469192e+05
1.997940753175824066e+05
2.726670892219364177e+05
3.840684512060093111e+05
4.505467226254826528e+05
1.977034701804625511e+05
8.199688615219418425e+05
5.326320152261812473e+05
4.116209950204958441e+05
8.484371693859326188e+05
1.307090146056840662e+06
3.191295364857994718e+05
1.030202361205730238e+06
1.238069044512764376e+05
8.748338602121653093e+04
1.973334311473934795e+05
5.510745269648178946e+05
1.319907749980209046e+05
3.404899828806277219e+04
2.708260533863879973e+05
2.724750524275343632e+05
2.721628843778038863e+05
4.126696812841650681e+05
1.428097541667963378e+04
3.404656686130232993e+05
1.804017435201014741e+05
2.310243870211305330e+05
7.518520500349327922e+05
8.288730900032246427e+04
5.680338034795745043e+05
1.424501694715280319e+06
8.039334780928988766e+04
7.748027314115280751e+04
6.933385225034545874e+05
7.271938909176919842e+05
1.034125140126225073e+06
3.176334776405158918e+05
2.291663745885446260e+05
5.411403906019572605e+04
6.475518351625784999e+05
1.034211017825068993e+05
2.746694148365998408e+05
2.829983189780244720e+05
3.366680075378987240e+05
3.347537600501510780e+06
2.881674997703394620e+05
2.061645843385653337e+06
1.710527474591124337e+05
1.057025172954326845e+05
1.107690398156778829e+05
5.231484571560451877e+05
1.147847548032250634e+05
3.137465031774283270e+05
9.643223974597982597e+05
6.506543701966725057e+05
6.859097204327085055e+05
7.792792730824317550e+04
4.744839042318532593e+05
1.975419609550595123e+04
5.816788712770190323e+05
6.165106923729695845e+05
5.212639714488538448e+05
3.306638433034382615e+04
3.502259863386289217e+05
5.300120720988049870e+05
1.055000335566765396e+06
6.155319812023378909e+05
4.069167591058224789e+05
2.240045130370866507e+06
6.784437138266219990e+05
1.895123860060539737e+05
3.092837351439272607e+04
1.288367953582988412e+05
2.409202775223100325e+05
8.599396699307807721e+05
8.246166356131770881e+05
1.121706112229294231e+05
8.516277991244675359e+05
3.330843407258981024e+05
6.560947559249545448e+05
2.717654919134467375e+06
4.082470266068381607e+05
2.553833511820365966e+05
7.676830483119176643e+04
5.427663565559004201e+05
2.985698082682331093e+06
4.137454051996744238e+04
4.936031439033024071e+04
3.733694166731895879e+06
3.829810620731476956e+04
2.181539683775730431e+06
3.411420775962661137e+05
2.225103384641952813e+06
9.051938031518404023e+04
2.815050285548875690e+05
6.082803134954499546e+05
5.501294892048402689e+05
7.738672882829420269e+05
1.246029277854143642e+06
4.822598513836281927e+04
1.141238228429256560e+05
2.222329078624242684e+05
2.485814490718248708e+05
4.957121895039636875e+05
3.416151157160659786e+05
1.889260743387425551e+06
8.913681968902975495e+04
1.466870317363156471e+06
3.578211202450016979e+06
3.485349874169739196e+05
3.736942760367749725e+05
1.133616676750867628e+06
3.449135398290570593e+05
8.506681734592928842e+04
7.932463098454302235e+04
1.602193857592953427e+05
2.902826998287126888e+06
2.996911217464305810e+05
3.787988186383850407e+05
9.450542987413390074e+04
7.192979459637214895e+05
3.803328850902452250e+05
3.505042555949299713e+05
2.332556090074832900e+05
8.264817631656656158e+04
3.385920849263592972e+05
3.724947020735763013e+06
3.005326020947215147e+04
1.407797880515048979e+06
1.475614725509070558e+05
1.212573607442966895e+06
4.494833653239051346e+05
1.968272517326317611e+05
2.174723729859319865e+05
9.242782647179096239e+05
1.998468441952215042e+06
1.589997803734798508e+05
6.090439424594957381e+05
3.050548132496867329e+05
3.255653918271341245e+05
6.558617118482720107e+05
3.327546292734355084e+05
1.618423456180140201e+05
2.876615494854697608e+05
2.334968218467844708e+05
8.930806068585885223e+05
5.980827909530257602e+04
7.562682418607239379e+05
1.849747250830598874e+06
1.811763876909883984e+05
1.388451995892552950e+05
6.165156403918197611e+05
6.248949647821548861e+05
2.736130718058107595e+04
1.230463506270817248e+06
5.609918340653387713e+04
8.386866780546819791e+04
7.528090861066886282e+04
3.053969697844255716e+05
2.662037256582243135e+05
1.819689239734049479e+05
1.641532833497223619e+05
2.017204733031413052e+05
7.709092777297302382e+04
1.701934147576243849e+05
3.298918971731129568e+05
6.537451107849456603e+05
3.916079244940972421e+05
8.304462442856478738e+05
1.121935744409767911e+06
8.593964060588848079e+05
7.257802598806570750e+05
1.591513801314666402e+06
1.627029443671324989e+05
2.406722882578637509e+05
4.726031565711111180e+05
4.005096828033426777e+06
1.988467761227629380e+05
2.918631332657472813e+05
5.490185898834246909e+05
4.281165761860908242e+05
1.027482747077526990e+06
2.347794986913771136e+05
1.009992984597253526e+05
5.222456889208884095e+05
5.043454277355719823e+05
1.339519929379399400e+05
4.359922880932908156e+05
6.101270847697986756e+04
3.437773007403597585e+05
3.286484014511870919e+05
3.219675874091922888e+05
7.062211940890847472e+04
8.453792117454726249e+05
6.831797801851354307e+05
7.209579749735218938e+05
3.263755329888000269e+05
4.536373294980790815e+05
4.689001373409929220e+05
2.338004402252768923e+05
8.733085309542857576e+05
5.366781321945260279e+05
8.331308409158200957e+05
4.161551030869316892e+05
8.521125416813329794e+05
9.338667436180510558e+05
1.180142801570553565e+06
1.204823270705164905e+05
3.282411418597657466e+05
2.445134563024191302e+05
4.929489942020459566e+05
1.028506884938613512e+05
8.727992839355020260e+04
3.913463469168622978e+06
1.915102190185778018e+05
2.563763483556231018e+06
1.854039508984270215e+05
8.363863628010923276e+05
3.217008810712355189e+05
5.321046990355501475e+04
2.714168403213297715e+05
1.000580311875972839e+05
1.424302948707173113e+06
1.199334249755508266e+06
3.889628773196529364e+05
1.578329115240471729e+05
5.294960657840805361e+05
6.018498469669274054e+05
6.693598457418321050e+04
1.358050335895699391e+05
4.012899688694644137e+05
1.994365092510840332e+05
3.684815879935293342e+05
1.332147267118411837e+05
2.802403779305241187e+05
1.710424448616036098e+05
1.031971209806757746e+06
2.411525611982604023e+05
6.865769625036776997e+05
2.120253022284983017e+05
5.687750698816044023e+05
5.062336631430487614e+05
3.328846684910882032e+05
1.798069445301430242e+05
3.884627972754450166e+05
1.188027038194764405e+06
3.528761491203448386e+05
1.023404479551074328e+05
9.757272397202256834e+05
3.447145935981655493e+05
2.498401480511236878e+05
2.332847373383128550e+06
6.452658061630905140e+05
3.864494599307992758e+04
3.079244111394611537e+04
1.347781427932441002e+05
1.966226973985181423e+06
2.820688269883155590e+05
7.358443763396186987e+05
1.868033944151320902e+05
5.731508613065177342e+05
2.743565619396395981e+06
3.708024088123249385e+04
4.999057287665611133e+06
6.688854766258950112e+05
3.356599091720310971e+05
6.509541706096732523e+05
2.821088466021186323e+05
6.254341688907555072e+05
3.519862259359051823e+05
8.672684519474276749e+04
2.897366744823165354e+05
6.246200483951282513e+04
6.657044801393443486e+05
1.310660926492759609e+05
2.988102143639748683e+05
2.897293237576263957e+06
3.154098124272890273e+05
2.234059645270646724e+05
2.339137310609169945e+05
3.832935561516086455e+05
1.238991733885877999e+06
3.855835633028240991e+05
3.816748490937888273e+05
6.732893414643843425e+05
4.179970122752024909e+05
8.707288162888168881e+04
5.150331911631273106e+05
1.190649767544601200e+05
1.146595719855409989e+05
1.559126222754837654e+05
6.583563380614337511e+05
3.919316600289430426e+02
1.333093911945158150e+06
1.391010638907569461e+06
7.744966870517522329e+04
1.415176310193694662e+06
5.201291075944463955e+05
4.960912264912611572e+05
7.260641537539687706e+05
1.141220709805212246e+05
1.841064943301658845e+06
3.986992491724152351e+05
6.896386253280706296e+04
1.835199762485901592e+05
2.014314076342260698e+06
7.394889624820508761e+05
2.112172034324549895e+05
1.062332973150595790e+06
6.517804986228630878e+05
1.804179808471936267e+05
1.808826109961405455e+05
2.498898039651259896e+05
2.644642889421695145e+05
7.608056104016151512e+05
1.033627513078357442e+06
6.786320404911244987e+04
1.244259703877616674e+06
3.999898632560832775e+05
2.592723735419247168e+04
9.909313993426122470e+05
8.475045586511491274e+04
1.093336368019977352e+06
1.878616558405064279e+04
3.425991628316066926e+05
2.876209664677842520e+05
1.017275663470438594e+05
7.729619355162176071e+05
6.543879721327282023e+05
1.587035885047196352e+05
1.096273406049460900e+05
4.888634992759702145e+05
1.755029853485683445e+06
2.930006246810212615e+05
5.592008556589405634e+04
7.328838190758260898e+06
2.941271258384119137e+05
5.011454544432548573e+05
8.001675391433351906e+05
1.361988967614284193e+05
2.411440385693631470e+04
4.443574354315639357e+05
2.274653880607197993e+06
8.772460919981998450e+04
9.466971189686423168e+05
4.625739698019492062e+04
1.732180280769669218e+06
4.964858892444962112e+04
1.906495839744268451e+05
9.703225224133736629e+04
1.293940239613978483e+05
8.584513239690720802e+05
1.479770952367045393e+05
8.189865807762305485e+05
8.625473315696381906e+04
4.261153938521910459e+05
6.584602566491855541e+05
4.542156593269219156e+05
1.534025901398054557e+06
1.297104554975591309e+05
1.296889364731319714e+06
9.351892351812006673e+05
1.510740331207871903e+06
4.455696711172020063e+06
9.955773134685723926e+04
1.487068709931680351e+05
6.931324401503098197e+05
9.711963094411421334e+05
4.193707108425950282e+05
3.234899157126321807e+05
3.922466255171167664e+06
1.454616078048404015e+05
1.295226287251689471e+06
2.445696721360570809e+05
5.006432293814908480e+05
2.703111726061584777e+05
2.683843723928560503e+05
1.137713904676557984e+06
9.945424461935299914e+05
2.246589570614123950e+05
7.812594868282149546e+05
4.207393556791900774e+05
1.453075012235768372e+05
8.073207928564094473e+05
2.378545881972770815e+02
7.707518418642917823e+04
1.060129942394338781e+06
5.856488619583385298e+05
6.516599161705269216e+04
8.365200010052356811e+04
3.216776528573668562e+06
1.842613214084195206e+05
2.816528210767665296e+05
4.357324506786123384e+05
1.378294410681762965e+05
4.420197075478210463e+05
8.967227135229647392e+05
1.933801546366122784e+05
8.450447209766529268e+05
2.211692472972565156e+05
2.502003227814363781e+06
4.425016362619422725e+05
3.728794303543540649e+06
1.626322227381541161e+06
7.692818341130367480e+05
3.787550773168642772e+05
6.018127366212948982e+04
3.009445724635812221e+05
2.480869962980526034e+06
2.911682383813005406e+06
1.048312241424153035e+04
2.875778870627055410e+06
4.689781637546895072e+05
8.687782522308845073e+05
1.221757787603734905e+05
6.787884433614179725e+05
1.091980175443504413e+05
2.592020597147903027e+04
1.196565916818393162e+06
3.190702880213650860e+04
6.877128123879813356e+05
5.445262871508440003e+04
8.321517781302384101e+05
5.097899492628111620e+05
4.364471163492333726e+05
3.990800764885121607e+05
1.930589357603438257e+05
3.443726364804917830e+05
7.199496327363750897e+05
5.164369345323778543e+04
1.745258336363901617e+05
1.621512512805748265e+06
4.322722891945240553e+05
1.578470835270101670e+05
7.874767002502966207e+05
1.080142557501651172e+05
8.194056077509631868e+05
3.584429970960010542e+05
2.045045847462187521e+04
2.283606222743822145e+05
6.710248324714115006e+04
6.082772566852133023e+05
2.724095676207784563e+05
1.368617337124572950e+05
5.363997411937547440e+04
1.464042272826033412e+06
1.488722797358620737e+05
1.355656289612765249e+05
2.431677048639073037e+05
2.112113350618084078e+05
1.327005597787452862e+05
6.292591928437893512e+05
2.496198632251825475e+05
7.664187783400057015e+03
4.840998162736535887e+05
1.442647468159566168e+06
3.765090602062272374e+05
3.602831737186970713e+04
8.324480281794281909e+05
3.639127267345194123e+05
1.203606083870034665e+06
7.167375832338595064e+05
5.214961905989156221e+05
6.916841050019550312e+04
1.675623206523382105e+05
1.474441959771669062e+05
3.154953430485805147e+05
3.823563280036173528e+05
4.145965198986254400e+05
2.089907564680259966e+05
2.129181415188419633e+05
7.140567204663365846e+05
2.999658054418473621e+05
1.617507451965284708e+05
1.018005080515616137e+05
9.737145606922472361e+05
7.174477017818513559e+05
2.302144490230153606e+05
5.277962175144617213e+05
8.247357921574001375e+04
1.012272553064296022e+06
2.818999728287525359e+05
9.745632760273816530e+04
1.011098611260148813e+06
3.924013876645882265e+05
1.059055109992666170e+06
9.456133608243453782e+05
1.351568620542043122e+06
1.485135127133924107e+05
1.867928768713243306e+06
9.407539729623928724e+04
3.266742537442826433e+05
2.038101235328315524e+05
2.991649834134761477e+05
3.396295011331929709e+05
3.422239129135339754e+05
4.371769749590885476e+04
4.192325959165910172e+04
6.676920179760053288e+05
3.076492484117909335e+05
2.297180605848288687e+05
2.384918833928573295e+05
5.111661813436607481e+05
7.165680485454518348e+05
9.199740321827498265e+05
2.636544501712279744e+05
2.786886189209903823e+05
5.476932391229295172e+05
4.487622173281615833e+05
6.016766365236897254e+05
1.622533325346744969e+05
7.476120402629823657e+05
5.194564346679319860e+05
1.644790849288713362e+05
1.871433480626345845e+05
4.170653586178252008e+05
1.277544000646304048e+05
7.155438314904122672e+04
3.700974811091405572e+05
2.884430114147593267e+05
6.234248141918826150e+05
1.306380617290798546e+05
1.045896243964325986e+06
3.333650062408060767e+05
1.710606223233597819e+06
5.531952618579878472e+05
6.308052753621448064e+05
4.935048266867097118e+05
2.679618494602097780e+05
2.599301669605089119e+05
1.853781582632513950e+06
2.089542259144214331e+05
1.197698472396046855e+05
2.847108023964256863e+05
1.025731315553677850e+06
3.269634494450869970e+05
2.769005997681765584e+05
6.357131121225405514e+04
1.274510240607038577e+05
1.143640945972406771e+06
1.214680995040281909e+06
1.821840082424984139e+05
5.242069602921069018e+05
3.804463639294551685e+05
1.299188569244557293e+05
3.078525894248224795e+05
6.603346421409144532e+05
1.914739182172269560e+06
8.899870264628473669e+05
5.124448012498882017e+05
5.627500158829370775e+04
1.090930662634891924e+06
1.785681770152912359e+05
1.984010200095876935e+05
1.046175551745579287e+05
2.896794392916453653e+05
4.154905964760085917e+05
2.316664064248240320e+05
1.346757641391936049e+05
7.909307721204993315e+06
2.181060784771938052e+05
9.973127958010187140e+05
1.783319123906045570e+05
5.037547108804271556e+04
1.543227670216412051e+06
2.034649828261754883e+05
8.383478240735115833e+04
2.336816542609346565e+06
3.661467072161598480e+04
1.699244981653609429e+05
1.815810185970362276e+06
4.142291088409047370e+04
5.606521862713275477e+05
8.021667292488367530e+05
8.351770202313989867e+05
1.780358229032732313e+06
2.655354255159573513e+05
1.333733674527936615e+06
5.008073485486796126e+05
2.289815375737398572e+05
4.649975946412163903e+05
2.438393734520505823e+05
1.830055128289656132e+05
1.915991041614420537e+05
5.670118068075074116e+05
4.290784199100100668e+05
1.463097628164599882e+05
3.869035478270702879e+05
3.155885032144013676e+05
8.598954537963184994e+05
7.333065822066314286e+05
6.305962320554757753e+04
3.115195173869711580e+05
5.129205890921026003e+04
8.716847061095708050e+05
4.009774495420083404e+05
1.817008171556208981e+06
9.081226415190937696e+05
3.627856616075604688e+05
2.469532903779846674e+05
5.888893774931094376e+05
1.871174222776530951e+05
7.988933582673636265e+05
1.219687251091545913e+06
1.942913502493846463e+05
5.124022595525094221e+04
7.152712333431566367e+05
1.671596423631882644e+05
6.551093184257601388e+05
1.566159295503032627e+05
2.181219926953839604e+05
1.788326188760127407e+05
2.336800752131509944e+05
1.259897793451940874e+06
1.162784104082249542e+05
3.325890873403326841e+05
1.396444417885041330e+06
3.246976502149677253e+05
4.193317452859086916e+05
4.636916256556446751e+04
9.500417893878078321e+05
2.523278380551770679e+05
4.847593259017094388e+05
2.592841784049290436e+04
3.550378361530735274e+05
7.756576698988981079e+05
4.472282350657750503e+05
1.843017672789428150e+06
1.251351156898355985e+05
3.624462036482032272e+05
1.344824185647527920e+05
1.416252839223419083e+06
1.569535541911200853e+05
5.899283948277010350e+05
1.353218731624844368e+05
1.374087206948761886e+05
9.263741331308686640e+05
3.199793498033604701e+05
4.556098578935372061e+05
7.652297972344385926e+04
8.268311173576452711e+04
1.735305387573969492e+05
1.707672344891158573e+05
5.749996040301596513e+05
1.041141029357942898e+05
1.549153928346953180e+05
1.808285126761639549e+05
1.017457411534704152e+06
9.975826548521348741e+05
1.493188272603479563e+05
2.619168664437679981e+05
1.938226578229645675e+05
3.443239234526586370e+05
2.943132194986578543e+05
1.252341143120739289e+05
5.293765691920318641e+05
4.600994536715933937e+05
5.040456576346487273e+05
3.581273336534592672e+05
3.192864049645416671e+05
3.209043571604516183e+04
2.973709090224982938e+05
1.833712141260633070e+05
1.645623352435210545e+05
9.913144807422462618e+05
9.320206597072115401e+05
6.781463416972134728e+05
1.118023377453947032e+05
2.324028254821597598e+06
1.120634761525696144e+06
2.597240254843393632e+05
3.307755640111349203e+04
5.910601407366631320e+05
2.556107416589108470e+05
4.622780079639491742e+05
2.130383323145699978e+05
5.416876589543148875e+05
8.736269026991995052e+05
8.588353802156650927e+05
1.603577593032017467e+05
3.672932104811344179e+05
1.069956100002921652e+06
8.597047284195711836e+04
9.524543555491572479e+05
2.402055989377901715e+05
8.978849651994999731e+05
7.899879918687606696e+05
4.379264245284411591e+05
4.245555125198182650e+05
5.144710856056128250e+04
3.382465548205660307e+05
4.567638124248153326e+04
1.999039417998159479e+05
6.306227007985478267e+05
1.081725100909677567e+06
1.300958916511390853e+05
4.537600924712222186e+05
9.100072100513862679e+05
5.048441111087334139e+04
5.859146798363314010e+05
6.369683277187195927e+03
6.828571494114559609e+05
6.279229905273782788e+05
4.358954377465856378e+05
1.263615182694539195e+06
2.266759570287681127e+05
1.253184399167763302e+06
1.075095433215267694e+05
3.466521113304759492e+05
8.597204639241000405e+05
3.139009954704659758e+05
4.851057145961115020e+05
1.113665820573749370e+05
3.470863275091261021e+05
3.414995496704102261e+05
1.643197673864972778e+06
2.992847101140466984e+05
3.186599817817185540e+05
8.489975412225029431e+05
6.407769313385251444e+05
2.036923817367040028e+05
3.011445961084839655e+05
4.743088653686523903e+05
1.376810313250558451e+06
1.551664912494958662e+04
1.055531842808929214e+05
3.809347471219528234e+05
4.568183456034234259e+05
5.589363120787662920e+05
5.956529019258741755e+05
3.911408169206955354e+05
3.650644731422456680e+05
8.656365414050731342e+05
4.953662506157747121e+05
9.777559060152503662e+04
5.668382502561367583e+05
8.380525942670527147e+05
2.887467464615213103e+05
1.125239339751476364e+05
1.812295338449963601e+06
2.002860824852396327e+05
4.447461303709284985e+05
9.088421315027397359e+05
1.776621346676209068e+05
2.857870516810047557e+05
5.097753462976550800e+05
2.143945360259978625e+05
6.738221986680282280e+05
1.889749479474709660e+05
1.154560948753127130e+06
2.075662945054460433e+05
4.185799978237303440e+05
2.145483033812214271e+05
3.772226450482217479e+05
7.547654088444572699e+04
1.052613456954664085e+06
2.223062684627730923e+05
3.041060544893958722e+05
7.680488474551872350e+05
1.066609359454151709e+06
1.330806759224268026e+05
2.133416927840815624e+05
9.526697699449770153e+04
1.019801030035041273e+06
1.781464550658281951e+04
2.497456434659061051e+04
5.004538667138923891e+06
6.287443959869277751e+04
1.425492409761643037e+06
2.462711877253377752e+05
1.976013511145549128e+06
3.315711092055869522e+05
6.686442385547022568e+05
2.603967744948188483e+05
3.176999739461133722e+05
2.427952520084098913e+06
3.768068447307249880e+05
9.335002306398910878e+04
1.458469229625167500e+05
4.009300026218569838e+05
9.032317609469828894e+05
1.727223412625385681e+06
3.173481214384878695e+04
1.279818265635512507e+05
2.285707608895271187e+04
4.449565357750507974e+04
1.442530189531408541e+05
2.047704863020287012e+05
2.708468071192394127e+05
4.701062832620732952e+05
3.398720922398909461e+05
5.130881605814380600e+04
4.810647234985696850e+05
1.650258931832320057e+06
2.032134366546947509e+06
6.993476601693979464e+05
1.802364668474933133e+05
1.036418848078414216e+06
1.495999103294322849e+05
4.752889712639890495e+05
5.718971853849109029e+05
2.147511638428779785e+06
4.541481803138260148e+05
7.481615170151409984e+04
1.032498360607136710e+05
1.385593822524268762e+05
6.951036661490675760e+04
3.102271903738127556e+06
4.212078395867372747e+05
9.970627192416149192e+05
3.371181231089542271e+05
3.915473144008594099e+05
2.394461157792592421e+05
1.484594099642819725e+06
2.895893531943696435e+05
2.012730449655660777e+05
1.901739960516142892e+05
1.543337691206259653e+06
2.532562290449985594e+05
2.287995204679599847e+05
4.296575848519144347e+04
9.801843922320443671e+05
2.251035286449951236e+05
1.258651199406566593e+05
2.327540181991171557e+06
5.265520600313325413e+05
2.010979927541733196e+05
9.932750153963387129e+04
5.611441554485895904e+05
3.135433754838442546e+05
3.385819544383775792e+05
8.311705383030764060e+05
1.695247676179901755e+05
8.125471114331061253e+05
1.088867980934124644e+05
6.332876712738692295e+05
7.109630176525678253e+05
7.741392332140142389e+04
1.605032811402184307e+05
9.586281762262160191e+04
8.705787188866830547e+04
1.577322758114035241e+05
1.176585929545007239e+05
8.603425103998042177e+05
9.062483776738784509e+05
1.632528132414384163e+05
6.683648890851278557e+05
2.516757731319471786e+05
1.980962455729636713e+05
2.421002007682397671e+05
7.311980260578580201e+05
9.538188276498510968e+05
1.123491036949129542e+06
5.185682573551556561e+05
2.588332884274179814e+05
9.315989647389059246e+04
3.159643115007635206e+05
2.896343370130527182e+05
1.354583495836492511e+05
2.093937309896595834e+05
4.003093463177372469e+05
1.308788762111799791e+06
3.052223832602884067e+04
6.963630361214331351e+05
8.778948898262169678e+05
1.115740162497080892e+05
3.262475903212457197e+05
6.564157534084501676e+05
2.438046033642596740e+04
6.492999671939857071e+05
1.091607366691721400e+05
1.922809941174432752e+05
3.078893040115794865e+05
5.491913584501540754e+05
4.349165926095961186e+04
3.056574310112581588e+05
3.939253604122485267e+05
3.186702243019800517e+05
8.921915987212716136e+05
3.574585766365093878e+05
9.494090137448754103e+04
5.007742863595180825e+04
8.513361178610946517e+05
2.986506022353023873e+05
2.371030295259500854e+05
2.146136734109988611e+05
8.257588244490314537e+03
8.304454939475168940e+05
3.832202986097306712e+05
2.144467274556439370e+06
2.116871757359633193e+04
8.113395860373674659e+05
2.370351806039063958e+05
1.425461189818617131e+05
2.203613652243393473e+06
4.007954892580760061e+05
9.309671097613396705e+04
4.449397715224949206e+04
1.212455334383303532e+06
3.525986161577083403e+05
3.753041446403062437e+06
1.631905835953049129e+06
3.189310609179060557e+05
3.068461483689075612e+04
2.248704166061604337e+05
5.548718305139082950e+05
2.982966290347678005e+05
4.042418568937385571e+05
1.181963600360140117e+05
6.497352042306615476e+04
9.808002612390121794e+04
5.767830974060537301e+03
5.526298212166486774e+05
7.928962707451949827e+05
4.908074753398045432e+05
4.505457377612546552e+05
2.559481206706491939e+05
4.811209051352011156e+05
3.277165580305628828e+05
5.631062304241958373e+03
2.358520895863708109e+06
2.132616481894454046e+05
1.361432010264777811e+06
1.413967809926572954e+05
2.739503269721876713e+05
1.316094694442424458e+06
4.223884289622485994e+03
8.403900785550357250e+04
1.780724875506845128e+05
9.314310852531762794e+05
1.010367311259389098e+05
7.717447958363418002e+04
5.608479712084693601e+05
1.819817554439958185e+05
4.560181694522745238e+04
2.270879029192257731e+05
4.277592355502776627e+04
4.062873504856068757e+05
2.555145355457714177e+05
6.942922361201661406e+05
1.483268150850722333e+06
3.397727965835140785e+05
1.257598615649537649e+06
2.986147622947600670e+06
2.443708998775199871e+05
2.194262917359372659e+05
4.575987258865903714e+05
1.836475728152375668e+05
5.871775327583656181e+05
1.168160965767014932e+04
1.509040719790473522e+05
9.226402446206226887e+04
1.005063915976913413e+06
3.770686324561807123e+04
7.315014535006415099e+05
1.343554462887927075e+05
2.287626372506489512e+06
5.865150785930112470e+05
1.218327271607563598e+06
1.848966966767692007e+06
2.180666613702120667e+05
1.615360084736064542e+06
4.554277452448430267e+04
1.086992947731417516e+05
2.438008722432276409e+05
1.052909544540428578e+04
5.726584171669509960e+05
2.353240240631709457e+05
4.529472405428241473e+04
2.288164271854131017e+06
7.418930916973402782e+04
2.491216090311896987e+05
3.901094936491510016e+05
2.358811690426273854e+05
1.928202189015442564e+05
3.543305683628347469e+05
1.317203417676492129e+06
2.369583836191440932e+05
1.382269767163556069e+06
5.650278532615655422e+04
6.573833644969296874e+05
6.893697275713571580e+05
4.021626394732040935e+05
3.815698833239244414e+05
1.212222194941406633e+05
1.684409488381179399e+05
1.146312556033484172e+06
2.204688749819321383e+05
6.808163603853821405e+04
8.960920335480314679e+05
6.128750327833349584e+05
1.950575553375062009e+04
1.618534746351352951e+05
4.236984691034808639e+05
4.022061596989302780e+05
4.647209928542601992e+05
1.098991557855426334e+06
1.919270230948680837e+05
5.527936717495956691e+05
1.789891652512836299e+04
2.792884127591752331e+05
4.415303195812272606e+05
2.232159083514921367e+05
9.908360104258952197e+05
1.508114971485358546e+05
2.569962270253634488e+05
2.636518271236174041e+05
7.275912647036598064e+05
1.934472428848067357e+05
1.253113669562851079e+06
1.836983416234639008e+05
4.307588612001092406e+05
7.523885088489679620e+05
6.133935281678141473e+04
8.945965572304732632e+05
1.474564526256120007e+05
6.486790461444377434e+05
2.506070403052549809e+05
1.075713116832579108e+05
1.340457625298021594e+05
1.839590835857705970e+05
2.434699063359934662e+05
6.901038386762450682e+05
5.391177573709170101e+05
8.083944156902386749e+04
1.796454236310898850e+05
1.126659106127444393e+05
5.146760049077425501e+05
3.404716132836048491e+06
1.362106879412195878e+06
2.808530117900732439e+05
4.652135226598726877e+04
6.233779156577737303e+05
1.679560650619082153e+05
8.205285928690605797e+05
2.957321329866748769e+06
1.631981920892345952e+06
5.459227989405689295e+05
1.561661949820063892e+05
1.145612643638538430e+06
1.949494857530542416e+06
2.308734514256784169e+05
5.315212184973927651e+04
2.550695632144176052e+05
2.890119744862879161e+05
3.449696061130962335e+05
1.432531053902532440e+05
4.165882704869740992e+05
5.166969413410280831e+05
2.690500131932726363e+05
9.748578053089369496e+04
4.105366762443303014e+04
9.424413497857181937e+04
1.547652440993308301e+04
5.795480300915632397e+05
3.664424899449446239e+05
7.411669363713148050e+04
3.733787570015909732e+05
9.946935370572471293e+05
4.377203276956386399e+05
7.169780645281568868e+05
1.421240632815594785e+06
1.753811716986750835e+05
2.444120749300345778e+06
3.039215275707252295e+04
3.085914751657645102e+05
1.505823035068786005e+06
7.623107548181046732e+05
5.775812556611395121e+04
3.136536901669721701e+05
3.121118071309245424e+05
7.621860509643320984e+04
1.289809659153407672e+06
1.318971260591791070e+05
1.478333624347528676e+05
7.215475238182384055e+04
8.392899118601864029e+04
3.921733551156879403e+05
3.314205671282050898e+05
6.955848295850577997e+05
5.703216939522519242e+05
4.256792208595526754e+05
1.086045078797064343e+05
2.677971934247341705e+05
2.928762363322951132e+05
2.764393406506899046e+05
5.717559644648161484e+05
4.814284796253671520e+05
8.118036128839126322e+05
8.109344056750429445e+04
1.070128831795492442e+06
1.093651409913397627e+06
3.232205755665226374e+06
4.309214741983415559e+06
1.282962912855779519e+06
5.526791219316619681e+05
3.584285935932685621e+06
3.535054105635080487e+05
8.197297772032878129e+04
6.749814193933043498e+03
7.910848149497346021e+05
3.355950114940815838e+05
8.428904851964866975e+04
9.772722294419015816e+04
2.051980052084987110e+05
2.312394472398053331e+05
4.590587330598832523e+03
7.912637756671382813e+05
1.935850934549006401e+06
6.367508061038271990e+05
9.774932356734300265e+04
5.987292139451178955e+05
2.283240681525807304e+05
4.029158598185266601e+05
1.344811219201853673e+05
6.465293730895846238e+04
1.995275179395188752e+05
3.511865332490204019e+05
1.902577839573814068e+06
2.180753827308400068e+05
7.668434224881549599e+05
6.646506178100224352e+05
9.492712850398386363e+05
6.796346853810030734e+04
4.933275252539723297e+05
2.308049647657630339e+04
5.957152121871205745e+05
7.228346198989637196e+05
3.326237058667775127e+05
7.406867007271547336e+05
2.317833420246984344e+06
6.733849455925644143e+05
2.920949484211808522e+04
9.685364867583233718e+03
6.076058281499899458e+05
1.752513647924221586e+05
4.333274628011360765e+05
4.100321629365202505e+06
8.648408341879756190e+05
1.331958816310286056e+05
1.165394771226650570e+06
1.444477173761570011e+05
4.233748988036192168e+04
4.430140159446819453e+05
2.005156399069060571e+05
9.686314400903355272e+04
1.883851685428444063e+06
7.511302760483907769e+05
1.820280065910512349e+05
6.410438883636643877e+05
1.177453166315874783e+06
1.614681623621132458e+05
3.364587390080014011e+05
2.266939314598299388e+05
7.464292003462199122e+06
7.619245054478509701e+04
1.588876010056397936e+05
9.034227245899797708e+04
5.937334091088526184e+05
1.827261862645968795e+05
1.241185225010026479e+06
8.689153626973978244e+05
3.083840815882791067e+05
1.497917245582328644e+06
9.432639040387423011e+05
7.013618080813481938e+05
3.323492612657436403e+05
1.376472250981253164e+05
2.748096344913560315e+05
5.734792971483109286e+05
9.307581868285185192e+05
2.284093478977619379e+05
2.013507165976998862e+06
1.469122289781766885e+05
2.485105776296432596e+06
1.071914695619183825e+06
1.981594652980653700e+04
3.519268448362553492e+06
4.427730332369560347e+04
2.976366560511974385e+05
3.250721192301490344e+06
7.121031372134268167e+04
1.700992714897109545e+05
1.111764205660812324e+06
1.701309879699778103e+05
3.393813515870171250e+05
1.143568776068940642e+05
3.728350685088064638e+05
1.650331675792528549e+06
4.642888957970662887e+04
2.164566790419762256e+05
8.675176770194086712e+05
1.835924243196549360e+06
4.972626128934555891e+04
3.361531536594036734e+05
2.420608637418257131e+05
2.879712174481523689e+05
2.513937644368167967e+06
1.989901800312375417e+05
1.311401036842981703e+05
6.814896444286084734e+05
3.498705876969308156e+04
9.581173662620801770e+04
1.421807378196890000e+06
1.785638803088164132e+05
2.258024280714298598e+06
7.002761204850346548e+05
4.218203599265102530e+05
8.360235170959032257e+04
4.757024526671403437e+05
5.606996824524602853e+05
7.291989792563996743e+05
4.199284476099156891e+05
2.812304416830919217e+05
3.718952676127423183e+05
3.939938039458927233e+04
2.023267385427130503e+05
3.343964234890074586e+05
2.190051182929442803e+04
2.916625919957692386e+05
2.691360059516115580e+05
3.639661129875414190e+05
1.747277631132862007e+05
5.248489208351572743e+05
2.199518939001420513e+06
3.279241122836204013e+05
1.123000488804592285e+06
1.885646154705870140e+05
1.182501791121232556e+06
6.578185889257617237e+04
3.912421541065501515e+05
1.155527718442634214e+06
4.945505822502481692e+02
1.158781024281651917e+05
2.387765513941572979e+06
2.996020880328995190e+04
1.465418162232627161e+06
1.547092330151381902e+05
2.895851980049271879e+04
2.756726135136347148e+05
1.340803796089920797e+05
1.377546211966608244e+05
9.421315051416252390e+04
2.349415780233277765e+05
4.035371786064259504e+04
1.484281629902488203e+05
3.388930887166067259e+04
2.516347611242969579e+05
1.165993922040195437e+06
1.650225158695947612e+06
1.286685927623847092e+05
1.438078305685663945e+05
1.354195326592651836e+05
2.895495489276406006e+05
1.483630240667072823e+06
1.798885291681853414e+05
1.440717924993246270e+05
1.162452071025731042e+06
1.407859092627306818e+05
6.571830692707895651e+04
4.240851719423907925e+05
6.341363405223883456e+05
4.602348377774090040e+05
3.664823788289115764e+05
4.290706593409630004e+05
3.634927240341213765e+05
5.389979483294879174e+04
5.300048389316635439e+05
3.699567785215746844e+05
9.160564659506566823e+05
1.623802715700967819e+05
5.935789825382930576e+04
1.145123368763106875e+06
2.378485514211339178e+05
4.528324093314456986e+05
9.263170419121107261e+04
3.675967067945498275e+05
1.154319131268847850e+05
1.422390082804845006e+05
3.863356795252643642e+05
2.733667784634523559e+06
6.845335343452328816e+05
3.915775434141891892e+05
2.130007974957169208e+05
1.081656206296104705e+06
2.399984999951023608e+06
7.185347514034725027e+05
2.526225437705626246e+06
2.399306771035814891e+05
1.245276987524723954e+05
9.851173882703384152e+05
1.264370690153442556e+06
4.156180330282151699e+05
6.229750108008974930e+05
3.389569223209207994e+05
6.792110505668552360e+05
8.937611870323504263e+04
4.762299195161604439e+05
1.948729621697812108e+05
5.233454572708597698e+04
9.902141448896252550e+05
5.792376827769133961e+05
5.588728647045455873e+05
1.006422048864542972e+06
1.849242446572236368e+05
4.220197469762492110e+05
2.075686303996305505e+05
7.337436481491841550e+04
1.513220315962299937e+06
3.438689929454613593e+05
3.465988972367187962e+05
7.827912333039732184e+05
8.812625863761599176e+05
2.849527636043742314e+04
8.554588194105204893e+05
4.328463595365204383e+05
3.095988250715645845e+05
4.054128800487977569e+05
1.185662912804197840e+05
1.525139293845154112e+06
2.597137273993305862e+05
5.845028682305804687e+05
2.361522822137597483e+06
4.008860229297510814e+05
8.970289389485055290e+04
5.995179836528509622e+05
6.025887316259088402e+04
7.370269750441164942e+05
2.500930640998880379e+06
8.470935042430013709e+04
3.135606092287793872e+05
7.033713423285637691e+04
4.892608086899850750e+05
3.535823953492446162e+04
7.023814273208264494e+05
9.545342313315995270e+05
5.339476168759258144e+04
1.757441981728688988e+05
2.706122229280716056e+04
9.706848893078882247e+05
4.250903422183011571e+04
1.986837369356352428e+05
2.597196583893405332e+05
2.498169736742361274e+05
1.969959065189064713e+05
1.044119668988369638e+06
8.231218693457143672e+04
3.219677307879387517e+05
3.307699671538367984e+05
4.804393980699735112e+05
5.085464816734128981e+05
2.013180789448385767e+05
3.341088763051248970e+05
8.747742467688862234e+03
2.983233599403933156e+06
9.000297962162188196e+04
3.940317974858078524e+05
4.969849912767581991e+05
3.884413271168757929e+05
1.067113391787907458e+05
2.851328861727013136e+05
9.236016956019451027e+04
4.941213098403558251e+05
1.963529872881512623e+06
9.086157036709848326e+05
4.645729206138781155e+05
4.496352637179846643e+05
6.303264832305137534e+05
2.684719479416248505e+05
1.713620072097694501e+05
6.546429581312543014e+05
2.281200430099972582e+05
6.292504584369529039e+05
5.722455372851029970e+05
5.565640631920454325e+05
5.047978052986138500e+05
7.756100623791353428e+04
3.476927789846928790e+05
1.335757891474441567e+05
1.123018147236457880e+05
6.485125166188589355e+04
2.195588302656656597e+05
1.386215383086084330e+05
2.724657487853915663e+05
1.516123870689345524e+06
2.539502205693715659e+05
1.189592314632857917e+06
6.145867193683383084e+04
6.377064169172869151e+04
2.166339386067632586e+06
2.949102019885913469e+05
2.353825373814403520e+03
1.925917674926627296e+04
2.529573386516677565e+05
4.920790759019950638e+05
2.006425213431844895e+05
6.385708347009482095e+05
4.894029791011609486e+05
2.368823966041747190e+04
1.640226312377824448e+06
6.840980634980297182e+05
1.392125723166480428e+06
1.225100240167680749e+05
8.709279431139954831e+05
7.709381496144155972e+05
9.867404380138585111e+05
6.944061218331840064e+04
5.260357940722670173e+05
5.784665524990366539e+05
6.326587492457613553e+04
1.027585950985105126e+06
1.232568232841737918e+05
1.627243329417754430e+05
8.343690007050468121e+05
6.033774204851244576e+05
6.812729914233447053e+05
1.096159280931934249e+06
1.181446560515117832e+06
5.165303360055728699e+05
1.034915352382539422e+06
5.348673876763561275e+05
5.774157265317901038e+05
1.301111226786457701e+04
6.860415532791564474e+05
1.013528489984203770e+04
8.105360153493805556e+05
2.557573333610624104e+04
5.651020092327893944e+05
3.989517347680387320e+05
1.414898373739738483e+06
5.533336045491992263e+05
4.519125961827318861e+03
4.441301017520342139e+05
1.267587930983877050e+04
2.961635385962161236e+05
1.248538109090461861e+06
3.966042473388623330e+05
5.609292282261645887e+05
1.187527072037387872e+06
6.813759643412276637e+04
3.551831829639738426e+05
6.880356733265058137e+05
3.869545602263518958e+05
2.980053041420123191e+05
8.511869061462115496e+05
9.635479614614748862e+05
6.636251546703070635e+05
1.352235632305866166e+05
1.481887940512127243e+06
1.086859970471985638e+06
4.690763149426231394e+04
9.660666096714751620e+04
1.863689021023859968e+05
4.977517797465951298e+04
1.193109747409788397e+05
8.343978732055698056e+05
8.372297627814926673e+05
1.409366858814953302e+05
2.477524576747179381e+05
6.008890802982386667e+05
1.260367386342079117e+05
5.320544166241661878e+05
2.082137030923360726e+04
2.763830513639717246e+05
6.094687409386064392e+05
4.808934234952920815e+05
8.171331069093138212e+05
1.243314590630611870e+06
4.058015246773791150e+05
1.450637175168784801e+06
1.145158569053775573e+05
1.076434848124106211e+05
9.590362476798479911e+05
2.581471669730662252e+05
1.118878313900796929e+06
2.398385188012492654e+04
1.346387049095991300e+06
6.630365658988796640e+05
2.834925546059314365e+04
4.971114573602366145e+05
7.787086269875030848e+04
2.646074906795232091e+05
1.069829872419199382e+05
1.199140693613549229e+06
1.229729053757717775e+05
8.924572600107385078e+05
9.503222284704067279e+05
8.217345399248629110e+05
5.890855404483317398e+05
5.305650153020638390e+04
5.885184474844025681e+05
3.349148441332892980e+05
7.616538136781031790e+04
3.640403819638267742e+05
2.611500156496763229e+06
1.509770868593211519e+06
1.317452118745410407e+05
2.308785364882028371e+05
2.049578529812271154e+04
4.448368542222385877e+05
4.124118271413451876e+05
4.762103536102672224e+05
1.735055999595883070e+06
1.147933496620826656e+06
7.174079857910922146e+04
5.312131456897553289e+04
2.875696623721548822e+05
1.685570537361015740e+05
2.097015539799506223e+04
6.748807821503109299e+05
5.897955994725867640e+05
1.536912036630474904e+05
1.753974488285504049e+05
5.257437448109631805e+04
1.503806101933097816e+05
2.328662838691926154e+05
5.775678379803827265e+05
2.353784237320350076e+04
5.420448524496972095e+05
2.521002927486338187e+06
2.185837939808246447e+05
1.313649302762373700e+05
5.013689420210249227e+04
6.311920640292321332e+05
1.300187002905108820e+05
1.171537025161547353e+05
2.776084448891362408e+05
2.029925040811885847e+05
3.085925647994007450e+05
1.079328277651462704e+05
2.006645377151545545e+05
1.108125234058336355e+05
6.145564801695709320e+04
2.858324206987026264e+04
2.152677214808548451e+05
2.100179205029079167e+05
1.348626738727622433e+05
2.288727915693765972e+06
9.239064482850316563e+04
1.028534683508308255e+06
7.242502596131617611e+04
7.157870694455816410e+05
3.081574665757217444e+05
8.121119460344295949e+05
5.788748169964912813e+05
5.909113875586690847e+05
4.362227887460598868e+04
5.456038422489438672e+05
4.074474859308971209e+05
7.687632424220668618e+05
4.034995635887877434e+05
9.011443994756998727e+05
6.050235019597107312e+05
2.280320038875809987e+05
4.373712396081862244e+04
1.251024701157744974e+06
1.252252062018941506e+05
2.196614659982076555e+05
9.479011496503136004e+04
3.430357327200195868e+04
1.136001148819754017e+05
3.100627605579506489e+05
4.052108035938785761e+05
5.023409014460808830e+05
3.512823038901463733e+05
3.822235157251034980e+05
8.326626815540470416e+05
4.244748265094474191e+05
7.321745011022221297e+05
3.164153876713948790e+06
3.521022339868592564e+06
1.792001292652173433e+05
3.572296242020789650e+05
3.270159641388178570e+05
1.587145553986755840e+05
1.778049448947309866e+05
2.946621818314159173e+05
3.254894821145642782e+05
1.478279294424384425e+05
1.577658776002950908e+05
3.282800347868746612e+05
1.062280422544778849e+05
3.503301116789755179e+05
4.085292482315805682e+04
3.059966021691756323e+06
4.074335261204330018e+05
1.420682826505944249e+05
1.578523659374219133e+05
6.396246609396686836e+04
5.751323655088775558e+05
3.360020981682539452e+06
2.985511943041519844e+05
1.493273723420770606e+06
3.419351963528044871e+04
5.775067276076027192e+05
5.621154820705468301e+05
8.160149232162414410e+04
3.972282400207899627e+05
1.004623428728586441e+05
6.333913584155197022e+05
2.411011812864785315e+05
1.508719676262046851e+05
1.252593020264328661e+05
9.280934483891939744e+05
3.966396128520672210e+05
5.531678777004969015e+04
8.256360257363654091e+04
1.848427234263374412e+05
5.068005040786596364e+05
2.641278257522612112e+05
7.921406120989987394e+05
4.636120897295972100e+05
7.439970873480472947e+05
5.000978304245948675e+05
2.506968258959836967e+05
2.944176721323251841e+05
1.386826172390307765e+05
4.659843799511362799e+06
5.539366374567513121e+05
2.664905829454143532e+05
1.562358398804219905e+06
2.330989038554012950e+05
5.313584728154977784e+05
3.537460816035657190e+05
8.877811719608254498e+05
3.582736837402199744e+05
1.277407032902370440e+06
1.965326416779535124e+06
1.087559860887570394e+05
3.066646694606406381e+05
7.763897011357465817e+04
5.906553646642309614e+05
6.736254132316532778e+05
4.357042452833981952e+05
3.297881167683192762e+05
1.017101648383488064e+05
1.401147579410335165e+05
6.732219924666291627e+04
8.880339404423787491e+05
1.405354729188755620e+06
3.538697487398156081e+05
4.321806685097479203e+04
9.431812411618727492e+04
8.460985131393551128e+05
1.336093897690881277e+05
5.719056002267012082e+04
3.053580186245749937e+05
2.786895276958300383e+05
1.932471391388842021e+05
3.822124583091313834e+05
1.070856847510232619e+05
1.475285949811208702e+05
2.525161293778652034e+05
1.044620861247903318e+06
6.753401551942504011e+05
2.440197567723050306e+05
1.577055395339713665e+06
1.843898951930385665e+05
6.251484137027683901e+05
7.495021486685699783e+05
1.933949091946712288e+05
9.640083005354403576e+04
1.333238264848160092e+06
1.885156624657618158e+04
1.261187957544931414e+05
3.980238460413405555e+05
1.865706177064570948e+05
2.781824434914638405e+05
2.129628202223729342e+06
3.152908083559191437e+05
1.386786706107075734e+05
5.892736179273631424e+05
3.062100809060112806e+05
1.401963598402858770e+05
3.167834784271106473e+05
4.645255231521785754e+04
4.521899494451978826e+05
2.497201146204766992e+05
4.142109027522950782e+05
8.358578298925672425e+04
1.169595806245754007e+06
2.345304370537455252e+05
2.780114073440677603e+05
5.830301721966620535e+06
6.699081268030569190e+05
5.136931769001787761e+05
3.408893875718193594e+05
1.591904543582639017e+05
6.760806347877001390e+05
1.064141841042351298e+05
2.760797036440677941e+06
4.442394037079229020e+05
1.407092390542797744e+06
9.786138826706577674e+04
2.042609731647347216e+05
5.061699668619045406e+05
4.683776135874018655e+05
1.348874538158818148e+06
1.471409281928400742e+06
3.841076379269940662e+05
2.202272983467335871e+05
2.560165358955178235e+05
2.697193886140129762e+05
3.154679211781903286e+05
5.004252570533683756e+05
6.344977756245716009e+05
1.384922133451697300e+05
8.550850122148160590e+05
6.870184242435942870e+05
1.473316547262050444e+06
6.479944449451574474e+04
1.707730201685588108e+06
4.475776127384513966e+05
1.681897992129655555e+06
2.374433155879019469e+05
7.447722027295120060e+05
2.181401493626965384e+05
4.192118956783061149e+05
2.601884251547891763e+05
3.629901189531663840e+04
5.031936404730650247e+05
2.344158747982011992e+05
1.275308146246791584e+05
1.218623643288450548e+05
9.532502075168233132e+05
1.085210672200568253e+06
4.010334090336360532e+04
4.247732213192761410e+05
2.396899578330948483e+06
1.621857560515328660e+05
1.483711405890139518e+06
2.230664133651038574e+05
2.077005525130827446e+05
7.244888246730635874e+05
2.887382071070825914e+05
2.132399214062748069e+05
9.212761488455294166e+05
8.679387197043118067e+05
3.006024639556781040e+05
2.669779276717194589e+05
5.284319744467638666e+05
1.422124447736787843e+05
1.489030988531892654e+05
9.096486222323428956e+04
1.878903168522776396e+05
3.200873986945195356e+05
4.618565824924287153e+05
2.345748557220143266e+05
1.524734074220383540e+06
5.974449101045316784e+05
3.966677572814779123e+05
3.034658019641312771e+06
1.758206490649000509e+06
2.737965480266764062e+05
4.317584429684921633e+05
1.645458692051779944e+05
9.411879471105189295e+05
5.637105162745012203e+05
5.582682281441397499e+05
3.779735164127392345e+05
4.534832459272415144e+05
1.506959634601807338e+05
3.541508176384621183e+05
1.193693299769534962e+06
4.161427888348523993e+05
1.902069149042761710e+05
3.786789454595515272e+05
7.400450776265452441e+04
5.547766583909580950e+05
1.180708476645830524e+05
3.005826883858388755e+05
3.336446233433081652e+05
5.936643426411785185e+05
3.577625838637321140e+05
1.222099660733562894e+06
2.320828670839019760e+05
6.031643790392393712e+05
8.002633756708374713e+05
5.952507699743628036e+05
1.960250180976244737e+05
2.013397650380389532e+06
2.218860540402309503e+06
6.461271519283718662e+05
1.678746591191463231e+05
3.083172271706273314e+05
9.856080277190144407e+05
1.746293457678807026e+05
1.765346447914141172e+05
4.215699311127413530e+05
1.304273417252110783e+06
3.619546342940171016e+05
1.686383473879292142e+05
2.639265870941214962e+05
4.201353634228308802e+05
7.789921742036051000e+04
1.044569771962967818e+06
5.493525201833897154e+04
2.037236537539554993e+05
8.953410342216522258e+04
1.399695112153450726e+06
4.687054728748896741e+05
2.290093673951548990e+05
6.830689457461133134e+04
1.136148889859411429e+04
1.905113403778947191e+06
4.950285270598435309e+05
2.074778890972431109e+05
6.086112690335851221e+04
2.332996464634251315e+05
6.648580922740130336e+04
7.175202307955323486e+05
6.496863138815297862e+04
5.261909093988391105e+05
3.214714031977190753e+05
1.223945132824424800e+05
4.672795502819683170e+05
1.094559138064674771e+05
3.979881458947500214e+06
1.218487413099315454e+05
1.109825366154775489e+06
4.143202278205198818e+05
9.384489808479945641e+05
2.926553593843564740e+05
1.108081014426779700e+06
9.262055691986556631e+05
4.713832981061597820e+05
1.951207295913993148e+05
3.415022770406699274e+05
1.924082557943790162e+05
2.704957016506977743e+04
2.140063332384898094e+05
3.969663293525446206e+05
1.910326083629481262e+06
2.437538405689438223e+05
1.606295390965716215e+05
9.644340339407756692e+05
6.292006988137669396e+05
1.034185849559156195e+05
1.351117644182520686e+06
7.334577457248620340e+04
1.803220526186226343e+05
6.612424547923133941e+05
7.786532213158550439e+04
5.922225974751949543e+05
5.959571563763396116e+05
1.327582630614009977e+05
1.681703231411732486e+04
1.806504993836943177e+05
2.710125291081723408e+05
2.998902594912245404e+05
3.946409575503609376e+05
6.389126459666176233e+05
3.071264027422145591e+04
3.409603756021581939e+05
7.332925907476004795e+04
4.042231544260259834e+05
7.549893882967760146e+04
2.734271487804054632e+05
2.861443042815853842e+05
8.028408399041926896e+04
1.380840296055756044e+05
3.112754741626392351e+05
2.342374786327526090e+05
3.493453307321672910e+05
2.732514632938635768e+05
4.200300731580952415e+05
6.967656986447599775e+04
2.036980805161327298e+05
2.635296571451358614e+05
2.237809821085297444e+05
2.450872585151103558e+05
2.362626630471083918e+05
4.969625615174303675e+04
7.952439751056896057e+05
3.091563917585205752e+06
2.227438175266300095e+05
3.329363802022359450e+05
1.148675600159768801e+05
1.486721822592112469e+06
7.139072410816370393e+04
1.208949388609223388e+05
6.494615425663960632e+05
5.733240972210413311e+05
4.621212872966015857e+04
2.071085608188848128e+05
1.390728257278632082e+05
4.739439091800778988e+05
3.690868014332652092e+04
1.871064867505928851e+05
1.928941834360641951e+05
3.651676989976079785e+05
9.700005467941763345e+04
1.892197201680996295e+04
1.885512165656535071e+05
3.296528605144574540e+05
3.798777144170019164e+04
1.801573331883946899e+06
1.728277317945930990e+05
1.736020303588749841e+06
1.373156781605698343e+05
1.170688668998411740e+05
4.854695970679880702e+05
1.098870610065056535e+05
6.315569945484335767e+05
6.043456259494920232e+04
2.853724375645008404e+05
5.265085668552288553e+03
5.786263831884502433e+05
6.262079952885531820e+05
1.055315910102154303e+05
1.121053649258415244e+05
8.371866023782135744e+04
3.005974870996344369e+06
6.899981783766298031e+04
1.565215641391386744e+05
4.393060652576331631e+05
4.157413487632961187e+04
5.725554043417426292e+05
3.381185852901658509e+05
1.900169687180213165e+06
2.575325328405396722e+05
1.756058652253711771e+05
8.291319493893396575e+05
9.453015494630079484e+05
6.308064327568331646e+04
1.770293269970476686e+05
1.005053815523519763e+06
1.505577337362299113e+04
1.758977877062617044e+05
2.566037898869864002e+05
7.531734837214718573e+05
1.765520881659255829e+05
1.563734787306357757e+05
7.970025270237739896e+05
2.002637325232042640e+05
4.906485039245719090e+05
2.580846112557482265e+05
3.648425520707115065e+05
3.903238031658058753e+05
9.509891216485276818e+05
1.386469032152442727e+06
3.479618062778560561e+05
3.370059235637721140e+05
2.540043945733556757e+05
1.266268057555122767e+06
2.927817260751488502e+05
5.222153988969948841e+05
4.033802336068277946e+05
8.309099046875534987e+04
3.670719235773960827e+05
6.498064317738612881e+05
3.086732582312954764e+04
4.929491481229120109e+04
2.989759411184167038e+04
1.118871456463890150e+06
2.712540915428914104e+03
5.488626405752103310e+05
2.046657854930283269e+06
3.944468506504450343e+05
5.798783946593032306e+04
5.907865528460155474e+05
3.612975761799018364e+05
2.004440346074884292e+05
2.287551587604037486e+05
5.184115083947550156e+05
9.109868450178236235e+05
1.291107120293652988e+05
5.562610942253653193e+05
1.790515647427731310e+05
5.671767302178971004e+05
2.627656834442450781e+05
4.595909227739423513e+06
1.820932496755357832e+06
5.635533578915108228e+05
9.566850997332546394e+05
7.960215916571360140e+04
6.657667996565140129e+03
1.527764803548120544e+05
2.782022984985857038e+05
2.793644833444498363e+05
6.232916263208264718e+04
3.769671463799611083e+05
2.973681899427906610e+05
1.665915307868269738e+05
2.309263556894688227e+05
1.106244410312521213e+05
1.506479149841935840e+06
1.111318384846469155e+06
2.003384507211059681e+05
4.921999376105940610e+04
1.733079284388962435e+06
1.688860908917132532e+06
4.755074101257315837e+06
2.339565199935130659e+05
5.641154901769886055e+04
4.086282355475462973e+05
5.526762387392787496e+05
3.573492639030654100e+05
2.200267733401915757e+05
5.681786760742410115e+04
1.606895719274004514e+05
2.795779932583691552e+05
4.984299063295032829e+04
1.397023984544256236e+06
3.324840176541208057e+05
2.035495605584087898e+05
1.422299696739373612e+05
1.499576480102128990e+05
1.013773627330297895e+05
4.548421666354772751e+05
4.338082948559607030e+04
2.968489102513186517e+05
7.626900508742993698e+05
3.968266711343591451e+05
7.339205526882249978e+04
4.035151401948428247e+05
6.932792791742013651e+04
1.392960048358191561e+05
2.833479895448211391e+04
1.679939820194476488e+04
1.237683359620672127e+05
1.876780328149096109e+06
1.503083143436071929e+06
1.469620133172226138e+06
2.611470651342430618e+06
5.479525460494160652e+05
6.458690835412811721e+05
1.683708699730918510e+06
6.756565153878901619e+05
2.085784895699059707e+05
2.578159892723128723e+05
5.729820053696343675e+05
2.008233077357151487e+05
4.560284860619139508e+05
1.440543289801729552e+05
1.729271495749817404e+05
2.473605516670640500e+05
2.481176597713053692e+06
1.936016343457401672e+05
2.209525798466160195e+05
4.741044553253503400e+05
5.827381621649472509e+05
2.675966369310204755e+04
3.635188114033541642e+05
8.861403794281348819e+05
4.465380902173690847e+05
3.658996435565516003e+05
4.351471481786012882e+05
5.736902592695152853e+05
1.555961097408439266e+06
1.020728031446445675e+05
2.005639861919604475e+06
4.233196205547566060e+05
2.489846100328091416e+05
8.096418771312419558e+05
1.326085730125792557e+06
5.214075669666710310e+05
5.347498344277418219e+05
9.123939150039433734e+05
6.823315691169487545e+05
3.850222850166767603e+05
3.645255493770592730e+05
3.044528264237078838e+05
2.833974295789186726e+05
7.523397480141311826e+04
3.664125545318074874e+05
3.188618678046434070e+05
7.067690125693988521e+05
6.086183068256748375e+05
2.305322645665904041e+06
1.277166628872590372e+06
2.837027222895412124e+05
1.745236437660932133e+05
1.571068727968705352e+05
5.128108128772436175e+05
7.530126604716503061e+04
3.603392692258640309e+05
1.134832569009184808e+05
5.523949652518961375e+04
2.266144781611642684e+05
6.007681864649108320e+04
3.412223740515343379e+05
2.290401983428247622e+05
3.723506251184021239e+05
1.087118169731802773e+05
5.029298195268489071e+05
2.852203353779666941e+05
1.418897848006027925e+05
3.767217277180889505e+04
2.531054844307122985e+05
2.263887288687571418e+05
6.231418784135630121e+05
2.253648393329185201e+05
5.130112698269614484e+05
7.750305140271092532e+05
2.122574930725034210e+05
2.342074830463902326e+05
4.172924464071504917e+04
1.086882013865119079e+06
2.235174132619097363e+05
1.502766613231693191e+04
2.100474715873904279e+04
3.032806155959144235e+05
1.191345268303341698e+06
4.988169553891872638e+05
2.962663504729541455e+04
4.993127076528210309e+05
7.105463732551661087e+04
3.665150475104243378e+05
2.547815551318729995e+05
3.612920137979189167e+05
1.488211843297495216e+05
2.115028329150446225e+05
2.814942254851645557e+05
5.954851858669712237e+04
7.153767508002611576e+05
7.476435046914132545e+05
1.556211010034552310e+05
3.237222030991737120e+04
5.772714791655769659e+04
9.153270647497001337e+05
1.085591025713055395e+06
7.243685533343028510e+05
7.726909161510800477e+05
2.202544112275977386e+05
8.196971576959099621e+05
3.050667892213361338e+05
7.724673126675006934e+05
2.594682167343469046e+05
2.511378279274237866e+05
7.895816668668091006e+04
3.772347615513333585e+05
1.103308285090643680e+06
1.390063643932142761e+06
2.940990033872544882e+05
3.730743771226384561e+05
2.663881601175051765e+05
2.021790873408346670e+05
4.520829519641431398e+05
5.781348159918964375e+05
7.629546664911397966e+05
1.909341767414507340e+05
1.691689565027458011e+05
6.653441991876127431e+05
2.866795457924645161e+05
2.858327148882608744e+05
1.627734047194659361e+05
8.886736743388076138e+04
2.874621113109766156e+05
2.930436232837699354e+06
6.789141100331141206e+04
1.033551574782311800e+05
1.851638965732976794e+05
4.458101050866253790e+05
1.992328241844287259e+05
1.144182113491197524e+05
1.216113846492443263e+05
5.583019484765894013e+05
7.863682733832312515e+05
8.876893933365165722e+05
7.281165261958022893e+04
8.040205688000387745e+05
2.767617362696877681e+06
1.162196005342971039e+05
8.403215406334679574e+05
3.250205389544194331e+05
2.403211046675360121e+05
6.725102002336344449e+05
3.496575327271680580e+05
2.068704177266483894e+05
5.918525791106752586e+05
2.926054394004445057e+05
4.284922827015778166e+05
5.911561849113719072e+05
5.931090896554504521e+06
2.827221408478984958e+05
5.935802603330704151e+05
2.115237916513345263e+05
7.523672432420280529e+04
1.781881524798028113e+05
2.360238121874206699e+05
4.748999393307405408e+05
1.577386225851510826e+05
5.291338346943750512e+05
3.362960345691155526e+05
1.766077999687292613e+05
6.253010308750860859e+05
9.972414090843120357e+04
4.290134778834847384e+04
2.006937460312143085e+05
5.241321692220188561e+05
4.777509729941638070e+05
5.833357854364858940e+04
6.053191683783313492e+05
1.744956934045768285e+05
2.865532094699105364e+05
2.492016395215814409e+05
1.048812485152432229e+06
3.769862891045989090e+04
1.364739840329163708e+05
1.009732003559961740e+05
1.617574905523017806e+05
7.554017101918908338e+03
7.561463708182926057e+05
8.958060616559701157e+04
3.138973786773809697e+05
5.240090126215787313e+04
2.532673534061934915e+05
9.867663919906483497e+05
2.280121331899179495e+05
2.681202670914098417e+04
1.150943881895223632e+06
1.275044392174561042e+06
3.961103536859857850e+05
5.949901298047814053e+05
7.072678144288696349e+05
1.070653350720651448e+06
1.962494389346528915e+05
2.472324258876696695e+05
2.771806381054234225e+05
3.567807774283690378e+05
1.061383075376804627e+05
3.712603780371514731e+05
5.216275704858610407e+05
3.969598710939306766e+05
6.959575994157497771e+05
7.030038541922684817e+04
1.298532653366826999e+05
3.853645057002863032e+05
1.134080984027121885e+05
1.517573963469052454e+06
1.730053001483239001e+06
1.472465816441356728e+05
3.259529910420993110e+05
2.474731500308558752e+05
6.408486782546798931e+05
1.384477443702084420e+05
2.384128299287277041e+05
9.041965401519199368e+05
1.517925343373675365e+06
3.929241318632743787e+05
2.836244417709164554e+05
1.224593382171461562e+05
9.401638087645217311e+05
5.285710010497086914e+05
2.377049105381323607e+05
1.883271769574953651e+05
9.893274533418379724e+05
3.637713546573490603e+05
1.746235375823408540e+05
1.499528417005928932e+06
3.840089686554102227e+05
8.564756328216518741e+05
1.297242443305986817e+05
3.981556997793189366e+05
1.694967909592101641e+05
3.204005712812496349e+05
1.745449645492755808e+05
2.034380862275294785e+05
1.562095751274852955e+05
3.456052134022636455e+05
1.224192790593184764e+05
9.714726779880087997e+04
3.142831552044263808e+05
8.880720542946744245e+05
5.164904515271411510e+05
2.824862005858220509e+05
9.219213436338122119e+04
9.547545162879688723e+04
2.343526831646203646e+05
3.496621769283028698e+04
3.030054206640510238e+05
1.270179098334120121e+06
3.061473844215932695e+04
1.646115142247820739e+06
7.294112161978587974e+05
2.352665243545756210e+06
7.385351118210573914e+05
2.495442905132279731e+06
6.039558938895104802e+04
3.718448598490445293e+05
4.249470209582818206e+05
3.398656004722208309e+04
7.832445715515006668e+03
9.897200303215277381e+04
1.072430476651679492e+06
3.850940108228899044e+04
5.550127769094565883e+05
9.158835104452591622e+04
3.067058877821694594e+06
1.156405154719547281e+05
1.124760340142394416e+06
4.256541873434213339e+05
1.619874366147175315e+05
5.390650420224495465e+05
8.237892045631489600e+04
1.431476234518170531e+05
8.746757255303228740e+05
3.223855550036868080e+05
7.881940892464254284e+04
7.543416818096844945e+05
5.875628299392896006e+05
9.703038512864350341e+05
3.369979632363953860e+05
1.768922044090146956e+05
1.462802111023898004e+06
3.019770766004727338e+05
8.599509109345041215e+05
3.602747741315355524e+05
1.366689250184835866e+06
2.343997711426764727e+05
7.033605464258865686e+04
1.116146622115073842e+05
9.040022304754723154e+04
8.604565021256523905e+05
1.708023414917050104e+05
4.869686687128245248e+05
3.017244848306391505e+05
9.755606857679983368e+05
9.717588628612273897e+04
7.030597142530373822e+04
8.037982569487259025e+05
2.332665963833422866e+05
9.754229453963368433e+05
2.732046504093480762e+06
7.640767650327083538e+04
5.179527830288705882e+05
1.251771392621648498e+06
1.291643079085666221e+06
3.927976330699575483e+05
4.712069100019495236e+05
2.247003016613626387e+05
1.377848671796427108e+06
1.024561261573862401e+06
3.274375862662430154e+05
1.024574643189183262e+05
7.587141790405727807e+04
5.003740196775887744e+05
9.728656019483834098e+04
4.331082770700907568e+05
2.354128038790803112e+05
3.724416373370903602e+04
2.575058044521642441e+05
8.203533478969588177e+05
6.953107304097485030e+05
1.992970277872567298e+06
3.580509669512034743e+05
2.330361895634708926e+05
6.442790731163430610e+04
1.554531039134978782e+05
1.573796862202530901e+05
3.355787518493696116e+05
1.430487627021114458e+05
1.519507041383020580e+06
1.562124759402293479e+06
1.327446585936518153e+06
4.877599620326097356e+05
7.626415095533248677e+04
3.235920293104267330e+05
5.881205756446541636e+04
3.819312519419328601e+04
1.051964577082044270e+05
1.914112288735901937e+06
9.666065855802430306e+05
2.301206905309879687e+06
9.519226266525637766e+04
2.605178316585722205e+05
7.724306092593395442e+04
1.757051485286748502e+05
1.589571842259220721e+05
8.797632747753489530e+05
5.820192258081613109e+05
1.663693816404183744e+05
8.256634429228170775e+05
5.089000580142069957e+05
3.309786028833902907e+06
2.229495374719165266e+06
7.794915210584821762e+04
6.987509205615907558e+04
4.374196658304487355e+05
1.328667799778521294e+05
4.074129250603819964e+05
2.481945936910425953e+05
1.325245259092769818e+06
4.636990714845174807e+05
1.586141160658915469e+05
7.876283767397293122e+05
8.302990390739582945e+05
1.403957674253284000e+06
7.736979618837747257e+05
3.881156340475642355e+05
4.740182452833999560e+04
2.644907822149966960e+05
1.103586421945675975e+06
3.504540158960868139e+05
3.487214221405352582e+05
3.369797298300355906e+05
5.968972091440220829e+05
1.599979444932289480e+05
9.589332118310680380e+04
2.910973707745848224e+05
3.140858318858656639e+04
1.903290189151396335e+05
3.578773685773699544e+05
2.678487804530627909e+05
1.465570095733705384e+05
2.662863465366387740e+06
7.835738887634036364e+05
4.487863891758926911e+04
1.606312794015533000e+05
6.421834825338618830e+05
3.774304550925889052e+05
6.005327699248730205e+05
2.665619014120348729e+06
5.772330605417955667e+05
2.214799073085298296e+05
4.058110579974225839e+05
1.156236519321334345e+05
8.843703935931387241e+04
5.009330802162017790e+05
7.123665272046225145e+05
3.534415586704571615e+05
1.195311408739308099e+05
1.429339500495832763e+05
5.527289687286932021e+05
4.127660411676462973e+05
4.001169182347859023e+05
1.841944267442960117e+05
2.593792247411460630e+04
3.125782440456518671e+05
2.383794886794098187e+06
2.367641025177957199e+05
1.741070957005630946e+06
1.339426857060302980e+06
3.837847949269930832e+05
3.310169850152931176e+05
1.486813448688847711e+06
5.213406936718386714e+05
2.732991907687177882e+05
8.488443305453998619e+04
1.144809892461437121e+05
3.099113671288004261e+05
9.246077192441828083e+05
7.423799076053351164e+05
5.416665934906103648e+05
5.072158426401723991e+05
3.064110713127346244e+06
7.500885439061935758e+05
4.839885668182811060e+04
4.642793835564122419e+05
2.046458807667184621e+06
6.172947877927542431e+05
6.852556334494237090e+05
2.008262562226520095e+04
3.818980522988021257e+05
2.435706487355928402e+05
2.333554390342363331e+05
4.508247626764221350e+05
3.255260377218149733e+04
5.583953507303405786e+05
7.557243400476509123e+04
8.742239325298057520e+04
5.418789558356548660e+05
8.867406338797463104e+04
2.596270462287544797e+05
1.743874298693205346e+05
1.858184433097674337e+05
4.427213879890095559e+05
1.143313010497101815e+06
1.513608005392662599e+05
7.217044071004253346e+05
1.399845470421816572e+05
4.434395822171837208e+05
1.019289380902595120e+06
4.717658497792570852e+05
2.576178147999577777e+04
5.141808434725458937e+04
3.837809100980556104e+05
2.150804571017917187e+05
9.505304855019376846e+05
4.680972455655230442e+05
5.629218969812885625e+05
4.307040371402761666e+05
2.096829161485552904e+05
1.871777115428776713e+06
5.078361041844013147e+06
2.789505978999665240e+05
7.219201010034802312e+04
2.063087673782994389e+05
3.550596331589348265e+05
1.519463082519332529e+05
1.300685958125242963e+06
1.014263773466974613e+06
4.746568976513846428e+05
5.268363642665388761e+04
4.108599863300679135e+05
8.825430609525800683e+05
5.213107893752394593e+05
2.406233251368623314e+04
3.076749954549897811e+05
1.298564880169037206e+05
1.938038660456604266e+05
6.381884224489142653e+05
2.736789710616254597e+05
2.383329709209798020e+05
1.436718912109848752e+05
1.669101804305609840e+05
2.932590838435441256e+05
2.571112941254020261e+05
9.945408131443933235e+04
3.914430213943035342e+05
4.168925148066292168e+05
3.174243911474180059e+05
2.265967614779717289e+06
1.559611709782699763e+05
6.809116928891339739e+03
3.257597965864582220e+05
3.589330152102351654e+06
1.545136324910655094e+05
2.412324784512447950e+05
2.180882711640011985e+05
4.923214735876564519e+05
6.750954257206717739e+05
2.018323252546241856e+05
4.124358659548275173e+05
4.112364516381710419e+05
5.223727267737172660e+05
2.096432462560251588e+05
4.588682189035011106e+04
1.392745814717657595e+04
5.389320149090175983e+05
4.105132644965769723e+05
4.501052847335684783e+04
7.066580290187578648e+05
3.271185317793191876e+06
3.345593338746415684e+05
9.075641613905625127e+04
1.431458533151736483e+05
9.260093450662415125e+04
1.810883337050428381e+05
4.017807982321445597e+05
1.837705384763376787e+05
2.261324760269698221e+06
3.005977929534086143e+05
1.304606221797770850e+05
6.353883161778338253e+05
4.228167142576922924e+04
5.983934730457161786e+05
9.356734929964273470e+05
1.009365594429857156e+05
1.787038063776107272e+06
1.035816204343952559e+05
1.589020162955746986e+06
3.057617754564096685e+06
1.739120640104575315e+06
2.396820326005554525e+05
1.386578982376948697e+06
1.515224730577927839e+05
1.384345123237882741e+06
3.718842651173854392e+03
8.693047465690942481e+05
5.891530915326956892e+05
1.702519781702042557e+06
6.319001354802471178e+04
4.624946367001454928e+04
1.005247983726405655e+06
4.238065156085065100e+05
1.263834916876628267e+05
2.193236309035224258e+05
1.417636343886890914e+06
1.181985109674632549e+06
1.380132240041210083e+06
4.563458973652735585e+05
1.771146073690346908e+06
1.918073173290353734e+05
2.169578782969806052e+05
1.267928558051240863e+06
4.855354317749086767e+05
1.678790218642589403e+06
3.584847201759534655e+05
1.944011333324380394e+05
4.918849603208401822e+05
3.141491788646389614e+04
1.139812722404425149e+05
8.135140568047979614e+05
3.352828438847816433e+05
2.146815140828552656e+06
9.809992895876249531e+04
1.247094603076751082e+05
7.004272472759020748e+05
6.764433432472354616e+04
3.407505048229540116e+05
1.845723883686354675e+05
5.071530674805985182e+05
2.025759709840736177e+05
7.206169150250713574e+05
3.207717974493565271e+05
3.136719208202008158e+06
2.508366617704530654e+05
2.905770008433045587e+05
1.225264801971790381e+06
2.265551159457067843e+05
5.852095983143540798e+05
7.326212455845858902e+06
2.753456764244209044e+05
2.723467733567691757e+05
1.437189807257827488e+05
5.963735473073277390e+05
1.013458971621372853e+06
7.859960906986054033e+05
1.738322947525009979e+06
2.001059814643649152e+05
3.999583267145196442e+05
6.621811710056911688e+05
1.091794847857212008e+05
8.005205769084850326e+05
4.613658271305118687e+05
4.958776086612924701e+04
3.663947217468218296e+05
1.302668252965432126e+06
1.974430824557862070e+05
6.514831071056167129e+05
6.240702432177594892e+04
1.314616446590524356e+04
5.088781177737472462e+05
5.969470599894721527e+05
4.074014263769005629e+04
5.534780072197047994e+05
1.614804270556308329e+06
2.133258030374859809e+05
1.991719992259124119e+05
4.573341672451223247e+06
2.429427208240332220e+03
1.629739236455988430e+05
4.056925694854988978e+04
7.633769817373869009e+05
9.970090615556306439e+05
3.894057806352521293e+05
1.562423079211628938e+05
5.609762301305425353e+05
1.857118599492326321e+05
3.118582523490219610e+05
5.953938643175932812e+05
3.623701639395084931e+05
2.870170851781181409e+05
1.449541080230743682e+05
5.374587015008276794e+05
2.034829353470235365e+05
1.218286477543641347e+06
4.739775394118843833e+05
1.285350727113092085e+06
5.494651989222211705e+04
7.661846552978953114e+05
1.314997153514480684e+06
1.946775040730061301e+05
5.689778142131636851e+05
1.151101413877155210e+04
3.269822158810588298e+05
1.685572759618033888e+06
2.177205772905457343e+04
8.399437376410627039e+05
3.048366348302760744e+05
5.170561583115484682e+05
1.712099026506686816e+06
2.333833307474472094e+05
9.229419400049974502e+04
1.299738427929096069e+05
1.081645292438841134e+05
3.215097326265249867e+05
3.232747319856001413e+05
7.223485993876970497e+03
1.171749943921495433e+05
2.298109260406371905e+05
4.269604502089192974e+05
8.257678906063392060e+05
9.566618028442715877e+04
7.162942313987527741e+05
1.720737689241773332e+05
5.637531995987568516e+05
7.266397881063015666e+04
2.206498626937915105e+05
8.860123892923514359e+05
1.604502462590008508e+06
8.283295420167642878e+05
1.997538274273033894e+05
2.263142325295982882e+05
4.723088250011540367e+05
1.185019536800570553e+06
5.417931653581791034e+04
2.241690859201743733e+06
2.663177341291781049e+05
1.616015416329903528e+06
2.046844575899147021e+05
5.589848833932027919e+05
9.802742149312848051e+04
9.617682659276843769e+05
1.862031857043524215e+05
3.247882635399563704e+06
3.111191103350411286e+05
2.284181534491619095e+05
1.874676120664629852e+06
3.048574665537431138e+05
3.599976231635847944e+05
3.119047370751523340e+04
1.349870769390599336e+06
5.467311582135182107e+04
9.286829517704062164e+05
3.220753691164922784e+05
1.382130651534042263e+05
1.725199727132930129e+05
6.649279413669190835e+05
1.192177350339362456e+05
1.038032600529173389e+06
4.197304732627572375e+05
5.023314438173330855e+05
2.139386212829741184e+06
4.407590124085849151e+06
7.908654495665745344e+05
2.748703788896368933e+05
3.160434691989994608e+05
5.506987623173485918e+04
6.473320075250210357e+04
2.935833275373061770e+05
2.908384091187326703e+05
1.067145135825743455e+04
1.631285072394464863e+06
2.288483307443758007e+06
8.858650976812791487e+04
1.650610135220783530e+06
1.127194538820036250e+05
1.615839196208744543e+05
5.449363607223489089e+05
2.655085330384006375e+05
3.588090661389598157e+06
2.037674772280597608e+04
2.550435507410946302e+05
1.869789336479998019e+05
2.830054364035269828e+05
4.793737116617200081e+05
8.502333816643156752e+04
7.353107210113808105e+04
3.046319114190804248e+04
1.200299043217236322e+05
4.246409014736553072e+05
2.179572867768031138e+05
9.051009832998985657e+05
2.936873908407086274e+05
1.974574856469304650e+05
2.175150337975328148e+05
2.446716143711248587e+05
2.514837425600575443e+04
1.962084185562779603e+05
6.425938706405595440e+04
1.331282082751638023e+06
1.804588642789000412e+06
6.438462272915253416e+05
2.759796418358422234e+05
3.230777849976790603e+05
1.453103163042627973e+06
4.415280765098691336e+05
2.450991639527279476e+05
2.039090283090301091e+05
8.912199293111679435e+04
1.788700650961905951e+06
5.896723608394584880e+04
7.038630618404036795e+04
2.128698243662788009e+05
1.680205600260228617e+06
1.645026888512704172e+05
8.846674004554722924e+05
4.491505067439217237e+05
1.383144238937931077e+05
6.428976484580646502e+05
2.841512595986024462e+04
4.256378202850726084e+05
1.253417776316451345e+05
7.181277840087770892e+04
1.654440831037625321e+05
1.867956730400462111e+05
1.162642685326365900e+05
4.375425207311824779e+05
1.132329932467979233e+05
2.962475492318077013e+05
6.884352265673218062e+05
5.584594806955185777e+04
7.158503050537477247e+04
1.626668374461412197e+06
5.458017149004272505e+04
1.009951549953998416e+06
8.214310227651181631e+05
3.960741343361266190e+05
4.899907558878925047e+05
4.848921387753096642e+05
4.031615583347454958e+04
1.717095605745079811e+05
7.489583006067313254e+05
3.207566807114952244e+05
6.002676086227173219e+05
