1.049160579226872884e+06
9.245043993807197548e+05
5.974592136451172410e+05
2.605135513071800815e+05
3.702271678944822052e+05
1.320316847183532373e+05
2.932724586544040940e+05
2.065233653124817356e+05
2.059947807140209770e+05
2.749614765252461075e+05
8.104013588580254873e+04
4.012568782860896317e+04
2.180351109450627409e+05
1.067217242241070489e+05
6.029774369686129503e+05
1.636090670968521445e+05
2.410067319337726105e+06
2.927545318236196763e+05
2.979654017707980238e+05
4.233671448863463593e+05
8.983381825136650587e+05
9.411883143101615133e+05
2.476842986768392147e+05
5.588698721710388782e+05
2.380447855610032566e+05
9.172487251364757540e+05
1.832909848190076009e+05
2.751777773699479876e+05
1.131672984570571687e+06
4.621673815712936921e+05
4.892679332147218520e+05
4.452473293286811095e+05
7.524275510767563246e+05
1.784349767172138905e+06
2.232072393918486487e+05
2.814505699896003352e+05
7.250574357119948836e+05
3.990843265003164415e+05
1.921346585057099292e+05
1.254159175489058485e+06
1.296493254638860933e+06
7.023761874403251568e+04
7.642130481262916001e+05
3.054194363028536900e+05
2.124463010477353819e+05
7.783687459459825186e+05
5.457276803843212547e+05
4.517813514821303543e+05
1.308413372842302488e+05
2.138749466306528775e+05
3.080883404386152979e+05
1.261023370175521413e+05
1.812700525388974056e+05
2.006340614698064455e+05
4.388520317229857901e+05
5.305635968879535794e+05
2.669506044710137066e+05
4.626945122557433933e+04
5.465406518925029086e+05
8.013043582890238031e+04
1.084853724648303119e+06
9.233888792975387769e+05
9.715989777718941332e+04
1.654638593381921528e+05
2.891907237328397605e+04
2.255339730690476426e+05
8.678291717902558157e+05
9.207876733434133348e+04
5.682664500887494069e+05
8.211852548288364778e+04
6.316919505026249681e+05
9.967885785795063712e+05
1.258365248687037820e+05
1.606993484704342671e+06
6.882086063607827236e+04
2.772410865715335822e+05
2.542977831970795814e+05
4.944251531463356514e+04
1.721007550573246845e+05
4.801445902599024121e+05
4.266701070860510808e+05
3.184014376506893313e+05
2.298795129776260001e+05
6.195689040427993750e+05
6.278212869190842321e+04
1.190702917769765481e+06
2.746754932099511643e+04
7.240297809829226462e+05
1.234565984368870966e+06
2.378298102561673441e+05
1.312210667690012604e+06
2.496829254331447650e+06
7.726158521212185733e+05
8.290844403233532794e+05
1.643355465553069007e+04
3.377956060363896191e+06
5.548816559829192702e+05
5.794347563754068688e+05
4.524672763018182013e+05
1.048168631200196338e+06
9.399423740114950342e+05
1.196474678321494575e+05
1.299354441508471267e+06
2.449230463757678517e+05
2.513446492186349060e+05
1.261509172327005799e+05
1.889040930209757935e+05
9.823888499587834303e+03
2.003943493753937946e+05
1.324095165262048133e+06
5.659108749236774020e+04
4.546135143459046376e+05
2.743443061205875129e+05
6.272643084237549920e+04
4.021166849043238471e+04
8.864291294587928860e+04
9.097238049227806914e+04
4.408593514580621268e+05
6.045017780009304406e+05
1.264366754563660797e+05
4.907388445770330145e+05
1.050080696368115488e+06
1.886462469535248820e+05
2.522611781998955179e+06
4.130194121749667102e+05
2.403193083605311404e+05
2.773312718848956283e+05
1.889374485918548889e+06
1.494217699087411165e+05
2.963792668496998376e+05
4.814674827383862576e+05
8.361362493915791856e+04
6.087476609866020735e+05
1.342563277239805939e+04
2.849740337066581124e+05
3.393066359814821626e+05
3.120462052620964241e+05
8.526673081182993483e+05
8.587209469563181046e+05
7.142844693156502908e+05
7.567361371332301060e+05
5.415166380015434697e+05
1.589941363916360540e+06
3.674447037683917675e+06
8.169932378497086756e+04
3.542003487408607034e+05
6.812656143440683081e+04
2.241688172332292888e+05
1.615338261956408387e+05
3.291318580516658585e+03
1.414251315582112002e+05
3.373442075019967742e+05
8.572011483297289815e+05
1.278034576948977337e+05
5.110889945683460101e+05
9.193485268896176713e+05
8.750040128386649303e+04
1.010648096217247075e+05
8.164649339454589644e+05
3.925048813473117771e+05
1.726503245004293567e+05
1.573910809354521043e+05
2.982429036049804417e+05
1.730074127352610230e+05
2.184048896198507864e+06
1.815750762033575913e+06
1.561969290469852975e+06
1.306734963874251815e+06
6.422630440254929999e+04
4.777495744884385495e+05
2.603412105229742010e+05
4.089543700060765696e+04
4.189730873978308518e+05
7.283005457730978960e+05
5.171713180598386098e+05
6.258399743633294565e+04
9.862975349985559296e+04
1.036570860460359370e+06
2.629901776676351205e+06
3.071013748912193696e+05
4.016304558810199960e+05
4.882298178104943945e+05
3.294625142044966342e+05
5.717535393179923267e+04
1.658348339402295533e+05
1.198893256403361447e+06
4.072519826437746087e+04
4.077909201009073149e+04
3.995844108441259013e+05
1.556809390391558409e+05
3.156386607695035054e+05
6.088314806561484147e+04
1.174089585503358248e+05
6.054524028745179530e+05
5.090287349395805359e+04
5.136205288749763276e+05
2.552425792556963861e+05
8.412662385694565019e+05
1.202849808164803835e+05
2.726565531266467588e+04
1.568352185647245962e+06
1.792797125823565002e+05
1.057365822834017890e+05
1.572249979861750035e+05
8.357002851383783855e+04
1.024504187487987365e+05
2.927600320865847752e+05
1.355196765513413411e+05
1.249890465190965479e+05
2.716993890808171709e+05
1.276902529570026963e+05
2.068079632947904174e+05
1.376424558230770053e+06
4.131045552596799098e+05
4.966772970370644471e+05
2.716881688886305783e+05
1.172838788673098665e+06
1.393300065512504894e+06
1.650969349616658874e+06
2.359103138131560758e+06
3.243776470432627015e+06
2.797612330003636889e+05
2.936059254359795013e+05
8.556017698747591930e+04
1.242823936398244696e+06
1.288393742630667693e+05
1.222701742975134635e+06
7.578435527459818404e+05
1.487545867777463747e+06
1.224461124453377579e+03
1.205972624313903041e+06
8.558740241698721366e+04
8.426326497147008195e+04
3.759835911856592866e+05
1.525124797443165211e+06
3.919092129534541891e+04
1.652952441654102178e+06
4.990397685720091104e+05
3.161293749406321440e+05
8.693738212100092787e+05
8.150849765538450447e+04
1.787339129106029635e+06
1.442084529110222647e+05
2.049221665701263410e+05
4.368117260791615117e+05
2.448307694072709710e+05
3.028805418240248109e+05
2.981194236204331537e+04
1.702962955927411676e+05
3.447531708333262359e+05
4.459989364662661683e+05
3.220834439262024171e+04
4.655461614769584266e+05
1.824620544822516677e+05
1.153124453073175682e+05
2.462973265769654827e+05
1.281980706289448426e+05
1.567068281117721635e+05
7.858931345160043566e+05
3.244927190480414356e+04
7.096979576789938146e+05
3.490241152162232436e+06
1.916126596977594541e+06
4.633391295144138712e+04
2.162154905973666173e+05
5.558697399153670995e+05
7.934980041716158157e+05
2.793077749588346924e+05
4.085361204310855828e+05
5.249317087611055467e+05
1.627121803734555375e+06
2.765567652572390507e+05
2.227542864985597844e+05
7.769138682608676609e+05
5.207554501666291617e+05
2.659041031055173371e+05
2.545949046182206948e+05
2.594405428462756681e+05
1.730264563672987424e+04
9.945202001039580500e+04
6.444357626083486248e+05
7.600621224169206107e+05
1.429831819093874656e+05
1.335289798376545077e+05
2.279216689903532970e+05
2.276430552849070518e+05
9.315394634051310131e+05
2.617909087657417986e+05
1.822883202909527463e+05
8.287873680722840072e+04
4.684956251158812665e+04
7.683987455241626594e+04
1.226472827422943956e+05
2.929970424531854223e+05
3.243871662672680686e+05
2.106772812147747027e+05
3.837292669227088336e+05
1.000090443144449964e+06
2.976793610688625486e+05
2.696054749646016280e+05
3.151836974967305083e+06
1.038667168385139783e+06
7.526466394554766594e+05
7.635065784426378086e+05
4.738823213668350363e+05
2.671026179032356595e+05
2.901828466918510385e+05
5.544406670910408720e+05
9.367034961314575048e+05
8.652658854740399402e+05
3.897365469742715941e+05
3.145415629638429382e+05
2.345852833740476344e+05
1.225825039000322111e+06
2.995772358977032127e+05
6.069991239070235752e+05
2.411676883503751924e+03
2.096133815166219138e+05
1.033172158312723623e+06
1.735479464539920911e+06
4.303803488804384833e+05
2.765197294807331054e+05
3.007823428811387857e+05
1.024660498684058199e+06
7.576586672867130255e+05
5.976138090293904766e+06
2.770257263266773080e+05
1.143964332202055521e+05
5.299473150448416127e+05
3.731117713557925308e+05
7.295684623954269337e+05
1.785034543704068055e+05
4.244883527294159867e+05
9.298281945898211561e+05
4.863911133662834181e+05
1.474315536061193598e+04
1.636553940479462326e+05
1.364224170432362938e+06
5.510868803956664633e+05
1.603823425136782753e+05
1.927555739043034380e+06
4.879323980330126942e+05
4.861056660141332541e+05
1.286213328398406738e+05
2.483635962287223956e+05
1.315216090610998450e+06
1.852198214439088479e+05
6.760744026855860138e+05
4.872987801070200512e+05
2.381479550998588675e+05
1.293031709119938081e+06
5.778653349564627279e+05
1.024771648022734007e+05
3.338285070795719512e+05
3.620277665320588276e+05
1.873454354668721789e+05
3.686142442057625740e+05
6.160242931545417523e+05
3.452873174100259203e+05
1.199961636054336996e+05
5.455342855608435348e+05
3.915789901187340729e+05
4.123187495329909725e+05
8.522690572480953415e+04
1.707618688753010239e+06
5.268127496345125110e+04
1.997416457161871949e+06
3.565496580293137231e+05
2.414013069700535270e+05
5.364904637476850767e+05
1.464490048272061686e+05
1.737789507895304414e+05
3.745945556226486806e+05
3.215370311199426069e+05
9.117449445799898822e+05
1.097301750705445156e+05
2.112341003086289566e+05
1.609551335835201317e+05
2.644316269439734751e+05
7.028477765155290253e+06
2.934003478308412014e+05
3.158924097835345892e+05
1.054749163933494827e+06
1.048344522804832668e+06
1.636185400491369910e+04
6.728297647789058101e+04
2.610668147497407335e+04
4.489416337414002046e+06
7.130743847877603257e+05
3.827187663227236771e+04
1.036371535328630940e+06
2.805489395109429606e+05
3.232485508683500229e+05
2.800008097822900745e+05
6.146040907632148592e+05
2.960380245079664164e+05
5.447721440017924178e+05
2.476370378869826382e+05
1.799965915217769507e+05
1.374464841852945276e+06
9.589091202805172361e+04
7.957098921823439887e+05
9.704786215327682439e+05
1.191178135961277294e+05
1.834746402835958288e+05
5.474611524884101236e+05
5.457995366727163782e+05
2.699142065276610665e+05
9.971358945709241088e+05
1.232953173788831191e+05
2.827599190641429741e+05
2.194854156983614666e+05
1.352510946458105464e+05
6.360897373785453383e+05
8.228162122059507528e+05
4.880183792855869397e+05
1.760165788823632465e+05
2.876481590100228204e+05
2.789838310213802033e+05
2.924003545343055739e+05
8.096720239617632615e+03
3.545030459646338713e+05
3.861256055474676541e+05
6.528246502778312424e+04
6.770006266506183892e+05
5.376501575196875492e+05
1.641278965686453448e+05
4.383539925969803007e+05
8.007847777249763021e+05
1.060647743922260357e+06
7.561739331169198267e+05
2.860101304893294000e+05
7.765782768879340729e+05
2.907126506732013659e+05
1.109384444678178843e+05
6.426364004300169472e+04
1.323332034912205127e+05
3.920443010286880308e+05
1.160591504367262824e+06
3.554329026821188745e+05
1.145901483541031135e+06
3.506986752447273466e+04
3.324691511665844591e+05
1.881678667803717326e+04
4.269859783052524290e+04
4.365447553732692613e+05
2.528107784762716037e+05
2.008006432216096146e+05
6.012519898401722312e+05
6.824158416003180901e+05
8.324163807390378497e+04
6.258162909073217306e+05
1.107026952088295220e+05
1.047720888079504599e+06
2.775155360111222835e+05
1.053067951076149708e+06
1.783768114384275104e+05
6.066797778817003127e+05
1.423229082142061787e+06
1.059029462003888097e+06
4.532431307886277209e+05
3.246444257506920258e+05
2.691260738184100483e+05
5.947118014473442454e+05
1.601836714063675026e+05
2.823963329933233326e+05
1.882800853766275395e+05
1.827827109915401321e+06
4.029060546402413165e+05
1.342061964223003946e+06
1.157286499097057385e+05
1.741673196929290134e+04
2.728214541567136766e+05
2.742605025473955902e+05
3.760668581020408776e+06
1.480361942487136694e+05
1.071626246670647757e+06
3.217872906947257579e+05
4.600416853317114292e+05
2.084371503304122889e+05
2.536957575118785608e+05
1.373676222109000664e+05
1.523175132757014944e+05
3.856397317803216283e+05
2.542128102956551302e+05
1.324180135132973955e+05
5.321172117831255309e+06
2.888683755315733142e+05
3.924171369634070434e+05
2.799696015921045328e+05
2.352663261157746547e+03
4.919020713466433808e+05
4.778513106237851753e+04
9.694490896833782608e+04
9.928573812139346264e+05
2.517631566103298392e+05
3.255160513427634723e+05
3.261553393541744910e+06
2.048377144138072035e+05
1.173504952135565109e+05
8.510013972062839894e+05
4.268843127737196162e+06
2.560305961230360845e+05
1.645591750235066575e+05
5.694204479056331184e+04
5.439187441742246301e+04
9.569542209852806991e+04
1.483502933550506597e+06
1.250653401749173878e+06
7.863932433280356927e+05
6.363621928330077935e+04
1.167472264445590845e+05
1.492235853679284046e+05
1.370197271664479049e+06
2.403660260342492547e+05
7.359717530282074586e+05
1.099583013104953425e+05
1.543402942902639974e+06
4.558550158438383602e+06
2.739285975453197534e+04
3.011470634453709936e+05
1.337782233770285093e+05
6.536065516822253812e+03
4.518866960391802713e+05
1.011543983760135598e+05
1.759140694877328584e+06
3.192670250204734621e+05
7.778773975035292096e+05
1.148470701948307920e+06
7.170046510370064061e+05
2.879414300653327955e+05
2.479869684519365255e+05
3.355692713977498934e+05
2.860608841985755134e+05
1.379265554537733842e+05
1.679985956197479391e+05
1.388875200069313869e+05
8.602723597328904725e+04
4.834614870934877399e+04
1.250911946926770732e+06
1.838437012005948229e+06
8.153598318917792058e+05
5.316642614227945887e+04
4.195413566782776616e+05
3.254635702147590346e+05
1.024448984693123493e+06
1.405911557040980551e+06
2.382719059418980905e+05
3.405975520405634888e+05
3.646265753728073469e+04
5.300964438181930745e+04
1.556508409043892985e+06
7.249674897391056875e+05
3.944776488596278359e+05
2.525591063641954679e+06
2.007204153654574475e+05
9.291043816703910124e+04
4.257596035235579475e+05
1.281447335099729244e+06
4.732146488245837972e+05
3.312583067750846967e+05
1.599152573111932725e+06
1.736033368408811803e+05
2.702121846364667872e+05
7.481144055498092202e+05
9.636436051599039638e+04
7.574052629367170448e+04
1.150799170802261942e+05
7.785359629549726378e+04
9.665432332979630446e+05
1.749875763207532582e+05
7.636365037724273279e+05
1.350294157725887839e+06
2.881825010498207994e+05
1.501041135368288378e+05
3.683219693698902847e+05
4.586061739357388433e+04
2.379350471737891203e+05
1.405095236706702737e+06
9.417854346599449636e+05
5.871452477550141048e+05
3.122111594691222490e+04
2.469792975640438090e+05
3.987076568766346463e+04
5.061584897479808205e+03
1.730557273944471381e+05
5.421483400756186165e+04
6.474190133102049585e+05
7.813491318714935333e+05
1.251007128395146690e+06
4.290842450298299664e+05
6.559789112820643641e+04
3.732411943567917333e+05
1.776878908186606131e+05
5.757350926300688880e+05
4.586513884560774750e+04
3.784683280938164098e+05
2.169805752761792392e+05
1.287136048428619251e+05
3.981493726611114107e+04
6.032861069052685052e+05
2.268928050925939533e+04
2.172272217211342067e+05
4.673664923771470785e+04
2.657794065825440921e+05
6.594166338354337495e+05
4.263307437486691924e+04
4.180783176900116378e+05
5.529299280121558113e+05
7.030649205475681229e+05
5.809603215537134092e+05
1.551558477738511283e+05
1.068080482559023658e+06
1.764606397721689718e+05
3.233672127038626932e+05
1.716344885735448916e+05
6.206455776621605037e+05
3.664181787198589300e+05
1.791348973423746647e+05
8.849625541988667101e+05
4.803785749813317670e+05
8.937804545050658635e+04
2.395942169101476669e+06
1.024603938365307404e+06
3.030518125002338551e+06
1.308672407430287421e+05
9.552936743124739733e+05
2.280995210216365755e+06
1.000441681004685088e+05
7.813850518433413527e+04
1.110140275690338574e+06
1.469681385256870708e+05
1.573156106152025284e+06
1.074578003596679773e+06
1.343202281217431417e+06
3.683677972232597531e+05
5.862222009643291822e+05
4.902922545644077472e+05
6.879958726838666189e+04
6.133257864780364616e+04
4.689915061909114011e+05
1.057470657323317428e+05
2.990153820119670127e+05
3.453583603192030569e+05
1.098845061080451123e+05
1.000568411643461208e+06
1.281695907892762334e+05
1.368821673701574793e+06
1.902892804895583540e+05
1.097788540625973983e+05
3.150416712652364513e+05
2.718516355279188603e+06
1.041459568609833950e+05
2.395108804635798733e+05
9.148259511747929500e+05
3.323192402602029615e+05
2.311990795821408683e+05
6.660680387121745152e+05
7.184496216551949328e+04
3.320451643162544351e+05
2.332317930594422796e+05
3.379977014038952766e+05
3.003223099597347318e+05
7.560767142852861434e+05
2.217171499829792301e+05
7.989564452852112008e+05
1.381234755300040124e+06
1.439454198677816021e+05
3.182195435740157845e+05
4.206509524196719285e+05
4.599646436003296985e+05
1.059861189029998146e+06
1.671010462576174643e+06
4.609493063780049793e+06
6.639902851278765593e+05
5.387809508523234399e+05
7.408531526558002224e+05
3.704150721491408767e+05
7.780904038184842793e+05
2.391990014014423068e+05
3.284550189093427034e+05
4.215156298064855509e+05
2.555678202005790081e+05
9.591241903402248863e+04
2.675996025112722418e+05
8.377058848551013507e+05
9.350773453786109167e+04
6.521398231297759339e+05
3.072149700163858142e+04
1.090298294066947128e+05
3.954953442320732283e+05
3.396783654125779867e+05
7.649077651699799753e+04
4.708728821960360801e+04
1.578762501861114288e+05
6.035128629496061476e+05
1.342147590175349033e+05
5.207682455447926186e+05
2.542680667693222931e+05
3.082639268269291148e+06
1.705610652174602728e+05
1.136992175498765893e+06
6.084997975602003280e+05
7.229107520486094290e+05
1.391096298172212846e+04
2.544144609307077480e+05
3.110010586937309126e+05
8.010122165355960606e+05
1.215751027207742678e+06
3.009272345975539647e+05
8.935667554021392425e+04
2.588375141438147519e+06
3.864814922330477275e+05
3.564813038884272682e+05
5.167462860584108857e+05
1.416193233442994824e+05
7.413337631357492646e+05
2.377861695680961711e+05
2.101407801468353427e+05
5.034660439534542966e+05
1.685982586369689088e+05
1.591041842465068039e+05
8.799109375684335828e+05
5.617396389496898046e+05
5.507139161068615504e+05
6.086261465586298145e+05
5.087626313645035261e+05
1.768447197489984101e+05
1.336479910358869005e+06
1.632660113569818532e+04
1.854757056664187403e+05
2.702546446826276951e+04
8.229393241472811205e+05
4.133329344109088415e+05
4.152958323146902840e+05
2.135748029830544838e+05
3.718841255287511158e+05
3.319261970792147913e+05
6.359978918686814141e+05
2.257504168998776877e+05
4.180837708859057166e+06
2.554805077989961137e+05
1.294507013881115126e+05
2.913529586938261054e+05
9.529655824734431008e+03
3.546383897609331761e+05
3.432275391962457070e+04
3.555318080603836570e+05
3.779207620104095986e+04
8.979278661373424984e+04
2.009250291458817665e+05
6.859284050447364571e+05
8.437257793176604901e+04
5.862266369258536724e+05
1.061977296276953712e+05
5.543618495234543225e+05
2.499115623018590850e+04
1.508255638871812960e+06
1.911106213342412957e+05
5.566565326253389940e+05
5.876408306087548845e+05
3.621566012417692109e+05
2.727893634525801754e+05
7.163820934293785831e+04
1.040642957070289296e+06
6.507680755703176837e+05
2.553681220509510022e+06
1.243436452643310186e+06
1.582132457829330349e+06
1.207698984957092674e+06
1.391178132015916926e+05
8.625154290234680229e+04
1.837383379792466294e+05
1.421628781896613364e+05
1.467842753980161622e+06
2.361543392506815726e+05
2.442771332540590665e+05
1.626026743282369571e+05
6.849804253335605608e+04
4.270720693211973994e+05
1.409346830005165830e+05
2.275025983492294836e+04
2.035322048718427250e+05
1.522775796411820920e+05
1.541820940458815894e+05
2.545120954755031853e+05
2.231474288770347775e+05
5.437097098954836110e+04
2.507829723413392785e+05
2.070150351012723113e+05
1.876629412995829247e+06
3.693013320947575849e+05
4.141923979984345497e+05
1.514930150620136410e+06
3.812273939439907554e+05
2.627583684375371085e+05
2.346764432832211605e+05
4.838606877846319549e+04
1.089838976577705180e+05
9.859804556735354709e+05
4.587128996024165535e+05
4.387109057594701153e+04
7.686014370710890216e+04
2.689563378649510560e+05
1.146037771750153843e+04
4.273886538235318731e+05
2.056901147408446122e+05
6.620181383441478247e+05
3.218393286771357525e+05
7.603991378579961020e+04
2.302227690971801640e+05
2.536797781754022435e+04
1.005790282018136786e+05
1.066497507577619515e+06
6.118904222109626280e+05
9.630234875804990588e+04
1.247550142311900127e+05
6.668655297263185494e+05
5.781552329564637039e+05
3.754379487285028445e+05
1.365603895428190590e+05
1.014205636656963616e+06
8.327129308415104169e+05
1.894811046158150129e+05
3.893380757431593956e+05
9.559335578880490502e+05
5.412663602982504526e+05
8.792035062334547983e+05
2.176576182905298658e+06
1.035148231774900109e+06
2.053351953838039772e+05
4.519953923161429120e+05
2.999733233604678026e+04
8.286384782303085085e+05
1.041632871572993230e+06
3.771172265521402587e+05
8.110481552301838528e+05
9.396533861264525331e+04
2.440866981428208965e+04
3.853056047634887509e+05
5.643145055431828368e+05
3.280538397462961264e+06
1.004071375617766462e+05
1.722755874249520479e+06
6.520173391287925187e+05
5.320798409905238259e+03
1.013453301451444160e+06
2.778735632027568645e+05
5.839583196765735192e+04
2.941887316338347271e+06
1.014436817936569219e+06
2.766665234670360805e+05
8.815294421455077827e+05
3.937350768975104438e+04
1.655731957764463499e+06
1.598623539221581595e+05
6.468367705529436935e+05
2.573681363775116624e+05
5.987245068077108590e+04
2.027558357529130008e+05
3.680649378467290662e+05
5.328218054167409427e+05
1.285067685856722528e+05
8.169852863745212089e+05
1.282690538661580795e+05
2.485416212912518822e+05
1.895051884380147560e+06
5.024845144407979096e+05
3.136737080894459723e+04
3.031113966386801621e+04
1.653694013226432726e+05
1.576071936297850916e+05
1.665282134275395656e+05
1.063176241675397847e+06
7.971772801518009510e+05
5.670628374621921685e+05
7.505042952453128237e+04
5.826444769715572475e+05
1.960843433220841689e+06
8.752865487223888340e+04
7.491919213315051456e+04
2.550662804977766355e+05
3.293652750558841508e+05
3.284046495431346120e+05
1.193744439761079382e+06
6.137886841731511522e+05
3.620239539250725647e+05
7.805179768794813426e+05
1.688542198533260089e+05
2.147153415080617648e+06
1.084654903754112602e+05
1.106315989463628037e+06
6.381129230066719174e+04
9.800221463581203716e+04
1.291522977873120224e+06
3.090834519167091348e+05
2.855946509141274728e+05
2.921884603383363690e+06
2.020137288045381720e+05
2.291702663647686713e+05
1.686612145304016012e+05
4.235357575158550753e+05
9.955045343097680015e+05
1.078683508173788869e+05
8.600493720892615966e+04
2.718160284472096246e+05
3.736229371793532046e+05
8.031684936231520260e+04
1.286687384223780828e+05
1.380120491633677389e+06
7.505886070351039525e+05
7.830971093161829049e+05
2.937287694164468558e+05
3.822241800544053549e+05
3.125507760571737308e+05
3.819747873190530227e+05
3.023157156362974201e+05
6.103058100897785043e+05
4.080467336210753419e+05
6.618294253392190149e+04
1.716063312598195625e+06
1.570515663467106351e+05
8.405431202292318630e+04
6.501803803752728272e+05
1.911919311354060774e+05
7.022050812405698525e+04
2.149387277444261592e+06
9.212501566549904237e+04
3.961694881924240617e+05
1.248935152828544233e+05
6.839263656606478617e+05
5.323051641909901518e+05
7.555096747184386186e+04
2.119117131796011745e+04
1.923238503906648248e+03
1.436907199855716666e+06
2.619887095264151285e+05
3.736705019940473139e+05
1.480451140462510230e+05
2.350381214792692917e+05
2.416794561304206960e+06
5.117557634479531553e+05
2.641361611315177288e+05
2.214218431552948023e+05
2.507123390382051002e+05
2.091491139530945802e+06
1.235423905371284200e+05
3.976414259218272637e+05
2.471924774552489398e+05
7.647831976681202650e+05
6.165851212032550247e+05
6.564173973294972675e+05
1.877524532583264518e+05
8.893748587031122297e+05
1.553614438248483930e+06
1.092194239864493575e+05
1.210914816783626564e+06
8.911897562291135546e+05
6.321560272145388881e+05
2.013614566980421296e+04
1.951449601708815899e+05
6.687964214288162766e+05
5.593844881129950518e+05
3.062400160742838052e+05
4.614633106671717949e+06
5.919666886731423438e+05
6.426398663611900993e+05
9.256238270420208210e+03
1.225512125383588427e+05
1.324577458964974387e+06
1.845034422210416524e+05
2.789270459414400975e+05
6.291895028751374775e+04
2.350269481391380032e+04
9.387144085873865697e+04
3.520419636598508223e+05
4.472283009210063028e+04
4.917954457222482306e+05
1.725599979777812259e+05
2.232958490703936259e+05
4.084764330341800814e+05
1.243667058659717150e+05
6.583195944110101555e+05
3.514844656221193727e+05
1.123652471832147799e+06
1.694318070318484388e+05
1.318617862257954403e+04
1.468291769939971855e+06
1.416184970737970667e+06
1.288302307241195667e+05
4.831198621536294813e+05
6.908165665557869943e+05
2.727118891687498544e+05
4.484878009502856294e+05
3.202179244292665389e+05
1.275652395627611317e+06
2.619651801204220392e+05
4.622412245993584511e+05
6.337065955167623179e+04
9.546596987396992045e+05
7.669480751165994443e+05
7.940753021989886474e+04
1.388721812773627753e+05
4.596567665677379118e+05
2.174622068035368866e+05
4.620690131268177356e+04
2.912384138891239418e+05
5.035852517238276050e+04
4.933949170139384805e+05
3.430354467700948007e+05
7.941241627491627587e+05
2.176072930966024869e+05
2.959072616141863400e+05
1.862592095665461151e+06
2.350968805146225262e+06
2.683552158342562034e+05
1.353122253496335761e+05
6.089055599282484036e+05
2.094941691246571718e+05
4.155396088834391412e+04
1.959916524255626791e+04
9.760676775265630567e+04
6.377799744493230246e+05
4.284435234241887811e+05
4.901573970746107516e+05
3.730009688259194954e+05
4.596445561466137879e+05
1.512799505288247019e+05
5.637818541830135509e+05
6.205148598150347825e+05
6.489994646622859873e+05
2.141422273705416301e+05
3.643324759617190575e+05
1.781089661151137552e+05
4.743625136653523659e+05
3.987939013675052556e+05
2.481050616178373748e+05
6.181305200185283320e+05
5.562515312435881933e+05
1.925621915354366938e+05
2.839868349755693343e+05
9.112445133211833308e+04
1.639539969627726823e+05
4.036246541854439420e+05
7.567306459879672911e+04
5.218208793613578018e+04
2.824818452285170206e+05
9.464014613320686622e+05
3.860134952599718963e+04
8.635458850188127253e+05
1.533109412232008763e+05
1.561855952227539456e+04
4.151722910651421407e+05
1.897126098168614262e+05
1.938528680619887891e+05
8.631014642890372488e+04
6.330458576179181691e+05
1.279787057669217931e+06
6.990634279833935434e+05
2.869703979454517248e+05
2.267476244199724752e+05
2.135368080648593605e+05
1.298841814287166926e+05
4.924305619562361971e+05
4.454151130299414508e+05
3.038497645530604059e+05
4.194721989233592176e+05
4.102928513647253858e+05
7.356447256271498918e+04
4.445376051300786785e+05
1.388140096761415771e+05
1.930131168072398053e+06
4.695206212854656042e+05
2.454063559124479070e+05
1.610037720581366448e+05
1.381712798879494658e+06
7.606558875662618448e+03
6.935921057860591645e+03
7.454540067193647847e+05
6.904105265355648007e+05
4.477073374117513187e+06
6.863796904706981732e+05
1.128797776708617806e+06
6.974694628176758997e+05
5.852102133715206292e+05
9.504491112926298520e+05
1.704041826571047131e+05
3.084115044264204917e+05
3.497069991408550413e+05
1.189703260918084707e+05
1.423541439275824232e+05
6.230526893676514737e+06
2.070793730244359467e+05
7.088691415614981670e+05
1.946259558673961088e+06
1.553306437640173244e+05
8.643259113421668008e+04
4.500866027950266725e+05
1.480035258216863440e+05
2.918045832713338314e+05
1.630045760800275893e+05
3.159412308334265254e+05
7.675108140391545603e+05
2.838237912759515457e+05
1.057228789299308264e+05
3.057214265482045244e+06
7.067867296693497337e+04
2.648293446326752310e+05
3.401646241523487261e+05
7.559143351538274437e+05
2.405419127983669387e+04
1.563450212817180436e+05
1.337872372381781926e+06
1.328756349693378143e+05
3.376033317351996666e+05
6.335600511903723236e+05
7.967970107301684329e+05
5.462525781619625195e+04
8.494979218681736384e+05
2.638626522789528826e+05
6.570320819788760273e+05
2.891557469701503287e+05
4.165802512788784225e+04
1.327536867952838365e+05
1.332833608010804164e+05
7.213183708390251559e+04
3.649347113048733445e+05
5.645969073011715664e+05
3.192359914716196945e+05
2.258273365115075721e+05
2.593407443517166539e+05
2.801792385939888190e+05
3.377898900324703391e+03
5.970232040751753375e+05
4.268771616849307320e+05
5.351191743385462178e+04
6.011983417116113706e+05
1.085569549780710950e+05
4.523018493651912431e+05
4.638609386128913029e+05
1.615190555007516814e+05
4.544107794419576530e+05
4.884763281797833624e+05
4.198265722917124513e+05
2.965463059290196747e+06
9.422839792164023966e+05
1.351749265678837197e+06
7.906558726397821738e+04
1.439738898992518662e+06
8.086266773805994308e+04
1.616708036250065488e+05
2.747501493393256329e+06
7.210814477953118039e+05
9.008779595034111990e+05
6.438987105542973150e+05
3.844972580040840548e+05
3.411878020916298265e+05
8.958484946771473624e+05
2.675203605619952432e+05
4.713920903824885609e+05
4.876709933878046577e+05
2.572645383329674660e+05
4.993459114793984918e+04
9.875860952753298916e+05
1.606600617831895070e+05
3.392616879873499274e+05
2.638717627165431622e+05
5.628680993429166265e+05
6.342478305186617654e+05
2.692535964611651143e+05
8.882070416221962078e+05
1.002052383540027658e+06
7.177672287020958029e+05
6.495170213501978433e+05
2.778462554333564476e+05
8.354126977432694985e+05
1.419867943678544543e+05
2.330490773091427982e+06
7.491920109636791494e+03
1.017286961097170017e+06
1.174179564896064345e+06
2.021800845129577501e+05
1.201820702653604676e+05
3.535662471257433936e+04
3.581778365282388404e+05
6.942295195689216489e+05
1.369709732960127760e+06
8.510726128764118766e+04
1.134229099139262224e+06
3.230173782340508187e+05
7.249580416451147175e+04
4.938132188706252491e+05
1.085181717820439488e+06
8.232206675358999055e+05
1.437303607451400021e+05
2.804370388948385371e+05
2.820362598709543236e+05
3.266781396015613340e+06
6.804859314080146141e+05
1.586912232628785423e+05
5.502532556386005599e+05
5.645298570831011748e+05
8.711468966211695806e+04
4.853169635309927253e+04
1.088514130935681751e+05
3.499326496977492934e+05
3.658439939972317661e+05
6.374057286456577713e+05
4.656013035677117296e+05
7.619742953495403344e+04
1.578743829866485903e+06
5.074778493349520140e+05
2.763492391761787236e+06
5.079018601266781334e+05
8.768240128212847048e+05
5.694046684698429890e+05
3.930561171010936232e+04
7.961047885899234097e+05
2.146649621988195577e+05
1.417819960949180648e+06
6.866816488475305960e+04
5.216433622688598698e+05
2.330887308851655980e+05
1.161446159425419610e+05
3.353697537464730558e+05
3.576820673399867374e+05
1.695739897302863537e+05
2.960114124455812635e+04
4.379692076093959622e+05
1.460995754424108192e+06
9.229672571939888876e+05
7.304861996881074447e+04
2.471370595919908956e+05
6.283104620068015065e+05
6.608403862728748936e+04
4.058960903572689276e+05
5.463925804826233070e+04
5.108896911807642318e+05
6.761980171068327036e+05
8.648688887393422192e+04
1.830561063219519856e+05
3.710466889836216578e+05
1.644832437592298957e+05
4.452736678258102038e+05
9.494562990124133648e+04
1.250037464317325066e+05
7.151225654413623852e+04
8.139236054411384430e+03
1.108351802483954234e+06
3.886312134411594016e+05
1.795189888166156015e+04
1.923064309978667006e+05
2.049096528334274655e+06
7.411317076245737553e+04
5.079456404022865900e+04
1.461245761891150905e+05
6.765107196749461582e+04
6.740437242532960372e+05
1.788448218889029158e+04
1.065579733274561120e+06
4.235422356585419620e+05
1.913056520406746495e+04
2.126789005981390364e+05
6.232877508496798109e+05
1.092764452506460948e+06
1.129911937772629084e+06
1.465825210032047180e+05
1.768362082274968270e+05
3.347567586006842612e+04
1.066537151047185529e+06
1.717004040723706712e+05
1.022946141151316260e+05
2.780828537743138149e+05
1.266417160484772467e+04
1.232829397840537829e+06
5.067309860934927710e+05
4.149768322125120176e+04
1.903014776677766582e+06
6.870258427896384383e+05
2.850000369702047319e+05
4.452107346179669257e+05
1.265026019170088985e+05
4.710702314613663475e+05
6.801089550001868338e+04
4.906546519769470906e+05
1.346124947451929911e+05
1.406954471426514443e+06
1.347033781798554410e+05
2.685159171870342689e+05
3.523672655574780656e+05
6.079766136466938769e+04
5.315015359667510493e+05
1.515711505143652204e+06
2.148555954265814798e+05
2.090666773389108013e+06
1.513767045540652936e+06
9.453403608182255994e+04
5.641662457425722387e+05
1.021701037278046366e+06
2.650305056003457867e+06
1.041900718899215135e+05
3.498027598905063933e+05
6.423750127565697767e+05
2.035991482908328529e+06
1.053229314745072974e+06
9.692554173208347056e+05
3.089677260907961754e+05
1.825686491329736600e+05
5.838519723438887158e+05
2.919946369200247573e+05
3.904462109940443770e+05
1.200142981032511452e+06
5.299469470633730816e+04
6.929013441893915879e+05
7.984797210645804880e+05
1.824781403001307335e+05
2.410088409874393546e+05
2.184993507080159325e+05
1.020263772165296723e+04
2.030094034881262924e+05
6.651738244417199166e+05
1.354391933905401174e+03
1.019430461991759948e+05
1.798284992725079646e+06
2.037219997778780758e+06
7.189077326538795023e+04
4.303661723420938361e+05
2.713762412363573094e+05
6.113198292862571543e+04
1.950228416378268739e+05
3.483737680626662914e+05
1.129366523411431990e+05
6.382691374068270670e+04
3.106070790437930918e+04
5.748159403175461339e+05
7.395399003524957225e+05
9.338587558463506866e+04
1.505808487792327942e+05
2.119623269483680779e+05
3.142041392180842813e+05
9.632576631904924579e+04
2.272705242033543531e+06
1.053559444389386335e+06
6.356744055142414290e+05
9.426199266772961710e+05
7.064425596319681499e+05
8.426746059244625503e+05
1.577884484503696149e+04
2.557818230964685790e+05
2.523779602390766668e+05
3.087756140744599979e+05
1.365569065986362752e+06
6.851710044684269815e+04
5.090008129191779881e+04
1.968923599280200433e+06
2.625920281887959223e+06
1.420963836829237989e+05
2.628344920246038819e+05
1.649271892163053271e+05
1.765574798198381905e+05
3.541192001181201776e+05
4.426202706702062278e+04
6.325146443929789588e+06
1.104913172060508747e+06
1.682832996777983150e+06
1.931389726009075530e+05
3.331007709197105578e+04
6.938706145232479321e+05
9.536286906434998382e+05
9.548378442500471137e+05
1.388243064135481371e+06
6.292482742067604559e+05
8.589625132615225157e+05
2.145748378896864597e+05
1.164226054242467508e+06
3.472098072264305665e+05
8.013136160517046228e+05
1.446244048859969014e+06
1.104924753524791216e+06
2.685247016643851530e+06
6.455804177407270618e+04
3.464299232272895169e+05
3.575414394857101142e+05
3.023346193253189558e+05
1.448191209350104211e+06
8.933434648537458852e+05
6.416383461393372854e+05
6.818863646278002998e+05
2.618121128524585220e+05
4.222832660634773492e+04
1.507813753860755824e+05
1.766176378120688605e+05
2.168701087435067166e+05
6.433541015151395695e+05
8.600098440300601942e+04
2.097501260831705004e+05
1.306181251346511563e+05
6.336242365994363790e+05
2.908809797994816327e+05
3.116235219327495433e+05
3.537390828626555856e+06
1.316425016012547072e+06
2.841725153050517547e+05
1.736175000328285852e+06
4.579553145937753143e+05
7.185712927420652704e+05
5.000827667532063089e+06
9.285251558523639687e+04
1.738316310633175308e+06
2.029333058799651917e+05
1.823841206294651056e+04
1.901989024067333958e+05
1.023118449817913119e+06
2.353752353401503642e+05
1.645084145124489733e+05
1.203206777806686441e+05
4.804885935910976259e+05
1.313580075352785643e+06
2.691308521356103010e+05
1.047626310153240775e+05
2.030411100945280923e+05
1.172794287002746132e+05
1.421585641452794662e+05
1.789767931484551518e+05
2.320791255990924037e+04
7.916055296326614916e+05
2.584547980495699449e+05
1.970211241920025786e+05
4.598153935005730018e+05
2.601576008882278111e+05
3.380005054195113480e+05
2.079179184197102149e+05
2.191175160578231327e+06
1.086101607847124804e+06
3.251118370210947469e+05
7.831851455534035340e+05
3.429157630297094875e+04
4.757642536996823619e+05
6.719262278098214883e+05
8.069186605739064980e+05
1.069376618263728597e+05
5.220588850842245738e+05
8.672674393708346179e+05
4.440545351302627387e+04
2.807437772358718212e+04
3.868764803863457637e+05
2.381092461306637852e+05
2.616466136525238981e+05
1.020137236000150879e+05
3.316661477686841681e+04
5.766912224051518133e+05
6.912554843952689553e+05
3.570808391344994307e+05
1.212159558097204135e+05
2.562166434154419694e+05
3.985897255584691302e+05
1.888526354417513823e+06
2.172401882217803795e+05
1.545443329693221021e+06
8.315902861908605555e+05
3.821406378413169296e+05
1.627180676217288012e+06
1.227276241241365205e+05
7.501822852446725592e+05
3.350368919822908356e+05
1.651499803410056920e+05
8.471615782443774515e+04
3.727369184092987562e+05
5.355616747208371817e+04
2.914443108368223184e+05
6.209602016090326651e+04
5.948030912504760636e+04
7.648714681186850066e+04
8.704487943101336714e+04
5.773128718607746996e+05
3.687417376055457862e+05
8.242238013325788779e+05
2.937489492881584447e+05
4.680718689134149463e+05
1.909329104311797302e+06
2.066184566283276072e+05
1.238318718655648991e+05
5.211439036769397208e+05
1.488939505007548491e+06
1.788841776201409288e+06
6.083543013922161190e+05
4.987748844065957819e+05
2.046429087128597312e+05
6.629957284051806200e+05
5.490747857437046478e+05
1.377561089483612450e+05
5.767722789989832090e+05
1.323919344078261929e+05
1.005996345630979980e+06
3.889797793440996902e+05
2.017666936204387457e+05
1.233239251197307836e+06
2.328680164680302551e+05
9.574742910257796757e+04
2.100260144252609171e+05
2.408030817745562235e+05
3.522048950912119471e+05
1.315661932356286561e+06
2.249004922908029985e+05
7.475740023004154209e+05
3.420531559531415696e+05
2.425136342866075691e+06
1.906345401573277777e+05
1.456961624938931549e+06
2.440786082451426890e+06
9.784482807083985244e+04
5.014557875102062244e+05
3.863546389314617845e+05
1.241105419002443523e+05
3.524462718006218784e+05
6.469586015968887368e+05
1.350460478608710400e+05
9.462302883289537858e+05
1.010181985822004790e+05
4.360204497618344612e+05
2.279616453484396698e+04
2.935827484168558731e+05
3.605182075041107601e+05
2.630954916204494657e+05
1.041029246780573507e+06
3.620650748050839757e+05
1.725818475278721016e+05
5.540169315097400686e+05
3.636302495144322165e+05
1.070055797291953815e+06
1.408565834826982464e+05
6.537385624915045628e+04
1.864681027653845667e+05
3.111958881594334380e+05
7.233930750616671867e+04
1.741338533080472378e+06
3.657517419709277456e+05
1.351544237708143890e+06
1.170425925444900495e+05
1.649761461103925540e+05
1.222365206799803709e+05
9.080493198810005561e+05
4.846237421984112007e+05
1.238379483643285639e+05
8.373906607475744095e+05
3.035233614105003886e+06
9.471768894818992703e+04
2.928961368955013459e+05
3.234569497823017882e+05
6.984609297473785700e+05
2.331583845463440230e+05
3.493030392028656788e+05
2.735081823195247562e+05
1.795488385943357833e+06
1.204914987680491293e+06
8.988512681204613764e+05
8.811423333550954703e+04
3.463670170640792930e+05
2.797292465635627741e+05
5.762548299953081732e+04
2.685313270552871283e+06
6.275094698025343241e+05
5.482740792868569260e+05
1.987440259801936336e+06
6.679103864774117246e+05
4.375277945798141300e+05
1.341635030024683510e+05
3.508189264613384148e+05
1.811496136899293342e+05
1.454469682096342731e+05
5.587305142356182914e+05
2.878199154555205605e+05
1.603472589187396807e+05
4.940586037863623642e+04
6.915885192905870499e+05
1.235931873697012430e+06
1.211279960698868526e+05
2.578164481973976362e+05
8.819080042488028994e+05
2.109525344443946669e+05
5.749258825201872969e+05
7.059105870081378089e+04
3.606450837427892839e+05
2.558036704268647823e+06
1.678024958005306689e+04
3.258283054394981591e+05
1.036588159114270471e+06
8.008461266175679630e+05
6.281436596625100356e+05
1.570110622217786440e+05
3.300572557113366784e+05
2.126260557337893115e+05
2.377967797694160254e+05
5.940649914585575607e+04
1.047048219989745528e+06
3.757552676969960885e+04
3.399296413574260077e+05
1.988882654944041569e+05
2.145833820295156329e+05
5.170409942741871346e+05
1.710426062637384515e+06
2.512279575539526704e+05
6.732830893119940301e+05
6.842647359164232621e+05
1.469179312514135090e+05
2.413322665645417583e+05
4.428093485479170340e+05
1.992394684264582756e+05
6.018407105155410245e+05
3.122798981624420267e+05
1.231705688833581982e+06
7.849948065010815626e+05
3.007818648616204038e+06
4.400757184787933365e+05
2.582028895881106728e+05
1.613816438520640833e+06
2.491185644515452441e+05
1.012999723604659230e+05
2.310093001024599071e+05
3.422017982612956548e+05
3.272114070437103510e+05
5.441806199200795963e+05
1.665412454844378517e+05
6.453514283630351565e+04
4.338019226830536500e+05
4.017384453298642766e+05
4.850761205944074900e+05
9.793917786542023532e+04
2.109232233957129647e+05
8.954532394420105265e+05
2.001974259790386423e+05
2.641540156890037470e+05
1.182929729695923161e+05
9.614032492601883132e+05
8.603840407804847928e+04
1.758640423464655876e+06
1.699763336418751715e+04
1.623042848730701371e+05
8.643239429124273593e+05
3.124877591624327033e+04
9.114833429710596101e+04
3.483714992718618596e+05
4.315840945755140274e+05
7.972197028069403132e+03
5.239349431370882085e+05
3.508142850407654769e+05
7.006233706979075214e+04
2.722478220621799119e+06
4.304785550852544839e+05
1.171135384850375412e+05
8.126617390489573590e+05
6.716771599638622720e+05
1.424013233478999464e+05
5.213702475083456957e+05
4.891855989936505794e+05
1.751207114142259117e+06
1.625935260821942473e+06
5.287003140395230614e+06
1.639542273401467537e+05
2.624274578368931543e+05
5.200933081115960376e+05
1.127789720585125324e+05
2.438452691595955694e+05
1.123539746511909907e+05
2.006156430995099945e+06
1.242350833628780092e+05
3.708166086462112144e+05
9.533840978421989130e+05
7.084758724551566411e+04
5.249108307442093501e+05
1.914364685100228759e+06
2.110524139725142624e+06
2.597083390645528270e+05
8.400830438943906920e+05
5.975149889978733700e+04
7.350253920721114264e+04
2.834675861961472547e+05
4.323915894233320141e+05
2.467827223621761659e+05
2.534888839516340522e+05
8.339126591215218650e+04
1.840820273619427462e+05
1.606906682339288527e+06
1.271488675899949740e+05
1.942621814439966111e+05
3.411205111516995385e+04
7.895583303584211972e+05
5.809780922335436335e+05
6.735426889168173075e+05
9.497503575523174368e+04
2.447527244207402400e+05
1.519025682346135436e+05
1.759034290503120515e+06
2.857661963115537656e+05
5.187513651729022968e+05
5.419534695025144902e+04
4.808975467299992306e+04
8.177248130000506062e+05
7.297711888304387685e+05
3.645537998041249230e+05
1.750780811899226857e+06
9.936841125529473356e+04
6.263252561782291159e+05
1.484406318542179652e+05
9.654793402100452222e+05
7.721376043322880287e+04
6.898086891079470515e+05
5.004029888604618609e+05
5.746146299257644569e+04
2.780624448825044674e+05
9.685494873533281498e+05
7.708206806993802311e+05
3.297916361638258095e+05
4.413709574463308672e+05
1.017032354747148464e+06
4.021629338934993575e+04
4.410748219154674443e+05
7.861854850760826375e+05
3.722639309251258965e+04
1.725943240227586066e+05
1.258098910814350529e+04
9.274011201062636974e+04
1.906282460826576425e+04
4.205052500003960915e+06
1.527382907725790748e+06
1.252731590646909463e+05
2.528364337301031046e+05
3.908108541623802739e+05
1.091205196987373783e+05
1.629325487979413010e+05
4.846938129454349983e+05
3.557936539661120041e+05
1.115354446173245087e+06
5.724375802712048171e+05
2.238890769581269124e+05
9.759539183114836924e+05
5.323381396724148653e+05
5.124381752210733830e+05
8.577263362155687064e+05
5.349342472734276205e+06
3.645774264185026404e+05
2.175944017839765584e+05
7.714447146089776652e+04
4.705264960194167215e+05
5.600573046923045767e+05
5.562913294463461170e+03
3.027976635501240962e+05
4.306991629616859718e+05
2.156441233868008712e+05
6.818238662947030971e+05
3.626832906909678131e+05
2.378651783763622225e+05
3.259498058834813128e+04
8.041588032998980452e+03
1.979050524451029487e+05
2.892491601639760775e+05
7.139735523315926548e+05
7.464998638132881606e+05
1.817822746147951577e+06
1.755390813314120460e+05
1.015762399311042391e+05
1.487300065532964363e+05
6.571701213519688463e+05
2.102938263753498904e+05
4.489062710711353575e+05
8.069465799936115218e+04
1.144829768203888554e+06
2.284993006684960332e+06
7.538166837371815927e+04
5.766541224724642234e+05
6.580277582533947425e+05
4.499585543556520133e+04
1.168757211152997334e+05
1.018483144433735637e+06
4.421539645007429062e+05
3.665843014599307789e+05
6.361767203275173670e+05
1.405863873002891487e+05
8.485318830196616182e+04
2.073369392136323731e+05
1.403321148696407326e+05
1.241615505468803894e+05
3.901936961237702635e+05
3.295896528589994414e+05
2.689040376758843195e+05
5.144832424282318971e+04
1.821504699744582875e+06
2.161938622336969274e+04
9.707907859897203161e+04
1.264140945448558079e+06
6.026910083025675267e+05
1.547062273061349115e+05
5.995463560057225404e+05
8.476509719904033700e+05
5.231397300717430771e+05
2.137869866686000896e+05
2.063335420747342869e+04
5.778865183266820386e+05
1.027623084312197403e+06
3.843743975019219215e+05
6.418537056039037998e+04
5.021329267509701895e+05
1.347128531362574722e+05
2.958881876539700315e+05
8.155985275878864340e+05
3.036549009040295496e+05
1.913736035190948169e+05
5.417525701320297085e+05
1.788881457978614199e+05
2.264577716962498380e+05
7.045007268449864350e+05
2.895418828193558729e+05
1.122070953009391436e+06
2.418605082707086112e+06
1.325414975271288422e+05
2.456593681481628446e+05
2.640383699158293894e+04
7.664278342401728733e+05
3.499301659657109994e+05
6.839558683725587325e+05
1.341098524255349068e+06
1.159790726872971427e+05
2.693517836671958794e+05
1.592177065956176084e+05
4.626954834056839347e+06
3.243596738138846704e+05
8.763650543768908828e+05
3.305297142386052874e+05
5.055618908681542962e+05
4.092509243014551612e+04
1.581634136817044055e+05
9.833032816917414311e+04
9.191118637332975050e+04
6.947877381253412925e+06
4.628166854655479547e+05
2.807739589226275566e+05
1.029068988797729107e+05
9.196099113701031310e+05
4.919423022345757927e+05
1.495140210186559008e+06
1.901042237227064907e+05
3.047743359176215599e+05
1.427097037210973212e+05
2.245202727994830639e+05
1.464534238040252239e+05
1.703526368797102623e+04
5.992286522121536545e+05
9.988176699679905141e+04
7.885131579241331201e+05
8.991850779223116115e+04
1.692902232606504695e+05
3.850405762924769078e+05
5.524608973667541286e+05
3.328523114571777987e+05
7.383749300380740315e+05
5.815625340843587765e+03
6.326980926332380477e+03
3.870191244036536082e+05
1.615880019473926863e+06
2.670460051684538848e+04
1.257677790276505402e+05
2.476106062764554517e+05
1.107028849190506007e+05
1.679740931414920487e+05
1.203399759098850045e+05
1.772741596506170928e+06
9.939727240009665547e+04
2.228102720880909765e+05
2.015172648147641448e+06
7.519344336818809388e+05
8.895353906053608516e+05
6.287105110173993744e+05
1.535241345066478243e+05
5.401030239925860951e+04
1.449279236512070522e+06
3.025632855635216110e+05
1.354538039519236190e+05
2.211851863550904207e+06
3.742365454284825246e+05
6.029061345912030083e+04
5.023685560988739599e+05
7.900268972853205923e+04
1.789553309551164974e+06
1.498378589363564679e+05
2.790220283995137434e+05
1.704724119966613071e+05
5.771019670750305522e+05
1.704576733671795111e+06
1.075402462128730258e+06
1.419386397984439041e+06
1.714435638219705652e+04
7.631629000839724904e+04
2.917085682216610759e+06
2.226420750752978958e+06
7.980872827672738349e+05
6.436559642693759088e+04
3.357431873043117321e+03
1.186136151482216781e+06
5.991324048465257511e+05
3.382815987430838286e+05
1.088525274888395099e+06
3.154497766339881346e+05
7.792647487075944664e+05
7.738615309060118161e+05
3.936310282489235979e+05
1.598170181619297182e+04
2.062005618295177119e+05
5.289189916495757643e+05
9.593544314816700062e+05
6.831518815598178480e+04
9.514217662489407303e+03
3.271115952332181041e+05
7.548631741826447251e+04
1.751725383939748863e+05
4.799740098390582134e+05
2.330223403534708195e+05
6.780779717154109676e+04
1.712960847166106978e+05
2.309915454536098987e+05
6.926413994180253212e+03
3.375125811895115476e+04
1.942729614645091351e+05
3.706940938327906770e+05
5.012577423714758334e+04
2.873560976523053832e+05
5.363611663803582633e+04
1.358087680533740902e+06
2.157797552663651004e+05
1.085103521699695702e+05
2.338535722803490717e+04
2.014832729412479675e+05
5.452597965698182816e+05
1.870650280053580180e+06
3.099008475945172831e+06
1.506323419856728287e+05
1.993502848690148967e+05
1.084614338159065926e+06
4.170492257334848400e+05
1.878143953300994763e+05
9.741565280782182235e+05
2.992370661989104701e+05
1.671467074638659251e+05
1.082323383304754738e+06
2.712651884670883883e+05
1.617958961078514112e+05
7.922783771096159762e+04
2.504883846701788134e+05
7.488781979755347129e+05
2.691224417015368454e+04
1.240776484882715304e+05
2.609259069428688672e+05
2.273748104934112635e+05
5.228211009275940596e+05
1.891827739314617356e+05
3.533794719332222303e+04
6.969384860011580167e+04
2.487873014624761126e+05
3.228779807278024964e+05
2.573282529392533936e+06
1.327295483131417539e+06
5.225748770817967852e+03
1.446183647814796772e+06
1.812009516151630378e+05
8.715606549965509912e+05
1.189989146408289234e+05
3.308889337615725817e+05
4.766901547547351220e+05
1.063900793550601084e+05
4.632466904601678252e+05
2.763239225892123650e+05
8.685151088688126765e+04
1.292543440628296812e+05
1.020157465206778608e+06
1.097373324417277938e+06
2.059145545688720813e+04
6.401238560933900299e+05
1.292445442342921597e+05
9.621047761606489075e+05
4.849914689725086791e+05
2.417255092365299934e+05
1.398638814363007841e+05
8.751720401330792811e+05
8.464619386181513255e+04
6.880479306118934182e+05
5.478805447993659618e+04
8.376274995127665170e+04
2.127421862884818111e+05
2.089409241583489929e+05
3.671564897750836826e+04
5.793503602295713499e+05
8.510259025503592566e+05
2.222783808652738517e+05
8.678819180247180630e+05
3.056442141297796043e+05
3.261858421052382910e+05
3.081441272545757820e+05
6.839054418594184099e+05
3.871938925436828868e+05
1.723433007762141526e+06
2.788191409772271872e+05
1.625116814479103778e+05
7.467397519284223672e+05
7.131200555465101206e+04
1.340832913287379080e+06
6.184751192590086721e+05
2.383463652985552326e+05
3.074714733933277894e+05
2.328716066053675022e+06
7.517593360704391962e+05
1.917383817823664285e+05
2.571323769634897180e+05
4.011474591095036012e+05
7.537378407788380282e+05
2.474737104955699178e+05
2.433367670407646074e+04
9.887383118926851312e+05
2.014505725169673387e+05
1.275724412235102791e+05
4.018666685782796121e+05
1.332000304307787912e+06
1.553714406567366386e+05
8.205854160513327224e+04
2.893132183144458686e+05
1.354387971624456579e+06
6.942531476083698217e+05
3.680993386442049086e+04
5.230724150971270865e+04
1.627973435667060257e+05
1.581454552374709863e+06
3.860100770553426701e+05
1.435171611282170052e+05
3.494190046618673368e+05
5.055426642295673810e+04
4.855767886199114146e+05
2.564478744223491231e+05
4.745625090544191771e+05
6.941928696554010094e+04
4.543808257423606701e+05
1.959298733694573748e+05
2.641849059314697515e+05
2.131239552081370726e+06
9.217555820961923746e+04
1.894979200727407879e+05
4.354012178665585816e+05
4.481973807204817422e+05
1.661870441659337666e+05
7.200155558438788285e+04
5.573078123618572718e+05
3.365172014380242763e+04
1.285465199704769533e+06
5.000794794091394288e+05
3.847067592734764330e+05
4.052640118461997918e+04
1.824941902102394029e+06
7.039267945183537668e+05
2.169835179551492911e+05
8.613195523630041862e+04
1.023864633385429770e+05
3.936539199370730203e+05
2.871371464201599010e+05
5.924333520353093627e+04
1.883652113231561147e+06
1.472375227189831669e+06
1.179383418015756761e+05
4.074353109246695531e+05
1.362405149678910384e+05
4.821220082189386012e+05
8.172657086027710466e+05
3.830175248886259506e+05
4.953816844305947889e+05
8.028312457140311599e+05
7.335368794236595568e+04
9.365969718262118986e+05
2.518391427985689370e+05
2.376729263709046645e+05
3.342184419941451401e+06
5.384726538783679716e+05
1.730773714020473417e+05
6.362567124057380715e+04
5.367798525940901600e+05
3.848309417088230839e+05
3.586878543736978900e+05
2.661505109093052670e+04
3.178509054873062414e+05
6.349937681831977097e+05
1.072679967410870595e+05
2.943617697722535813e+05
9.975157676454380853e+05
4.592529874969105585e+05
7.985554118432895048e+05
3.858036314803879359e+05
3.887407340751843876e+05
7.711370268200050341e+05
1.141584163759560790e+06
2.243944459674124955e+05
1.455769367725708988e+06
4.156363914006549749e+05
4.026285335292288801e+05
4.065126143424054608e+05
6.408930726784715662e+05
6.924977684237482958e+06
3.086261981695082504e+05
1.371985637945945782e+05
1.929456294740361918e+05
4.582902289584590122e+06
4.489285477641738835e+05
1.611176607450131793e+06
2.778228442198295961e+05
1.628442868378084677e+05
3.417389301661365200e+06
1.334725346180608496e+06
1.094813217027900508e+06
8.443071777369438205e+05
1.545404370112554461e+05
4.695198902396331687e+04
1.521519010753201728e+05
1.126032192025150289e+05
4.954485099067039555e+05
5.056383867029996472e+05
1.118516837780017377e+05
1.185057951462764031e+05
4.185931388527947129e+05
4.729352965763956308e+05
1.956189894929670496e+06
8.861523391141065804e+04
2.049284640219383582e+05
2.336414923630662379e+05
5.606155560166017676e+04
1.388567451266233809e+06
3.593472719566024607e+05
4.271240641034764121e+05
6.738576897440520115e+05
9.420551925151018077e+04
1.061577705486219935e+07
2.875133806334131514e+05
1.729250626694665756e+06
8.552238772346988844e+04
1.055163100761274807e+06
7.598586350923387799e+05
1.778406869987674872e+05
8.209904027284675976e+05
6.054592122314427252e+04
1.585993657627026550e+05
1.104022626356247114e+06
1.741876583375243063e+05
1.426896279732611729e+05
1.343742355490803311e+05
3.168344363156912150e+05
4.914311265567634255e+05
3.441741130171086406e+05
6.755080750822083792e+05
1.627915220142909966e+05
4.329867807419114979e+05
2.014171252429683518e+05
1.106756878521134931e+05
2.126944564553277742e+05
1.186967442630744481e+05
5.202435089982947684e+05
4.822160570279694366e+04
4.653555297053774702e+05
2.978052298837388866e+06
1.672861825728968950e+06
4.999322436617513449e+04
3.355714468602792360e+06
5.303030564885080094e+05
2.279880146585959592e+05
6.112519725255741505e+05
1.456610902177066018e+05
6.773386761235589802e+03
9.590926828233088600e+04
4.501149950269542023e+04
2.089463193674242357e+05
2.511177217683133786e+05
2.163608793609743472e+06
6.153128691911718342e+05
3.896467868446151842e+05
1.651490532026204746e+05
1.211657607131711673e+06
2.186586069123158813e+05
5.795512643038059468e+04
4.399733597384744207e+05
4.437439960565735419e+03
1.219147245996097263e+04
3.311883298952205572e+06
1.315466131546090764e+05
7.754917104953808011e+05
3.914215550177770201e+06
2.151692137259377923e+05
5.805943462215090403e+05
3.559539744293921103e+04
9.577693395503032662e+04
1.209234402504635043e+06
3.127341013715305598e+04
2.111547425938890956e+05
1.645075584278683644e+06
6.256160246867106762e+05
1.186166468497220339e+05
4.803716985834725783e+05
6.830691470410263864e+05
1.763491135728429654e+05
1.449138557281172252e+05
2.570267159737791008e+04
2.438539348933452857e+05
2.311566506111957715e+05
1.118886545409314713e+05
5.273211210625016247e+04
2.134542905166673940e+06
5.665025020546113374e+05
6.327761143463290064e+05
2.473689518772386014e+06
4.458598020415524952e+05
8.121051442101304419e+05
3.422689238170598401e+05
7.145957632739311084e+05
1.076070796826662990e+05
4.822846177440560132e+04
1.057746516203213483e+06
4.464760879737793468e+06
2.713050849838291761e+05
5.362850968568485696e+05
1.012389372716647922e+06
1.413619188844587479e+05
2.308408806581471072e+04
2.374519371114833921e+05
4.859680747294960893e+05
1.632145093188462488e+05
1.174570412270358356e+05
4.201630469930671388e+05
1.165380900223962235e+05
1.596486285870830179e+05
2.753794732242727769e+05
1.067235866370100121e+05
3.754509346682021860e+05
5.471964034395853523e+05
1.048572765711599262e+06
1.486268459151162824e+05
3.871807764796020638e+04
5.063572613909222127e+04
7.395878239282484865e+05
5.776365352524621412e+05
2.520806689817253209e+05
6.155013140128302621e+05
3.009486677712386590e+05
1.111748598437116307e+05
1.625516636996305606e+05
8.362530622170106653e+03
7.841938437121067545e+04
3.858090324493422522e+05
2.706968468360149418e+05
5.571638189710104052e+04
9.162590660956625652e+04
7.228813616728956113e+05
3.824575932028012467e+05
7.928863383700043778e+04
1.411487058391865576e+05
3.094300801564540016e+05
8.712892813784180908e+04
6.842751742381952936e+05
1.637389304322555894e+06
2.181016404733584728e+06
1.457726233718213392e+06
5.640524563796316506e+05
1.284866281178893259e+05
1.818864664925099059e+05
1.471357645644278964e+05
7.293755234415697632e+05
6.010739854994071648e+05
9.123281463587358594e+05
1.379255606825836876e+05
8.041084536828545970e+04
3.601584827357268659e+04
8.479432405215228209e+05
7.625196027772827074e+05
1.106053156051847182e+05
3.188667489019901259e+05
2.121429431741588633e+05
4.524978396705469931e+05
2.287162424802967507e+04
5.788141941975045484e+04
1.360639592067757621e+06
1.611693216370848706e+06
7.321400175481560873e+05
1.238634650892914506e+05
1.996738088233075978e+05
9.728609896135124145e+05
3.922176667895716382e+05
8.299938517464198230e+04
8.616522033553953515e+05
7.354384648521979107e+05
1.798942372099394677e+06
2.501400726484183688e+05
3.942803116843583848e+04
1.584208087168587081e+05
4.194225171576379216e+05
7.065989599317176035e+05
1.155948924750760343e+05
1.009475611311588320e+06
3.570417669327330077e+05
4.988638132056927425e+05
5.199903874805412488e+05
2.942583276359445881e+05
3.551113369736855384e+05
1.174646399073235661e+05
2.357639466116169002e+06
5.778643487435232382e+05
9.152070690243283752e+04
1.096067874651218735e+05
2.752315205608014367e+04
3.449906977443576907e+05
1.075842055659818463e+06
3.529192408622479707e+04
2.419337906598508358e+06
1.137171376778715290e+06
1.977712251373380132e+05
3.452551468027608469e+06
1.124047389261215692e+06
3.787404086573635141e+04
5.380476081196299492e+04
1.668199351937769912e+06
2.373332289156056009e+06
2.851113528872942552e+05
2.494945164317565795e+05
2.282037747098086693e+05
1.507050739974345313e+06
2.719664924007906229e+05
5.198980444309421000e+05
8.483993248396143317e+05
5.121788934189365245e+05
1.634228896745371167e+06
4.396451877995634452e+06
1.024526745519984048e+06
2.608368534645079635e+05
1.478450933058066585e+05
3.065665578845910495e+05
1.688616788837065978e+05
9.633979442888280028e+04
2.392688090602470402e+04
6.317738239277417306e+05
2.431975890970387263e+05
2.139664274621205404e+06
5.171612718196654459e+05
9.812454267420402030e+05
6.591505698282029480e+05
3.207328324600679334e+05
2.922401305685019470e+05
4.868529734289838234e+04
3.237312379054785124e+05
4.638336455144215724e+05
2.397803529014166270e+05
7.083123758563984884e+05
9.421075127793897991e+04
6.474612192343294737e+04
8.211205026254177210e+04
3.447249265195620828e+05
4.706140948792891577e+05
1.052011129135769792e+06
2.782713589592426084e+06
2.616976713062005292e+05
8.254839939396464615e+04
1.172316480240203382e+05
1.344440218975474359e+06
3.780632623647938599e+05
4.596981194243068458e+05
1.146009215666143689e+06
1.569453473132846702e+05
4.190791500163017190e+05
4.000879950592276145e+04
1.249717129327964503e+05
1.226862339177995600e+05
1.549748714296245016e+05
2.957537545854664058e+05
1.368746717985018331e+05
4.672817131158010452e+05
3.106325807711561210e+05
3.978930224688622984e+05
2.094319775626596529e+05
2.477078258427843393e+05
6.134925054784926760e+04
6.272686208395704307e+04
2.289104344752002507e+05
1.901085206466460368e+05
3.520332154341498390e+05
2.508810352404229343e+05
3.990608282897803583e+05
1.295237828500165837e+06
1.357291020100297872e+06
1.473060997146012960e+04
1.417240559143819555e+05
4.982857021182932076e+05
1.455165871415172587e+05
2.165979065504232713e+05
1.189847400019070134e+06
2.825216074386450928e+05
2.262985156396992505e+06
2.701018513897666708e+04
5.611245622471078968e+04
6.469461855701501190e+04
3.178675852676411741e+05
2.156464059381358966e+05
2.073835477152086096e+05
1.125696044792528264e+05
6.010623372044831049e+05
2.735022126448762720e+05
3.103131922320504091e+05
1.639772763797821710e+06
5.399574480295790127e+05
7.353611002366252069e+04
8.584742116453777999e+04
8.274389565975460573e+04
6.917833197805720556e+04
1.556593625312502729e+06
3.584605793688089470e+05
1.405246730579587747e+05
1.084341882423754723e+05
2.036297333534044446e+05
6.854601396572675731e+04
4.509415301589454757e+05
3.374949553551205317e+05
6.073664329184588278e+05
8.905753662996216444e+05
4.984839508511188906e+05
3.497319151862072758e+05
2.594980539070191444e+05
1.740061948501055595e+05
6.215653352641958045e+05
3.984677113042458659e+05
2.260862912226571061e+05
2.085959056914611254e+06
5.059525813781981124e+05
3.964135708929825923e+05
5.762583037195142970e+04
7.495518462406814797e+05
2.375852196312977758e+05
3.312908455986190238e+05
1.772373108757530106e+06
1.407654363751148048e+05
7.897339015034023032e+04
1.998341580314245541e+06
6.880540472280688118e+05
2.461037770812415329e+04
1.130270232213279232e+05
3.064688572211639839e+05
3.489460473099000519e+05
6.793574066454665735e+05
4.051922639402854111e+04
9.550795939459596993e+05
5.375034016199985053e+05
5.310102921296798158e+05
2.027420866885400319e+05
3.125163668322532321e+05
1.289439409536929888e+05
1.271916418639769545e+06
2.026645264004217170e+05
2.518622264223608363e+05
1.308093550524412130e+05
1.290473183396152686e+06
5.013036555847482668e+04
7.279345463999493222e+04
8.893776079674764333e+03
7.657385398429819616e+05
9.556198368208637112e+04
1.029267934645706118e+05
1.440139715393410879e+05
7.740270080290855840e+05
2.171250082609224410e+04
2.147530345601304143e+05
1.144641142048538604e+05
9.616903741450910456e+04
1.480013329075641523e+05
3.720126296216659248e+05
1.059669394773828331e+06
6.337982775780094089e+05
1.694589642672728514e+05
9.037651250432331581e+05
2.254048141343299649e+05
4.188846499038592447e+06
1.487675990071879700e+06
4.265797685306885251e+04
2.481020726699995867e+05
1.055189843679576588e+05
1.125481517862755340e+06
4.245521009854041040e+05
2.344684779497240379e+05
1.193956204953659617e+05
5.191595395718905493e+05
2.816582945728522725e+06
2.800246470329643926e+05
5.508102947366534499e+05
6.481357007263405249e+05
1.640359054141023429e+06
8.919804544512233697e+05
4.434187078053506091e+06
1.396411400883316528e+06
8.117915830244598910e+05
2.542409956707017496e+06
1.938658055169191677e+06
4.871255426658270153e+04
1.140936212507457472e+06
3.409606721195658902e+05
3.732401497196981800e+05
1.555466994254520396e+05
1.747975581538342522e+05
2.580979571198686608e+05
2.957265240900392528e+05
5.399349727192762075e+05
4.511005315595838474e+05
1.570002459963497007e+06
2.457296472385510278e+05
2.138648972574909567e+05
1.875804208346010273e+04
1.783937887705202738e+05
3.437992969271345064e+05
7.244664918067910476e+05
3.487205902080162195e+05
6.073226605012664804e+05
2.667542078170701279e+05
3.530452528187205316e+05
3.148182063361353357e+05
4.114237057148376480e+05
1.927235245394124417e+06
3.200126049857036560e+05
5.895021824411975686e+05
3.524944810626155231e+05
4.519014992683980963e+05
8.863487077153916471e+05
1.307757700864373008e+06
3.044024348621348618e+05
2.146639428210441547e+05
1.658708334091738565e+06
1.723397108396211115e+05
9.432204394057199534e+04
2.703713712218693108e+05
3.025497008338347659e+05
4.774388726623172988e+05
4.942053729450521641e+05
3.502568259875553194e+05
2.118702105106429372e+05
1.687601168314956012e+05
9.477074324569487362e+04
8.394953682074189419e+05
1.474352550608717720e+05
5.357077933386461518e+04
1.786104127867829811e+05
1.005403134375352238e+05
1.313069694070632686e+05
9.807025375364560750e+04
1.359425317249261980e+03
1.515010509598182107e+05
8.073033616704872111e+05
1.556781532081645273e+05
2.236778588198484213e+05
3.670033541435000370e+04
5.382772323155436898e+05
7.165457272163116431e+04
5.974370948104258860e+05
5.387883268293959554e+05
1.103044455860141199e+06
3.387748740990812075e+05
1.812877290705026535e+05
6.207585948582187993e+05
4.271034464153448353e+05
1.678280208571779076e+06
3.529291724786427221e+05
1.619571412150983524e+05
2.612709979132926557e+06
1.560660633254913555e+05
5.365261309695721138e+04
3.779572656105672941e+05
1.460491706451316364e+06
7.466125279217699426e+04
4.242152870999597508e+04
1.447228594857462915e+06
1.872820395933739564e+04
1.270641856890920608e+05
5.009898739855664899e+05
2.322029329626857361e+05
6.847668489206129743e+04
1.830915063865865814e+06
2.468778007538808451e+05
1.209152672890136018e+06
3.090354714313146193e+06
1.200229986173834914e+05
4.100972150277197943e+04
9.344176515747540398e+05
1.839138369691950968e+06
2.133677040818438982e+05
3.385166335069786874e+05
1.128916790894383565e+06
2.453078091942670872e+05
3.867281619710593368e+05
3.993789009992252104e+05
9.715528726227455772e+05
1.391736824683820669e+04
4.022297530818528612e+05
2.077302781703785004e+05
5.438545557396146614e+04
5.794102196877866518e+05
2.331310096797744045e+05
1.589038492491260113e+05
7.681136093802313553e+05
4.266715810891726287e+05
1.910308290586851945e+05
3.680950329635756789e+05
1.456496163146727195e+05
8.877393014860687545e+05
1.012083883556614164e+06
1.166830235668037203e+05
8.220933287752758479e+05
8.809166291699542489e+04
4.986467719721294707e+05
5.659683866239925846e+05
2.663510747827794403e+06
7.791312465944036376e+04
2.646988390007761307e+06
7.096543766549166758e+05
2.919167978412645753e+05
9.790365873784265714e+05
1.585840399493802761e+04
1.993853144023680652e+05
1.376466808588604326e+05
7.594495553955452051e+05
1.374507308865580126e+05
9.029601778235044912e+04
5.568209783471228729e+04
5.680068269945670618e+05
5.385948745913531166e+05
3.643239854322092142e+05
1.003858978515455965e+06
6.442080896748838859e+04
3.021465543904445367e+05
5.557613860469793435e+05
3.166725822793142288e+05
4.199625412933345069e+05
2.218536070279879961e+06
6.805330436372645199e+05
1.402510457630907884e+06
5.150889566273395030e+04
2.101775214654312877e+05
1.530696712882919470e+06
6.223808766891108826e+04
3.764248870170729933e+05
3.341098486797505757e+05
2.070824837420436088e+05
2.047430209823901532e+05
5.045883081612854148e+05
1.686758413742040575e+05
8.640887474957936502e+04
5.599822510551563464e+05
8.669138387378890766e+05
2.539188870985175599e+05
6.675335478730748582e+04
5.622989907138071721e+05
4.214016152485984494e+05
1.480638957399445353e+05
1.934907694288931089e+05
1.428852929447473798e+04
1.015990094344389072e+05
8.111710445636478253e+05
1.611626565729017311e+05
1.109555765285310918e+05
5.461251036008564988e+05
2.251136504855768289e+05
1.090880588164979417e+05
1.332012301652275200e+05
1.597577476802146761e+06
5.327376154440789251e+05
6.394048491366481176e+05
3.729499057382855099e+05
5.151956311265133554e+05
7.082329510261480464e+05
1.059075325245690765e+06
4.892992159007827868e+05
4.151570993133689626e+04
1.408134889878614922e+05
1.167333706886423752e+06
9.101703617201878224e+05
2.398853129050121177e+06
4.294676945646328386e+04
3.604275247555683600e+05
3.933424044174204464e+05
2.270798600967082602e+05
3.790692600893482449e+05
8.958500854184239870e+05
2.928544262048195815e+05
5.648540033828111336e+04
1.194588173061813577e+05
1.798374677782700164e+05
5.727645164497393853e+04
9.894199115795000398e+04
1.477615159970130771e+05
8.952225185432900907e+05
1.046135603882837342e+06
1.966017433302159654e+06
7.897092908551909495e+05
3.955501086800643825e+05
3.534714482117481530e+05
1.118058900929518742e+06
6.959103198646340752e+05
7.533025301284795860e+05
3.855460907153934386e+04
6.247876727132489905e+05
2.280180975765971933e+06
4.045881844609115506e+05
1.616903674196918728e+05
1.124307192501478130e+06
9.779650926974767935e+04
7.834812172127520898e+05
2.191412182790836319e+06
4.677560117518396146e+04
5.266163557701683603e+05
2.693358531672916142e+05
1.011508338207646157e+06
6.069059780108304694e+05
5.013275161514921929e+05
1.691514791917811090e+05
3.595523473392080050e+05
3.136125445024695364e+05
1.273793903350193519e+06
1.775145826116033364e+06
6.326780799024441512e+05
1.679272474724773492e+05
1.067448689488029049e+05
3.128494521323118242e+05
2.833670317782124621e+05
2.941866051785239324e+04
1.918879889022143107e+04
1.321461660687713011e+05
7.301075260928399803e+04
4.062465160202585394e+05
1.036512213559610536e+05
4.023987735056427191e+05
2.440981311493745015e+05
1.267242674936799100e+06
3.578171310088212485e+05
3.126603750469072256e+05
2.294452243720796250e+05
7.189629631376574980e+05
3.263733763509165146e+05
3.022763026727825054e+05
1.522373117584575084e+03
4.070091672106503393e+05
1.820797671298417728e+06
7.337710818795859814e+04
1.474916628251468064e+06
1.474876990632967791e+05
9.295132707809460117e+05
4.335358844615719863e+04
8.911788622871578264e+04
6.085730547319580801e+05
6.629308611733211728e+04
1.226796182169817766e+05
1.259122718239403795e+06
4.622017464421857585e+04
1.198996142012596829e+06
3.139598083790273813e+04
6.600561960508959601e+05
2.439988646950862894e+05
5.161447856514407322e+05
4.417195155177173001e+04
3.031558902910082252e+05
1.495474627487222315e+05
4.538627593712067464e+05
1.102571221095397341e+05
7.923474844733366044e+05
2.474469504531016108e+06
1.067683727758105611e+06
4.279688852751815575e+05
3.726133785523615079e+05
7.641653272584878141e+05
9.480356931806886860e+04
6.353236200810314040e+04
1.776989056007715990e+05
7.387161404576807981e+05
8.371780399406979559e+05
1.519849151885177474e+06
2.629233813022947288e+05
1.133772292046391405e+06
9.390826954482458532e+05
1.319379479867796763e+05
4.218535131772753084e+05
2.322556462189571466e+05
1.311167955226710183e+05
2.607842850248094473e+05
1.039154937012207462e+06
1.571039618105401169e+05
6.877365263652406866e+05
7.060183201791098109e+05
1.523140953285645810e+05
8.656559073893231107e+04
3.112937512508486398e+05
7.388045296284983633e+05
1.142723994165734330e+05
3.860501970160991768e+05
1.816281059525694873e+05
2.685441451955562225e+05
5.114667822323589935e+05
2.062514176934774441e+05
3.191813790638473583e+05
8.828408140725491103e+05
4.192234735848768469e+04
1.151802297745458316e+06
5.972273841846541036e+05
5.443973541674662847e+05
3.413627633772988338e+05
1.266435829217914492e+06
5.345152145284433209e+04
4.825884444561316632e+05
5.171202861186018563e+05
1.126789369222016074e+06
1.675050944549327833e+05
1.792356221633253619e+06
2.642069438092543744e+06
7.945933023706760723e+05
1.113604516300728428e+05
5.842042250504108379e+05
5.205138012766068568e+05
6.628989065605450887e+05
5.624440340881155571e+05
7.199428580280172173e+05
2.282221621024909837e+05
6.894490865358025767e+05
1.875781352747147321e+05
3.206084941096237344e+02
1.481304869232917903e+06
8.715892636642048601e+05
2.756111879831373517e+04
7.995308458026242442e+05
3.505869006418917561e+05
1.153759974330427125e+06
4.442783211948437965e+05
2.034296445273066347e+05
1.716403066997720452e+05
1.157274778278083104e+05
3.566159755073061388e+04
8.870619478469288151e+04
5.921178154430138420e+03
2.507332315513410431e+05
2.590052401344396640e+05
2.869574397687982419e+05
2.998744931899554213e+05
8.640430880882700440e+05
5.151585646268413984e+05
1.475634200939830334e+05
3.182596582687712507e+05
1.085507937165552750e+06
4.528614157140891999e+06
3.874194519648039131e+05
4.264555920104480465e+05
4.112860284928922192e+05
4.917041492059519514e+05
5.819155014842528617e+05
6.382727294332836755e+05
7.930427697898296174e+04
2.226741316543688008e+05
2.613856238476651779e+05
3.197334796350700781e+05
1.157715543921603123e+06
2.030695504292693513e+05
4.063517121069868153e+04
9.007658159986126702e+04
7.173115476330497768e+05
5.741546446917996509e+05
8.104247097686470952e+05
5.865130039558036951e+05
8.003655833487030759e+04
5.789257408479738515e+05
2.984411316854367615e+05
3.388110576681648381e+05
1.004740091073196498e+06
1.266192426724546676e+05
3.289748643492271658e+05
3.575570754230429884e+05
3.587277718364197062e+05
9.588788171704366687e+04
1.523642089955208066e+05
2.392092396094155629e+04
1.313619306008609419e+05
6.250598329240619205e+05
6.708232214354623284e+04
3.210346525551573141e+05
4.523379594775306032e+04
1.888331618860034505e+05
4.043151223828076036e+05
5.026596590769290924e+05
1.196214834533593850e+06
2.872738394718725467e+05
2.238915478690852469e+05
4.623356845069146948e+04
1.297893645984028117e+05
1.977088839589469717e+05
1.965178344461675733e+05
3.249806508010831894e+05
3.832466542524695396e+05
4.546281618409675430e+05
3.003238264032687293e+05
3.900937189396200120e+05
2.959611830792789115e+05
4.632829478987013135e+04
1.206916442747794936e+05
2.172564737501219133e+04
1.722368395743031870e+05
2.385140832323933719e+05
8.446084926965739578e+05
4.665993663053329510e+04
1.840553653704993194e+05
8.704986943810159573e+05
1.346909064973929198e+05
6.318122217963204021e+05
1.218590789465923561e+06
9.909524256614143087e+04
1.392245690914876177e+05
2.063678470636426937e+05
1.392669974357794039e+06
1.717779105061900802e+06
2.597378901242321008e+05
2.597050125468692859e+05
1.115550196185960202e+06
5.792241945490123180e+04
2.010180935056518647e+05
2.124545944728947361e+05
1.125462402555001026e+05
5.116833842184381792e+05
4.889681811387840426e+05
7.865920231943597319e+05
3.813494273463909631e+05
3.760026885585840209e+05
2.945662832707625930e+05
3.740886659636755357e+05
3.313896644605962792e+05
1.117148155788150849e+06
4.023587702861843864e+05
9.915088465686147101e+05
2.602726088596699701e+05
2.270313433640144285e+04
1.372054747016358888e+06
8.943863810109234182e+05
1.944238395823201281e+05
1.733539950010002067e+05
2.584560283487744455e+05
1.247750233458514849e+05
3.285020167901693494e+05
3.626744854134127381e+05
1.626196501259798824e+05
1.858447736704295967e+05
4.573507997663072456e+04
5.361869841950736009e+05
3.076901190328737721e+05
3.101090748547489755e+06
1.623611720536536814e+04
4.203515500038633123e+06
5.793891648076123092e+05
3.707066612635679776e+05
3.282375493700494553e+04
1.383042471986934652e+04
2.460860310999793874e+05
2.740103942269869731e+05
1.299349463200710161e+05
4.623211350100476993e+05
5.081913389865650097e+05
5.722169294395500328e+05
1.992134773550834216e+05
2.912526090259891935e+05
2.155580230279886164e+05
7.001567173506105319e+05
2.209347600325656822e+04
6.681596206761737121e+05
4.352578734801515566e+03
5.712760666900972137e+05
7.342505210263479967e+05
2.548371410861168115e+05
4.981178727384562953e+05
1.448369010714861506e+05
2.378217929199941864e+05
4.246895916279252851e+05
7.145708128331685439e+05
3.666691772515418706e+05
6.699696337124205893e+05
9.849794006745622028e+04
7.211647265012519201e+05
4.372054279367504932e+04
3.715329366486921790e+05
1.804101163491592743e+05
1.932726483507523371e+05
7.550873943257983774e+04
1.145402090232830727e+06
3.420934877308099385e+04
1.454286159190250910e+05
4.503140429116987798e+04
7.823530067169551330e+04
1.102576216024301684e+05
4.895674526569941663e+05
4.431254312417730689e+05
6.318300774595310912e+06
2.441870143506501336e+06
5.487006410927155521e+05
1.022550454652273766e+05
3.690820188008170575e+06
1.591943677201077342e+06
3.752619842645921017e+04
6.945360574878017651e+05
5.401009886880906997e+05
4.904256671830901178e+05
1.017884659210706246e+06
8.824814209916344844e+05
9.607286429757741280e+04
5.904771657667366526e+04
1.703917018230897957e+05
7.049787962907282053e+04
2.399304621859182662e+05
5.618284902241928648e+04
2.603156152444128820e+05
1.690992581243489636e+06
4.397034400981239160e+05
8.785729185935605783e+05
7.746292715757637052e+04
1.081890515134609304e+05
1.079533644082799554e+06
8.689163199225525022e+04
8.834836482922542200e+04
1.890720275604719645e+05
2.567871905198729073e+05
1.029400606889959308e+05
8.001109985313653015e+05
