8.972659120054997038e+05
8.512265980621854542e+05
1.055211557985772961e+05
1.600509011968237755e+05
2.449426742248362279e+05
3.002416220883950009e+05
6.474163545345599232e+03
4.856365156617762404e+05
5.663830413695729803e+05
3.026139162055320339e+05
1.065192664059588918e+06
1.618937285684487317e+06
1.326085148942192784e+06
2.258092212086889893e+06
2.045371351125232177e+05
1.953051363349154999e+05
3.359974777545631514e+05
9.130779848171939375e+05
3.422515045849602320e+05
2.349907935887079657e+04
3.511508805441513541e+05
1.672049597578494286e+05
1.282822462695242139e+06
1.208236282717640279e+06
7.126424882942904951e+05
1.168680052086598473e+06
5.423899226941549568e+04
8.481009162816427415e+05
9.714076219087769277e+04
1.574622586523906793e+05
2.132641074168327614e+05
7.963173871660009027e+05
1.910024609610820698e+04
1.643166315066203009e+06
3.107226698042990174e+05
7.353074365763867972e+05
9.808633780015568482e+05
6.930722956735758344e+05
9.494764562137942994e+04
4.031168497271868400e+05
6.574455083050309913e+05
5.890415342364202952e+05
2.587498742507474031e+06
1.791637388012505136e+06
2.508731662284518461e+04
1.083915202567087486e+06
3.764577888478770183e+04
2.049238346978111891e+06
1.276579024798161263e+05
1.995474389164096501e+05
1.623811104607887333e+06
1.362078494431947591e+06
2.305226860453371191e+05
1.930915933063128614e+05
1.145047306781096850e+05
2.502244384410046041e+05
2.205583951450684981e+05
5.682093167790210573e+05
2.371700742201582179e+05
1.908199353718770668e+06
2.841409076793678687e+05
8.553050513376584277e+05
3.123542185243000858e+05
1.232838430845955387e+06
4.216902101232649293e+05
7.432031023193355650e+05
1.532725229271682911e+05
3.959986388424838078e+05
3.598692593959911028e+05
6.615646959066481941e+03
1.498720130822693929e+06
2.148096636960235774e+05
1.471740465240278572e+05
2.771717785787634784e+05
8.733737626557572512e+05
2.001536752906329348e+05
7.785802101998624858e+04
4.901332688456588075e+05
5.119693652170975693e+06
1.401249350310918642e+06
8.322233807222958421e+05
2.147462266623685427e+05
4.151756988122787443e+05
7.530058874818382319e+05
1.434383666277717857e+05
4.218218577026331332e+05
1.289768711458990874e+05
7.140173201978763245e+03
2.391173839265489660e+05
4.802289645297169918e+05
5.650418447957823810e+04
3.378078588269153261e+05
2.054840855041410832e+05
1.873627281742273481e+05
7.856323742271038936e+05
8.757716457770277048e+05
2.585256607106144947e+05
3.761142986715841689e+05
1.832959861580957950e+05
1.776794753879114753e+06
1.911157768136599916e+05
1.718733313346975483e+05
5.646172628596229479e+05
1.469428515482255316e+05
3.215450180592241813e+05
9.077292826139154204e+04
6.833054834305923432e+05
1.628725048913338687e+06
7.316678443056794640e+04
2.852646601234290210e+04
2.245334194470440561e+05
1.230246325767688220e+06
1.267481972179420292e+06
4.229905460983442143e+06
3.353106360405096202e+05
8.445457813566895202e+05
7.632169313439895632e+04
1.290285079824878601e+06
1.590673603462938627e+05
6.074858351213885471e+05
2.390339232042995864e+05
1.038416350451001053e+05
4.483145807769846579e+04
2.839328477452702937e+05
5.743365273667871952e+05
4.732798315342988353e+05
1.604823989061792847e+06
9.823002114508503291e+04
1.105343197945273278e+05
2.066332888151648876e+04
1.494616262402452761e+06
6.733561101447324036e+05
1.243950997704595502e+05
2.324772253170465992e+05
2.316358266976230778e+06
1.309154907627322391e+05
5.834031621871704701e+05
2.394037877853075042e+06
2.084696662451308512e+05
7.534434375753639033e+05
8.699301772728920332e+04
2.825807469228536938e+05
2.235972176131092419e+05
3.608574008226776496e+05
3.691417495915500913e+05
7.128401909109038534e+05
1.181803725473047933e+06
5.120630807044688263e+05
4.711832220727785025e+05
4.118700731264199712e+05
1.546894559668660804e+05
3.795979724508012878e+05
1.418611790526770928e+05
1.114388658718238585e+05
6.891757100626408355e+05
6.871870350329604698e+05
3.049285823756878381e+05
8.208788617627653002e+04
3.950477820189140621e+05
2.869503276528582210e+05
1.618878235352493939e+05
1.073795079828341724e+06
2.866214484937890302e+04
1.222447021848792443e+06
5.947808252594292862e+05
6.156318032463723794e+05
9.696968744679779047e+04
2.615251855122201145e+06
7.414278971193871694e+05
4.321197019083944033e+05
1.730131756202310498e+05
1.187331872167195070e+04
1.286270152803068486e+05
1.190158714764553821e+06
4.185708924407447921e+04
3.965258455692626885e+05
1.497380955763149250e+05
3.425757377729452564e+05
1.161616756137943361e+06
2.269341125714757800e+04
1.503173518777608406e+05
1.456456644631546922e+06
2.118484304164753121e+05
2.390356799134598405e+05
1.558859381324672722e+05
4.718604092887282604e+05
5.278990536603890359e+05
9.779527703227137681e+05
1.941285633491510816e+05
1.442025190839002025e+05
1.522275091148420004e+06
4.997090868467701366e+05
8.991768139761495695e+04
9.467598209981844411e+04
2.708211564461174421e+05
6.081396918532902782e+04
6.160644581158054061e+05
1.490001924111734479e+04
3.861347587568673771e+05
2.662870787412349600e+05
1.931530834742041188e+05
1.892279810258806392e+05
1.364794628867751453e+06
1.482496306008268148e+06
1.619135793671825195e+04
1.109905489162190934e+05
1.005463978639431531e+06
9.783257126127174124e+05
7.295246418937081471e+05
7.145897922132448002e+04
1.736163969028593739e+06
1.350878791323702317e+05
6.237231946231593611e+05
8.812619658457871992e+04
4.517309320755295921e+05
1.727775534816764412e+05
1.365499586060309375e+05
1.808229991377541446e+05
3.583881482212241390e+05
5.852860321797641227e+05
2.126958244372833578e+05
5.530563899176161503e+05
7.986874947303592926e+05
1.312081412753296026e+05
2.084740677265897102e+05
1.061836341457360191e+06
8.667898069543080055e+04
1.251463051299619488e+06
5.109126376185762929e+05
1.258071339428899228e+05
6.785357829063796671e+05
1.344037082209382672e+06
6.116798090047039295e+04
2.249125084159210091e+05
6.839096872543402715e+05
1.104193332205632702e+06
4.010140833551723626e+05
3.393769700800022692e+05
1.042629156769401277e+06
1.425502417903257301e+05
7.411881645282772370e+05
4.050147713389315759e+05
6.712557464910195267e+04
1.527696750273517566e+06
7.733218130030460889e+05
1.368366817064309434e+05
1.786043512688851042e+05
4.513439387400263804e+05
2.075306822666932130e+05
8.136919185886909254e+05
3.691777498982666526e+06
1.819214623279806401e+05
2.032767070235838182e+05
3.099901857103395159e+05
2.025311129842397349e+04
5.651846908800057136e+05
3.306366024306748877e+05
3.409235324662746862e+05
1.117385117290277034e+06
3.121678238972527906e+05
6.147415980391879566e+05
2.692429459702809690e+05
8.664646496995218331e+05
4.310073335351150308e+04
1.474752544181050034e+06
1.883110684491959866e+06
3.670328929543824052e+05
1.361560422203864437e+06
2.175485954334382841e+05
1.478419019537890563e+05
6.482124700786047615e+05
2.630267668335529161e+05
3.714623903723944677e+05
4.648847476914265426e+05
5.609183040690940106e+05
6.619133662774030818e+05
2.404159820648405876e+05
3.148438098995691398e+05
5.346194317999228224e+04
5.273252735440841643e+05
4.979619699051716016e+05
1.274467618085484020e+06
1.828118590659985784e+05
9.523079817578432267e+04
5.794284853107396048e+05
2.617575273016140272e+04
4.522454793973381165e+05
2.612987108379670419e+06
2.235963345841855335e+05
6.527261207088185474e+05
2.176856534995516995e+05
7.081246176851904020e+05
2.699649989652357181e+05
2.844956244545844966e+05
4.036903018916312139e+05
1.630948585962532961e+05
5.693848456069654785e+05
1.604158605316675035e+06
4.545663635076987557e+05
1.216017647187745752e+05
3.960418942749857088e+05
2.458805232051065104e+04
3.722832763088226784e+05
1.351322323172969976e+06
6.506463983422402292e+06
5.658812619090379449e+05
2.730499665683225612e+04
1.630543273843413626e+05
5.676160079417286906e+05
6.344133239162714453e+05
1.069868956509377342e+06
3.995422318840508233e+05
8.289392551625843626e+05
3.303575845937662525e+05
3.842165138544889167e+06
1.585860563660198823e+06
2.462561516175454308e+05
3.399527265138841467e+05
5.299761514934559818e+05
4.826211253943520132e+05
3.722681974322447204e+05
2.984535340887405619e+04
3.050329838623328251e+05
1.758291925455127377e+06
7.410135390213032952e+04
3.264019369132858992e+04
2.441742436983481093e+04
4.926153476104159490e+05
6.767195202365391015e+04
5.206140777248233790e+05
2.025290878763428773e+05
5.186788580342262867e+05
5.212974375084683415e+05
6.710255886043961800e+04
2.217990240372228436e+05
3.088143029199299403e+06
2.437547859518182813e+05
7.649048455848128069e+05
3.437340632620282122e+05
4.024137582675733720e+05
3.145064753599952091e+05
1.169600286378284683e+06
1.335713338546406012e+05
1.395647028035528725e+06
4.023799912528995628e+04
2.038113324593771249e+05
7.827494876448515570e+05
6.903929360806219047e+05
7.247098457374190912e+05
1.224862141952978709e+05
6.111807268290208885e+05
4.751474381390028866e+05
2.710133649344605146e+04
1.315082878564393613e+05
3.917049826696429518e+05
7.361972170225647278e+05
1.166444929437073151e+05
4.710171232174409088e+05
5.362538597788728075e+05
1.098718852416426380e+05
1.034894884383387980e+05
5.122318292058474035e+05
2.356686986927569960e+05
5.829559098860747181e+05
3.529844692050461890e+05
8.110566494886394357e+05
7.203416493998314254e+05
2.222720758030382451e+06
1.296187939150639577e+06
2.108304262176867633e+05
1.255283042488930223e+05
1.771562959016029257e+06
7.956489319401720422e+04
3.920798842904671328e+05
3.068067428467363061e+04
2.746008372575742542e+05
7.967168296736755292e+04
5.944307146207961487e+05
2.046750387200123863e+06
2.855483741437135614e+05
7.802429784678212600e+05
3.101783401870263624e+05
1.346723830362797249e+06
8.178270674327811867e+04
2.229131022194004152e+06
8.421978294984379318e+04
2.149583501892372442e+05
1.307949279120214051e+05
6.832491880046679871e+05
2.284163723947802500e+05
4.797910869153476669e+05
1.495344910566325234e+04
3.075740584702525288e+06
9.582031321901468618e+04
3.985275762048834004e+05
3.502275775744725834e+05
2.978305935925751692e+05
5.346304297573409276e+05
2.987896019240236492e+05
2.256567737291586309e+04
2.132537384639997035e+06
1.979760564249356394e+05
7.201390268555670627e+04
5.451996694156335434e+05
1.299388006084105931e+06
1.431468286883693509e+04
1.813165922873468298e+04
7.447170759959253483e+05
2.740002758877268061e+05
2.198687421773016977e+05
4.625880175714967190e+05
2.783815801249879296e+05
6.338878092449653923e+04
3.639282415906259557e+05
1.486271722687331203e+05
3.013731013014162309e+05
6.787202231829465018e+04
1.832217836366515257e+04
4.671948088873861125e+05
9.615631057472629473e+05
1.334749424173744919e+05
9.845588399875697214e+05
1.965975695652582508e+05
8.447750184265557909e+05
2.368415322579749918e+05
4.014867837633723393e+05
1.806123796624758979e+05
7.559960346987806261e+05
2.244766739969214250e+05
7.057032783834796282e+04
6.651659728982058587e+05
7.671086809353360441e+05
4.757787376229547081e+05
9.674796908973828249e+04
6.077331554130083532e+04
2.652793739302129834e+05
2.005495827858562116e+05
9.373538608952604700e+05
5.527174098136001703e+04
1.413334823648610327e+05
1.088502895946786884e+05
2.910201104861609056e+05
9.979543244578402664e+04
6.517601028154067462e+05
4.804731837985283928e+05
4.795629431515867473e+05
8.185573613549463917e+05
9.381829607581360324e+04
1.832153142094865907e+05
2.881906033542854129e+05
2.040501852174970089e+06
6.038182491825169418e+05
6.163367462012338219e+05
4.812542318088579486e+04
2.015797810450822290e+05
1.178651618752395036e+06
1.003350753650071711e+05
1.779917266008456936e+05
3.653681899695469183e+05
2.369359396369274182e+05
7.654535087646724423e+04
1.977077511572062213e+05
3.546180401071260567e+05
2.206555316886325309e+05
6.386233654991721269e+05
2.140417120113902274e+04
8.329019282683663187e+04
2.934435541572372895e+05
9.911593449913554650e+04
2.045789916805791145e+05
4.685386966881946428e+05
5.415899128055176698e+04
7.576096069822619902e+05
4.893538454431741411e+04
2.486768423461590137e+05
4.865863879344950692e+04
2.430312310390957573e+05
2.311684763014900673e+05
7.401139167625529226e+05
4.371058406624930794e+05
3.268155615103127784e+05
6.049590970786568942e+05
4.446717098621331388e+05
5.261755788214650238e+05
3.340118780210831901e+05
1.975600767264220922e+05
8.878895154955419712e+05
8.667139981554039696e+04
9.717428368614257124e+03
1.740058037970190868e+06
4.061347378008444794e+05
2.919379673951254808e+05
1.661395807176338276e+06
4.067435854240886401e+05
1.119799221604464219e+04
8.655407880835357355e+04
3.515416222429950139e+05
3.077935479941876838e+05
7.701399992427449906e+05
1.018929850151219405e+06
1.511837332571688166e+05
6.030979622036556248e+05
8.139350151579722296e+05
5.628725374869044026e+04
4.032578499179266510e+05
3.524353754852907732e+05
1.439150681545923930e+06
2.585423619762487942e+05
1.962208799837973784e+05
3.990129983791743289e+05
3.114758179789267015e+06
5.956370146818970097e+05
1.209447381090819137e+06
1.019469322357382742e+06
1.352127214497780660e+05
1.442239966269408760e+05
1.872018924341254460e+05
3.063314905713177752e+06
8.423526772649757331e+05
7.779859175196090946e+05
1.230984478681857290e+05
4.097994805307705974e+03
3.804670489474351052e+05
2.741633518549975124e+05
2.133193215471400617e+04
1.634089203918878338e+05
3.315026226427738438e+05
1.459360625679322286e+06
8.353447056575036549e+04
6.095348083397990558e+05
5.097974081748263561e+05
4.184800658841810655e+05
5.101062419154796225e+04
5.170348390954417177e+06
3.420337264124427020e+04
3.855292691462617368e+05
4.734723916514447774e+05
2.723653006386976340e+05
1.064645054567938438e+06
7.753563368564827833e+05
1.108485849707711168e+05
2.045892404759349884e+05
1.189717496258308413e+06
1.429425207738846308e+06
1.234870825458022067e+06
4.705807798651155317e+05
3.279136966034586658e+05
1.393117440561161377e+06
6.418365523653210839e+05
9.938075601846710197e+04
2.892090321615704306e+04
2.448809033182929561e+05
6.074181921331551712e+04
1.357457649835972406e+05
3.806952423493060283e+06
2.760598700109545025e+05
1.470565666172922647e+05
3.754148213857894880e+05
2.018854092338362825e+05
1.768950264729110757e+06
3.245221060997176100e+05
1.526702711081562447e+05
8.972888862133184448e+05
2.128539941261991626e+05
5.498527308317328570e+05
1.616654275241766125e+06
1.484178629074558849e+06
1.981834461594084496e+04
5.503322656109359814e+05
4.664008879660324194e+06
1.203499652583087664e+04
1.306081015837063314e+05
9.089057978466410423e+05
3.114599441872364841e+05
1.215012120410631469e+05
1.810278415628626826e+05
1.031626122169583105e+06
1.065568586960591143e+06
1.038187161494269967e+05
1.743833009721213311e+05
8.631754112466209335e+05
3.396712042818808113e+05
1.359541069126006914e+05
4.000031268825115403e+05
5.107593804344172531e+04
7.037914704372491688e+05
3.905647862442196347e+05
4.679744592462768196e+05
2.257618906982511980e+05
2.377779527600272850e+05
1.835142343983935716e+05
1.111015689292303286e+06
2.636460859579550452e+05
1.853003998303279513e+05
1.028791360973727860e+05
1.960633635078705629e+04
3.776180117637021613e+04
3.277717422952389461e+05
3.073368673453458468e+05
5.262706251811812399e+05
2.184490215996040497e+05
5.196056829916002462e+05
8.004321126447084825e+05
5.762375362025374779e+05
1.409508980930157937e+06
1.152508609956768632e+05
4.986935472063217894e+05
8.010592025047262432e+05
8.081346957216288138e+04
3.763610320796343731e+05
2.003719359024513687e+05
8.180007938074935228e+05
4.294349257836470497e+05
1.481638168090481544e+06
1.559594272326926293e+05
6.811356486672778847e+05
1.166990893092013575e+05
1.074929362530893646e+06
1.901488391511877999e+05
4.591987595319455431e+04
8.362248416987983510e+05
2.688837809554584674e+05
1.025676908147306298e+06
3.480325006434358656e+05
7.198056827672804939e+05
2.723242961828271393e+06
1.144629248034604825e+06
1.175508821179827355e+05
9.436052438495776150e+05
2.673003563506684150e+05
5.167963711149090668e+05
1.123232619847526948e+05
4.288364640432672604e+04
6.413886178712432593e+04
1.425288613022809150e+05
1.375148597107848618e+05
1.230025184895590413e+06
1.726346478117969527e+05
3.137997045565093402e+06
1.011525521258661756e+06
1.809046924695611815e+05
1.081708169881801121e+06
3.710006383546310826e+05
4.417630665720728575e+05
1.038931694552265806e+06
3.535601875957045559e+04
3.235637520105615258e+05
1.864082544673114899e+05
1.053920948301658500e+05
4.577111132677620044e+05
5.509896266502315411e+05
4.395226689859934850e+05
7.257002212937963195e+05
8.157938947322129970e+05
2.639194032138777548e+05
8.308950609807633737e+04
7.078110809545129305e+05
2.944245251218878548e+04
5.152661614729519933e+05
6.469473586648316268e+04
7.081245308247142239e+05
1.616779891924681142e+05
4.707146967323635472e+05
1.446965951584540198e+04
6.792945330381578533e+05
2.873762348249824718e+05
2.727970562859761994e+05
5.893149717557472468e+04
9.268250981226179283e+04
2.114044507059686875e+05
4.067539416773961857e+05
3.633397230890035280e+05
3.346346792661812506e+05
4.014974703774805181e+06
1.413759710914393887e+06
1.892501755074398825e+05
1.546982369947300176e+05
2.906730121336168377e+05
6.258445385200949386e+05
2.165311031615159009e+05
3.664812301259720698e+05
2.658457130102772499e+05
3.804462115050014108e+05
4.201437415999048389e+05
9.115929954144607473e+04
2.544490002331428113e+05
5.777772264601893403e+04
2.334962754405803280e+05
1.607100259000622900e+05
9.742639203429333866e+05
5.907690085302793887e+05
1.545043641337845009e+06
6.187994064550560433e+05
7.835316138020508515e+04
9.768355343246586854e+05
9.866845174991381646e+04
1.087238111189564923e+06
6.898423995860776631e+05
4.348619878738492116e+04
2.784864928026580019e+05
1.117191199075268232e+05
9.282305921171313385e+05
2.636745180843518465e+05
2.481443824889192765e+05
8.892236076104878157e+04
1.671188816843401873e+05
5.949579961827814113e+05
4.277007989558496774e+04
2.146436924679857912e+05
1.151328964832186175e+05
1.208955121708276420e+05
1.018081691614401789e+05
3.661113807016877108e+05
4.744559898728019907e+05
1.286733385140956379e+06
8.064355857560498407e+05
2.630573674310098286e+05
1.375543114676287805e+05
4.653341583321215585e+05
4.217333931732981000e+05
1.585946786736580252e+05
9.697957849850805360e+04
2.477631490355246933e+05
3.168117436905033901e+04
5.099404941787596326e+05
2.004690497582655225e+05
6.775401530773043633e+05
2.832435014709646930e+05
6.181252998391923029e+03
1.924913079620719072e+05
3.316434412024025223e+05
2.913083497602046700e+05
1.655226987570957572e+05
1.384363845281639951e+05
1.283198959116749465e+06
1.593492935552197509e+06
4.229566473201446934e+05
8.564012051362190687e+04
2.188878255923852557e+05
1.300157307322189445e+05
1.176534417706894223e+06
1.214032623041829327e+06
3.790777142346654437e+05
9.372475361969232326e+05
2.231966163472948247e+05
9.685745874044676020e+04
3.649012483313039411e+05
4.186240266876732931e+05
7.460129628589623608e+05
5.149894638618733734e+05
8.194249971205715556e+05
1.996557316472608596e+06
9.175114561387618305e+05
1.729871040388357593e+06
6.205412791107121157e+05
3.357545921349999117e+04
3.059404960765327560e+05
3.243678563710621165e+04
9.437203635774685245e+04
2.175727940760461614e+06
2.707836086851026630e+05
2.010127812418505200e+05
1.714219784230699064e+06
4.839178786528120399e+05
2.231951354081529425e+05
5.038720125735955080e+05
3.861931389869687264e+05
6.441912686176630668e+05
3.005706990061614779e+05
2.974420271778988186e+06
4.996770576807460020e+04
2.131095487323064823e+06
4.136864001771254116e+05
2.885209713084142422e+05
1.987286340526889544e+06
8.238326224320319016e+05
1.476718657672688365e+06
8.870396470609105891e+05
6.347952900783505756e+05
6.601162144766810816e+05
1.635155485531619343e+05
6.739048035936851520e+05
1.940805223434310174e+05
1.124886962394061498e+06
2.991925535541669815e+05
2.967265704437572043e+06
7.553617256930514122e+04
4.460734327533832984e+05
3.769979667667535250e+05
1.007352030591771618e+05
6.077233010320607573e+05
5.831914516997397732e+04
4.926091817653318867e+05
9.958989607796696946e+05
3.326853616355497506e+05
7.697363960578221595e+05
4.122113095283762086e+05
2.581970939135064371e+06
1.210127794817343965e+05
4.933521998228557059e+05
1.055301771715488518e+06
3.162749063247565646e+05
1.108359001120337751e+06
7.330243821845854633e+06
8.663203616911929203e+03
3.706497899464355782e+06
1.271790872459379956e+06
2.675564833561084233e+05
6.654149965549597982e+05
5.260939933193402831e+05
1.245766089788692538e+06
1.552052224580890033e+05
1.194706522099742666e+06
8.015528678411149886e+05
9.100723705285601318e+06
3.132226169197229319e+05
3.252594675591030391e+05
4.908268997431836906e+05
4.403005705009006779e+05
5.493858900010167854e+05
1.126246559407902969e+05
1.377345477334183524e+05
8.702209640830737771e+04
2.505199182114393625e+05
4.884276953075398924e+05
5.297480692271487787e+05
6.184563755146062467e+05
3.826346390404128470e+05
2.847352982797630830e+05
6.402786611354582710e+05
8.812221140473936684e+05
2.122861971422297938e+05
1.131879432076958910e+05
3.700310921018820954e+05
3.676361777116734884e+05
9.065161036583893001e+05
1.037347791475171107e+05
2.120904398602868023e+05
2.667203454844144871e+05
1.020393173485387233e+06
4.599299739312814781e+05
1.708014838660595007e+06
5.218913069094863749e+04
4.891227903182045557e+05
2.653695947022072505e+05
1.260602590100492118e+06
3.903556348549022223e+05
4.425551430162210017e+06
2.166057917452988040e+05
3.287637220991217182e+05
6.618065550113961217e+04
3.550678201771249296e+05
1.255465381232945510e+05
7.354547820697781863e+05
4.595699916383688687e+05
1.612704892300093779e+05
1.845779463658353779e+05
4.306461962001132197e+05
1.883056871780860238e+05
2.242044666040118784e+06
2.972957604322974221e+05
4.450379598595828284e+05
8.354257176459046314e+05
9.931133460828042007e+04
2.387726157283301291e+05
1.619043446908995043e+06
1.341259051380660676e+05
1.404493732986505202e+05
6.747683582996271434e+04
8.842151313399352366e+05
6.920622344020828605e+05
1.621834955975920893e+05
7.810951902705174871e+05
7.014876609424651833e+05
4.469253138259969419e+05
2.733469190559591516e+05
5.911069760529132327e+05
1.841155875132268120e+05
2.984624189750784542e+06
5.917149459176594391e+05
6.007044107346250530e+04
2.557938457774577837e+05
2.415198012332162471e+05
1.926010389310361934e+05
3.002493307311584940e+05
4.841146347275640001e+05
6.455714093581348425e+05
4.472875195039703249e+04
1.119536040116066288e+05
3.675530708807668998e+05
4.825516339110563276e+05
7.280573984223855950e+04
1.608883474487464409e+06
4.693146843180506839e+05
1.582597138874685392e+06
6.730730799305568507e+04
1.293002748071186215e+04
4.278989374359535286e+05
1.295544783644466661e+05
3.304629453558383393e+05
3.338638154317823937e+05
8.939057244140504627e+05
4.016145298193252180e+06
4.695837458660693374e+05
2.586226009901000361e+05
9.510146204273574054e+06
1.037680415445760882e+05
1.799125064445240423e+05
1.264014073437580839e+06
1.304806390438006492e+06
7.334941061256091343e+05
4.860397081159154768e+05
8.721581345374549273e+05
1.350448720610220626e+05
1.766268386332069058e+05
8.330712599652337667e+04
1.117397764567694867e+04
2.441669234328083403e+05
2.403828097397389356e+06
8.663879009365001693e+05
6.141764286818271503e+05
2.026032042958291277e+04
1.276183480840133969e+06
3.819856194888525642e+05
3.423175407934968243e+05
2.529752438560586306e+05
6.812065472654879559e+05
1.350208087958989898e+06
6.170556685545869404e+05
2.988041125387739739e+05
4.027413561581866234e+05
1.619196169783727266e+06
3.632328901682717842e+05
1.197630141118138417e+05
6.515889921225754078e+05
5.003012932119577192e+06
8.422065151723177405e+04
2.047982812447917182e+06
2.850102639696548576e+05
4.225948554902104661e+04
2.656960749210452195e+05
2.951507692257527015e+04
2.353588896018289379e+05
3.492502381401653402e+05
5.878456400531858671e+05
4.326957954488949617e+05
3.100035752893871977e+05
2.466429581002131745e+05
3.537713524049839471e+05
9.457913902762478392e+04
2.977542381359789870e+05
3.547009761464784387e+05
5.261228466695345705e+05
1.193151004274758045e+06
5.950906374592573411e+04
1.524772160673648759e+05
2.306230175510355621e+05
1.536700317481253296e+05
4.641484309461477678e+05
6.966794438606511103e+05
1.601911838003198383e+06
2.258578946330476610e+05
1.017478856657521392e+05
3.274010167238047870e+04
2.440924645293833222e+06
1.372015363401915529e+05
8.087750587970943889e+05
1.902188458081067947e+05
7.009526169619303255e+04
8.843660952345296391e+04
1.173854190537428949e+05
1.429061134605484549e+06
1.779159461674363120e+05
7.411048336262039375e+05
2.475401959858126793e+04
4.386201628598553361e+05
2.044742436638351064e+05
2.774430978211874608e+05
4.146327726012507919e+05
8.252987428821844514e+04
3.695221431259273668e+05
3.618402087895825389e+05
2.060164191590936680e+05
2.225440917212301283e+05
2.174363006028776581e+05
4.214837797838632832e+05
1.439646212778696281e+04
3.286550320365538209e+04
1.360863344561488484e+05
1.332584648560370260e+04
1.474764747872433509e+05
5.568120770537994104e+05
2.552127032324364991e+05
1.369447187656323076e+05
3.681496715585262049e+06
8.677240354702332115e+04
4.700777325446411269e+05
1.084483064359714044e+06
3.361228173420075327e+05
2.420265351608831261e+05
5.035939056383352727e+05
3.592762986466010916e+05
7.026670609535323456e+05
9.980127679340718314e+05
9.725749359188073140e+04
4.034783217201181105e+05
1.605624373833250138e+04
3.665679357311831554e+05
6.304638476520228432e+05
3.140152273684397805e+05
2.294416536609460600e+05
2.116597159021464642e+06
1.259934757360129617e+06
1.024255669886040967e+06
1.946850371366340260e+05
2.944828047635285766e+05
1.451987699055797420e+05
4.779982998169047642e+05
1.466857876155227888e+06
3.302566426021173247e+05
7.346859214697721181e+05
4.489569484142909641e+05
8.157494173827165505e+05
3.449460557213931461e+05
6.353523515698459232e+05
1.943275463954517327e+05
1.720689484490087780e+05
6.894865319751533680e+05
4.331825901401128620e+06
8.462474476625518873e+05
3.494963119691076281e+04
9.659187913637436577e+04
5.161797712279669940e+05
5.431934200878829870e+04
9.544184353419305990e+04
2.525655153160947884e+04
2.281100925274771871e+05
2.311806418262841180e+05
1.643710913639312494e+05
1.943215254860698187e+05
1.938079106637942314e+05
1.446961730272279587e+06
7.221072859145551047e+04
7.390206396807674901e+04
3.806283146831565682e+04
1.077933842957185581e+06
1.339422500540334440e+05
5.576531822225282667e+05
8.170117903367105464e+04
4.492623979867700487e+06
4.141758247629728430e+04
3.352015522973937914e+05
9.273828973540817969e+04
1.181763780174233689e+05
9.296615947751953499e+05
1.558971480793172086e+05
5.550406050043354044e+05
2.921062443767900550e+04
2.498174903877353936e+05
1.634736430544648611e+05
3.891018954839404905e+05
5.874329104905948043e+05
1.626426637433155265e+05
1.595656411613980541e+06
1.043250462959918805e+05
7.923224285677298903e+05
6.729614360990312416e+05
2.465796922208685137e+05
2.246275909774284519e+05
7.476927553002052009e+05
7.534976632926944876e+04
3.182461504701587372e+06
5.712892407588476781e+05
3.006897015942903818e+05
4.013682691140472307e+05
3.810277462162887095e+05
6.662259140488500707e+05
1.382675306071768515e+06
5.224839188088412629e+04
1.167596176122047240e+06
2.132294988477216102e+05
3.157865256265142234e+05
5.285328289410639554e+05
6.450628862508055317e+04
2.179501379797749541e+04
4.634331528787650750e+05
1.046604109107208904e+06
2.513765247770331043e+05
2.461221647651997628e+05
3.779678915227910038e+05
6.024772501124634873e+05
1.400732826854700455e+06
3.061294413354139775e+06
3.264568763360683224e+05
6.139453750116355950e+05
1.298576197963274608e+05
3.279083420233614743e+05
1.273686488546466862e+05
5.074058541118916473e+05
2.240020334452551906e+05
6.831593719002574217e+05
3.766474738357031019e+05
1.915611910950771125e+05
1.829093402858171612e+04
3.263125135969613330e+05
7.989662742805281887e+05
1.409136941714240820e+05
2.661912707407116613e+04
4.338085221174467588e+05
1.714431547488943441e+06
1.100965493437069526e+05
5.429327603095048107e+05
3.249737660773071693e+05
3.031718203881617519e+05
2.455088801212286853e+04
5.339432545909502078e+05
5.575414037736025057e+04
2.715246977083644830e+06
7.031862128471926553e+05
6.187648354003737768e+04
1.161421075868172804e+06
1.807861839903122745e+06
1.198050633702662599e+05
5.752757379587433534e+05
1.193575808134079998e+05
1.291784726711243420e+05
3.419733643205702538e+04
4.764675157691152999e+05
7.302933344449676806e+05
5.176190683371688356e+05
6.865159449515320593e+05
2.519130300348920748e+06
1.115965660162381246e+05
3.289592244806424715e+05
1.386356109952807601e+05
9.116501998538416228e+04
1.293855710057067452e+06
5.096151447334878030e+05
5.395015654640718130e+05
3.594596693073979695e+05
8.696203037964346586e+05
2.766351615683407290e+05
3.114309179898091243e+05
3.535089594619513373e+05
4.327714387323581614e+05
2.741981728200025973e+05
5.189279207906396477e+05
8.604618484050590778e+05
6.991290345830869628e+05
1.701015442693277510e+04
4.173663863799596584e+03
3.806809381461357116e+05
1.483140682297981402e+05
1.159138208027496235e+06
2.693037035069391131e+05
1.935355582248883729e+05
7.981675129375215620e+05
5.972606130629754625e+04
4.991512941984882927e+05
4.137165404751916649e+05
2.598007986163575843e+05
2.301831792942037282e+05
1.385934516472976247e+05
5.277884484552717768e+05
6.410813848004785832e+05
3.606886666292946320e+05
3.063691798888977501e+05
2.863901092682505841e+05
7.049754898879055399e+05
2.035674838105729141e+05
1.659896135713150725e+05
6.466466925275246467e+04
5.611367054730030941e+05
2.617866942389676478e+04
2.566965224783085869e+05
8.396631201885485789e+05
1.990167647905830527e+05
6.233395550028338330e+05
8.848506125047686510e+05
4.036949966043735621e+05
5.283769964708509855e+06
2.865619863978474401e+06
7.160861961874112021e+05
2.497646933114538842e+05
1.813664059557453264e+06
1.256566322077964433e+05
5.875673529008929618e+05
4.304262283402167377e+05
2.507937881734794646e+05
1.644970508347634459e+06
7.181874726505979197e+05
5.627363534124544822e+05
2.248671361707260658e+05
4.001868091289982112e+04
1.979340155357690819e+05
4.009443685391048202e+05
1.386854021248114994e+06
1.282638440323919349e+05
1.527938947246907919e+05
1.423450015617665485e+05
8.633668805984049104e+05
2.065829685710172926e+05
7.832422555720182136e+05
1.341141998427949438e+05
1.783079636879666010e+06
2.698746080627546762e+05
1.018714025556501438e+05
5.468194123989861691e+05
2.766870151236702222e+05
4.099721724493700458e+04
1.211759879754253430e+06
4.101719592144674971e+05
2.152864236003284168e+05
9.087145851766732521e+05
4.156118257624100661e+05
1.954704575798526930e+05
4.441168233754736371e+06
2.727083663994024973e+05
6.525516678661544574e+05
1.196157017467535916e+05
3.533428902475283830e+05
7.346087788040020969e+05
1.428081956418382004e+06
1.849466814519381151e+05
4.498658113693023333e+05
6.065113376731837634e+05
2.334607530836757505e+05
6.787568336841491146e+03
5.530330181328691833e+04
1.054885357780930917e+03
2.223520258835549248e+04
7.455030822487971454e+04
8.357342706949461717e+04
2.553881454903356789e+05
1.484698643720211228e+06
6.030494427825525781e+04
3.962690713380107773e+05
8.520796512958784588e+05
1.273410355803009152e+05
2.334869268279281911e+06
1.797007144418352691e+05
1.075752348587700108e+05
1.074728948094196239e+05
3.171281935074751382e+05
2.759230331413719978e+04
5.987494813321686815e+05
1.228137022607378603e+05
7.644635823667289515e+04
3.147941126606538892e+05
4.731489486610039603e+05
2.905492150497221737e+05
3.798520249465378583e+05
3.411358564099580399e+05
3.708543520812745555e+05
1.708721010053670267e+06
2.867536317542284378e+05
2.098603340497710742e+06
3.363224883414543583e+05
5.603700549461517949e+04
3.976738056712254765e+05
1.148473397238154866e+05
6.845356275544498349e+05
6.446984609675069078e+04
3.627943130902805133e+05
2.155830855494871794e+05
1.282769429734724690e+05
8.134981572774616070e+05
7.277730497736521065e+05
8.225420870663797250e+05
1.394078015234952327e+05
1.438346907561552944e+05
2.365168355639025569e+06
2.919422939207431045e+05
7.652498219873641210e+04
3.695370563290884020e+05
1.249046785483084153e+06
1.024105700307076564e+06
1.053597898954403587e+06
7.523773935620996635e+05
1.011107777049516444e+05
1.238530006730183959e+05
1.656019105876326503e+05
3.534469536811706494e+05
5.054342724346834002e+05
3.109776500097821554e+04
7.747048420077949995e+05
1.939225988100302056e+05
2.700642025628051721e+06
1.455368926295311248e+05
1.675573619566546404e+05
2.114513553507432807e+06
7.925717348344017519e+05
1.894169495294776512e+06
8.211262337919638958e+04
1.424503238507413189e+05
1.167147337318671634e+05
1.159834156679002801e+06
4.235886440188453707e+04
1.597007788195559697e+05
5.102957848440631642e+04
5.563612934786397964e+05
7.765768806808842055e+04
4.889507735511189094e+05
2.567256510342627007e+05
3.399477316116513684e+05
2.543882754639867926e+05
1.386586725850304589e+06
9.265469936050095130e+05
3.903080965719835949e+05
2.573193458991408406e+05
1.349982621813885344e+05
4.392901955561911454e+05
2.264319328744344821e+05
2.305854684491313528e+05
7.748209675580409821e+05
3.430700912013659399e+04
1.873890477942065336e+05
7.590323878989710473e+06
2.845001243486332824e+05
8.006311257986408891e+05
5.554336516326169949e+05
1.803571941774882434e+05
2.970476738832654082e+05
1.770541186764456506e+05
5.741263724376480095e+05
1.068301745249803644e+06
4.217482272312866371e+03
6.600645523033366771e+05
2.787617753608110361e+06
2.342017878620242118e+05
1.744034094302619342e+05
1.069280387190772919e+06
4.742850897063761367e+05
1.604367057649640134e+06
3.377864102416709065e+05
8.731432203669145238e+05
3.246315760407430935e+04
9.846149058383757947e+05
1.297475103973357240e+06
3.675338465963398921e+05
3.961401543375613401e+05
9.149094511061222875e+04
1.701925054011637985e+05
2.487940279041109025e+05
3.003471279054587358e+05
3.244914658124006746e+04
1.109250415753515699e+05
4.739913700628679362e+05
3.935403701277192449e+05
9.777356615631753812e+04
4.429086543166680494e+05
1.612941684540629794e+05
1.169867490188960917e+06
4.141585624098856351e+05
7.247603808954928536e+05
2.674764251332943095e+05
5.854805737595768878e+05
2.777054420892338385e+05
1.444184456682061544e+06
4.191062592522245250e+05
2.123643765065656626e+05
2.521545154177540680e+05
9.424038048199446348e+04
4.840868000479181064e+05
1.071758832929206983e+05
3.660283261897361954e+05
4.754389242857011268e+05
2.745946869500284665e+05
4.852552973845721572e+05
1.609846303957203927e+05
1.644324828882333357e+06
5.149029643200404098e+04
1.233800711473243311e+06
8.578833487070885894e+04
3.430451055158168892e+05
2.225451228125353344e+06
3.547516349857734167e+04
2.040925004790381528e+06
1.815791471787300834e+05
2.885694146210329491e+05
2.596539321138878950e+04
1.270065929928701516e+05
2.412791326739691722e+05
3.269004276497917017e+05
4.483003862602455192e+05
1.865996759723020659e+05
3.537345641944921954e+04
5.503405131113524549e+05
8.521644087211498991e+05
1.749189169012677448e+05
1.050100565106764669e+06
7.198801566919246397e+04
4.411165325688286102e+05
1.539135291034384631e+06
2.815063128626345191e+06
6.944975861939759925e+05
2.190444804155511083e+05
2.906772311342509420e+04
4.112123664667481557e+06
1.333597998173867818e+06
1.746418274843860418e+05
6.612878987989616580e+05
7.962804730207995744e+05
5.552000324654653377e+04
6.921177995626322227e+05
3.378052266502372368e+04
4.337107095128156943e+05
8.900876945859906264e+05
1.201316095517506474e+05
1.616877724050685356e+05
4.168656919466665713e+05
1.191370790432537673e+06
5.639910268151685159e+04
3.004695540664469590e+05
5.750543124353196472e+05
3.825368154813462170e+05
8.285806784554744372e+05
3.182867736388983321e+05
3.961470794789202628e+05
1.934271877549196943e+05
1.057344163214162982e+05
3.776016509356408380e+06
9.450835769837843254e+05
1.249485141912013787e+05
5.436983437682091026e+05
1.602606548244004898e+03
2.521430112718324235e+05
1.789026262169727997e+05
7.059467256458329502e+05
3.688389177822281141e+06
2.695549052421187516e+05
3.195900492389280698e+05
4.136831247248451109e+05
1.187388589966691332e+06
8.991861371708200022e+04
5.008138593081427971e+05
1.026807099352484693e+04
1.338071245042008581e+06
4.843302597834416083e+05
1.679045225571414048e+05
1.153251277231642045e+06
3.723157170583551051e+05
1.191609964079348836e+06
3.072609639399676234e+04
3.110828785522959079e+05
3.039771388154185843e+05
8.685206512676230632e+05
1.203826245154415024e+06
7.322589711930663907e+04
5.964089387164399523e+04
1.556994721188048832e+06
2.715745309180879849e+05
4.114879335529752425e+05
2.589680341609047027e+05
7.935759716252589133e+05
1.772870565915037005e+05
1.143997004366261681e+05
1.400008011858212762e+06
2.303156654073962272e+04
3.756700265247523203e+05
2.458363185738639440e+05
6.939119673945239629e+04
2.631408903352870839e+05
5.479611686229547486e+05
1.692415643296118069e+05
2.815783213463136344e+05
2.351577901195143349e+06
3.398321311615644372e+05
4.052762701144354418e+06
2.879697477786984295e+06
1.480653612515002314e+05
3.101590631742144004e+06
2.952185578417563345e+06
8.561044230355815962e+05
1.136562396026590286e+05
8.768194710734327091e+05
1.459156625088576111e+05
2.832241100653291214e+05
5.363231942575096618e+05
1.163254444114248472e+05
6.697476471090018749e+05
4.717650993779454730e+05
1.164516365532355383e+06
3.141989566606493667e+06
1.539293139836445916e+06
2.070390039898394898e+05
4.248710659536048770e+05
8.117455983745098638e+04
1.860921016246829822e+05
9.651826236446267285e+04
1.037106263331588125e+05
8.104006313491838227e+04
1.495912896677350218e+05
1.228797342877206160e+06
5.255152705679305363e+05
1.476939534846496303e+06
2.555413504973156378e+05
1.465779078843690804e+05
1.842810374920433387e+05
7.374898255845326930e+05
9.912153646112240385e+05
7.399762049840579275e+05
3.543871684309442644e+05
3.924974691631468595e+05
1.189293487589092983e+05
5.351977274611815810e+05
2.715374117160409223e+05
1.319817727817471605e+05
2.974962084323341260e+05
2.264966756435954478e+06
5.075850810691736115e+04
1.588517541103378171e+06
1.832499723630267545e+05
4.056326010586105986e+05
1.376618510295000859e+06
2.992007524260404170e+05
1.442623361167130992e+06
1.120341017107547959e+06
5.497049527501720004e+05
2.931733294519991032e+05
1.658251501917894697e+06
4.628481751442730892e+05
5.328227041696594097e+05
1.038639684800325194e+06
4.301449819541197270e+06
3.859777210505335242e+05
1.045751599141092447e+05
7.842372256245028693e+05
6.830456144857046893e+05
9.119257108483016491e+05
3.155525794067395618e+05
6.373425061574238352e+05
3.409051115941424388e+06
2.158226780950836255e+05
1.225727905808229232e+06
2.515664087566716989e+04
7.989098844865557039e+05
7.144945577158925589e+05
6.070944905433224048e+05
3.103330510532934684e+06
6.937424336145847337e+04
5.294800143254786730e+06
2.943276383289293735e+05
1.622169932818539673e+05
2.048159266035039909e+05
3.121368207608439261e+05
7.882217458117442438e+05
1.324957290198793053e+05
4.004473523317868821e+05
4.272768656550809392e+05
7.174000103280499752e+04
6.210453493832641980e+05
1.944008354453025851e+06
2.791133328223803546e+05
1.718060411341082654e+05
3.739654610984668834e+05
1.290170845040283166e+06
1.921456982559083262e+05
7.121253870549479325e+04
2.299042658736490703e+05
1.978428143875007983e+06
8.217694079526818823e+05
2.172839390179612965e+05
1.225337767460501782e+05
2.715699270843150094e+06
9.187219104908752488e+05
8.869549916093469365e+05
3.315013763719689450e+05
3.822465346460576257e+04
5.790613680228979792e+05
2.687925024748824071e+05
3.375932991984078399e+04
2.182233210725310491e+05
9.584326521361001069e+05
1.437282897374177701e+05
9.562469228128708201e+05
2.933351843979778350e+05
2.697596613597029354e+05
1.810371009400772746e+05
3.899859254022381501e+05
7.534049506722428487e+04
3.220799386746723903e+05
4.731935510536675793e+03
3.484636861139115354e+04
2.917938727419786665e+04
2.994671820708983578e+05
4.142078310141300317e+05
2.738200228002665972e+04
2.210252243612502934e+05
2.410013225307368848e+05
5.214640859925274708e+04
5.769413356662977021e+05
9.587364801997382892e+05
8.929442477776440792e+05
5.523690714340939885e+05
6.273001519666427048e+05
1.559507968322810484e+05
4.477941945555433049e+05
1.769058558682198927e+05
1.596367906486234162e+06
7.842048555542892427e+04
7.258147703682689462e+04
5.725042777997824305e+04
1.062476328569877194e+06
3.945900710589903174e+05
1.323346619471227285e+06
2.589488348307081324e+05
7.085949170499524334e+05
1.338646475301780738e+05
1.359281757391336669e+03
1.985548795513440564e+05
6.055681666299254866e+05
5.602977896671252325e+06
2.914813763516897452e+05
7.276779536537637468e+05
3.266023525536770001e+06
1.147838282761139097e+06
1.239599268672691978e+05
1.754672406607806333e+05
3.339592444866862497e+05
1.277100652730938047e+06
4.600910753264352097e+05
1.028843180331300013e+06
2.375119593293893849e+05
1.492406164173903875e+06
4.261460316392050008e+05
2.162764718085613276e+05
1.073619519968392793e+06
2.102733858379363301e+04
1.079729891297893628e+05
1.087198845770687876e+04
4.302507160243627732e+05
2.696172782265858841e+05
1.406664181834677467e+06
1.104473596214007586e+06
3.661098980946476513e+04
1.621372942773824616e+05
3.186715657702021417e+05
6.270347010348975891e+05
4.304894190565405879e+05
4.568482550303153694e+05
2.551275571713395475e+05
1.170294494125791360e+06
4.318217950479764113e+04
2.184776472340040491e+05
5.346646009677774273e+05
3.551896969777852064e+05
2.569328437729411817e+05
6.739751127833004284e+04
2.077560903755348991e+05
3.055677745134261204e+05
1.671757941078368749e+05
2.312924394015830941e+06
2.780338824033100391e+05
3.405357001592840970e+04
5.682288909970638997e+03
3.560971146415892872e+05
4.238629197310709860e+05
9.793276609431074467e+05
6.452388334864446661e+05
5.373803978961952962e+05
4.429264352255909704e+06
1.704212703401447798e+05
3.687988969005352119e+05
2.979364388437251328e+05
1.043991547662491066e+05
6.635683604979919619e+04
7.160239219648938160e+04
3.721971848231744952e+05
8.172964506195821741e+04
5.320344443150707521e+05
3.164382478937154519e+05
6.865077793515013764e+04
4.957016326853680657e+05
7.248446612120986683e+05
3.345426021281403955e+05
2.944182283936352469e+06
2.508354348638980300e+05
5.390265831997693749e+04
1.364240484733438352e+06
1.645398568676281720e+05
3.173415966848557582e+05
8.202625968404029263e+05
1.344799770644784439e+05
6.004931218911260366e+05
2.061100309925251058e+05
2.197583633603020280e+05
9.342232405749189202e+05
2.000709027400693740e+05
7.320123973588515073e+05
1.140848557190265041e+06
1.587800189691022097e+05
5.176645232561958255e+05
1.902811910184545850e+05
2.811663318925066851e+05
1.049383214867480099e+06
1.447883581324689439e+05
1.473570844495591475e+06
5.756451374385998351e+05
3.670681547105378937e+06
2.512792986062828859e+05
1.369745462915427051e+05
1.361496592012346628e+04
2.201139529037467437e+05
2.305802379393938463e+06
3.896931610871170415e+04
1.845972744268022507e+04
2.850053183042382443e+03
1.231537482077495428e+06
5.768128324594187870e+04
7.409223233092749433e+04
1.149901434277782217e+06
8.453034055209127837e+04
1.359153269546198193e+06
1.011439501905156358e+05
4.106263977497624728e+04
8.914295221996780310e+04
8.297465397046551807e+05
2.909215570650509908e+05
3.994608523821308627e+05
1.419611538206842961e+06
3.549783677205277141e+06
4.723133250801323447e+05
4.793649150007008757e+03
1.036721770465724403e+05
8.639360299657839641e+04
9.445359871878873673e+04
5.494888517289267620e+05
8.769253074331956450e+05
2.540477418026098516e+06
5.562073717530912254e+05
6.820614559809423517e+05
7.354795698963916220e+04
6.630516006530204322e+05
4.805152002460605581e+05
6.352928770400180947e+05
7.571995936266564531e+05
1.030944682591942910e+04
2.087620050205645093e+05
4.190627189300904865e+05
8.635403088876580587e+05
1.312187617564009852e+05
6.724229937007490662e+04
4.040086412358609959e+04
1.495068884724334930e+05
1.930087069397725165e+06
3.692324913388348068e+05
6.194614902407143964e+05
3.722798782374971324e+03
9.820304164456218132e+04
2.671267646804280957e+04
4.412547252306533046e+05
1.554645381947743590e+05
5.003352718508337624e+06
2.104162744828600902e+06
6.057568577363546938e+05
9.611021853787001455e+05
4.086196544448496308e+06
9.718293195391428890e+05
4.641724188442679588e+05
2.763210742368104984e+05
1.675759878064883873e+06
7.761553971617884235e+04
5.395218822421636432e+05
4.570653487482234486e+05
1.190061555500003451e+05
2.162157433578192140e+05
2.461517645229421905e+05
1.073210300827727420e+06
2.760686966183117474e+05
8.535087732417763618e+04
2.932008785049773753e+06
1.344686912868710533e+04
7.482377822320425184e+05
2.954392215230657021e+05
1.394622462541372050e+06
1.033580967035629321e+06
2.170322732361831004e+05
9.276126883809290302e+04
1.565189682854880230e+05
6.088176468512887368e+05
8.537546623834765342e+04
1.512921505100622308e+06
1.144924067340013105e+06
1.409984814858137106e+05
2.718179701003412483e+05
4.793830286359222373e+05
1.036319887290644983e+05
1.151481841392697097e+05
5.010557005722854956e+04
6.286040956990547420e+04
5.830642003920654533e+05
2.059816809716763382e+05
1.705357289494213474e+05
2.025573173460827966e+05
1.857556228451756469e+05
4.914859696668981924e+05
1.169322814285605709e+05
2.058753434198979812e+05
7.420885621804277413e+06
7.526598509923513047e+05
2.788514764379673579e+04
2.112179165938090533e+06
3.996899471544193802e+05
2.108831712088150671e+05
1.187621115527395013e+05
1.473829492159837391e+06
8.895746384570767987e+04
1.227546644977854798e+06
6.781164882960745599e+05
5.300797645773078315e+06
2.784087881447682623e+06
5.769941065710247494e+05
2.400750289276007679e+05
2.460895682505042932e+05
1.293726334949431039e+05
4.812248354195172433e+05
1.337749582656068029e+06
5.185882331879383419e+05
1.472034207124945824e+05
8.948805927031321917e+05
3.059151090009884792e+05
9.473213307032730663e+05
2.935507173172804760e+05
3.191684328790897416e+04
2.938849345293167280e+05
6.129269250703291036e+05
3.862871859856974334e+05
1.107520867990575061e+05
1.416909896766599733e+06
2.801304329206106486e+05
6.476548768258222117e+04
1.167557736043617297e+04
8.315708637888393132e+05
2.627612078326659393e+05
4.405587544291180675e+05
6.316231803721368778e+05
4.915641521769679966e+05
2.257257280143107928e+05
3.623782268259918055e+04
2.972976558003329556e+05
3.445605874423845671e+04
1.289827481467213656e+05
8.177725646407245949e+04
1.510756984621142037e+05
7.546628127268094977e+04
1.828111388224833354e+05
6.464920396157467039e+05
9.681469623955537099e+04
6.342509487519149116e+04
9.357177142654084309e+04
1.447115474469682667e+05
2.095565411150048720e+06
6.949224190878337249e+05
8.863567208816511557e+05
1.762467940689021489e+05
3.341850316351531073e+06
1.034807029467922170e+06
4.561035966830399120e+05
3.291969916338683106e+05
8.763133663811553561e+03
4.842076631518362556e+05
2.539744380756068276e+05
6.404744704679121496e+05
1.834460356029671093e+05
8.746110870044295443e+05
8.074622281211497029e+05
4.274372940653323894e+04
1.287447458451884566e+06
1.201874070269856602e+06
4.570791900150347501e+05
1.810111704207211733e+05
2.659823962654633215e+05
1.335610815250430314e+05
5.541440658910872880e+05
2.484066538428434578e+05
3.658377683208451490e+05
5.106702742794641381e+04
1.106405488515692123e+05
7.922492357855460141e+05
1.476601155592307623e+05
7.828567846468330827e+05
1.544475153361718985e+05
9.109336623145386111e+05
1.179116855928066507e+05
3.644753000218919478e+05
2.611730256828742567e+05
4.221253476281403564e+05
1.924573407937409866e+04
7.812289673436553858e+04
1.143207324282592395e+06
1.288096204188028350e+05
3.143969416634338559e+05
1.327542362453592068e+05
5.646676196473584278e+05
6.686944333681355929e+05
1.218563177222617203e+06
2.648434112128788256e+05
2.268553504052536446e+05
2.946014552097404376e+05
2.329703488559010730e+05
2.825628124224466272e+06
7.836683379886245530e+04
6.164500844240563310e+04
3.968457078936892212e+05
6.027259449956446042e+04
1.140384151719994843e+06
1.923796154313603765e+05
6.421542074092027731e+06
1.302472453647079092e+05
3.548314115295170923e+05
7.025072009272297146e+05
1.019140404447665787e+06
3.469042207614855841e+06
1.238468989834720560e+05
1.884916861693667015e+05
1.391627697754609864e+06
7.530947903039441444e+05
7.877152574561334914e+05
1.509330865166995500e+05
1.238631027954474994e+05
2.980268487514008884e+05
4.654616400629562559e+05
7.249786536330607487e+04
1.521907324558723951e+06
1.329848536528102704e+05
1.445585540386601060e+05
6.564270657485730771e+04
2.531109256238554663e+05
6.361979710939571960e+05
1.279332838984095724e+05
2.621628264592602500e+05
4.314606002767717000e+05
1.421343980384115363e+06
4.073872738199898158e+05
3.488392210403882200e+04
1.220734732592140790e+06
1.321327336986238370e+06
6.566407975811127108e+04
3.053054056992058177e+05
1.670755673879958631e+05
1.299102290759512543e+05
3.169540775674681063e+05
4.052357498034011223e+05
4.277573374035235029e+05
3.382151411352711730e+05
4.658118324068207294e+05
1.216159981844519352e+05
2.343405644461247139e+05
5.589976198799720732e+05
7.504413613488493138e+04
3.444729536542490823e+05
1.596265841076186160e+06
2.113176946030612569e+06
5.033223523038311396e+05
2.957195020202416345e+05
7.946582066028619010e+04
6.252651071995102393e+04
1.246641460806031973e+05
3.027450948089874582e+05
1.137522113221103064e+05
1.234013979217758169e+06
6.467055214133679401e+05
1.992144486754332029e+05
6.282898914511354815e+04
1.254651799308510963e+05
2.372651064628600609e+06
3.103395273402454332e+06
3.920834666729950346e+06
4.444688675609222846e+05
2.355800904494079587e+05
2.495088547634240240e+05
1.947847845965712797e+06
7.351414156867325073e+04
2.192663419231450825e+05
3.176606649884600774e+05
3.889253272114089923e+05
6.368103563574009604e+04
1.209908820815705985e+05
9.364942114205642429e+04
1.388494848192468344e+05
2.330585032077957876e+06
5.392415507726662792e+06
3.753228688799112570e+05
2.080045800915711443e+05
9.041358630873876391e+05
1.325602635371753131e+05
7.022658485303678317e+05
1.425297063599916408e+06
6.249152258573110448e+05
4.606487394033547607e+05
8.477303426798603323e+04
4.479501415202088538e+04
5.244812606676477008e+05
2.038418353265982296e+05
3.655106075322870165e+05
6.234958924927166663e+04
6.341351714780731127e+05
7.919206841813155916e+04
9.340197549281533575e+05
8.043872654304275056e+04
2.011129667283529998e+05
2.563715017625270993e+05
7.595855241698502505e+04
1.562210868387654191e+05
1.008402306658477028e+05
7.916050716091792856e+04
2.000562194029924867e+05
1.826683404369093711e+06
1.097709893023511977e+05
1.480723021406049374e+05
4.315970136208006879e+05
8.188937022144183284e+05
3.555517843670979346e+04
1.756503049860636529e+05
9.997169924575926270e+05
7.000908292122268176e+04
5.309902019490448292e+05
5.782980465031940257e+05
9.956506521040863299e+04
1.107724426753839478e+06
1.076702461874013767e+06
1.969983463733414188e+06
1.475681693070477631e+05
3.964250739585186820e+05
2.428873265426325088e+05
1.016182219666182209e+05
2.094483461964999151e+05
2.418875475299181126e+05
1.404318582436299417e+06
4.870155790381485131e+05
4.393014959481878323e+05
1.144744901524206507e+05
4.978760532840773812e+05
3.558395855406043702e+05
5.379589046040777612e+04
6.482497211560577853e+05
2.334920584715144243e+06
8.047419971438937355e+05
2.665566280389904277e+05
3.039825443979225238e+05
5.346263161204506468e+04
6.082193459391257493e+05
7.683572862150203437e+05
5.429997346649708197e+04
4.231141901438685018e+05
2.594850844913814217e+05
9.409827523691683018e+04
6.921359030476540793e+05
5.881021869732839987e+05
4.579766872481871978e+05
4.795560666098767251e+04
6.365423968263405841e+05
2.708415767898840568e+04
1.589601784013611614e+05
1.677374202787978284e+05
5.348408719803341955e+04
1.624003594609070933e+04
3.406909835041972692e+05
1.233337227388689527e+06
3.493110244270574185e+04
5.986158967071358347e+05
1.373325567607788253e+05
1.588292074087612309e+04
1.217001832535487338e+05
1.086728165772159351e+06
1.890136007705229713e+04
9.691004544871783582e+05
9.349449552763372194e+05
6.780548984876644099e+05
1.529962825787665788e+05
3.007889149318428244e+05
1.014508803021768108e+06
8.845248681535114883e+04
4.644524359063534066e+05
5.374124845207552426e+05
8.735114614188999403e+05
3.954659895689848345e+05
2.283100302308544342e+05
5.158900309871460195e+05
1.397806761010832386e+06
1.724466928846466821e+06
1.530427255025070626e+05
2.784633511733699706e+05
5.464321908649904653e+05
4.191208341760531184e+05
1.254290952882129000e+06
2.072999233334829914e+05
1.138217281799888442e+05
8.543648895688006887e+05
1.066242907244262984e+06
2.577261505795577250e+05
1.524022541939024581e+06
5.986751170424313750e+05
3.588061789268401335e+05
6.198350349997807061e+05
1.088426583353882597e+05
1.765375625725251390e+06
1.133893840411367273e+05
5.117299710514212347e+04
1.385171299890958471e+06
5.932981523307512980e+05
2.415122782613972959e+05
3.035354191527111107e+05
1.802760502182065509e+06
1.819309466764831450e+05
3.787856560869469540e+05
5.408573619517920306e+05
7.813620377161132637e+04
3.558538255308177322e+05
1.071878220935237041e+05
7.941368992982922646e+04
2.010251435256891418e+05
7.874487770146939438e+05
2.802697315611923113e+06
1.248428142912716139e+05
1.171128701089849696e+06
1.316900835718585295e+05
4.230430393629170139e+05
1.069831245669313066e+05
3.136747793439900852e+05
7.756943694431041367e+05
5.341532697257604450e+05
7.869735782015667064e+04
6.373440768477653619e+05
1.197739404999839171e+05
1.191041523009942466e+05
2.979659357679069508e+05
7.718900663995416835e+05
1.289122866984571738e+05
4.604643822529737954e+05
6.015410209456771845e+05
1.226488161870454438e+06
5.480173032200427260e+05
4.392219842622207216e+04
1.092907394684127648e+05
5.693502089451162610e+05
7.938414173225016566e+04
2.758455860192669090e+06
5.137974322974166716e+05
9.438174216902027838e+05
1.323513357939910202e+05
1.546961711070016259e+06
3.306867739359604893e+05
7.123397461963074747e+05
2.666527017302208696e+05
7.188943189954131376e+05
9.849917454919549346e+04
1.878456795079362637e+05
2.271271347989781294e+06
2.417132767711372289e+05
8.266966194303662633e+04
3.532802365015854775e+03
2.838925972180888057e+05
5.439844070812624705e+04
2.441951139321521041e+05
5.586194504741402488e+04
7.307571521741356992e+04
3.813128834314371925e+05
1.059489097875744803e+06
1.880901829281490936e+05
8.901675931443024892e+05
8.837213267229781486e+05
3.833892864241425996e+05
1.382846735924176755e+05
6.078002716508642770e+05
4.310398173427286558e+06
6.164341904948348383e+04
6.957800653586135013e+05
8.057403526670841966e+05
1.244644874308990547e+06
1.469654763300041668e+06
1.328514729744984070e+06
1.179105689025460510e+06
4.501882691506036208e+05
5.681796167705447879e+05
3.133180662467187358e+04
7.167302633318962762e+05
1.406238865789918636e+05
1.622501112058268045e+05
4.157760370325844269e+05
2.421875085772509628e+05
9.959736453208571766e+04
2.132504955393742304e+06
1.208806122904029675e+06
2.235375766977009480e+05
6.643429511937510688e+05
8.732622851799414493e+05
2.674931747408385272e+05
1.889016000685652252e+06
8.721020939754566643e+04
2.838193604832820129e+05
8.101169983981654514e+05
2.281623019161444390e+05
4.403360594470628712e+04
1.307764781706231646e+06
1.111581313751563663e+06
2.128143614730643108e+06
9.030450250722658820e+05
2.682024078374318779e+06
4.129265676369653665e+05
6.111072334464330925e+04
1.309969782044962631e+05
1.870584915025602560e+06
5.389183672984800069e+05
3.262393980200460064e+05
3.544370798552915221e+05
3.427061653004194377e+05
6.075463124162200256e+04
2.794178344091535546e+06
5.016267949515498185e+04
3.118892205635853461e+05
2.186097043128231307e+05
2.533574624179424791e+04
4.455389450105908327e+04
1.167362916819228412e+05
3.211222818929921414e+04
6.397995189441261755e+04
1.407393664433690137e+05
3.424130272044660524e+04
4.096583456225136179e+05
8.142922194404786569e+04
3.433607993333337363e+05
5.343218174410775537e+05
7.039093922035408905e+05
1.411310278154169209e+06
2.456771019649037626e+05
8.266193400155309355e+05
8.631502215195047029e+04
4.249024779624862131e+05
2.991916236369748367e+05
5.482291202559571684e+04
1.954289328725067026e+04
5.492670538856926578e+04
3.429107126022582815e+04
4.999605240698017878e+05
6.012592970643829321e+05
2.331235368315071100e+05
2.844324117263852619e+06
2.814382100647817715e+05
1.500780096749923425e+06
1.372461153289364884e+05
5.692960291469543008e+05
9.607508862067956943e+05
2.380582629544862721e+05
1.050915371610314905e+05
3.032076332024461008e+05
4.877684900845824159e+05
2.404528804260213801e+05
3.822121427555355476e+05
1.369534251571570931e+05
2.084342599065325339e+04
3.559294576197677525e+05
1.310740445203079435e+05
1.076347552503318730e+05
8.599054782144658966e+05
2.052671642696453273e+04
7.230870934051192307e+04
6.117918601988395676e+05
1.369891176263671950e+05
8.916094129467461025e+05
3.582032647100348840e+05
1.635540093739737495e+04
4.489419167951122508e+05
4.950663378815131728e+05
3.182263814405932790e+05
4.897392141610204271e+04
1.338834734616359638e+05
1.682229890215561318e+04
9.305246918841711886e+04
4.278760265209602949e+04
7.158145969538037898e+05
1.986985499727748684e+05
1.187899965845698607e+05
2.335629784878861392e+05
1.314136035867728351e+05
1.942988069284356025e+05
2.014702065191612055e+05
1.766503818270174379e+05
9.906254337302561908e+03
1.522718839308765309e+05
8.445410906416673679e+05
9.801519477647071471e+04
1.950895998119018986e+04
1.388065408239093667e+05
3.192006642593663419e+05
2.339437701871526078e+05
6.377948736665316392e+05
4.067149496735477587e+05
2.408747885012135084e+05
1.190814755625930615e+06
5.930357861343837576e+05
1.798577708259749343e+05
2.634095655874318327e+05
6.580135739708367037e+05
5.653715347177586227e+04
4.837256369698888739e+04
1.798031223250274779e+05
8.225705335844072397e+04
1.170936224192200461e+06
2.789217947919866419e+05
1.920859268824871106e+05
1.250038086398365209e+06
1.945117516543010133e+05
1.335180661428705498e+05
5.862188054454990379e+03
5.964747960566009860e+05
6.883303392795706168e+05
1.000576491936396807e+06
6.419952099936745799e+04
1.359120337398354022e+05
7.042279375964078354e+05
4.349317856002968620e+05
5.369687835205298616e+05
5.678488157392716967e+05
2.857612199915823876e+05
8.793806582722471794e+05
5.440483159890666604e+06
2.003280575370842707e+05
4.004341207948329975e+05
1.443957461887264508e+05
2.049692839937667013e+05
1.243555139233014546e+06
5.205049386954618967e+05
5.033289987628723029e+05
1.717632916141515598e+05
1.557352029861325864e+05
5.283642422536807135e+05
8.762540631317070802e+04
4.472281897245364380e+05
4.931247752193530323e+05
1.331698025084652007e+06
7.662193867636380019e+05
6.763566562031646026e+05
2.278897065451478702e+05
5.754005231618011603e+05
1.282267883871843573e+06
3.514544759697385016e+05
8.154284853160736384e+05
1.958184651158665365e+05
4.431987113344934187e+04
1.736401906357046973e+05
1.488490288243380783e+05
6.671553121951220091e+05
2.808323228022804251e+05
9.501868027505125792e+04
1.985654295461368456e+05
1.654969907892629504e+06
2.060012594422888651e+05
3.098411462564574555e+06
9.228027902355360857e+04
1.960956842986671836e+05
3.368492495817514136e+05
1.365402832630746765e+06
3.058299805943145184e+05
4.810501717722532339e+06
6.729022532485069241e+05
2.398848198345849232e+05
8.207715990516032325e+05
1.767159687259738275e+05
5.448449787637890549e+05
8.371679121861705789e+05
3.478686022520475672e+05
5.058517495863779914e+05
5.928310497246886371e+05
1.416728273888849362e+05
3.403053548934565624e+05
3.670345902826131205e+05
8.195452569446056150e+05
1.408430815812771325e+05
9.586930312795055797e+05
3.206671575836080592e+05
1.566760445088556735e+06
1.127924618755321862e+05
2.751112349925252493e+05
3.152406837761694333e+05
1.514056670224392437e+05
5.187825169006482465e+05
5.801405701569444500e+05
3.340820711303672288e+05
9.746304642047449306e+04
9.952040178676466458e+05
3.675861752701294026e+05
2.728745624325528042e+05
1.756715248617651523e+05
1.575604358292845543e+06
1.856460361428842880e+05
9.743835904207307613e+04
4.965663076496159774e+05
7.432702383554909829e+03
2.091512925131394528e+06
1.427249318896227633e+05
3.379858034487462719e+05
6.605448024760289118e+05
8.245304454879713012e+05
3.685069517412107234e+04
3.288697863575364463e+05
3.942751510534088011e+05
1.882740280784481438e+05
2.404841868023480929e+05
3.997282623236146756e+05
4.216280628550429246e+05
4.320505198319370858e+06
1.569281046160894446e+06
2.576177556183062552e+05
2.020814841753382352e+05
1.746229245960189701e+03
2.311877517007926945e+05
1.994426415725261439e+06
2.331272181217432080e+05
4.406989537888706545e+05
5.491928087934942450e+05
4.594758555796751898e+04
1.209541034171934734e+05
7.339263408943911782e+04
2.089336724843498319e+06
1.180631117478487577e+05
3.658308946073477273e+05
3.234333388922922895e+05
6.027509027376336744e+05
1.086306634909179556e+05
1.257272101424327993e+05
3.514033575138886808e+05
8.674481911778688664e+05
1.921454827226052876e+05
5.560472363754963735e+05
1.993240967271743575e+06
3.587692233684812672e+05
1.469600279369388707e+06
6.930237227997734444e+05
2.557021739912945195e+05
1.648816671385465597e+05
1.779361079624245176e+05
3.211304231103018974e+05
3.781449577048635692e+05
1.818466652195913775e+05
2.559279329444313888e+06
1.510398154562924174e+05
8.875636392775709974e+05
3.083201239861201611e+05
3.126094522118822206e+05
7.294356747436166916e+04
1.766310000782535179e+06
2.088920843058184953e+06
2.639568136415694025e+05
1.327134975460410642e+05
5.590723840503110550e+05
2.253549996509999502e+06
1.082739663911475218e+05
2.307084875779322174e+05
1.258840394720447148e+04
7.331701531024156138e+05
1.965295055780279217e+05
5.614497505752058933e+05
1.127493823157880688e+05
1.492122366723946470e+05
5.219020895050829859e+04
4.208889467242410756e+05
4.234135681727606570e+05
5.246940852243850532e+04
5.025674989585641742e+04
3.385403590337357018e+05
1.943494622050212638e+05
1.322379306297317147e+06
1.105354129732893547e+06
2.584077427639868692e+05
8.669105051410762826e+05
3.077867354773755069e+05
2.927274222747526073e+04
3.676115513643890736e+05
1.505045739091751166e+05
3.471376173358428641e+05
3.567513087799384812e+04
1.896583312280813698e+06
3.016471302161549684e+05
1.149250945941384562e+05
2.343341714358749159e+05
1.794761288672171067e+05
2.708354680882966568e+04
5.147811031917983200e+04
6.526514137403840869e+04
1.282861938076679508e+05
2.765847780473539024e+05
2.922484350982483593e+05
7.350192245679504704e+05
3.042571818119173404e+06
1.885518513323175139e+05
2.301594392385549727e+05
4.058903304294211557e+05
1.316278548085064394e+05
1.175422254927441478e+06
2.713061614214889123e+05
6.405392030042170518e+03
1.388320993187072221e+06
2.658300263300403953e+06
4.756389045948576531e+05
4.153603555897191982e+05
2.997826571201492334e+05
1.002593681190032861e+06
1.676937439385164180e+05
4.230550476008381811e+05
5.813144488847602770e+04
1.145773169079945656e+05
7.231408210292355216e+04
2.484931332745124120e+06
3.809432891902035335e+05
1.670808574569619377e+05
1.101275042837538786e+05
3.602068259461459820e+05
2.979024169121570303e+05
1.244935190742811246e+05
1.158240645935057983e+05
1.941793990815735422e+06
2.380590633981402789e+05
1.259025179367299424e+05
7.427667379463203542e+04
9.355120136461914808e+04
2.293262818040021230e+05
3.760007873927492765e+05
3.084914604679382755e+05
1.756078327952167310e+05
7.232232921257446287e+04
1.245456989048596704e+06
2.113292715841738100e+05
8.606300838838683558e+04
6.389747574005682254e+05
2.817947182519555790e+05
9.760840886124891404e+04
1.180959885776957526e+05
6.282042582210530527e+05
1.535792424911385169e+05
2.420206349140154780e+05
9.632878273659553379e+05
3.800424581535818288e+04
1.677478154581709532e+05
7.909485816429075203e+04
4.299702049343126127e+05
3.762080615281318896e+05
1.762259515718243711e+04
2.943846846222872264e+05
3.711225034026499372e+06
2.986411413274995866e+05
1.475251774433647188e+04
1.339339320717497962e+06
2.461510776072055451e+05
4.509847108858052707e+02
3.411538283425081754e+05
1.927550868833486747e+05
2.381570232372103492e+05
4.931192992168290075e+05
1.064335914548983419e+05
1.330012911251951882e+05
2.265496128799392027e+05
1.702721553069935180e+05
1.686682222388937837e+06
1.206419502816976979e+06
2.988703553076941753e+05
8.760678384167709737e+04
1.531927890491743747e+05
1.571909169238838833e+06
4.910396473887574975e+05
5.599596695121636149e+05
1.422299594463728135e+05
1.269883745841633994e+06
2.516939392841480731e+05
3.569403355877890717e+05
6.658983180664158135e+04
5.944031196035046596e+05
1.037907909073730552e+05
2.457776759638136809e+03
1.477183620866077545e+05
4.178277594019795069e+05
3.059891809103499399e+05
2.328819094499999483e+05
3.534343700128445635e+05
2.776431425103314687e+05
1.185908370424844907e+05
1.261057670103152341e+05
5.951744726710877148e+05
1.371448869207575684e+06
7.067032952471374301e+04
1.267647645993359474e+05
2.518209504717105010e+05
1.638498895159691456e+05
1.478435796080439177e+05
5.284903413398668636e+05
1.248178773591389414e+06
1.330225455852526648e+05
2.033664019441377313e+05
4.697585049610850547e+04
5.076212357398623135e+04
7.321648259445665171e+05
7.051403941741833696e+05
9.156394568977113522e+03
1.489464516158144921e+06
6.808266045994875021e+05
1.518909595398472811e+04
2.591642946782976505e+05
2.500788542579842615e+05
4.425486101337801665e+05
3.005439108550554374e+05
3.936635240229321644e+05
5.131703430223087344e+04
4.371224553618296632e+05
9.499876531726695830e+05
8.953795294173440197e+05
5.762706187247950584e+05
5.686999152720298298e+04
2.891070337745478610e+05
1.838059880766883143e+05
8.398931317917632987e+04
3.963044834812359186e+05
1.906544085655524104e+05
1.248279388400671538e+06
6.727768806084702956e+05
4.721689079832773132e+04
9.870208448012967710e+04
1.840339061154226947e+05
3.565921491582660237e+05
2.782537176644757274e+05
1.822969106375084957e+05
4.251251782954381779e+06
2.589875401046288316e+05
1.115074709330078214e+06
5.289014338068483630e+05
2.786336517064724467e+05
2.490620874174051642e+04
7.188592944048171921e+04
3.015567494149538688e+05
2.187900598201040702e+05
1.149061567088294076e+06
1.017880340907722712e+05
1.084259379014240985e+05
8.281098663298840402e+05
4.864206819066038355e+06
2.631067764668936725e+05
2.112489236812469084e+06
3.364468499181181542e+05
8.268001724236624432e+04
7.188373048016532557e+05
1.550396364425242064e+05
6.166315341888790717e+05
7.573668459620178910e+05
3.538033439626051113e+05
3.123678722761191893e+05
3.736713327721639653e+05
1.292877759070246393e+05
7.116427916833206546e+05
1.147315971328025189e+05
3.285856783513743430e+05
2.724995664999254514e+05
7.775341079057249008e+05
1.315839064110908366e+05
3.854288668181481189e+05
2.093785797052678885e+06
4.338720480331323924e+05
1.461811786952988186e+05
7.242998245820164448e+05
9.309442381386302877e+05
6.913486573648435296e+04
4.613132825435852283e+05
1.327926500861682463e+06
3.628332359705159324e+05
1.671213757194688777e+06
8.674307448660908267e+05
1.798308147220157553e+05
1.184466282063003746e+05
1.153314034300652856e+05
8.132052155601391569e+05
9.448275887150609633e+05
3.359901303749544895e+05
3.843298212033640011e+05
1.112086716458303854e+05
3.969427795389859239e+05
5.146339137189121102e+05
2.780333184275816166e+04
4.643950626674162340e+05
1.705112345121951075e+05
2.788727326589433360e+05
7.017936679461320164e+05
1.652274840811049799e+05
1.254330462388177693e+05
1.035341007498451945e+05
1.344012926302724751e+06
7.000546370208865264e+05
9.705305795326127554e+04
4.195629694320149720e+05
9.426705187629719730e+05
9.816485767928425048e+04
1.115908849221155833e+05
5.132303236259516561e+05
7.734171442538170377e+05
2.187534922776914391e+04
2.003668254502019612e+06
1.889287419320844929e+05
9.185117692595634144e+05
3.084594979211636237e+05
1.410488210614006675e+05
1.317728789891203633e+06
2.378721455011155922e+05
5.823300865579165984e+05
1.253232374781704275e+05
2.746616058151334291e+05
6.887156564737018198e+05
3.098483479514251812e+05
1.522063581358608091e+06
9.724690533741444815e+05
3.611401335606557550e+05
7.021436249915530789e+04
3.002840616727585439e+06
5.311189591395624448e+05
1.007741263897338649e+05
1.139022399486395152e+05
2.947461025534567889e+05
1.919818819666894851e+05
4.161988425666474504e+05
1.397695773826854071e+06
9.144264002172100591e+05
2.114353502494840359e+05
1.492625673254329595e+05
4.080040755413790466e+05
3.884574201734430389e+05
3.302464847100130282e+05
3.025369184054431040e+06
9.265507134067251172e+04
1.138097942554142093e+06
1.758247189024768304e+05
1.870218501877683157e+05
2.244298618122902117e+05
1.455972207433275180e+05
7.804186163618701976e+05
1.870815716225235665e+05
2.812744794041891582e+05
1.384073927530444926e+05
8.030324293480943888e+05
1.734139253898136551e+06
5.301064138130206848e+05
3.691138878443050635e+04
8.780994868847712642e+05
4.131400907778090332e+05
1.830098919786783168e+06
4.503335697662203893e+04
6.217722926060799509e+05
2.036748158116362756e+05
4.250237727537397586e+04
1.391451395030052809e+05
5.866275334396533435e+05
2.079077494213698083e+04
2.827990355366816511e+05
6.977904123203953495e+05
9.820015210921372636e+04
1.554495247711559350e+05
2.406554773052722681e+06
3.543893636485544266e+05
5.139770857845958672e+05
2.046598097776421928e+05
1.426587517160665884e+05
3.657796939802557608e+04
2.570331743252097804e+05
1.569764208737193141e+06
1.983878060407448793e+06
2.552506084073395468e+05
6.110248399530932147e+03
4.956847912133564241e+05
4.037841389449044800e+04
3.028193429587863502e+05
1.892137156751810107e+05
1.101849057501439238e+06
1.099241780110317282e+06
9.581026455527044891e+04
5.724095454103171505e+04
3.442245404449843336e+05
1.452394216128816770e+05
4.185318746266716043e+05
4.362985618805747072e+04
4.648718271333480370e+05
8.883394024835774326e+04
2.187910636152969382e+05
5.556258453162615187e+05
4.466649728795652045e+05
4.846250904762647115e+05
1.867255856336257420e+05
1.321382410450881580e+06
1.174663187849032227e+06
9.983923090501260594e+04
5.462369881096619793e+04
4.884060127798585454e+05
4.698620332233388326e+05
1.260955195592520759e+05
1.418246428241525544e+06
4.892610172143979580e+05
4.489834926977133146e+05
3.156636898845730684e+04
2.612798690683750319e+05
1.142557001326290483e+05
2.924595636935272487e+05
7.959676434967120877e+05
1.090155008844042750e+05
3.258633073441480519e+04
1.256500343335255311e+05
9.497123395589069696e+04
1.570833001720036147e+06
5.633933206242372980e+05
6.696860486862370744e+05
2.489489594952149782e+05
8.823594860155512288e+04
2.861155889745376189e+05
2.090013035569249187e+05
8.610417108763830038e+05
4.310009656033053761e+05
3.259154575804352644e+05
2.935214354296776000e+05
6.841609415004317416e+05
4.066062842704701470e+05
4.737505336264243815e+05
2.222075970211072417e+05
5.564801575960898772e+05
4.534915308854068862e+05
1.429979091236167820e+06
6.174735472992184805e+05
4.297892453146458138e+05
3.251886022523885476e+05
1.963982898142905033e+05
6.012824096605415689e+05
9.092006662493651966e+05
1.353956366638229461e+06
1.613276259218243358e+05
3.191511153635902447e+05
9.987372114319515822e+04
1.564620190661590605e+05
1.572276738164209528e+06
4.180307013877453282e+05
1.523805073120602174e+05
3.154868485631250223e+04
3.138973398157694028e+05
1.385743519850168843e+06
1.075099096695217770e+06
8.306961019960575504e+05
4.647907317229239270e+05
1.027133009751564572e+02
4.747624520362799376e+04
4.655884170913058915e+05
3.318929716979336808e+04
5.766234241741544101e+05
4.812489320627538254e+05
6.375367716778426984e+04
5.768085022214349738e+04
5.953647627470940351e+05
2.801237816170241684e+06
1.055384635164376581e+06
2.398667888938087504e+06
1.681598460881190840e+05
2.948745976108793169e+06
8.347538972127684392e+05
3.712283661650009453e+05
4.151759205171043141e+04
8.867218520221939543e+05
1.070745578854234773e+05
1.006560746621455182e+05
4.263253277557287947e+05
6.282557312127463520e+05
5.848179952380121686e+05
7.808602819228000590e+04
4.223866043594555929e+06
7.858247935669906437e+05
5.728638211274319474e+04
6.232189556677319342e+05
2.369171631950250885e+05
1.906506593458560819e+05
1.101717195998588868e+05
1.071515997331371764e+06
2.340890214433145593e+05
3.981766481473398162e+05
1.476386598398365604e+05
3.188838345323445974e+05
6.843184020769216586e+05
1.811411009340194869e+05
1.766629517217263638e+05
1.367029107328601822e+05
1.018722819601704017e+06
8.873755959450606315e+04
1.264345598913184076e+05
9.715946480372142978e+05
1.426139241909811972e+06
2.330331083373241127e+05
1.468416591654013610e+05
1.939681223915674200e+05
2.030004309108875750e+05
5.376063532805507566e+04
6.203784832967978436e+05
5.660651201609154232e+05
2.525847328099820879e+04
5.579098268686967203e+05
3.015094042824649023e+03
2.409649167772605084e+06
2.371961727081658610e+05
2.128475301734600507e+05
5.893074424239556538e+05
2.402823892503271636e+05
6.139709025212385459e+05
2.545386564891341550e+05
5.511875209667991294e+04
3.827268377134414040e+05
4.800593745152421179e+05
6.370138251933483407e+05
6.690110607974330196e+04
1.829858454074407637e+05
2.665500897408373421e+05
3.972612345564347925e+05
1.236689035984103102e+06
4.611895349579706672e+05
3.764147757240066421e+05
3.547124418610982830e+05
1.167105100434936176e+05
7.080732526959115639e+05
1.981508401237048209e+06
3.386034115016232827e+05
3.040698798472593990e+04
8.133845334562555654e+05
1.912467669799264404e+05
2.784031649567926070e+05
5.208974196964646108e+05
3.738606963028565224e+04
5.776915299450774910e+05
1.154988513822705427e+05
8.224424547473386338e+04
4.095444608939140016e+04
9.246366260382697219e+05
6.211367646004690323e+05
7.357130757129109406e+04
2.133021619547448063e+05
2.141737692100625718e+05
3.958073803528922144e+04
3.016231272043369245e+05
7.136995355730867595e+04
2.767941877603486064e+05
3.982859131331742974e+05
2.483794535512963193e+05
1.976612446248822744e+04
2.541800643521916063e+05
4.426506228637484019e+05
1.922439774688087637e+05
