1.194204680506603327e+06
2.005864356121863239e+05
4.512014075306466548e+05
2.817261014986775699e+05
4.650825186847863370e+05
9.450229497148354130e+04
2.741491487391870469e+05
1.122799416316749062e+06
4.315795365510612464e+04
2.066101037989772856e+06
1.722948775881878828e+04
4.311605277828303515e+05
6.363274636232466437e+06
6.033400648286006181e+05
2.044338597834202694e+06
1.003697485600709770e+05
9.437809170994933229e+05
1.138885695023574663e+05
1.903373791788553121e+06
5.459843327667505946e+05
9.724501141242496669e+04
5.657821730899367249e+05
2.355620857300195785e+05
1.046616977777576889e+06
3.768743239237792441e+05
2.586806057755302638e+06
1.734838309169460554e+05
1.874199704588672903e+05
1.572545234395598818e+05
6.149686599146501394e+05
1.852034068162520998e+05
3.811611984268995584e+05
8.467105050724529428e+05
3.218925942426995025e+05
1.047713990855699958e+05
2.113516145819427038e+04
3.015279275782546028e+05
1.205723367880703699e+04
2.111483534413447487e+05
7.377472280973503366e+05
2.429501952483362984e+05
3.789310898288274766e+05
1.383783786419801181e+05
5.793627217603079043e+05
4.842261470192905515e+06
4.264146335154420231e+05
5.616171698013206478e+05
2.238008633614755701e+06
1.393976405114629306e+05
7.773119960061154561e+05
1.384869933275609219e+05
4.048248894579231273e+05
6.007504816911282978e+04
5.501716724287834950e+05
1.541736057945847744e+06
1.049360093039903091e+06
7.755662460484115581e+04
1.147460202309139539e+06
3.045797598771872581e+05
4.078694134097348433e+05
6.703833497074294137e+05
8.010484002417246811e+05
3.962393136023356928e+05
2.239801894105536048e+05
8.751025209624994313e+05
5.907312454985579243e+05
7.440946679798924597e+05
4.305322507017449825e+05
5.127248518798082368e+05
2.472930507677091518e+05
3.669199919122659048e+04
9.903738963285284990e+04
1.162832706563823449e+05
7.732391262445515022e+05
1.936209872653705999e+06
3.553809770796711382e+04
1.862562401829912778e+04
7.134334646267764037e+04
2.258673771486534679e+05
1.509051830453306902e+06
2.536227076090793591e+06
2.601096422267868184e+06
4.544115873759237584e+05
1.103477948826056963e+05
2.911159276777771884e+05
2.160918716124005441e+05
2.935583364482013858e+05
5.635661961244081613e+05
4.244080164613571251e+05
4.821851881500328891e+05
1.095244403150721686e+06
1.337752163387645851e+04
1.745522985538083012e+05
1.153676153349057131e+05
1.582971456837435719e+06
7.222945059815441491e+05
1.335262847910140408e+05
2.301504669184588420e+05
2.725374924848693190e+05
2.822237694591387408e+05
1.840177766198274621e+05
3.696651496908667032e+05
9.218107373118511168e+05
5.992335936634005338e+04
1.268531165815965069e+05
2.183923724327697419e+06
5.060710348357010633e+06
8.883194305823762988e+03
1.475645198466955917e+05
2.701992038652120391e+05
2.919140741011200589e+04
2.933406978448062437e+05
2.780012738807538990e+05
5.872987212675780756e+05
2.653652878775949648e+04
5.469990462596841389e+05
6.111422158969359007e+05
6.308863073214888573e+05
5.908921283021278214e+05
2.272272625597616716e+05
1.222704608515289612e+06
4.540733778996692854e+05
6.800128272380561975e+04
5.948620197446427774e+05
6.763285031684922287e+05
2.039037384180477588e+06
7.758514397642534459e+05
2.510144231133812282e+05
3.785844296441782499e+05
6.701836191739974311e+04
1.735624367690793879e+05
6.919629575892217690e+04
2.359961568782599352e+05
2.302488111278279102e+05
2.199492080606094678e+05
3.266952459676309372e+05
1.618981056807744026e+05
1.273695954837484052e+06
6.798468042133694689e+04
1.130855295758390566e+06
2.588329371794741310e+05
2.104569391252332935e+04
1.719856269502992509e+06
3.292685997677090927e+05
1.421839151898773271e+05
4.159604721708950819e+05
1.210226974347930955e+05
1.034100259296417702e+06
2.516097486668619094e+05
4.399731607033584442e+04
4.869076862047907896e+06
6.842448886752568069e+04
5.944397781571627129e+05
1.848798022299646691e+05
1.957430098312070768e+05
1.839507178990935499e+05
1.056436098714652471e+05
7.785265687720128335e+04
1.112430920893596252e+06
3.588963323373078834e+06
1.750432389197909739e+06
3.308550059830080718e+05
1.485853974992457952e+05
8.486969972293848696e+04
1.374626613945047604e+06
2.045998570904110966e+05
4.394597232867291314e+05
1.544964840278617106e+06
1.796166826779703260e+05
9.498790144932348994e+03
5.433265436668351758e+05
7.603137641893079272e+05
4.390464048138540238e+04
1.967086100739004323e+05
2.244711684319561027e+04
9.573626455160825572e+04
4.059877942722805310e+05
1.342605167756517767e+05
6.379360256940308027e+05
6.243918918961766176e+05
5.079296985424100421e+04
1.525091003039585194e+05
3.775875506711823982e+04
3.105900073931330189e+04
9.289083239610987948e+05
4.477929413604896981e+05
3.682737501420330373e+05
1.378987541076195776e+05
2.740279009782473440e+05
4.385971634527299902e+05
1.502645068565443624e+06
8.367862882849075831e+05
7.966365102047321852e+05
1.810369518986025068e+05
2.119736205081980152e+05
5.788944640357515309e+05
7.893955976522564888e+05
2.048354800479862606e+06
1.357562477799690969e+05
3.472992942264898738e+04
1.163843418182164198e+06
2.727085937127079815e+05
2.608062160090445104e+04
7.352673697603573091e+05
3.915743165621260414e+05
1.593211566062162456e+05
4.828741253933869884e+05
8.231811957959644496e+04
1.605539516994748730e+06
2.949091769699063298e+04
2.138668629079665698e+04
1.369733995881185401e+05
2.884706258574179956e+05
1.577384855441382388e+05
2.047585714918226358e+03
1.009020424883160740e+05
5.367948243366983952e+05
3.718679391963876697e+04
5.520837128555540694e+05
1.620919233291177952e+05
3.092720069280965254e+04
9.143550234835074516e+05
1.502041569250006869e+05
3.092746139162458130e+05
2.501647950883914600e+05
1.715699033066257252e+05
3.806766138621559367e+05
4.977988203294865525e+04
8.002293458379138610e+04
4.049224775179679855e+05
3.694215957582130213e+05
8.814830360644888133e+05
2.177376454564532905e+05
2.163278771526815835e+06
4.749293744468094665e+05
1.669728905792624224e+06
1.695253416421024885e+05
3.143675265157497488e+05
1.578572291107072961e+05
6.621996765786994947e+05
3.130397002207150799e+05
2.810004006980146514e+05
7.408580506928247632e+04
7.061178018618121278e+05
3.272929272231815266e+05
8.701826073596650967e+05
1.573711789578638505e+06
1.906036677963894326e+05
9.952595882742693357e+04
2.743678508316069492e+05
6.850461743737543933e+06
1.315702825037834467e+06
8.752258176941223792e+04
1.619579382846035587e+05
8.055239912245444721e+05
1.247104178205909411e+05
3.428767348709715880e+05
7.046483224708150374e+05
4.646447782265472342e+05
3.575688540152805217e+04
1.339867366543808894e+05
8.824674464911216637e+05
8.094829870563034201e+05
1.204652547073156748e+05
1.112383958287058049e+05
3.414935858809820493e+05
1.114695095700430102e+05
5.780242663467596285e+05
7.294589209549544612e+05
2.300763884526765905e+06
1.454276950467518298e+06
2.283084866514759487e+05
4.312201641645797063e+05
3.462910784861301072e+05
3.132728123425815720e+05
4.393166066745859571e+05
1.440743633264028467e+05
1.327115359350317158e+05
3.785357311872973223e+05
9.176220551356093492e+05
3.984188199647661531e+04
1.878237922547486669e+05
3.476894875803437550e+06
8.564378615876901895e+05
8.383402879185852362e+05
1.067662146371192648e+05
4.197894991025764029e+05
7.561293238950109808e+05
9.653273558321413293e+04
9.880095198742370121e+05
1.962337943724778481e+06
1.560452385536707297e+05
3.326425081329019740e+05
2.566861173895144020e+05
6.221772742028436915e+04
7.040354760288388934e+05
1.626640475600766949e+05
1.038019476174491458e+06
1.711040107709841395e+05
3.665411373892241972e+05
4.282492566021998646e+05
7.241126493810823886e+05
1.149808683659071801e+06
1.342983698291323613e+06
2.563034454691171413e+05
9.423317670444555115e+05
9.721608681084910640e+05
5.022133092101663351e+06
1.269363087619475555e+05
5.084616565459979029e+04
1.634071459553287132e+05
3.135662214213452535e+05
2.073580009746200449e+04
2.509099643773519783e+05
2.721134917948099319e+05
6.766873102156362729e+05
4.619188322556063649e+05
9.543547122531624045e+05
1.087422381228663027e+06
4.865920014652881655e+05
3.730621406762146507e+05
7.778032272002339596e+05
2.663726005350498599e+05
2.679914355014135363e+05
3.064541435028712149e+05
5.882877102499178145e+05
5.043957833129341016e+05
4.909750900704443920e+05
2.710772994622562546e+06
3.861610675609249156e+05
2.230684335294612902e+04
7.834085525053100428e+05
1.343786874385750620e+06
2.489388137419315986e+06
2.590608682227805839e+05
2.756105086969180265e+05
1.510627030756867025e+05
1.187079503960778937e+06
5.467591347980102728e+04
2.612275094902809651e+05
6.964972275419895304e+05
1.190244836850769352e+05
6.498067764414760750e+05
3.009118633595645588e+04
9.682417901204114969e+03
3.073269948818992707e+05
3.221306973498359439e+05
3.040748086942851660e+05
1.728921614981174353e+05
3.660709173800880089e+05
5.643881735049320851e+05
1.532845991214498645e+06
5.064579555723867961e+05
1.935583970560869784e+05
1.311540288545838557e+05
1.809499827491919859e+05
1.464002975904708728e+05
5.208272353945180075e+05
1.602941060317711381e+05
7.588930233604763635e+05
5.214756376702652778e+05
1.088484794901106274e+06
2.487018090925797587e+05
9.331465147524202475e+05
1.321423451374532306e+05
1.778430942528830783e+05
8.033970631002180744e+05
1.166803449189755192e+05
2.278212025840778369e+05
3.457742303698768956e+05
9.749295653077433235e+04
1.034363368642540299e+05
4.397213904646752053e+05
7.714312173850614345e+05
1.809199157717579510e+05
3.108739328422191102e+04
2.719566372787635191e+05
2.469750069429055729e+05
2.750744472333895392e+05
1.120842847334106918e+06
3.985703351439950638e+05
1.588006638748998987e+06
6.551181704568603309e+05
5.595523181423360948e+05
1.470633854066916276e+06
1.850850564910458634e+05
4.075120161516709049e+04
2.511085565104063717e+05
4.421774157365845749e+05
1.667128402634675440e+05
2.829428407143974677e+06
5.559308748969129520e+05
1.342730176395657472e+06
9.381574224771677109e+04
8.737402317123806570e+05
7.581003689028427470e+05
1.293220080395712575e+05
1.039315162055421039e+06
2.525575210975615191e+05
1.342555574939771031e+05
5.456283340490119299e+05
2.282481338301745418e+05
8.128523959432031261e+05
3.245707257437696680e+06
4.408512213896454195e+05
4.326364391447101661e+04
9.989691008439597499e+04
8.166552702544670319e+05
8.281423938057173509e+05
8.817682447624518536e+05
1.264190647541052749e+05
1.477672935759717657e+05
1.361206374665838666e+05
3.595997075055461377e+06
7.466021632189932279e+04
2.838053192787142470e+05
3.013094064905441483e+05
4.471505231731394306e+05
3.677200615610966925e+05
2.128613202612593304e+05
5.663201210081704194e+05
2.840465021604305948e+05
1.090928560260094702e+06
5.982661017075290874e+04
4.321854557669289061e+05
1.863050307926774956e+06
1.723768901836963836e+06
6.108804171796150040e+05
5.594299541634042980e+05
3.421092109904535027e+04
1.957754745783327380e+06
1.116374557054593461e+06
2.127070254419818593e+04
5.775732747430970194e+05
5.080163201568500372e+05
4.892611212933804840e+06
1.293042114367133006e+06
3.730170749850810389e+05
6.531979140527282143e+05
1.651167612926368020e+05
6.032424584000435425e+05
5.437201165503549855e+05
5.221609705993079115e+05
1.268764423675875441e+05
4.024480019609952433e+04
3.006569106592407334e+05
7.140752729230422992e+05
1.333841041830333648e+06
4.298124005836157448e+04
2.560628555884497109e+04
8.154346093521828298e+05
1.713577848672423861e+05
1.807806055520045338e+05
4.031451276112427586e+05
8.058275585377165116e+05
2.231350684096007026e+05
2.072789202595257666e+05
1.050721528541522275e+05
5.346803272120279260e+06
1.910489558097605477e+05
8.506752083737526555e+05
2.767568947153373756e+03
5.274400652803000994e+05
1.083960483473829954e+05
1.991887625031297794e+05
2.711855432166641112e+05
4.768286992227673763e+05
2.152978438039016444e+06
1.592569383489355387e+05
8.819384823624343844e+05
1.014397814477507374e+06
5.668388821310937637e+05
2.751315662155199097e+05
2.355505535481903644e+05
1.078018323147558607e+06
2.224285734871405642e+06
1.944183736366111407e+04
4.694363713367871940e+06
6.285589920273036696e+05
1.802168632208814961e+05
1.083690814500395441e+06
1.555467312299048062e+06
8.494214822161910124e+05
1.999404279943106812e+05
3.305170237213738146e+05
1.503424007245511166e+05
3.678324104274339334e+04
8.171387858308156137e+04
8.022347856256114319e+05
4.578805232242655620e+04
1.614767721878388838e+05
5.679540536062448518e+05
1.426461091408757784e+05
1.432152588161788881e+05
1.687716481155570829e+06
8.852753231697768206e+05
2.880120243992495816e+05
8.691462441918423865e+05
1.831672082461267244e+06
1.158722968844761781e+05
4.257089400681043626e+05
6.187256175982745364e+06
1.094053781728109316e+05
1.208534542928850860e+05
3.152126209216517163e+05
3.255270488374033011e+05
2.077561150426117238e+05
6.223164242121881107e+05
1.628558415924581641e+04
6.865666244181206275e+04
9.963676551822255133e+05
2.587808136893190385e+05
3.010351048356090323e+05
1.449172086742306419e+05
2.046409080285795499e+05
2.623645342644783668e+05
6.167446261867347639e+05
5.959272987205238314e+05
2.314975802439636027e+05
1.128571240617949225e+05
1.560144075190721196e+05
9.542961603498823242e+05
8.632473226854441455e+05
2.665615023069418385e+05
1.710353823799521429e+06
2.044115588600877891e+04
1.000283539060394687e+05
3.823933317343798117e+05
1.316549582885210111e+05
1.288531704719765345e+06
2.134301942044293042e+06
1.543480899627269711e+06
1.252894408240277087e+06
4.888330282175479224e+05
3.605637530132279499e+05
5.271500449569420889e+05
5.505827655757918954e+06
8.802344658926494594e+04
1.611513718516988913e+06
1.333562572201460425e+05
1.384625604377668351e+05
7.879093398128388217e+05
5.388673413014177931e+05
8.793806980689908960e+04
1.950420523712990689e+05
1.083568889550848253e+05
2.899713278215891332e+05
1.142343985184815938e+04
2.268677043655571470e+05
1.810422015106913750e+05
9.379515128611992986e+04
8.801864828401718114e+04
2.710700469275841169e+04
5.934611041758932406e+05
3.682933381041026587e+04
8.015157268054640735e+04
1.146313042286452401e+05
7.805135687645259895e+04
2.251647927843734506e+05
2.870688256078969571e+05
5.691618951611575903e+05
1.022038874930483871e+04
5.443481054584834492e+05
2.159957689261837513e+05
7.249808434936294798e+05
4.988435146248975070e+04
2.708790642294753925e+05
2.101611807874282822e+05
2.277042434417712211e+05
2.602160986370120372e+04
6.494876493728422793e+05
4.804863180312296608e+05
1.021012862708636821e+05
3.155022004715414369e+05
2.239685270535929885e+05
1.703795630476342048e+05
4.023884589692688896e+05
9.712714018312137341e+04
2.203491259553575364e+05
4.875895179752400145e+04
2.968015945174631197e+05
3.180954679107898846e+05
3.841414739233175642e+05
5.005074245419451036e+05
1.791950524947970189e+04
4.512395469468806550e+04
3.136693824305130402e+05
1.755214666387462988e+06
8.670507496849168092e+04
1.721595906823894475e+05
1.268315904943019850e+05
1.110354078177085612e+05
3.251645747491955990e+05
1.594500554099690635e+05
1.200004412881341064e+06
1.164136336781764985e+05
3.370969056036162074e+05
1.054912454459389264e+05
5.407592827269933186e+05
1.194949280422878510e+05
4.507988421371123986e+05
7.360399049734332366e+05
1.696033551937571610e+05
1.134227751233071031e+05
7.363262499589786166e+05
3.226823855082151131e+05
3.144811418363109697e+06
8.102230863398274232e+04
5.847519182076119614e+04
1.286030685597349890e+06
4.066538296051062935e+04
6.655661001498841506e+04
4.810399121197006316e+05
2.122446662408002303e+05
1.267025060427787015e+06
3.129438351749934955e+05
1.918184973173142062e+05
2.297474479799642693e+06
1.736577657276389189e+06
2.881624019730897271e+05
2.106856703604140203e+05
4.917332598405439057e+04
1.942708131566267402e+05
1.170063711238816031e+05
5.643810673772186274e+05
2.417300278968497514e+04
2.309992455636951199e+05
9.832515654174522497e+05
2.832190338762575993e+05
5.381359682014754508e+05
4.010735203202706907e+04
8.129405939784746151e+05
2.951596484686081385e+04
3.869221495284261764e+05
1.027869890538613836e+05
1.315836212298688944e+06
1.699919639785289182e+05
1.258962472801526164e+05
8.486494833389364649e+05
1.872798730991057528e+05
5.542574464494020212e+05
1.441030776976156980e+06
1.911324954245893750e+06
9.366541271360700484e+05
4.619789215177852893e+05
2.116274813940882450e+05
3.746829091915432946e+05
4.297769323044722114e+04
5.201130086767058674e+04
6.482684753350220853e+04
1.921808086842076154e+05
9.751784124209985021e+04
3.435897236143771443e+05
7.008497644545850926e+04
1.166150506175607588e+05
9.320067275297759334e+05
1.804208415145389445e+05
7.920798545020106249e+05
3.194834890821193694e+05
9.784298682482617733e+04
5.096264227925993036e+05
8.983829013878686819e+05
7.482208234323814977e+05
2.332957720909076277e+06
1.245291419008761644e+06
3.086778452966749901e+05
3.324034758061964530e+05
1.359106270004304359e+06
2.745345099663888686e+05
1.218179648301567067e+05
5.739797938734879426e+04
1.575870392411769426e+05
5.096399569127382128e+05
8.198630978323597446e+03
2.161400061007680488e+05
8.698771440365488525e+04
5.880578008975796402e+05
1.088675908314485801e+06
5.857902562921459321e+05
1.367326821697683074e+06
1.388718727735658176e+05
1.132627980452396150e+05
1.481841630398003326e+05
1.151370445910706767e+05
5.928684170333765360e+04
3.906256993935320643e+05
5.185038489788028528e+05
2.875711622654317180e+05
2.154654135927243624e+05
2.813247245491298381e+05
6.830718255542404950e+05
9.756786273997607641e+05
3.679195302229700610e+05
1.120574558731691504e+05
3.039395518944525393e+05
2.423897857405701652e+05
1.142346310225748224e+06
4.896881120449279551e+05
5.869728921354411868e+05
3.820179054156466009e+03
4.043756098081835080e+04
2.450572008537781130e+03
1.665305655524747563e+05
7.359240031783808954e+05
1.525512778149941296e+05
1.232991945082079328e+05
1.137751615005123604e+05
1.256276261836962221e+05
8.537065887297147128e+04
9.189593669882701943e+04
9.291168307248367637e+04
4.859118643724433496e+05
1.398755748759229027e+05
4.040616090392494225e+05
7.431793419103741180e+05
1.074116146835138352e+05
5.651551839082895312e+05
8.445372295261782710e+04
2.331647224161676131e+05
1.372989505846909597e+05
1.734779300563242054e+06
1.946605449993046059e+05
8.829580969904826488e+05
9.264071255640887830e+04
1.242645679956086533e+05
3.336846544806412421e+05
2.492284934711213573e+05
4.689259352841260988e+04
4.757231582371817203e+05
2.825443209043137613e+05
5.402246922456452157e+05
1.791718223675816262e+05
2.263951393334051827e+05
1.551964995435953606e+05
1.087055905938331736e+06
3.206822065205777180e+05
1.760094457802649122e+06
1.783681886878364254e+06
2.831190245876670815e+05
3.236022494124028017e+05
1.644954506348006835e+05
7.155821807711788279e+04
2.454419059360980173e+05
1.012652367603591178e+06
6.770452108889175579e+05
1.183317794142791972e+05
1.202557733154907619e+05
2.686063344340574695e+05
8.705337731202770956e+05
1.008379494305590779e+05
2.776803693642326980e+05
8.740720054396695923e+05
2.413216892448615283e+06
1.355677706760255154e+06
6.146588082193378359e+05
3.865019826844735071e+05
1.961977676335516735e+05
1.743719600050623558e+04
9.931819398959700484e+05
2.263159460433479981e+05
9.682449326445889892e+04
8.026943230221959529e+05
1.274138033496139804e+06
1.222603227935985895e+06
2.126630837557117047e+05
7.181983651148274657e+04
5.428537779736362863e+05
6.292936374846586259e+05
1.060508953262124211e+06
4.531166806877489435e+05
3.982427319213369628e+05
3.973564580481381272e+05
3.054739910925623844e+05
1.895470479873913864e+05
4.730995994616529788e+05
7.875396846869873116e+05
5.000909271947656816e+04
1.006487314384619589e+06
6.268244420600304147e+05
4.675241408974150545e+05
3.892626644608878269e+04
2.017793083842164488e+05
2.640190515816257684e+05
2.399209779363106063e+05
9.565008745638940018e+05
2.227247893357967492e+06
4.592073179057931411e+05
4.875176380594452494e+05
2.882442317842530902e+05
1.860915879022191220e+05
5.155860009808290488e+04
1.587395047629924724e+06
2.228132682535434724e+05
9.720242534355424141e+03
2.358119285323546792e+05
1.096120225982510019e+06
7.698063205030940007e+05
1.010991225140917086e+05
6.239897295890445821e+05
8.942691298826907587e+04
1.012304808507891605e+06
4.916776163890596945e+04
2.044620119986045174e+05
1.696880357117654348e+05
1.255055699225091375e+05
5.015134762447688263e+05
4.132135794344940223e+05
3.032346781801229226e+05
1.980866600814296107e+05
2.164180068190235470e+05
8.430741717454706668e+04
4.472024050292600878e+05
3.511903827750628698e+05
1.707630238144652685e+04
7.501564633788317442e+05
5.415615490220950451e+05
1.427914699266581447e+05
2.917718990551465657e+06
9.638077455444972657e+03
1.917025968640094390e+06
8.463940316554658057e+04
3.788760136303256731e+05
3.961364271709598834e+05
4.482263069697178435e+05
7.002434258681613719e+05
6.134526574322343367e+04
3.711521779685788788e+05
1.871360996144681412e+05
4.580209770509941882e+04
7.657503296173583658e+04
4.451141244822835433e+05
2.265708220539907925e+05
2.502594450002571102e+05
7.048502815968295326e+05
9.445318496449012309e+04
8.352061492350751068e+05
6.294417327928922168e+04
1.476047810275904369e+06
3.877478433017534553e+05
1.411665385761212558e+06
2.939840525414628442e+06
9.271470998970343499e+04
1.309126282617215533e+06
4.414486281158307684e+05
1.642191159533147933e+06
3.302587223298448953e+05
6.586565624547920015e+04
6.197536551995230839e+05
2.127148838507758628e+05
1.292430241211361485e+06
2.099523086803449260e+05
1.078477311779070151e+05
6.022993270311901142e+04
8.187054963001087890e+04
7.145777515146050137e+05
2.169702335787351185e+05
1.771557801612972748e+06
4.852350591950650560e+05
1.085450950639283546e+05
2.710727488073293585e+06
4.666066460356668103e+05
6.031753128597480245e+05
2.173709266582518758e+05
1.990756752644694061e+05
2.184480978389017109e+05
1.650185339076574310e+05
2.602497358560479479e+05
2.915523212102035759e+05
1.015203551591159776e+05
7.180785054641753959e+03
9.720508341345941881e+05
1.713219352907225548e+05
4.694673879117296310e+05
4.374489616617403226e+04
5.039620589705139282e+05
9.831757556796925201e+04
3.227491337210395723e+05
2.745396265526251518e+05
1.486081560585177504e+05
2.057272983749691164e+06
6.330368827112473082e+05
1.059006584764193976e+06
2.785742083126903526e+04
1.154165526563680964e+06
1.460082312394941691e+05
1.345983276874612493e+05
2.508928691201202164e+05
4.901872613203371875e+05
2.793629991355104721e+05
7.837078246165185701e+05
2.894381729614659889e+03
9.840094111140711175e+04
2.951200713423437555e+05
9.610595262820513453e+05
6.721676688280453673e+05
5.936589592591373948e+05
1.208498574207513448e+05
1.136603528828456998e+06
2.506652536687940665e+04
2.237369334946249146e+05
1.688069608584652888e+05
7.070289087327088055e+04
6.528706647031557513e+05
3.694966699949409231e+05
2.983539180687674321e+06
7.780380410874488916e+03
7.309784475011739414e+05
6.409135770328228828e+05
6.337564021793214488e+04
4.839250152839314542e+05
1.134918562004226260e+05
2.231985227732603962e+05
5.389907681350421626e+04
1.144454032318611426e+05
4.430358010707380599e+05
5.815419737453792477e+05
1.128398936302030634e+05
2.211824450427614793e+05
1.388050075172089564e+05
4.001957011852633150e+04
6.098189615456077445e+04
6.295247310631329892e+05
2.223952308086062549e+05
1.515932163691660389e+05
1.606649299873597687e+06
2.045173679907655576e+06
2.068097701429184781e+03
7.832683307717029238e+05
7.793806032134896377e+05
5.132201708716489375e+05
2.628760712667603977e+06
1.363387930917231824e+04
2.138334914034199435e+06
4.812326268752978067e+05
3.138546467021635544e+04
1.334956324487317586e+06
5.964129187031546608e+05
8.763803379473792156e+05
6.786280498293476412e+05
5.553087960501027992e+05
1.860408462098061573e+05
1.710344884456990403e+05
2.889335278551596566e+05
1.289999779623724862e+04
5.633795219938606024e+05
1.869282312886188738e+05
8.726468770442131208e+05
2.112560157538579660e+05
2.620987364368629351e+05
4.171756639014011016e+05
3.825569565600151691e+04
5.240554820618519443e+05
4.026580264314930537e+05
1.024431634093384200e+05
4.061821927801601123e+05
4.841796264085348957e+04
2.742234473059941083e+05
1.156375435166099342e+05
4.596467646560959984e+05
3.281225648642579326e+05
1.063560071046949015e+05
2.778223208517010789e+06
6.702757169712428004e+04
5.339477762069815071e+05
2.518856280053726805e+05
2.317957272022363322e+05
2.615334904439628008e+05
3.463881611596733273e+04
7.273130239577780012e+05
2.348517934420323872e+05
3.442369269869736163e+05
1.570584601235134760e+05
2.858246769526129356e+05
9.031842090692844940e+05
3.792241761007994646e+05
5.255862257869268069e+05
9.654300880491038552e+05
3.862347611540551297e+05
6.079915591880037682e+05
1.908726712214889412e+05
5.115264288209291408e+05
1.823934717381767987e+05
6.849806588639682159e+05
2.294524824515928980e+06
1.338220552517067175e+06
1.016515763896700519e+05
4.371462335849656956e+05
8.559760720288212178e+04
6.542451609337168047e+05
5.461954616578266723e+05
4.212302462793576415e+05
1.191716764357649226e+05
5.012272911814161926e+05
5.919278405074901093e+04
2.143151279599961417e+05
7.443355649525838671e+05
8.293805851338373031e+05
1.320102543006023392e+06
8.236709234362002462e+05
1.599223616856202949e+06
2.898809662583366968e+06
1.375173302424951689e+05
5.726065742622246034e+05
2.608686377182822616e+04
3.566743824146441330e+04
1.019196296787408879e+06
5.983713482550081098e+05
2.282758733938133810e+04
4.774598281765364227e+05
4.259320964090169873e+05
6.224081258474386232e+03
5.110387845203952165e+05
5.917039001100226305e+05
4.237551302697827923e+05
4.008141277818663511e+05
2.666103114046903283e+04
1.521545526630714303e+05
3.414800192283880315e+05
6.994305642913314514e+05
1.046607073467195587e+05
1.828201639367386524e+05
1.661126923144105240e+04
2.651704653993237880e+05
1.511771750807231874e+05
3.617117468075748184e+05
3.106575592235907243e+04
7.684468376262643142e+04
1.149264460933376802e+06
3.918921377568683820e+05
3.447304880858510151e+05
1.301856035143417539e+05
2.392393248842832327e+04
5.070649441059515812e+05
2.389452665773185727e+05
1.976847891130289063e+06
3.505167281269971281e+05
1.697927115700737922e+05
6.145457205893136561e+05
1.494822723886181193e+05
3.004960348710988765e+05
1.278793944616275840e+05
4.144703011330180016e+04
1.699363798769477988e+06
3.452944706946858205e+05
2.388936089072101458e+05
1.584562851265377831e+05
2.043087381242892588e+05
6.296592148409404763e+04
1.172848911111438647e+06
1.715663805982470221e+05
9.881072642305340851e+05
6.915514306216906698e+04
1.900022336700566811e+05
1.571905641314254899e+05
3.689738821130404831e+05
2.366117350288120506e+05
6.840028784837924468e+04
5.317253161328186980e+05
6.585728212173947832e+05
1.291352959004805307e+05
1.879214141988352931e+05
8.939651005759552936e+04
8.784010732212739822e+04
4.886180181867579231e+05
8.105738990473742597e+05
1.203364500806835858e+05
1.132682686232358683e+05
1.648838192842256103e+05
8.044165325526886154e+05
5.740685928716097260e+04
4.521716447687636246e+05
1.818192886444425676e+05
1.340201766349941259e+06
2.276788836753572337e+06
5.195854465981510002e+05
2.020735549179573136e+05
1.568550086702702974e+05
3.243065126654581400e+05
2.353952573989362281e+05
1.889149709963998990e+06
1.091190129616475664e+06
2.980381540059611434e+05
8.758176292530039791e+05
4.034238091037470149e+05
1.258814387762108527e+05
2.928957338427928044e+05
3.684788469676712411e+05
1.712193623205822427e+06
1.223822806993292616e+05
1.568834240415985696e+05
9.570652802988312033e+04
1.581545602679208096e+05
2.735407820172526408e+05
1.473851004179008014e+05
9.813429103923121002e+05
2.517415633609121869e+04
1.513522125072983897e+02
1.738309133387116017e+06
7.870033357452828204e+04
1.842618163962200342e+05
1.857231333637605712e+05
4.806149233902310953e+05
3.196481526467810036e+05
1.167235815669951407e+05
4.323863803770301747e+05
6.424303308846231084e+05
8.649794572827439697e+04
2.510957950613401830e+06
7.171052487892397912e+05
1.946840777502601850e+05
2.973314363845850457e+05
7.175917288280930370e+05
3.278189632210580749e+05
2.568561287010795437e+06
1.901429190796606417e+05
1.183415724439590471e+06
1.358268446945491269e+04
1.442156571640867507e+06
2.018461260898859706e+06
4.974089231204960379e+05
2.751344302885515499e+05
5.866126184509545565e+05
1.285411654652188154e+05
1.044499577564181964e+05
1.679724845213374938e+05
6.060081756075908197e+04
1.461109278362180048e+05
7.995979463204571221e+04
5.390653967654549517e+06
1.951862214332978008e+06
1.674396735312541248e+06
6.481803563848329213e+04
7.409587927296473645e+05
7.965130008920523105e+05
1.575204086844659876e+06
2.181338204437182576e+05
4.205955296943920548e+05
1.145506171826309757e+06
9.940887526120323455e+05
4.384756197566125193e+05
1.565298592376825167e+06
3.638074525668579736e+05
1.317113849676797108e+05
2.759074155172263854e+05
1.842136295048400643e+04
1.271597743308149657e+05
2.958041279541213953e+04
4.020702954139564536e+05
8.219877331526079215e+05
2.450711526322744787e+06
7.836365441938097356e+05
8.518588818045624066e+04
1.771970332453102164e+05
3.146621078956824495e+05
1.077495315118892031e+05
1.694191014752433402e+05
2.581182717330789310e+05
6.683895382671241350e+03
9.494142686283998191e+05
4.140658284094859118e+04
3.749815391775294120e+04
3.588743116376193939e+05
2.576251969343218021e+06
1.287520305479864473e+05
1.207806382639388903e+05
1.518938309465135535e+04
1.023722148417075281e+06
4.352376512529443717e+05
3.361148230073227314e+05
4.997996241824481403e+05
1.791956776647222869e+05
2.623827522328966297e+05
1.413334223648489278e+05
2.216449823749998177e+05
4.822426020332212793e+05
4.686893771775156347e+04
1.210655071230050235e+05
1.730030057002780261e+06
4.829253130331471562e+06
5.328183009944503428e+05
2.996846044219972682e+05
3.335061195915005519e+05
4.178985997513496841e+04
8.714988522658809961e+04
2.231250777049020398e+06
4.168017428263610927e+05
4.654246466986015439e+05
2.388943140773838386e+05
3.203578654379578657e+05
4.274596498999583418e+05
5.614619593833197141e+05
4.691162863887858111e+05
6.692377163572240388e+05
7.175162724041244655e+04
1.503559400016278669e+05
4.120197407921858830e+05
2.155188962409034139e+05
2.841768815698442631e+05
4.727202938522520126e+05
2.868338314834720222e+05
3.548188481273949146e+05
1.721071692032575666e+05
2.272315816820318345e+06
7.834996476732696465e+04
7.243983705139951780e+05
9.789485656246325234e+05
1.200913052013917360e+06
3.191599090280269738e+05
1.221871817893024418e+05
5.967706761860353872e+05
2.258360599775126029e+05
8.821922016071544203e+04
1.867242799205936026e+05
2.602942240836994024e+05
2.513755149913357454e+05
1.795903368862344651e+05
6.254864348712010542e+05
4.397875074012888217e+04
2.851785251458794810e+05
1.735619023649245733e+06
3.262160361923031815e+04
2.584246545082563534e+05
3.744844896282543195e+05
1.183142081737203407e+05
8.576098153627752617e+04
2.315647098297134798e+05
9.518009792588322307e+04
6.264020314901776146e+04
3.880487819919143803e+05
2.617058960590303177e+05
1.838483580950931355e+05
2.973449071003572899e+05
1.000797217233213130e+06
2.459704366147558176e+04
4.638517906973845675e+05
6.745154561978741549e+05
1.016671539162150002e+05
4.902811047987749917e+05
1.417573232378120156e+04
9.795291707011644030e+04
2.343781907540468965e+05
1.716385510320284520e+05
6.414100716396695934e+05
3.966435201520912233e+05
7.991673067887673096e+04
3.672903183277003700e+04
1.331106118831977714e+06
1.113820436728448840e+05
9.991615464571032498e+04
1.157799554944396950e+06
8.519450047001576750e+05
3.921235100643397309e+05
1.982678659746693738e+05
1.097619979631470778e+05
7.941178465535561554e+05
2.093247223136213725e+05
2.617443864611932368e+05
4.307734290642407723e+06
3.246745160597924259e+05
1.799131796577299247e+05
2.684316711609992199e+05
1.351233616491309600e+06
3.706100333931489731e+05
2.811372264036946464e+06
5.184215102241102140e+05
5.978641828578752466e+05
1.200850300522442209e+06
6.565554969532636460e+05
4.796343589913139585e+05
1.115481174071163870e+06
1.498917554255694267e+05
9.795120583282801090e+05
6.881188615371768828e+05
9.329066776839774684e+04
1.717690619009755610e+05
9.608607907151766995e+04
8.885891566306141613e+04
6.433148253153106634e+04
3.943684772120529669e+05
1.426305400164323160e+06
2.442023433644231118e+05
9.772088909036106998e+03
1.010377933613672358e+05
1.206044266773753101e+06
1.039160330270799226e+06
5.281907918978655944e+05
1.158095334657097555e+05
1.134337172096818249e+05
1.565767786801026959e+05
2.150163856960237608e+05
1.381962903198493586e+05
1.663436155835029422e+04
7.085816660255695460e+05
2.245662165412715694e+05
9.808410088047923055e+05
3.036762890862504137e+05
9.162943765984884521e+04
1.386032825391839491e+06
1.123501480204911932e+05
1.044788824801356997e+06
2.624797686945908936e+05
3.046052892207878176e+05
1.845136827385750599e+06
3.423936522591059329e+05
5.484983763504608069e+05
3.194233863542977488e+05
3.355452956293839379e+05
5.740670540024403017e+05
2.924602872903814932e+04
5.383131367740624119e+05
3.006773464945829473e+05
1.177424281033270236e+05
8.127576957739698701e+05
1.017823574828062556e+05
1.253658323302805074e+05
1.177148603428688599e+06
5.301889416652984219e+05
1.367333170971274376e+05
4.667233202259295504e+05
4.605732018710183911e+04
3.933196431791385985e+05
8.385059272746809293e+05
5.053798124934892985e+04
3.167457435312644811e+05
1.399264366122169420e+06
9.908101952805698384e+05
7.726738893643590563e+04
5.207109090576980379e+05
4.920634207300115377e+05
4.871911824305594200e+05
6.279596495802969439e+05
2.114147372542505618e+06
5.043728885203358950e+05
8.243606395619250834e+05
4.062519851752722636e+06
2.068553882279433019e+05
3.828859479833106743e+05
3.509746128879486787e+04
2.033716607501386898e+05
9.093785247400866356e+05
3.696066096345287951e+04
6.928310357817559270e+04
5.600154632059546566e+04
4.005515642602322041e+05
2.525875999732427590e+05
6.103607907068179920e+05
4.333654683107800520e+04
2.698127921642560977e+05
3.383494801293716882e+05
3.885031248481208459e+05
7.623307731799606699e+04
1.904366339091849513e+05
3.086743076430432266e+05
2.520855348490805773e+05
1.362954322921583662e+06
8.339174146065714303e+05
1.333616974726636196e+06
3.940676768755161902e+04
1.095025274932733970e+06
7.979894573190883966e+04
9.365044179721259570e+04
2.448589331457573280e+04
1.703031118654991151e+05
2.202374297487338481e+05
2.561244669518307783e+05
3.927853464958735858e+05
2.032669453859973000e+06
2.227239776198879350e+06
1.747591385661198583e+05
7.266353995681599481e+05
9.843298424955017399e+05
3.489093828839191119e+05
5.511148468009997159e+05
1.361909955134192714e+05
2.857464793453546590e+05
4.181306516905041644e+05
1.587769093899945728e+05
1.120404356040451443e+06
1.189037782166646561e+06
5.878159032308850437e+05
3.718368397053392837e+05
8.457466682207997655e+05
4.647316511396855931e+05
8.702194186048138654e+05
1.725408881888339820e+05
5.062492401017930359e+06
7.137752084093830781e+05
1.533438932050099829e+05
1.665511849199141725e+05
2.314096576161622070e+05
6.684760459157432197e+05
2.038620138540526386e+05
2.057002556623293785e+05
4.109101274451502133e+06
2.226211550822806894e+05
1.255048697915479861e+05
1.512558633785178536e+05
1.212896965186095440e+04
1.818915321461636049e+05
4.668862257233117125e+05
1.580959424286178910e+04
1.749112734753802943e+05
1.365118370885610639e+05
2.172487646380680671e+05
7.806181325922353426e+05
4.706019747210622299e+05
1.431560287682290364e+05
2.759551005507077207e+05
2.572654475059663528e+05
1.295631315324991192e+04
5.434685623194394866e+05
1.106746795438790869e+05
4.148952223779638880e+05
1.147327582325394265e+06
4.426027414849738707e+05
4.813393584969398216e+05
1.723963719699850539e+06
1.318686478187749162e+06
1.192138318174136803e+06
1.204183818497764878e+06
9.575961686538046342e+04
5.467256329240676714e+05
6.142213259176674765e+05
4.273109669527061051e+05
9.522155524150737619e+04
3.181863781847850187e+05
1.554094323901578900e+05
3.305648639433209901e+05
4.797267177227706998e+05
8.229935427613361971e+05
1.285664614527145313e+05
1.818898047853063093e+06
1.912361295022997307e+06
2.037651345583504735e+04
9.118010015063062310e+05
3.994105794345129980e+05
1.562027575110101607e+05
8.926289970195577189e+04
2.294478925173561438e+05
4.513428022897102055e+05
2.395317771306528011e+05
4.326716213842036203e+06
1.363615340351051185e+06
4.976906105671395198e+05
7.027669450402380899e+05
1.966526749084516778e+05
2.339847124863369972e+05
4.281765955952191143e+05
7.827498951754454174e+04
6.020545077618919313e+05
1.084443130616908456e+05
2.438482329053044785e+06
3.263517691220688866e+05
1.879605926430888008e+06
1.828460847101330583e+05
3.542721568008474424e+05
4.274405766044678603e+04
1.821427106659847195e+05
1.512020306910215877e+05
9.667531977372423280e+05
1.116901455804395722e+06
1.443576681180097628e+06
2.000053694352821913e+05
2.677609333383979276e+06
2.961953953212386114e+05
7.058349010172300041e+04
1.561935323688139906e+05
8.072311642541015754e+05
5.054679905948975356e+05
5.366675785051640123e+05
3.040702695637302822e+05
1.935142285199629841e+05
1.605318416220452636e+05
6.833971820178225171e+05
1.380952196902173571e+06
3.264578672204829127e+04
1.834875139060025685e+05
6.153882722289616504e+04
9.144105182840875350e+05
1.665370306116595457e+05
9.663493728151886025e+05
1.194872857568784675e+05
1.595440279918297310e+05
1.685182065078241983e+06
6.808013619362807367e+05
4.714983653663588921e+05
4.756559589666917454e+05
4.106715919690878596e+06
6.967788941951753804e+05
7.293308090744915535e+04
1.452966887200919336e+04
8.726898883961584652e+05
5.035647769332694006e+05
1.969482222562102834e+05
1.482100267365691718e+06
2.000248673826536688e+05
5.531563827690408798e+05
2.910249670132975443e+05
1.005712014117134386e+05
7.905507549109489191e+05
2.822434003550235066e+05
1.523449474086161936e+06
1.657978303161267249e+05
3.303434148002199072e+04
4.779303371923489613e+04
6.938592144912047079e+05
1.596982273634132463e+06
3.028389319763667299e+05
1.431092434674671968e+05
4.154835663085541455e+05
5.415822579122115858e+05
1.074032895007368410e+06
1.997948430368566886e+06
1.888887897466201335e+06
4.503871357101478497e+05
2.143789070432756271e+05
2.814781117189984652e+05
1.473621016932125494e+05
5.558134650232558488e+04
1.576455976074163336e+06
1.224687779865545308e+05
3.475828826260009082e+05
2.198985529545713682e+06
6.433172218813092913e+05
9.983693956996034831e+04
1.720566564858121565e+05
8.449707199819476227e+04
1.897136236251173832e+05
1.468455724596956861e+05
1.844822734622186181e+04
2.940970896576244850e+05
5.121880191291814554e+05
5.651682412949684076e+05
5.649488025358684536e+04
2.105921403008189984e+06
3.609601308913891990e+04
1.305358450763502857e+06
2.366498029722099600e+05
7.099091356172803789e+05
2.221407064943379082e+05
1.632811146627254784e+05
2.277910152972305659e+05
8.757366758947027847e+04
3.553415353486485546e+05
1.730739084948212549e+05
1.781528883076917846e+05
1.260794912781012477e+06
2.646008122124776128e+05
1.485469262600538787e+05
1.183143661077015335e+06
5.867090183624471538e+05
1.413879685875333380e+06
1.869296282726217993e+06
5.223928377555173822e+06
3.679600608057150966e+05
8.208663389413450204e+04
7.770205984245968284e+05
1.374753101432513504e+05
2.672095561490511056e+06
7.858810581014675554e+05
1.244452393798246048e+05
2.953616441347741056e+05
1.344373835990623047e+05
2.853521925522366655e+05
4.482589916917290539e+05
9.723262912079883972e+04
6.527703179106694879e+05
6.247747710555687081e+04
9.320352112276353873e+05
5.282476790675042139e+04
3.641947116994292592e+05
9.639882947017251281e+05
1.185744977554925572e+05
4.396375043054753914e+06
1.112057401560753715e+04
1.301255754037539707e+06
2.767580717552605784e+05
5.876559035408800701e+05
9.552797668696282199e+04
2.580663871004419925e+05
1.000253677271161461e+06
2.282867043396673107e+05
3.773845626314005349e+05
1.281410327174005099e+06
4.911781403345661820e+05
2.157539351171960006e+05
8.938097644186643884e+05
3.195866440889289515e+04
1.029676331812689081e+06
1.284105301199400565e+05
1.316612959278242197e+05
6.469392972495213617e+05
2.333047940893018385e+05
3.531920001819863101e+05
5.434892639787838561e+05
6.437241715940692229e+05
1.735188523756285722e+05
4.569140722541366122e+05
7.385166652959896019e+05
7.255760792526336445e+04
3.297847016115912120e+05
2.230492054603559081e+05
3.149097512746825232e+05
5.129760590331157437e+05
6.217530315382375848e+05
1.253883655052036280e+06
1.352066640067332191e+05
5.052536267214775435e+05
1.631264140575214289e+06
2.592941544229099236e+05
4.018822241876748740e+05
1.112270594164113980e+06
1.966152877941594459e+06
3.295236462642183760e+05
5.009907354977344512e+05
4.880197374084469047e+05
2.843914310767421848e+05
1.009194749443735927e+06
2.274912073576194234e+05
6.749243802897781134e+05
1.494976352581692161e+06
1.282438798854074674e+06
1.012066505189317249e+05
4.171576658421705943e+05
3.498565392721055541e+05
1.186317651621743105e+06
1.332704941072028014e+05
6.359590525234941015e+04
4.010749897996847285e+05
1.799469797874949581e+05
5.607727266388899880e+05
3.398273377732563531e+05
1.513539491708271380e+05
2.147126027294671512e+05
3.600037267039705999e+06
2.847782759546082234e+05
1.770790181873911934e+04
2.754133258856457192e+06
3.361705266478247941e+05
2.741201599912687088e+05
7.177107853890219121e+04
5.902965411647424335e+05
4.411530324054173194e+06
4.942359685357414419e+05
1.299956340705271432e+05
2.688018823339351802e+05
1.571380175935204141e+06
2.548525291686256605e+04
9.642925090152437042e+04
5.315846332994897966e+04
8.147568110580796201e+04
3.052682888561681029e+05
3.965885756294299063e+04
5.317625914821714396e+05
3.009044856653528288e+06
2.386131805960192578e+05
1.299166876522845851e+05
2.001272680551323865e+05
3.440540584940399858e+05
1.653717571374161169e+06
2.845299532489714329e+05
9.788445106740022311e+03
6.039134521646319190e+05
2.069486900167417480e+05
9.840431936920274748e+05
1.572535575405191397e+06
2.944676870664570015e+05
5.366244876247422508e+04
1.867718116997340112e+05
1.101190187607983971e+05
1.878330472387370653e+06
7.364119200290194713e+05
6.030296386289220536e+05
2.508272225187975448e+06
9.219508314777124906e+05
2.770546927316905349e+05
6.968816855444200337e+04
1.774890166265575972e+05
1.529021286446357844e+05
1.117511253916014975e+05
3.606705599889622536e+05
1.711387923190469737e+05
1.810749770226234978e+05
5.438157589437434945e+04
5.340494377010822063e+05
2.195282777104050328e+05
1.210445190594081359e+05
3.696912117283083498e+05
1.865801782031141920e+05
2.470162498055886826e+05
3.774472887769787339e+05
1.834159533937465167e+06
7.810015718156012008e+04
2.458803659799033630e+04
3.029674678100773599e+05
1.562169689314329298e+06
3.052289489932538476e+06
2.717320259972305503e+05
8.465372304867452476e+04
2.438056477457392903e+05
3.491012966155960457e+05
8.669093135294706735e+04
7.369668664354745997e+05
2.515748620442172978e+05
7.087385858930950053e+04
1.494810414317134768e+06
2.658547087244762224e+05
1.673798300769863883e+06
4.304639197399689692e+03
1.383236378119262517e+05
3.660993117616057862e+05
5.867310827222297667e+05
2.864147094651265652e+05
2.729137514327513636e+05
8.915995507595271338e+05
1.729296265462051379e+06
7.609126665216628462e+05
4.018413887625162606e+05
1.186597987756210612e+06
1.733696445583742461e+05
3.037349819093940314e+05
7.647057890678623517e+04
2.616597434215651592e+05
4.315692949828246492e+05
6.699951508446395164e+05
4.062231180930553091e+04
1.002354441227635019e+06
1.498357311880043653e+03
1.458893854894437129e+06
1.437790390700932767e+05
2.184347351234069793e+05
3.618452668533466640e+05
2.022830267629619339e+05
2.729048785990437609e+05
1.179850570154665504e+06
9.820691956149641192e+05
1.496174110752509441e+05
2.864533417462627767e+04
2.137182578881315421e+06
2.572617562549117953e+06
7.885083327582021593e+04
9.593192353890627855e+05
7.271541846621977165e+05
2.672269814469981939e+06
5.311424225718592061e+04
1.702991240553419339e+06
1.584942853509232518e+05
8.671465694277591538e+05
1.121500435617649346e+05
1.429744336106372357e+05
2.331679209095634520e+06
7.528371975407202262e+04
2.731088943968755193e+05
4.667636820532697602e+05
2.596470471332249581e+05
1.586962848851202754e+06
1.831608704969407991e+05
1.515485430639128899e+06
7.619611058642339194e+05
6.939724930852580292e+04
1.518774876692950958e+06
5.602171686443723738e+05
4.689090264940939378e+05
8.044011732649751939e+05
5.461875517498231056e+04
3.259957747509095934e+05
2.825164097798836883e+05
7.172483667074074037e+04
2.985349507896897849e+05
3.231973469490336720e+05
2.857683789915220346e+06
5.723803382219322957e+05
3.507486081608693930e+05
1.077041672806040617e+06
8.989171648183153011e+05
5.568044721757535590e+05
6.597437218533356208e+05
6.735466377073222538e+05
4.643571304207904177e+04
1.112260342200988904e+06
1.073219279662182322e+06
1.511324127351433970e+06
1.654622322552006808e+05
2.126932615811362630e+05
3.058327128013664624e+05
3.293685480663734488e+05
1.961255354526120354e+05
2.154307031259423238e+05
1.628397486224404020e+04
3.761710514523356687e+04
8.625471548023087671e+05
1.907191502588866279e+05
2.527154370034464169e+06
1.518364250403199694e+05
5.019731283801506506e+05
1.735163353378402826e+05
8.958381904091540491e+04
7.807805157379378797e+05
3.698529734023972414e+05
8.287734782841217238e+05
1.441378820389431901e+06
1.730156514771751536e+05
3.931516684698487516e+05
3.125742651599796955e+05
3.432158434001158457e+06
1.522786596831134520e+05
2.303597937385247787e+05
1.732708456375985406e+05
7.777586168243931024e+04
9.750945672166402219e+05
2.356226710140407085e+05
6.925936987651024538e+04
1.482901984800688515e+05
4.155855406697961153e+05
2.653147084391072276e+05
4.000229439573190757e+05
8.566160583953205496e+05
9.571845523989628418e+03
1.427362662539307348e+04
2.299570346481765446e+05
6.334143529989012750e+05
2.546133962025891524e+05
5.218720534195345826e+05
2.072526342596367176e+05
4.976825993735733442e+06
2.049658201341091481e+05
4.089557022417336120e+05
5.564893220267980359e+05
3.000950970392389718e+04
3.003613703901133267e+05
5.422220015669339336e+05
2.488688383000269532e+06
2.264556483755356385e+04
6.242533517661315855e+05
8.929743251431045064e+04
3.053047971222948283e+06
7.122282394926928682e+05
9.970356728882517200e+04
1.079335838195333257e+06
6.775918125857030100e+04
2.641483527918891923e+04
5.874976139635517029e+05
7.170171840780258644e+05
4.497172688593085622e+05
3.097442214071052149e+05
2.452526970017044514e+05
6.077046409505528572e+04
4.321710935862355982e+05
8.359910708724682627e+04
1.980680896723856858e+04
7.571317031705065165e+04
1.580867663835871790e+05
1.914033180127203523e+05
1.067803971138489898e+06
2.695578078895243816e+06
1.018067863549832837e+05
7.784344450166254537e+05
6.373402845633174293e+05
2.841935428925947635e+05
7.339829009181277361e+05
5.782908492244051013e+04
6.103250898039755702e+04
5.494950958465199219e+05
9.904206022697536973e+05
2.889359549339269870e+05
4.970359392786142416e+05
1.141314456827079644e+06
4.525489925367106334e+05
1.095153523005868541e+06
2.916890656923955539e+05
8.954802714210406702e+04
2.344995687146559823e+06
1.432936300987392897e+05
1.620807168464837305e+05
1.027851674291819567e+06
4.022132060220306739e+05
5.363795695922160521e+05
1.208202639322502771e+06
3.854428350581846462e+04
1.123966476252108696e+05
4.868815130004132516e+05
2.196634576957527315e+04
3.538225511016056989e+05
6.707592146445209437e+03
2.117283174725943245e+05
1.886198099126137968e+05
3.890542414979905589e+05
8.160553613851059345e+04
6.383652227234478341e+05
5.002992623343113228e+05
1.181865501115167135e+05
3.756129673075756000e+04
4.112119041298929951e+05
1.646249331977143011e+05
1.063465003614290617e+05
1.620978500807812379e+05
7.778360845546664204e+05
4.717965150129615358e+04
3.765105071214006166e+05
7.593331874252887792e+04
1.148054480611246312e+06
2.488413262131780211e+05
7.425144598765019327e+04
6.527031940573283937e+05
1.764254979092283174e+05
1.142188516773429466e+06
6.508510584593086969e+05
6.534546329255490564e+05
3.042485386427908907e+03
4.798752684242318355e+04
9.478210284751441213e+04
4.255547481114537804e+05
1.860928861124400282e+05
4.831077619631255948e+04
8.408247092671665596e+05
2.659910397551343194e+05
1.294570453027816548e+05
8.939641316441947129e+05
1.013538608457517985e+05
6.883161649060144555e+04
6.501362870905626187e+04
7.842084497023815056e+05
2.888448700933241635e+05
4.765125249150014133e+05
1.264292809270463185e+06
4.137014058322965284e+05
3.880556836952590384e+05
1.525081810569194786e+05
5.788716300281205913e+05
4.143117209486257634e+05
5.893670158975701779e+05
1.437378742557679769e+06
3.511691212768749101e+05
1.063814420250597905e+05
6.361863849970027804e+05
1.751222665652690557e+04
4.474752557143678423e+05
9.623981334982124099e+04
1.432096120350041194e+06
1.070957279638770502e+06
3.654433960202881135e+06
1.670212188408831833e+06
1.604738010473128234e+05
3.911445761870746501e+05
5.345412353759539546e+05
3.753840318463471485e+05
2.261134468138868688e+05
1.796325838902305113e+05
1.398311083025868749e+06
2.786889638540587039e+05
7.507686963695213199e+05
1.791378168682030519e+05
1.117169541385753400e+05
1.984262149019619916e+06
4.251791455624936498e+05
9.939078757231270429e+05
9.234831775843897776e+04
9.175540298432821874e+04
3.487604398072205367e+04
5.543501355688135372e+05
6.873233226590915583e+05
1.592658747929371893e+05
1.463059524563629820e+05
2.418115597698515921e+05
2.959946034912434334e+04
9.599464967403180199e+05
3.828949130493129487e+05
7.205057771948870504e+05
1.940187441639754223e+06
1.342159638981875265e+06
5.879526166498535167e+04
8.826838704722159309e+05
8.896055951364854118e+05
6.195568073644504329e+04
9.888212982892029686e+05
2.139743688098049024e+05
2.383050799992273096e+06
7.968319065079753636e+04
6.822328004401918733e+05
1.654413155298937345e+05
8.683085982801731734e+04
7.786438416759062093e+05
3.049196467796878424e+05
4.084862460581681080e+04
1.844284250187776051e+05
6.665865062671717023e+05
5.074572978027008940e+05
4.139261922369431122e+05
1.696278056579067197e+05
3.148815824481503223e+05
4.330568833432445535e+05
1.566460788371527160e+05
2.744518463110628072e+06
1.720136011175672465e+05
2.779219796952870674e+05
2.558656557671226037e+05
1.535296674684424943e+05
2.128085073833494098e+05
5.341955707492367364e+05
1.005035239381709485e+06
4.322257326694843941e+05
1.036216842855244904e+05
7.241421599959077139e+04
2.360144403172176389e+05
4.900445285461447929e+04
7.396686160710966215e+04
6.167413754096799530e+05
5.049530276015666896e+05
2.866420947509848047e+06
4.979228497038899804e+05
1.190915620921866968e+06
3.354324159935959615e+05
5.013656275271520717e+05
7.855797251074777159e+04
7.618041541568936373e+04
2.090253460394206049e+05
6.087022599773140391e+05
1.556083134585534863e+05
3.360117808237485006e+05
1.089165265522097237e+06
1.255842106957832730e+05
2.093284703794942470e+06
1.690293667637397302e+06
1.733625734997791238e+06
2.915612219483830850e+05
3.801879851181405131e+06
1.289381995143540407e+05
1.013197170341397577e+05
5.518828241292862222e+05
7.893124044026157935e+04
2.245085450087518257e+05
2.430517901137177832e+05
2.683739683741280533e+04
2.012044420296411554e+05
4.040227304541591438e+05
1.421547489974560740e+05
1.136531368374730519e+05
7.994722311818465823e+05
1.357189597671312978e+06
1.015010437058208772e+05
6.040715373177742003e+04
3.868985498139081756e+05
1.437634161598391074e+05
1.700154895704361843e+05
1.322859833772336424e+05
1.967837861336103873e+06
1.648405315483314916e+05
2.254708045417903631e+05
7.181378506405946973e+04
2.933750850724140764e+05
1.658062823030883446e+05
2.933183825244753098e+04
2.350277029007362726e+05
2.946071003064583638e+05
5.763726217269202461e+05
6.814125353961547080e+04
1.344427705243060482e+05
1.074772683493257064e+05
4.544119330999960657e+05
3.000615084972269251e+05
1.993531896015415434e+06
1.461432907882872387e+05
2.123841849384675152e+05
7.593886220691946801e+04
1.860291505422038026e+05
5.592023749299853807e+04
1.541789848747686483e+05
2.200030297160663176e+06
3.049761696125979652e+05
1.216781304404623079e+05
1.119982845966649911e+05
2.198498569917020504e+05
1.389163788024103851e+05
5.426865887129688053e+04
3.787820376313630259e+05
1.958728906628863479e+05
8.936181329897155229e+04
5.579065185720825102e+05
3.536431435837902827e+05
5.189713246129790787e+04
7.483465207794649177e+04
2.474915673113251687e+05
6.682808925179038197e+05
5.821213014648401440e+04
7.433753068078319484e+04
6.264041090845863800e+05
6.902811699179860298e+05
1.930613726632649195e+05
1.281580733831195976e+05
1.714726029275843175e+06
1.681930649677668116e+05
5.098114961261582794e+05
6.695791146449483931e+05
1.518083810743745184e+06
4.530757930264755851e+04
1.251969763859777886e+05
3.152825347186845611e+05
1.774524802016104804e+05
1.749964964200732764e+06
7.345895385452447226e+05
1.088274074980852893e+06
2.064805544542778807e+05
6.067371445019147359e+05
7.983165591025518952e+05
1.448300602390259155e+05
1.779501768442399043e+05
4.817419651651033200e+04
5.299859357120561181e+05
7.001763100086068735e+05
5.747698403564208420e+05
2.588890348221187887e+05
1.440220158720617474e+05
1.044261036700984347e+06
1.502010656088016985e+05
2.806751511030634865e+05
9.873399248331226408e+04
1.488504618486874970e+06
4.545219968610865180e+05
8.844601096936215181e+05
5.998033198624893557e+05
8.836437694063596427e+04
3.653428830118579324e+06
4.688355937147247023e+05
1.120437475810965290e+06
3.872840390353751136e+05
6.104927616107974900e+05
7.340720944437490543e+05
1.126483854819548316e+06
1.240362672849382070e+05
1.007520627468888124e+05
9.613616422851951211e+04
3.661307042796232272e+05
7.422256428684317507e+05
2.493377644018925203e+05
2.092549331832228694e+06
3.949618932812301791e+05
1.780208644696655683e+05
1.627565083721547853e+05
1.437610470802442287e+05
6.512775664880078693e+04
2.600228398421904421e+05
2.870609888910516747e+05
2.027924839326992515e+05
7.087519209063384915e+05
3.364589634461748210e+04
1.977383896421801765e+05
1.643215896772840060e+05
1.498089987941850850e+05
3.658060877639100654e+05
3.094484395577956093e+04
2.815634728571100160e+06
1.175422570383295882e+06
1.766328292724886560e+05
4.545096186425822088e+05
3.310452666622745455e+05
9.236593332362134242e+04
1.667759607589197403e+05
3.852314622971274366e+04
5.687618806038148468e+05
9.636281729166574078e+05
9.678361219967709621e+04
1.864395243144099077e+05
6.524060327314280439e+05
1.729321436449805042e+06
2.016700955865554046e+06
5.568450034274144855e+03
2.149394960676727816e+06
8.691938164421594702e+05
4.581378422008263296e+05
1.054382118649017764e+06
5.944929505094897468e+05
3.763710213269462693e+05
8.426450740663342876e+05
2.947381939959638403e+05
1.498370824451365042e+05
2.111251939194937004e+05
5.013980684084123932e+05
4.330928893059838563e+06
1.048601022247242276e+06
6.194756828798740171e+05
7.368256245873399312e+05
2.574441024787592178e+05
1.705616231595029123e+06
8.544583313095064368e+05
2.249365187274196651e+05
1.391570774900687393e+06
8.400518415828490106e+04
4.663048173326165997e+05
7.609690837776974076e+05
1.397188608652945550e+05
5.867250487560831243e+05
4.338251417794045992e+05
7.856709111537125136e+04
6.537039633809687803e+04
2.339579336980512366e+06
4.315358025765259517e+05
1.430769934690374357e+05
4.871698798968882766e+05
1.702995353501915233e+05
7.576327644738025265e+04
1.734357053986882383e+05
1.790298398842959723e+05
4.710329315772086557e+04
3.298551316729033133e+05
4.763249339253337239e+05
6.936993772116939072e+05
6.134666258230726089e+04
2.702186178215012114e+04
2.963041322979119723e+05
6.787505060302052880e+04
3.085984545780720655e+05
2.955622678290944314e+05
6.415105573891698441e+04
6.760026430890905613e+04
1.299144328613738762e+06
1.157945627434001537e+06
2.343862829866591783e+05
1.158819804277740652e+06
3.624384624005466467e+05
1.132231359699078603e+06
1.614432993117526057e+05
7.239803124877058144e+04
1.642262900807992264e+05
1.361943831803219218e+05
2.759445619711155887e+05
1.001023724691795884e+06
2.286956763185780728e+05
9.377186710759492416e+04
5.899752565658112289e+05
1.603952669525049278e+05
5.601557326187398285e+05
3.925142028946365463e+04
1.330959201203751145e+05
2.265957817289584200e+05
1.812352046813312918e+05
5.565053197815478779e+05
1.888998141980057699e+05
4.972303489915138343e+05
3.003910268350369879e+05
9.512040723506987561e+05
1.660910002937619574e+05
7.474996595739091281e+05
8.273876381306243129e+05
8.088812594213012198e+04
2.197338381896232895e+05
1.391026443091673136e+05
2.763011081950715277e+06
5.480627682806487428e+05
1.734901501814636576e+05
2.183557067096447863e+05
5.384456965543060796e+05
1.966830433231115807e+06
4.519759139644836541e+05
1.950361117461007962e+05
1.026317594865927123e+06
5.828180830999086611e+05
2.735164216209859122e+06
8.184244961970718578e+05
3.289849310056585236e+05
7.213352606107132742e+05
6.696811786693871545e+04
2.579678490902214253e+05
1.482689686278829584e+06
2.029284815341362846e+05
1.256336265956914518e+06
1.546041478710716823e+06
4.053989435499809333e+05
8.046405568639870035e+04
3.223795190220599761e+05
8.642713973236060701e+05
1.894598215267654741e+05
9.583628117737562570e+04
9.155069558340611402e+05
1.439141025635671685e+05
1.865030154140552913e+05
7.431595306020987919e+05
1.203110461941283662e+06
6.306460502508989302e+05
3.566389529844790231e+05
6.162312307143051876e+05
6.076958942129813368e+05
6.752288229540159227e+05
1.186418410126984585e+06
1.476155985287330113e+05
1.540652148825999757e+05
3.443070603373693757e+03
1.050485333050822646e+03
5.031892002287052310e+04
3.822374123535925173e+05
1.839807067959320557e+04
1.738365404658631014e+05
4.115618620526863378e+04
2.087877335702715791e+05
2.019124286976546282e+05
7.936957111545786029e+05
4.722860141270143911e+06
3.720370299709152314e+05
1.737005255924616242e+06
3.831456438024279778e+05
1.101287213632114232e+06
2.101368159327591711e+05
7.367095117069908883e+05
5.284798788965819404e+05
1.077061144249723729e+05
9.162865129493499408e+05
5.625270360395126045e+05
3.617035447180767078e+05
2.856026138694391120e+05
7.534525894968475914e+05
8.100765449495319626e+04
1.533950144907462236e+05
1.566098755732109770e+06
4.832438585874749697e+05
1.429021747326658107e+06
1.143867722211102373e+05
1.530375333166633733e+06
7.667234336804677732e+05
1.861291278875215503e+05
1.319586491274445725e+05
7.448390769642080413e+05
7.682705146931456402e+05
6.117328018075755099e+05
9.147595236676894128e+05
7.084297060928292340e+05
5.279896875863246387e+05
5.148709819843162550e+05
8.488637618973822100e+04
1.269665165044402005e+06
5.754914777538465569e+04
2.376246632189666270e+05
1.560617502294002334e+05
1.632057552738805301e+06
7.553985201208386570e+05
2.324937937723667346e+04
3.508127252771994099e+05
4.221071318690221524e+05
5.112172151340067503e+05
1.682974227709361352e+06
3.129019606906569097e+05
1.684669336895492743e+05
1.498376216019241838e+05
2.345507451105306973e+05
6.073215312225015368e+05
6.370237415731591318e+04
3.780059700296817464e+05
4.381084128083867836e+04
6.344103944075433537e+05
3.763443337271293858e+05
4.113630662735761725e+05
1.040455390549613861e+06
8.916115658249674598e+05
4.162947008624968294e+04
3.497979838509742403e+05
3.172270697522871196e+05
1.738873333057031559e+05
1.465360646785110468e+06
1.262448895512401359e+05
1.235874213189376285e+06
2.570177660651111801e+05
4.614694314324601146e+04
8.480331217821405735e+05
1.100603794953328790e+06
1.047369340768441762e+05
2.420009001859689306e+05
2.864205703115386423e+05
1.039522602122661046e+05
4.015715997476878692e+05
4.437972611328098574e+05
4.731580484354448272e+05
1.476584300940902322e+05
3.218636975872397888e+05
1.327740503419526154e+06
3.597820380046072416e+06
1.281010862927456154e+06
4.628852870601380127e+05
2.703682141558317235e+05
9.515415811358436476e+05
2.229349355099405511e+05
1.680763389705434965e+05
5.740665208931401867e+04
2.715233085801471607e+05
2.574910398948939692e+05
8.535100630346506368e+05
4.616224334651933168e+05
4.752106709016699460e+04
5.912834877480263822e+04
1.185312139588263381e+05
1.514952862882166635e+06
4.848809125316407531e+06
4.366155434179527801e+05
3.247617666891579283e+05
7.707519819729763549e+05
6.094323813400189392e+05
2.154028357720792701e+05
4.677422278323015198e+05
1.013504273261505412e+06
1.551733738419080910e+05
2.545795599919254426e+06
5.497144482727809809e+05
9.848220248247856216e+04
1.397685641090987017e+06
8.994192423754615011e+05
4.742333643943981588e+04
6.493467247501044767e+05
1.535259834947463823e+05
5.469799171919099754e+05
1.380072473801839806e+05
3.487314475773581216e+04
1.668787131765987724e+05
3.320300032372788701e+04
5.563448196343324380e+05
5.745677485141828220e+04
3.046634697755148227e+04
4.677585799955530092e+05
4.668160698168266390e+04
2.716803128519122489e+06
7.868793741460434103e+04
6.232219108463502489e+05
5.426978284756434732e+04
2.176574249052356754e+05
4.601765716179638403e+05
2.572424885751788388e+05
7.086719536194860702e+05
3.245363822071494069e+05
1.426195965390320052e+05
2.256748769284435257e+05
9.391686721080153948e+05
7.250982120372301433e+05
1.134223551337194658e+04
1.023177006802529359e+05
1.410609405694068410e+05
2.630832235687851207e+05
3.165181548996394849e+05
1.697001677308876533e+06
3.054090645086079894e+04
7.389591683256637771e+04
8.122308145385414828e+05
2.554898842446629715e+05
2.007624219258733792e+05
4.090538476710642572e+05
4.903483271887524170e+05
2.945103688206369407e+05
2.442010993233222980e+06
6.371635169482707715e+04
3.571419179703628179e+05
6.276189067844768288e+05
9.339636862687396351e+05
2.273342789373953128e+05
2.311278666038104857e+05
4.631607786267031333e+05
3.310658218777353177e+05
1.101862499610117171e+06
1.314636076452312758e+06
9.976274798511051340e+05
4.194976732689418131e+05
6.919854630959961796e+05
4.696519433016991243e+05
6.139303646174400346e+05
1.107903639638269553e+06
1.246630987566418626e+05
6.915244125936671626e+05
3.917907831567328540e+05
3.777745157458194881e+05
2.445509859743164852e+05
2.455336870932010643e+05
2.570738219641472097e+04
6.217273807874341728e+05
1.963501808283592691e+05
1.666386664604981197e+05
1.139458709440614097e+06
3.098174167968563852e+05
4.823584035481954925e+05
6.211381549397230847e+05
7.411391520271087757e+03
1.715126072841184505e+05
4.332228485365107772e+05
1.468713420841023617e+05
5.937217306317491457e+05
2.023635629904026282e+05
5.388838919514146255e+04
4.049138241376327351e+05
1.558040675435023848e+06
6.579751110577324871e+05
1.083322412009423279e+05
3.295267584836204536e+06
3.081369816342084669e+05
1.846544216452909459e+05
1.679865629630249750e+05
2.364700585130255786e+05
3.202749440592882456e+05
1.859948968868300435e+05
1.578669273201579927e+05
1.278064782004874578e+05
2.225740541274727148e+05
4.914530497437007725e+05
4.132210851652515121e+05
8.607593755275642034e+05
6.697621452000936551e+04
1.811988611402551760e+05
4.997914002068510163e+05
3.865651596170609118e+05
9.577281280405974248e+05
8.428367444191368122e+04
5.810788298700760060e+04
1.369435550465015403e+05
3.699981800371727441e+05
1.251266619581869105e+06
1.471507609517657256e+05
3.929492444503302104e+05
1.843683191784044961e+06
9.725622915750504471e+05
1.542985124262422614e+05
2.916236127549595403e+04
2.556069251881910022e+06
1.798930187211250595e+05
4.800410233461287571e+05
4.334689000397358905e+05
1.653918260379316926e+05
2.265378397159474902e+06
8.706123253851752961e+05
6.497517113238276215e+05
4.275835384298273129e+04
1.038418420520768501e+06
2.816375801115969662e+05
5.665439718345084111e+04
6.321421338260009361e+04
1.942125774467277224e+05
7.793507415165085695e+04
1.046417060359566822e+06
3.553715403872011811e+05
4.285417735123565421e+06
1.557580215766482579e+05
1.237427278844118555e+05
8.705031971870845882e+05
4.541974522463149624e+05
2.275236728652860911e+05
3.179297209018892143e+06
1.727153007766429801e+06
1.417994586604928772e+05
6.947669983279262669e+05
3.273489296150317532e+05
8.302780135611626611e+04
1.140404100842099433e+05
2.102304589402215788e+05
4.451289319457390811e+05
3.015001851986395777e+05
3.235127837995883892e+05
4.132808893527234904e+05
7.504957532704996411e+05
1.237200301266669267e+05
4.093626533204317093e+05
5.586425097507791361e+05
2.771446673041266622e+05
1.725718430065814464e+05
5.673780230979368789e+05
7.692028267205232987e+04
1.076721469288430526e+05
2.875510368803988677e+05
1.070618392919749720e+06
3.583153155498938868e+05
9.550985179077083012e+04
2.013874358793836145e+05
1.623012304831108195e+05
1.025911843143268052e+05
2.559821076961011859e+05
1.047106562984207529e+06
5.013688628752729273e+05
4.149438679169807001e+05
2.690391843377038094e+04
5.803293749892561464e+05
1.655025999465378234e+06
6.923662120876421977e+04
3.194502341528261546e+06
1.398701688106625516e+05
1.362730662382388437e+04
1.157097705670172116e+06
3.646045650527331163e+05
8.803344974852658925e+04
1.785785324157485447e+05
3.922530291022371384e+05
3.563889801437294809e+05
4.050233252272920799e+05
6.373630467372219573e+04
3.853335237842162023e+05
1.438993223418705165e+05
1.481374755270882160e+05
8.949707134587399196e+04
7.920876092411043646e+04
5.967060030882728752e+05
4.562446053809222940e+04
5.909298230987214483e+05
7.308389154740453232e+05
1.354168555413606809e+06
1.855606747166861023e+05
2.253079064746090211e+06
3.658573644678227720e+05
6.029645851516541734e+04
9.705441649428870005e+04
7.452319018543875427e+04
2.216397986169890792e+05
3.557047816638252116e+05
4.193670242425650940e+04
2.429211581787583709e+05
3.345777219307579566e+06
5.691184726904795971e+05
3.441588199270146288e+04
1.110095738264421700e+06
6.936252997169827577e+05
4.616837199121932499e+05
1.192632764644338051e+06
1.182020815243093384e+05
1.890155232751941367e+05
3.722462301963578793e+05
4.622743389230216271e+05
2.732128267597945523e+05
1.557860783845540391e+04
2.717564860063452506e+05
1.196721510077156825e+06
2.331422545168820943e+05
8.319880177472212818e+05
2.893339453860482317e+05
8.262471769970461028e+05
8.284056268841181882e+05
1.793909136826295580e+05
1.236283883898239874e+05
1.370529091296427941e+05
1.754087114159968914e+05
2.762881790457771858e+05
1.276703688149591442e+06
2.716762399006473133e+05
5.105333634488452808e+05
1.789574370280139265e+05
1.301725391438779421e+06
3.066056848303634979e+04
2.256190607030015439e+06
2.730753507121975999e+05
3.233429064450437436e+05
1.179216308611491841e+05
1.310327568578940845e+05
2.037040674256106431e+05
3.316190837997799390e+05
1.063264883240612689e+06
5.174616197562509478e+04
1.558818967709396675e+05
1.809245267869402305e+05
1.481950836299055954e+06
1.359338019987966400e+05
6.474302992768811237e+04
4.102031719210428419e+05
1.207006902355152852e+05
3.802934988949876861e+05
4.701675117926188395e+05
5.223251948623833596e+04
5.856909662024594581e+04
2.828949524055623915e+05
1.550062324508457386e+05
1.157697748746569734e+06
4.346960681379022426e+05
2.551644364612807403e+05
1.329598279201601108e+05
1.259020602262812608e+05
5.775239526718358975e+05
2.848884140110409935e+05
6.228600713682891801e+05
2.156604593006693176e+05
7.726960474438768579e+05
5.533395968164299848e+05
1.053470213393353391e+06
2.830917153686790843e+05
1.959659304719796928e+05
1.168426184715868731e+05
4.766492415337409475e+05
1.088834837980383745e+05
6.372063864505047968e+04
2.480361219481001026e+05
5.947662284730874235e+05
2.093871378031802364e+06
1.011397452108496684e+06
9.181520115076807269e+04
1.241613273248730227e+06
7.817952700248816982e+05
7.137427628732317826e+05
6.984580416969757061e+05
1.643711919915856561e+05
4.411318435598666838e+03
7.528872923651678720e+05
1.475416096041336714e+05
2.625442442741311388e+05
1.714210158146386384e+05
3.608194461363149458e+05
6.386568016286153579e+04
1.036867379190301173e+06
4.066661607499950333e+05
8.354474606443233788e+05
3.967413686254015192e+05
4.771225516474241740e+05
2.449559700292684138e+06
1.660083916260482976e+06
2.770824013156791916e+05
1.242754053826842690e+06
8.348453628002825426e+05
1.914430260685525369e+06
3.704963109488337650e+05
1.023029037027918239e+05
5.563007927109830052e+04
1.708539867060646648e+06
3.142282094107473968e+05
5.188106042766380706e+05
9.208676934232886415e+05
2.483799387696864142e+05
1.072912898323151283e+06
6.147044333825855283e+05
8.528829880135670537e+05
5.408858831713079708e+05
2.450538316023237348e+04
5.995172146011937912e+03
1.034264621012110729e+06
5.124185773145215353e+05
1.495517204420574999e+05
2.758277088752615964e+05
3.499970865974107874e+05
8.576782041179365478e+05
4.071235661212855484e+05
1.465744026770385099e+05
6.144416870784133207e+05
1.632836111639186740e+06
6.969776397294487106e+05
8.003697518946258351e+05
2.227946711173682474e+06
7.870851879678387195e+04
2.703885175409866963e+06
9.736403484426987125e+05
7.895391191485507879e+05
6.994128500963213155e+05
5.381685135362443543e+04
1.158510061509392253e+05
3.171692389549550135e+05
6.365379751702317735e+05
1.635570216054997582e+05
1.007111293520561012e+05
4.193110090538568911e+05
2.250505175688111922e+05
6.146641135904899566e+05
1.714607444414317142e+05
3.177746528801749810e+05
1.877756057878696010e+05
6.379924995649424382e+05
1.470667282683956204e+06
1.553065531316729495e+06
3.186014100273865624e+05
1.895529117361216107e+06
3.796146622080224915e+04
9.998585377335354860e+04
7.900852947043105087e+04
2.533493513010919269e+05
2.502745189418504306e+05
3.447013050280398456e+05
8.743496683915993199e+05
3.488630080439154990e+05
4.674288516701600747e+05
1.939677998767266748e+06
3.388850662614783505e+05
6.116719955381014151e+05
7.807090014792977599e+05
4.527524589102343307e+05
1.220069322954493342e+06
7.889019919549008773e+04
9.732850176908507710e+05
1.134433563101858454e+05
1.075468732617361966e+05
3.169906546661433458e+04
2.065687076768031402e+05
4.005724921864928911e+05
1.256160652288139332e+06
1.777455377052953991e+05
4.122960169555008761e+05
2.595014149092614243e+05
7.583642040344428970e+05
1.984802024585393956e+05
3.723694306457529310e+05
3.275037012634939514e+06
3.307052833680292679e+04
8.230304362738422351e+05
4.165363868023480172e+05
4.065744170611035661e+05
9.915769080728187691e+04
1.413663135768537177e+05
1.977015187978259346e+05
1.889496926425772021e+06
5.585440215780312428e+05
5.782658179191199451e+04
4.838594900040006032e+05
2.986565798923333059e+05
2.348230218055320438e+05
1.684839698530190217e+05
4.375562958648812026e+06
4.988607207451820432e+04
9.319529319445173023e+05
1.371532821918631671e+05
2.213885430098089273e+05
2.439634654034571431e+05
4.489912047119999188e+05
3.718518369019653182e+05
8.440922011043262319e+04
4.121984162061451934e+05
5.072116341114920797e+05
4.352279118633308681e+05
8.001018034604624845e+05
1.263721471585054824e+05
4.108023067639275920e+06
1.458006458355077193e+05
7.194547424155792687e+05
2.995580253147527692e+05
2.230219971275698626e+05
8.435648718727558153e+05
2.961764446564940154e+05
3.267678734800553415e+06
6.013691946875421563e+05
8.300963338029773440e+05
1.314127450731437653e+06
1.034083329489177559e+06
1.730843161076444667e+05
1.244500491126665846e+06
6.007485834963426460e+05
1.489053822335817677e+05
2.457382940993044176e+05
2.387442767676701260e+04
2.841419431884423248e+05
5.352821408015341731e+05
1.694254696692208818e+05
2.454356724715359742e+05
1.560833843296277104e+06
9.209658093153671362e+05
6.705617338139266940e+04
6.283362613815679215e+05
8.882218352906381479e+05
4.168458649589665001e+05
1.949674414266525768e+06
4.334154081606245600e+05
6.721548738338856492e+05
5.175947660017890157e+05
3.862599214863125235e+05
6.813749566369316017e+04
8.979742856901345658e+04
1.207368951084094733e+05
2.725957706578407851e+03
2.396077606792455772e+05
3.016056729698494892e+05
1.507924086400375469e+06
2.089586891200665850e+05
1.766801480066208751e+05
6.796953753953401465e+05
1.645667722371917916e+06
3.143137948991229641e+05
1.166365190934121376e+06
1.362901524483458779e+05
1.717381465677474625e+05
3.899993469557854696e+05
4.757681544442596496e+05
1.245275192555894842e+06
7.676533269468945218e+04
1.455195253156478575e+05
7.054378876756226236e+04
3.986379167785396567e+05
3.076398933883390855e+05
1.318513778186686686e+05
1.217281844393429201e+05
4.496150547327744425e+05
2.407538783626237127e+05
8.822380709363495698e+05
6.328124017760957358e+05
5.981860484844205348e+04
1.869917734430932614e+05
4.815508596599686425e+05
5.945300592315705726e+05
3.932753032321417704e+06
7.345961153033932205e+05
6.347882370319067268e+05
9.630786645572082489e+04
5.982433558696374530e+05
7.424342272275411233e+04
1.480870983520433947e+05
7.585773726518526382e+04
6.329651050156944257e+04
8.674035295637058152e+04
7.299307736220948573e+04
2.002459596545593231e+05
2.435804790515155473e+05
6.602368115005116852e+04
4.978243666941039555e+04
2.094067374106189236e+05
2.645478722173758433e+05
1.867177086122336099e+06
1.269961618718009209e+06
4.063061442293064320e+05
2.339118235677366029e+05
4.272688960900915554e+05
2.841755356501272181e+05
2.438486127673509181e+05
1.824055479206707969e+05
4.343130860803788528e+05
4.899323078102948057e+04
2.882108459805150051e+05
3.003351569645159179e+05
3.327511230992930359e+04
2.078379153632528323e+05
1.806496163284631330e+05
9.916874750779593887e+04
1.958240650747871841e+05
1.318401870908669662e+05
3.182754342086418183e+05
4.689324520948869176e+05
1.154606274251910800e+05
8.021759956137142144e+05
2.213394742973264656e+05
7.626847320565215778e+05
2.431816534300918865e+05
4.570932078353416873e+05
8.771575171236965980e+04
6.686001464483182644e+05
3.858173962277992396e+05
2.727380111555865733e+05
3.405416606848157826e+05
7.683152122850615997e+05
2.506690033976294566e+06
8.628768202096964160e+03
1.326883920458321518e+05
4.761025581667592051e+05
1.019129879085052235e+05
1.421639676820365479e+06
8.455978183335935464e+05
2.989668688378842853e+04
2.156341882771530800e+04
8.274059512220680481e+05
3.496455519112585578e+06
1.923496510205309314e+05
1.612706698513963493e+05
2.331633299181816110e+05
1.501125397528136615e+06
2.354566540255491273e+05
1.507524905118594412e+06
2.586041714888894639e+05
2.943412422625437612e+05
1.391239409132698202e+05
4.885004452706016018e+05
3.315966144415107556e+04
4.018322936388671515e+05
3.151261878045477715e+04
9.302113339699577773e+05
3.917887301459955052e+05
5.443698200554393698e+05
3.271596302885611294e+04
5.363899667188684689e+05
4.651598384892354807e+04
5.513855324595528509e+04
6.736536855277251452e+05
4.132917614712924697e+05
7.688629558258772886e+04
2.404888008362000983e+05
6.195046301978618139e+05
4.331242190428571776e+05
9.017159201457916060e+05
2.564476321683646238e+05
2.752834615815340658e+05
2.470914095475192007e+05
9.273084305591810262e+05
5.826124906968874857e+05
2.904992114741409314e+05
3.510353736307650106e+05
1.035360410083560273e+06
