3.534641934390968527e+04
2.273449121913608396e+05
5.146666831629731460e+05
2.312581288580943947e+05
5.180069445828832104e+05
4.113765040804499295e+05
5.254017754291844321e+05
3.421963012591570150e+05
1.562282164349392406e+05
1.102525009685643483e+06
1.922671735729261418e+05
9.825968192979333689e+05
6.410142000680838100e+04
1.181365235042806853e+04
9.267582085524686845e+05
1.451628732521730126e+05
3.051983465665577911e+06
1.348616324678942328e+06
2.876846541767170420e+05
3.757751604716273869e+04
2.995466124763934058e+05
1.412863329835099576e+05
8.239197661239892477e+04
6.786521672781304223e+05
6.958300389842899749e+05
1.187678162134509766e+05
1.261281958673271874e+05
2.066229115932230197e+05
4.310505191344842024e+04
3.694177289939186885e+05
1.753422238682073948e+05
4.429627163471794338e+05
1.203025879135910218e+05
9.556790396497238544e+04
8.960200052626610268e+05
1.353888857658878551e+05
1.487194737879334483e+06
1.133233836533013731e+06
5.338028104687981540e+05
8.236501504458106356e+05
3.694430988538333913e+05
3.320884015730627580e+05
1.320825947702154226e+05
2.907462106530469828e+04
9.073763191537121311e+05
1.104986792752577923e+06
9.468747530777468346e+05
7.053346775737148710e+05
8.854337667545744916e+05
1.418998152024403680e+05
2.081568462718635856e+05
1.366253071914254106e+05
1.084107146659406368e+06
3.331463728271180298e+05
2.014751326428956963e+04
2.377943567696065002e+05
8.407662524131806567e+05
3.498916470429707551e+05
5.531933391238625336e+04
1.083800322189767379e+06
8.649713865692138206e+05
7.122943884477253596e+04
5.897712954501795321e+04
3.862478836058215820e+05
6.820269264234663569e+04
3.190355593783583608e+05
6.306505251154685393e+05
1.177021735552417813e+06
5.698004463344641408e+04
2.405714679075865715e+05
1.322336033369209850e+06
1.277239240482288878e+06
8.909193712270896867e+03
1.634564159501772374e+06
1.310746299169304548e+06
3.719808027563096024e+06
1.600090950803179003e+05
7.303348553478218382e+05
2.139975906243315840e+05
7.092118634202956455e+05
1.194296600113537163e+06
6.513194400810969528e+05
8.740763672612828668e+05
6.096462456458306406e+05
4.400843834818105679e+05
1.874722407116025861e+05
1.432835825097003544e+05
7.781663052173075266e+05
1.461056133413917851e+05
3.698691345068438677e+05
1.821663629344505025e+05
3.246774678788321326e+05
1.703716817110406409e+05
7.599271615283229621e+05
1.723944898851072416e+06
3.481287765055891941e+05
7.696833955878807465e+05
8.395516679127507377e+05
2.350604216701811820e+05
4.050246915917925071e+04
4.847049221601761528e+05
5.187307158835871087e+04
1.306065309248615958e+05
2.570791683451578137e+04
7.652444082614789659e+04
1.427867857887838036e+05
5.547042689501700224e+05
3.620592001338827889e+06
2.458328207216934301e+06
5.339964304969927762e+05
2.315084790254912514e+04
9.268779890941642225e+05
7.883380321037374961e+04
4.789740414834051044e+05
1.517085311067661969e+05
5.498733919000223250e+04
3.712560714877604041e+05
2.561763793656995986e+05
4.952960841459081275e+05
2.063737926322468265e+05
2.753049029369662749e+05
2.263910873597665923e+05
9.046487160792734940e+05
2.486292314455189742e+06
1.872498165758728283e+05
6.614305730932318838e+05
5.279008482146459864e+05
5.444849340058394009e+05
8.629811023688616697e+05
1.778676711804068473e+05
1.633755910683291731e+05
7.465918168838594574e+05
5.089166018301414442e+05
2.899000068739792798e+06
1.737592861928298953e+05
1.415650427273639652e+05
5.178146479372943868e+05
3.115773677969810669e+05
6.424814254298248561e+05
4.281334937324950006e+05
1.242726733730900101e+06
3.115197004219418741e+05
2.377625865853063297e+05
5.424398251802965533e+05
2.607374238417606393e+05
8.528480863885193830e+05
1.950752231229703466e+05
6.033568195513315732e+05
3.135516908082517693e+04
2.879293890060270205e+05
6.108773263706651778e+04
3.994001407183997217e+05
5.203710509823007160e+05
1.046900528616627329e+06
8.512163255603590515e+05
1.331400953958698083e+06
2.691092032503543887e+06
1.398208991004868876e+05
2.936107487594325212e+05
1.030942005047535349e+05
1.295865030274782039e+05
1.202387218788484315e+05
4.357972372076152824e+05
2.443501711080283276e+05
2.846757714811760816e+05
2.194260553320319741e+05
7.639817485086206580e+04
1.649308175679561100e+04
2.309351853408715688e+06
7.361634120952464873e+05
6.411784067430315772e+05
2.579876843001703382e+05
1.512418835907721194e+06
9.046094743266432488e+04
9.251680565406091046e+04
8.013224168807662791e+05
1.402308088194908341e+05
1.315904564431957901e+06
9.327429199594982492e+04
2.262177389584232878e+05
7.455264723500533728e+05
1.399007211256920360e+06
4.588445784424885642e+05
5.444476905558984727e+05
2.890853745359534514e+05
3.123704434594660997e+05
1.930510340560839511e+06
3.162366367073787260e+05
1.752650044358489104e+06
1.503030903571213130e+06
1.322065996863560758e+04
6.203970022058303002e+05
4.230560641866645165e+04
1.326141669453617185e+06
5.375733764126922470e+05
5.512037486482576933e+05
2.879156295428459998e+06
2.396435163018018648e+04
2.327015915788389393e+05
9.345603620895090280e+05
5.476999535809900844e+05
9.189110420204761613e+04
8.913892609423145186e+05
6.573221655234249192e+04
6.038480081102179247e+04
4.920432902178325457e+05
1.687261582055488834e+05
1.933857942203702114e+05
6.114592192614387022e+05
2.120514925640850270e+05
4.040269092492999625e+05
8.974353101935851155e+05
1.420399167008538963e+06
2.734336168110338040e+05
2.748363448597124079e+05
1.132225371940228215e+05
2.469730217605875514e+05
2.639538682244646829e+06
1.946466290032500692e+05
1.853348216478108661e+06
3.132473979675561422e+05
1.052375180025629932e+06
9.823274130157903710e+04
2.391859770896806731e+05
6.450888178944838000e+05
9.074616102750838036e+04
1.541217926840128144e+06
8.900963015636878554e+05
3.853263941975279013e+05
6.479871925704486202e+05
3.808753679517725250e+05
1.583065200385153003e+05
7.123502409749558428e+05
2.337425306415782543e+05
2.646822946763435612e+05
8.844532227988688974e+05
7.468076704793074168e+05
7.018928167679618346e+05
1.671540949631837429e+05
3.471839410710944212e+05
1.439951051216546912e+05
8.962066783334618667e+05
7.757702405282232212e+05
9.252372598363469297e+04
3.875905276565299573e+04
2.631160599845239776e+05
3.808163366481116391e+05
1.772495771300006600e+05
9.347093747010205698e+04
1.015016369046369946e+05
7.875532091653402895e+05
1.682329625354669697e+05
5.620992303615487181e+05
2.176919565241005330e+05
6.264420255722384900e+04
6.263855994221178844e+04
8.176253927480232669e+05
1.847482477145600715e+05
1.602474591013983008e+05
1.034581996503765695e+05
2.329450403138788824e+05
3.889437456826709968e+04
3.974061827395252767e+05
2.440789116585558804e+05
4.163751554834154085e+05
5.431659200654459710e+04
2.091024276611953246e+04
7.238232968230939005e+05
6.311687727130073472e+04
5.968871522517254343e+05
1.550616230445656925e+06
2.354704432379152568e+05
4.947012701774334710e+04
5.563066230541708501e+04
4.935596795111293322e+05
5.012074171963506524e+04
8.452996936915247934e+05
1.272948716368658352e+05
7.934813224108363502e+05
2.662601035174242570e+05
1.779251575650848099e+05
5.408438513116895920e+05
1.051059055440314842e+05
1.648603781264026766e+05
1.827280760103972862e+05
1.270974901420546696e+06
1.793157746507863340e+04
1.169020250486848381e+05
2.520719813002788578e+05
9.896563113119590562e+05
3.391978010315220454e+05
3.219869890348903937e+04
1.132400128053821856e+06
4.683597477819643100e+05
1.357208730420088861e+06
4.305509073326151702e+04
5.062034110897573992e+05
2.854576388332844945e+05
8.427066861413344741e+05
7.511211882422670024e+05
8.595233955771864566e+04
2.320058742670434585e+05
3.490724214261266752e+05
3.656401719170560245e+05
2.212022347826093319e+05
3.563384939820293221e+05
1.201093942475324293e+05
1.401511059065130539e+06
4.622927542778676143e+05
3.738154190780238714e+05
6.390555371602366358e+04
1.579559965262467274e+06
5.313102000783818075e+05
1.829841026200518245e+05
9.908259361543358536e+05
1.246077254268710967e+06
7.722066420930246823e+05
1.657606682390714996e+06
4.271673432692998904e+05
1.231503561100459425e+06
6.516547405895029078e+04
7.122917600496370578e+05
2.348947288528983336e+04
1.788321099676570622e+06
7.033435571984089911e+05
4.347430784299597144e+06
1.218634237223357894e+06
1.338662045632621448e+05
2.797815650469970424e+06
2.121838110635668505e+06
6.363422698936309898e+05
9.826678813486178406e+05
1.719166090993809048e+05
1.367670567422434222e+06
3.138848301432574226e+04
1.664400717317930539e+05
1.371477631964377360e+05
4.841824018505781423e+05
2.416337054885838588e+05
4.357317514310058905e+05
6.203286728529252578e+05
3.960561109135595034e+05
6.082893170598989818e+05
8.724289654718677048e+05
2.222033935896341864e+05
1.542842279943887377e+06
6.370309401245734189e+05
6.243144502921360545e+05
3.777128708467581309e+05
6.420126385191171721e+04
9.440094067398326006e+05
3.044360079017810058e+05
3.593523259553201206e+04
4.723428633290110156e+05
8.863823035034858913e+04
2.130978296853464562e+05
3.764392032521090732e+04
1.951899270081809955e+05
3.140354039260948193e+05
1.695663448060739087e+06
6.049128936962502776e+05
1.550130037826308580e+04
1.760832524182851426e+06
1.284086474830655847e+06
2.186988114808240905e+06
2.366202864962682652e+05
5.534373673051790101e+05
8.733713698250601010e+04
1.105965473263244377e+06
3.907379278458351619e+05
7.484078668082157383e+05
4.249947028776507359e+05
1.328296680915812613e+05
6.044930507060047239e+05
2.939351897061073221e+06
3.052950148661989369e+05
1.586424727817489184e+05
5.006547763438980910e+05
8.101301681157811545e+05
6.619240511840314139e+05
7.836913316664086888e+05
6.395649456472069724e+05
7.281065472223409452e+05
6.508589690380756510e+05
1.102015777220073505e+05
2.039577181356429937e+05
6.542166645633787848e+05
1.253391804272355221e+05
2.400872881266752665e+05
7.411042582687287591e+06
2.864174438777711708e+06
1.894039606038093043e+05
1.738898045272373420e+05
1.326702934484734200e+06
2.188629788414033595e+06
1.332395184905108472e+05
5.416547376900708769e+05
2.426114700702232949e+05
1.171830710004281718e+06
8.647199647053178633e+05
3.066591722544797231e+05
4.852600806726652663e+05
9.728372014121384127e+05
6.109528798824785190e+04
2.118949624783679610e+05
9.180003630925694015e+05
3.484084858411235473e+04
2.282518888735554356e+05
2.349608732999480329e+06
1.305919285719596315e+06
2.245980166839728190e+05
2.510573793218334322e+05
1.368639136586360110e+05
9.355334244112591259e+05
1.187320031435354380e+06
1.616156158005422330e+05
1.952587841331358359e+05
1.212202619411520893e+06
5.737834154346114956e+05
2.024508059199273994e+05
4.959367009633468842e+04
2.339609802448690752e+05
4.765943382652316359e+05
4.738402717716692132e+05
1.476155640256440500e+06
3.114660640826974995e+05
1.747301753006113227e+06
1.319860081326566797e+04
3.480726376903648488e+06
4.587560487320346874e+05
6.806840435529483948e+05
1.120616560546740424e+06
2.414828543478849344e+06
1.685160814927246247e+05
5.262686524711006787e+05
7.885423442132567288e+05
3.817174303503237898e+05
2.011630420956732996e+05
1.132738697170475265e+06
5.798549661846107338e+05
7.132626450186837465e+05
6.573021410901502240e+05
6.159593141650999896e+05
2.623894259653754416e+05
2.282509704199885018e+06
1.035961578075448488e+05
3.720468143738275860e+06
3.105403817933495739e+05
4.449815295026439708e+05
2.659212142630637391e+05
1.022311795307462162e+05
7.339713856330559065e+04
6.060288118497790856e+04
1.939257767026115616e+05
1.101162245363023540e+05
6.840618582888974925e+04
9.989443372955529485e+05
8.610581164923658362e+05
1.880470356994350208e+06
2.875881903323550359e+05
2.902000443231097597e+04
9.280809747520550154e+05
9.174435805643179629e+04
6.329188710257279454e+05
3.072343351950410288e+05
8.264453236813668627e+05
1.293183268359065289e+06
1.382313175123975961e+05
2.624946815370311015e+04
9.435078069236112060e+04
5.750348536680828547e+05
2.319408803643567080e+05
8.349094445597323356e+05
1.855559272588172462e+05
2.525598150207104627e+05
1.098855552028539358e+06
1.241418039812097093e+06
8.088447729980840813e+05
5.880820035801283084e+05
6.382387208473481005e+05
1.488400791682505806e+05
1.429112927142525441e+05
2.630478960065561812e+06
8.810074244040135527e+05
2.623956651684613462e+03
6.747332494444572367e+05
3.418117259138233203e+04
5.972498845736320363e+05
8.028924902427311281e+03
8.488313527118244674e+05
1.542548762744839303e+06
4.409436718602592009e+05
1.247599844846998894e+04
8.347396926660999889e+05
1.558398197759633476e+05
1.604136622195687669e+05
3.451966753670210601e+05
3.983677132712916500e+04
9.551382204507124843e+05
6.204107650778262905e+04
3.123799313984669279e+05
7.984526958541147178e+04
6.928588807091028430e+05
1.144394443983273231e+05
6.924079793986480217e+04
1.607091473012665519e+05
6.137345071740482235e+05
7.421468893935139058e+05
3.451267624599676492e+04
2.900146139896152890e+05
2.069822127366686182e+05
4.197709205142863793e+05
1.758691625611320778e+05
3.642563964079112047e+05
5.032493657838426298e+05
2.289613754209969775e+05
3.984804931351579144e+05
1.687698865607933840e+05
2.591377401287883695e+05
5.462915760850345250e+05
2.184768995352270431e+05
9.041456990967328602e+04
5.195239342603409023e+04
5.377754789619897492e+05
1.480548187238203827e+05
5.070692013607720728e+05
1.421485714029439026e+06
6.536721338597348658e+05
4.154655195506885182e+06
3.450324028796154307e+05
5.698641140902366024e+05
6.931138103675878374e+05
9.047952528765643947e+05
5.286223765364153223e+04
2.050483645444428315e+06
5.246447004361201543e+05
2.173565740739978196e+02
3.153192152424451197e+05
1.105487683435000246e+06
8.872954775355029851e+05
1.570478458979276475e+05
6.516779896913019475e+05
8.274136184201508877e+04
2.730033028490960132e+05
5.688388831248561619e+05
9.785649240729770390e+05
2.338617249197905418e+06
3.343607440057473141e+05
2.875090338924193638e+05
1.203283925621795061e+05
3.928228503119671368e+05
1.141617128222177504e+06
6.620022271982165985e+05
1.082853199117407639e+05
5.362778487081548665e+05
1.160882760043691844e+06
1.755364820406517247e+05
3.025590152351323632e+05
1.356788647665525496e+05
7.077523280801739311e+05
1.996716174735808978e+06
1.636798825400563946e+05
1.131138788689530629e+05
3.611222103424094967e+05
2.914689697329391493e+05
2.409335098452744714e+05
3.795995358691063593e+05
2.088248197977163945e+05
2.539487267335847137e+05
2.716392684965667431e+05
5.302118506610654003e+04
3.244143774358980008e+05
1.607481043067036662e+05
5.044421030513309524e+05
9.753991147436729807e+04
6.002084230498468241e+04
7.912551982688585122e+04
8.744087446378149616e+04
1.810906837039444130e+06
4.115133021226956625e+05
1.103829971247794892e+05
4.708730106137671391e+05
1.527099292133610870e+05
3.200531368022646711e+04
1.315719466023938963e+06
1.757287243685586727e+05
1.325047417336134939e+06
7.769525247662271140e+05
2.522329701884578099e+05
3.658825813302471070e+05
2.104662336644675117e+06
4.098681395453082514e+05
2.337022321669742232e+05
2.103134749840720091e+06
2.127166397399712587e+05
7.714993571508262539e+05
1.130540086083547794e+05
2.122178875554752012e+05
1.650110859380236943e+05
2.053127639075032494e+05
1.528748540275659470e+05
5.050987778948579216e+05
1.468177940808311105e+05
6.453421344359447248e+05
1.553714729821754445e+05
2.864946438159655372e+04
2.033150362514795561e+05
3.921786601223971811e+05
3.456903554538633907e+05
1.763966753823643958e+05
9.533679098523420980e+05
1.666548190139547514e+05
7.401982622585137142e+05
5.353673349391068332e+05
3.326924321640010457e+05
9.737040313800624572e+05
9.009440076368929585e+05
1.494987121899577614e+05
4.796185022924989462e+05
3.932997922559676226e+04
3.181607121923701488e+05
2.064538937484958151e+05
4.845573259379563387e+05
1.031047494185211253e+06
1.349365284817567444e+05
1.389237841265844181e+05
4.678296190945689450e+05
2.444506980415319558e+05
1.224179376629269682e+06
7.895349215277782641e+05
7.696430312678158225e+04
4.084422673513731570e+04
2.858045926734958193e+05
1.499879096628909610e+04
8.490537785884873301e+04
8.564746554921395727e+04
8.683999203187858220e+05
1.546997784119895005e+04
1.434267513586253335e+05
6.851023959510944551e+05
7.090335700942840776e+04
3.249497911971536814e+05
2.251989466451244953e+05
1.449920307194585912e+06
4.277401154863340780e+05
5.470469340647892095e+05
1.765718624307814462e+05
1.349850571184192377e+05
7.155431078844576841e+05
3.589998766943963710e+04
3.842396532897279249e+05
2.380034003341417760e+06
2.272329727658053394e+06
1.085709869329247013e+05
9.402470866071149067e+04
7.071564689406247344e+05
5.488172710467174184e+05
6.092661991300364025e+04
8.576511995796677656e+05
5.580889036008268595e+05
3.788379398684741464e+05
2.230652779444008193e+05
1.655045424806106137e+06
4.284440075719652814e+05
9.343030455174456583e+05
1.197160651004346786e+06
1.253098466581586690e+05
1.223367090343512828e+05
6.061191554588783765e+05
7.732776706182357157e+04
1.824108711400798522e+06
4.168709300721619744e+06
5.015472547006122186e+05
6.258085587763276271e+04
2.412083669516643276e+05
1.549632170286205132e+06
4.700028785307343933e+05
1.783810950601213553e+05
8.032124534444862511e+05
5.623543134003091836e+05
3.949929200977133121e+06
2.148130995845427737e+06
1.391683443625601241e+06
2.609822254916958045e+05
5.574095825336419512e+04
5.948928523041766603e+05
8.330019197092881950e+04
3.733662910430239281e+05
1.208435800489847315e+06
9.445343953360869782e+05
1.458715346016868250e+06
3.147238816587025649e+05
2.329910287098734640e+06
1.312100040884743910e+06
5.093395753879061085e+05
2.434912613697448978e+05
2.879627547443138901e+06
6.839708830646760762e+05
2.802550586414715741e+06
4.665589883757880898e+02
5.820025930219733855e+05
8.352488756564146024e+04
3.561106249670005636e+05
2.213772643633912085e+05
2.050605759095920075e+05
4.136434057801561430e+05
3.402974775413058698e+06
7.091112125077542150e+05
2.090557958247095812e+05
1.425269390421960852e+05
2.135680493673068850e+04
7.265863547114304965e+05
4.233767966354889213e+05
5.693944015178928385e+05
1.797862896795840003e+06
9.741222433201067615e+05
2.288220610029673844e+05
4.698728873352141236e+05
4.319289520972700848e+04
7.998109939705680881e+04
5.727272845338700572e+05
2.608254572530653386e+05
2.341338191677395953e+05
5.403463432892891578e+05
9.149411397148185642e+04
2.123299716323797111e+04
3.000599910211539245e+05
1.775456240557875717e+05
1.406389456410281127e+04
1.318038592792431882e+05
6.524235514364737319e+05
3.535633369146949844e+05
2.479091098858047335e+05
1.248339652804955840e+06
3.910583693552949699e+05
4.626061411089650355e+05
7.035235352670184802e+05
1.776440394113784132e+05
5.732401284241077956e+05
5.037677449634774239e+05
6.859642839652566472e+05
4.530414803916946403e+04
1.311742447778054047e+05
1.701806696489942493e+06
7.119266861951847095e+05
1.037209144921407849e+07
2.292318744143164367e+05
1.845125749805929809e+04
3.621081252602330060e+05
7.298273518239203258e+04
2.802797577698225505e+05
4.580463126694732346e+05
1.027054496813780512e+06
6.272406521959203383e+04
1.899577692712169141e+06
1.170252932860749541e+06
8.519191646575968480e+04
1.335252793580311351e+06
2.599222465675956628e+05
4.590156262833903311e+05
1.020068797724536387e+06
7.166418735557222681e+04
1.362122383108159120e+05
2.579177987329418538e+05
7.965750195395699702e+05
8.844891787883348297e+05
3.608486181584976730e+05
2.870732049769719015e+04
1.926136709565372905e+06
6.558438868143167347e+05
1.066244215154541191e+06
1.822662844836528180e+06
5.763577424887359375e+05
7.899907527831007610e+04
4.217744544176377822e+05
8.362441199745964259e+05
1.540742395299957716e+05
1.285055518473988195e+05
4.764063983080555918e+05
5.601857080250444124e+05
8.835265923379582819e+05
1.212628612389330519e+05
1.095289977926064283e+06
5.059388797373971320e+05
1.000474677698864019e+06
1.485231756688051682e+05
3.773837369214221253e+05
2.304719952020788332e+05
6.838047373363155639e+05
3.409499435343053483e+04
7.044596553499347065e+05
4.433022087592031312e+04
3.730653544892534846e+05
1.131970053313337121e+05
9.949412243782593578e+04
2.847322839087895583e+06
3.780156029026081669e+05
2.315351983187958831e+04
3.747933113870531088e+05
7.562142327934079804e+05
2.676805958865325665e+05
8.194844529265945312e+05
1.480445472320741974e+06
4.187139178863360430e+05
2.459550260658173283e+04
1.617219122555381364e+04
3.708804754160380980e+04
2.646686437374149682e+05
3.733386274824106658e+04
3.521970674294034834e+05
4.102392149389728438e+05
1.986983361029645661e+06
2.057978953889750410e+05
1.797365820801822410e+05
1.917867513052168651e+05
5.040432916523165186e+05
4.846579467040374875e+05
2.555517774871651200e+05
9.585163565632340033e+04
2.046127566946545357e+03
2.290341594418465102e+05
1.446991801110110646e+04
3.001272892359599937e+06
7.023394549939950230e+05
2.403934097229288891e+06
1.191253243503958802e+05
2.464165146329307929e+06
1.777633163296031533e+06
1.411830406176001765e+06
8.750512514306304511e+05
2.428793160338691087e+05
1.160726710432251712e+05
4.101782489356937585e+05
6.893337664360654890e+04
1.890527084982230095e+06
3.025811575134155340e+06
3.451484927755829412e+06
1.462574420349883731e+05
5.071019730004617595e+05
2.582914282895261713e+05
1.489030870594769658e+05
4.302204237239753711e+05
6.906354811976277269e+05
1.318151474717139208e+05
4.320928225109467894e+04
3.784887733058680315e+05
3.194201277812478365e+05
1.523814853236949712e+05
2.290726761726294644e+06
6.513611881969290553e+05
9.747961951857252279e+04
5.507063078642145265e+05
2.297927109610694752e+05
3.427896453209989704e+05
6.417457033013096079e+05
3.784801600066663232e+05
6.904361373683424608e+04
5.786475660160295665e+05
2.035442766428401810e+05
4.624285377834576066e+05
1.673528983615904581e+06
5.262676850622206694e+05
1.328932887660028413e+06
9.942675928703119280e+04
1.321361651968719205e+06
5.561949825474737445e+05
6.372484208014332398e+04
1.132193082644274691e+05
4.579461537740562926e+05
1.300772767760645947e+05
5.919166333981063217e+05
4.611375762349397992e+05
6.008524330504966201e+04
1.718900768193025608e+06
1.129800213706136448e+06
1.554455878421707312e+05
1.993220818549435935e+05
1.908413720697930257e+05
1.150682248555138067e+05
1.573848867887737928e+06
6.102914677904428681e+05
1.627120228479466401e+06
2.152422491922596237e+05
1.536475665600253851e+05
7.392399140443658689e+05
3.236092253613700741e+05
3.593617093609189615e+05
2.238350689480600122e+05
1.257125411483166863e+04
2.280434191485915799e+06
2.984306286486246972e+05
1.411495818315884680e+05
6.979967556356523710e+04
1.088555464651363203e+06
1.264957595014163089e+05
9.914101697631699499e+05
5.554432480030449806e+05
3.513100306858411059e+05
7.376584507771027274e+05
3.626760735033554956e+05
1.454285809605650429e+05
6.126878604532364989e+05
4.220498552571437322e+05
6.461522304271754110e+05
8.177297806302750250e+05
2.093889523488822160e+05
6.501356709334415427e+03
4.019271440696998616e+04
1.441028772413467523e+06
5.643401258331408026e+05
5.686003291493543657e+04
3.901886715827164007e+05
1.014273749508825596e+06
1.625014175067207834e+05
2.340491256809480547e+05
9.661316541048926301e+05
7.436702575766836526e+05
2.049407245701864013e+05
1.063379430780831171e+05
5.167953797247745097e+05
6.166596263219454704e+04
2.605969733414426912e+06
1.825320391608636128e+05
1.169716894442210440e+06
6.337451698184629204e+05
1.176978421444867039e+06
8.048792921616232488e+05
2.016876347431918839e+05
5.877866260346422205e+05
6.526644290482318029e+05
4.497340809415899566e+05
6.609140842557532014e+05
1.421152951291896461e+05
2.975924135234669084e+05
1.066080734943906282e+05
5.952854232013485162e+05
6.053587314569474256e+04
1.452193429383096518e+05
1.003452623685147963e+06
1.796056769211087085e+05
8.815133911214019463e+04
1.323239913713296875e+06
1.025885921867730329e+06
4.430699600570392213e+05
1.368643895126471762e+06
2.850746246553090750e+05
4.325906445688505191e+05
7.356203782469107537e+05
2.348768897811372008e+05
1.554125058123137860e+05
7.881244221549414215e+04
2.615295899164488947e+04
7.024028502737715608e+05
1.785044401141376002e+05
1.174559708231844415e+05
3.994433693441827781e+06
3.945944899685763521e+05
3.056434776743577677e+05
4.475814876164853340e+05
4.114255706760856556e+05
1.606412150012463098e+06
2.851079800460755941e+05
7.032699608295054641e+05
5.922294912040951895e+05
2.916154913588908967e+05
7.129958650837016467e+04
3.141478593623977213e+04
6.175930148259798298e+05
2.142387314712701773e+05
8.786054008188622538e+05
3.487479978833353380e+05
9.176597650375719240e+04
7.394172753083499847e+05
1.084399457727395056e+05
2.982204714605884874e+04
1.812719847551095067e+06
5.802161134196349303e+04
1.374703352686504077e+05
4.972252378760679276e+05
9.315569361304484482e+04
1.909137347811381100e+06
6.173305566336502088e+05
1.190493769325449131e+06
2.582888635881462134e+06
2.616305888752186147e+05
4.479958270381847979e+05
8.701305583460859907e+02
9.041784013439569389e+05
4.461912339904460241e+05
6.743393599411920877e+04
7.314812586974882288e+05
4.656511797298482270e+05
1.006479844529619208e+06
1.241814941115109483e+06
1.184621701151735382e+06
5.059197789402775379e+04
8.892014781348609540e+04
2.014370746776137676e+05
1.902803035111059435e+06
1.076587576518810121e+06
1.991567497383856098e+05
6.921410390848761890e+05
2.361945737643038738e+05
4.061269974846358527e+05
6.197124149499435589e+04
2.605787103815802548e+05
3.311775802665777737e+05
9.610559543515683617e+05
7.442012502308606636e+05
5.773816902443368454e+05
8.594510686747444561e+05
6.772596338745584944e+05
2.744015004454607260e+05
1.195805670252095151e+05
2.071516520637901267e+05
1.297089470181683544e+06
7.490569083647336811e+05
4.070112611797204707e+06
2.319171070867965755e+05
2.687422780693958048e+05
3.144489893877838273e+06
2.608530037675248925e+06
2.517360787315239941e+04
4.160628231059047539e+04
5.271545012793418719e+05
3.089814430294198974e+04
1.084585024155244697e+06
6.958982934181895689e+04
2.269341224789245171e+05
7.458943613678196016e+03
3.835044492044913932e+05
5.008210036446235608e+05
5.602588564087428385e+05
4.997028118617390282e+04
5.874779710325710475e+05
7.575678023303741356e+05
3.372071716873296537e+05
2.961856256313394988e+05
5.392323325334411347e+05
5.893924680348800030e+05
5.915751623622412444e+04
9.937109855180516606e+05
1.977480765915558673e+06
1.129912392263574002e+05
3.116177438604540075e+05
5.185178363855319330e+05
1.005049691814499820e+05
1.580238155877303798e+05
2.443414853498728946e+06
2.798117781555323745e+05
7.807070389000436990e+05
1.514995977127076825e+06
1.904943533231857466e+06
3.302071356587954797e+06
7.955394621721059084e+05
8.933602779433546821e+05
3.121365663401482743e+05
3.440934789658186026e+06
2.086160033662103349e+06
6.674513875048259506e+05
6.976685628173389705e+04
5.645267456848806469e+05
4.600044438132006908e+05
3.314419052483614534e+06
2.216960543388108723e+06
7.603260997958246153e+05
5.674167000053104712e+05
3.814530452539967839e+06
9.700936558710096870e+04
5.453724696557414718e+05
3.726206325390483253e+05
5.938566708089628955e+05
4.418354099181496422e+05
6.917073681886113482e+05
1.414255610773053020e+06
2.846132387213140610e+05
1.957776554333770473e+05
1.735325721197183011e+05
1.707644514751856448e+06
1.590515173838931514e+04
4.163327933180076652e+05
1.763699828301564849e+05
3.320120974886743352e+05
3.644151048117423779e+05
2.028403509375855792e+05
5.038518314692200511e+05
1.844865737628276984e+05
2.145819070658667479e+05
1.292193882483012509e+06
3.118826073957282351e+05
3.971421531492992654e+05
1.371222084858806338e+05
4.941066633987940149e+05
1.781018483449227642e+06
7.843428964507150522e+04
6.500625976840006479e+04
2.708933242328313063e+05
2.712221338168954826e+05
1.334157540712884394e+06
6.469755378487984854e+04
1.839885113518955186e+05
5.089392892033638200e+05
2.706523385062412126e+05
1.478134481415949704e+05
8.387616905661676719e+04
4.719387479122890509e+05
5.353881260362955509e+05
4.359032859069409315e+05
2.881874994728230871e+06
4.893599173604860553e+05
2.232664830972184136e+05
1.294975727545272792e+06
1.844856722344690570e+04
2.446730741945500777e+05
8.990236744540082291e+05
4.937127575005065883e+05
1.042402873976019182e+05
1.520180163630011259e+06
7.878482622804975836e+05
1.430022462539704284e+06
3.454327720353576588e+05
2.691105325677552610e+05
3.121373338656523265e+05
2.075978214368583576e+05
1.372695377910824493e+06
3.910967222832677653e+05
9.605636722623447713e+04
3.368563165882902103e+05
3.559997504176369403e+05
2.848671385755678639e+06
5.609101717014738824e+05
1.450663864183791702e+03
3.299679868603067589e+05
3.236473164387419238e+05
7.431052974368389696e+05
1.823769953028051532e+05
2.355864675348479359e+05
1.646628553599070874e+05
2.715689257842481675e+04
7.653353534080433892e+05
5.846029831794195343e+05
7.477213082341734553e+05
2.849496554493989242e+04
1.040471059362644912e+06
2.607951460641431622e+05
2.029420755339512543e+05
1.266845762987273280e+06
2.990383474065420451e+05
6.896466068898228696e+05
1.495214049588636553e+05
1.702740382292852039e+06
6.605993189359667304e+04
5.093292562230787735e+04
2.418162233827245363e+05
6.350240988948372978e+04
4.502132970799749601e+05
5.300913678121960256e+05
3.293728144800337614e+05
1.718899499524730491e+06
2.036421224304527277e+06
1.749245698192541604e+05
4.580470367267603870e+05
1.062149959157376725e+05
1.761719920646749670e+05
2.582488311352240562e+05
6.330182546632398589e+04
1.116205094869795721e+06
6.232563302890714258e+05
9.645836754472329631e+04
1.641733656868972583e+06
3.234601893552505644e+05
2.507484280776501400e+05
1.652129727162267664e+05
2.172320669033372833e+05
2.705643703296112944e+05
1.323071186002145056e+06
1.645159568521889159e+06
5.744175558723063208e+06
1.078372106970119523e+06
1.016226317954695405e+05
7.126434679691697238e+05
5.870544886085680919e+05
6.088078816060054669e+04
1.754092111967187375e+05
8.149971544180698402e+04
1.491711791005718405e+05
3.249011834698327584e+05
2.995381996672234032e+06
5.340568782036390621e+05
2.988915885223514852e+04
3.813520588974777493e+05
8.376237478254825692e+04
5.719014593360247090e+05
1.206968970419627149e+06
4.711047284845065442e+05
6.953787901294960175e+05
5.038358026932079520e+04
4.434997078646427835e+05
7.044669671703186759e+04
7.937040132121798815e+05
7.310038379246290424e+04
7.856233696913721506e+05
1.693005005122120958e+06
2.522740013952358626e+06
1.267268319822418271e+06
1.794212414522884355e+05
7.892353573816374410e+05
6.786798134941678727e+05
3.286737582140656741e+04
3.721808661596721504e+05
1.380922197097179014e+05
1.055130907703284465e+05
5.705645774271939445e+04
1.418250260610025434e+05
5.174486057522031479e+04
7.022953802403165027e+05
1.051896938846027711e+06
3.171533136650496162e+05
8.688768974989299895e+05
2.152404188369562849e+06
3.958348982920794515e+05
1.465129826271521626e+06
1.160456443009429146e+06
1.853327607570945111e+05
6.883542443991106120e+04
5.588371614527816564e+04
1.790429799047320266e+05
2.021227114235394169e+06
3.830644671769575507e+04
4.986372747860924574e+04
9.908271052140073152e+05
1.550471209233001573e+05
8.238193884172618855e+05
1.055683294251130894e+06
8.747386912575029419e+04
3.532881988040496595e+06
8.535873150539930910e+06
1.197945532786253461e+05
1.201937347033064143e+05
1.194290725036951044e+05
1.616753690455791948e+05
5.586944045937642659e+04
3.150686384978273418e+05
1.081083478070983896e+06
2.040617032048624824e+05
1.434709714921390172e+06
3.744210900124974432e+05
3.503241595846811542e+05
1.416062786641159328e+05
3.792128641220326535e+05
2.683781874034838984e+04
8.490131124392227503e+05
6.641907327202960732e+04
1.828485203876106243e+05
2.681405327637940445e+03
1.146489045588379231e+05
3.990451516161070904e+05
5.486855486628146609e+05
9.686287921347105294e+04
1.611923459111334523e+05
1.739942013007068308e+05
4.603120031894342392e+05
2.081488940975867154e+05
5.253299573576277180e+04
5.098110484115886502e+05
1.418905539895787835e+06
3.836872063410301926e+05
2.084152635965570807e+05
1.034946824319542502e+05
1.187252571042683121e+05
1.591074815864190168e+05
3.830083980230466841e+04
1.449333451532568724e+05
1.122967416183314926e+05
1.012257961329896934e+06
2.768643591594934696e+05
7.459319528672358720e+05
1.090984867336678086e+06
1.344383040444149519e+05
1.548735532270119256e+04
7.682341825795632030e+04
3.974161953910561861e+05
6.821365667142532766e+05
1.015737422981119831e+06
2.920852964428047999e+05
3.155446306922126678e+05
3.518389824087510351e+05
1.541094048123863467e+05
1.921311399259005266e+05
9.578108370360308618e+04
2.704410051006852300e+05
1.946560577546544082e+05
2.141108746752489824e+06
1.831674974619107088e+05
6.089664299772599770e+04
5.110835626898000919e+04
1.135177496324566426e+06
1.859242054311544052e+05
1.299485093310885568e+05
1.419139530311025912e+06
4.190233635022134986e+05
1.159268329397078051e+05
1.704973271358074155e+06
1.891221680380080594e+06
8.516436849537044764e+05
4.273685305790558341e+05
3.529271912367887126e+04
1.077413277899262263e+06
5.264005096466683317e+05
2.386140734331220447e+05
1.141036183257288649e+05
1.112670760734274663e+05
2.277005243399340543e+05
2.700478244564214401e+04
6.967337809654427110e+04
8.335867449266988551e+05
9.289021475437019253e+05
6.240446172927899752e+05
2.391850540534666216e+05
2.515051293625966646e+05
4.845409297058702796e+05
7.077955131173103582e+05
2.084038471607010870e+05
3.445424195520269568e+05
3.680818028497322230e+05
1.254771158903914737e+06
1.580849384069922613e+06
3.480748890096778050e+05
1.221711626403636299e+06
9.440212796786952531e+05
1.144529621849696559e+05
9.943221534880675608e+04
8.326372727193824248e+05
9.653828700141674199e+04
8.587004588578149560e+04
3.366544905316527584e+05
1.184182392495777021e+05
2.016675246803621121e+05
1.047641764969687356e+05
1.091446646738366981e+05
8.322988191041767132e+05
1.044821550399260304e+05
4.459803739525480778e+05
2.958735836747636204e+05
1.681893592183126602e+06
2.833676603829159285e+05
7.251630920108550345e+04
2.046265959594776155e+06
1.388929636876752775e+05
5.931770797916892916e+05
1.098070056462500244e+06
3.551625154379645828e+05
1.461025769947773369e+05
4.801728543099002563e+05
1.229432821312608285e+05
1.910959616848845035e+05
4.899660865854940494e+05
2.053657791508609953e+05
3.357672919769273722e+05
3.699875936962569249e+05
5.091432002336012665e+05
1.627724685404097254e+05
1.183067821680693654e+06
3.750776625428009429e+05
1.220115153579494683e+06
3.140940365299148834e+05
3.595100623285534675e+05
6.989002563487114385e+05
4.383080960614448995e+05
7.911459385577242756e+03
7.950241348747786833e+05
1.137622791763040237e+06
1.841775972052400466e+05
1.391365881754550792e+05
8.072931624150724383e+05
1.331885631580775407e+04
7.015535267447872320e+05
6.472435072293017292e+05
2.779274661571025354e+04
3.659325168415741064e+05
3.338863879132143920e+05
1.972451967184270325e+05
7.579336687612526293e+04
9.861367843647676636e+04
3.861917650768248131e+04
1.157851334827243118e+05
9.106358200208451308e+04
1.698397801504098461e+05
3.932384871246817638e+05
3.511362039440423250e+05
2.313573111595799855e+05
2.720327843646976398e+05
7.501255168049315689e+05
1.108379849360672291e+06
1.026418735542312032e+06
2.049474305900394975e+05
1.491664200006085215e+06
4.623208761083584395e+05
1.207959054589750245e+06
5.536857628532334929e+05
2.411873526955154259e+06
2.836309702792712487e+05
8.846742993382972199e+05
2.996695268627295271e+06
8.824835644959875208e+04
2.477322968947060508e+04
2.527904453040249355e+05
2.200774003071855754e+06
4.820680882672196603e+05
3.739644449058901519e+05
3.310408960914417985e+05
1.122416261358016200e+05
2.117364756855928572e+05
2.672692437155663501e+05
2.291651658616012428e+05
2.294488416124675423e+05
5.055255854386412539e+05
6.781899787881258817e+04
1.189223564958956791e+06
4.025936614215642330e+05
1.760087705364398425e+05
1.253291774264086736e+06
1.584683328877589374e+05
3.425370859836699092e+05
8.004397056671528844e+04
8.352283760903761722e+05
2.487573380558579520e+05
7.518398092795364209e+04
8.584600147461258166e+04
1.076802841105174739e+05
7.908900657738602022e+05
3.546844638420518022e+05
2.842192214766646503e+05
1.458035513994535897e+06
7.989220277033491293e+05
7.784177225342409220e+05
3.521316906921978225e+05
4.962197234312981600e+05
2.793319107186105248e+04
9.873657276187789394e+05
2.256759319435961661e+05
3.971221722375408281e+05
1.220932966681015532e+05
1.282575047271985241e+05
3.301410355288790539e+06
3.991521576690719812e+05
1.603139482760027749e+05
7.405197457510703243e+05
1.445163120459220081e+05
8.522452529946689028e+05
8.692266707632684847e+04
1.202341527215598151e+06
6.570820476569858147e+04
5.670135596988799516e+05
3.794634765543836984e+05
4.647291019823135866e+04
3.231385611212363583e+05
2.370577509611684363e+06
2.425633743134039105e+05
3.509342792152049020e+06
5.142209523776045535e+05
2.404674908367573516e+05
8.454067398330851574e+04
1.981185188754702220e+06
5.368117314515165053e+05
7.375151375430598855e+05
2.913446252596915583e+05
8.170440514458870748e+05
1.092506382324021979e+05
1.680577971954401000e+05
1.953467147323373065e+05
3.000197448453952675e+05
4.056872934346221155e+05
3.101557160994851147e+05
3.807004452646897407e+05
1.530093693956830772e+06
4.962435611893129535e+05
5.176160536810634658e+05
7.985838969710904348e+04
8.963594542296954023e+04
1.371064013283147942e+05
1.287710308807873953e+05
1.114655262370235869e+05
9.665531923073690850e+05
2.856812415134238545e+06
2.048914926010197087e+05
3.206118426080264617e+05
1.635379152233741479e+05
1.106183116465805215e+05
2.881247980388695840e+06
1.353130242175845895e+06
2.775614338502924656e+05
1.823344451537987625e+05
7.185218047298361780e+05
4.401055815344049479e+05
1.084856361461251508e+06
7.118257724478033197e+04
3.959783504421606776e+05
9.321861129312348785e+05
2.433210458544663154e+06
8.023921382648306899e+05
8.999142570311899181e+04
2.571724215949228674e+05
3.849475980178763712e+04
4.499418389104729868e+05
1.344877977989413484e+05
3.217640326835939195e+05
2.485459142849212512e+05
1.372064661739269213e+05
4.820811424898127443e+05
1.623807431471477961e+06
5.346839555294667371e+05
7.753261442440139363e+05
6.946777601362217683e+05
3.449728291110481950e+05
7.105743808241997613e+05
1.911500350429319311e+06
1.523804605536242598e+05
3.381493699157288647e+05
3.699651579542480176e+05
7.553204611604730599e+04
6.653171957927386975e+05
1.707739320359639125e+06
6.919456681337758200e+05
7.919226412372799823e+05
2.279152308549912777e+04
7.597364506086590700e+04
1.296458584340117523e+05
6.794228044377149490e+04
2.363716449122284539e+05
1.550699843588738004e+05
2.066520869430635357e+05
1.472885717326992890e+05
9.931436671849233971e+04
1.012066503511361225e+05
7.760800764306273777e+05
1.189237335976126138e+06
7.872506391005095793e+05
6.796146551068016561e+04
6.346909521732633002e+05
1.411731672108623607e+05
2.158308600785751478e+05
1.248970180892527715e+05
1.617089157534291502e+06
1.885478637054131599e+06
1.321912580516035086e+05
1.022645156277951086e+06
2.129429842640312854e+05
3.928733688220442127e+04
1.020891362425673869e+05
1.735894618411418924e+05
2.462358017319161736e+05
1.667313354921115562e+06
5.069706638440168899e+04
4.818819455136702745e+05
6.986122513175549102e+04
3.700879128760989988e+05
1.483836201707048749e+05
1.985610296293032006e+05
2.761107699993855786e+05
7.311809161982928636e+05
9.935883143320914824e+05
2.115153782672920730e+06
3.441025379137148848e+05
1.485423959249348554e+05
4.906020708215934574e+05
5.396135973318169272e+04
1.783386704034605063e+05
8.179473576464706275e+04
8.824646382520329207e+05
1.272385536661987135e+05
2.246388770508211106e+06
1.414706519202445168e+06
4.831874967356506968e+05
2.084531279223950987e+05
1.511233715629355051e+06
1.310940882007726235e+06
5.398139325921525015e+05
8.302120327899613767e+04
4.431891090699905180e+05
6.155773214217229979e+05
8.220104299895245349e+05
7.106666480750915980e+03
4.847060036074732780e+05
3.271053450783925364e+05
9.126336723021159414e+05
3.057687799645842751e+05
2.637024831930531072e+05
1.059537128476045837e+04
9.383195570458697621e+05
5.063485428068250767e+05
3.752159834397193044e+05
2.911280993540295167e+05
1.347949093528140511e+05
2.018541827800049505e+05
5.767389192066910618e+04
4.065310619313148200e+05
1.558344518009732128e+05
9.160539255125365162e+04
2.017322882158755965e+05
