2.623586440287384903e+05
5.582913186861145077e+05
1.664577098120537412e+05
8.554469899526794907e+05
4.224396116147142020e+05
6.741334149624034762e+05
1.029153375056350371e+06
1.038457705426072353e+05
1.194116466662646708e+05
4.992607713381061913e+05
5.079687932652056916e+05
3.105956466559355613e+05
4.646213558511815500e+05
3.198043623151076026e+05
9.372950534930537106e+04
8.905701867110147141e+05
6.083015752781133633e+05
8.949196011579801561e+05
6.251767714812152553e+05
2.874945618997399230e+06
2.094320231745683122e+05
6.375715838833954185e+05
1.203144391281941906e+06
3.328751987952407217e+05
3.422015385701474734e+05
2.166157419219975709e+05
3.130442114393207594e+05
1.184036899442197609e+05
9.379621438283913303e+05
1.204427728737003927e+05
1.826974293626685685e+05
2.795686312491007848e+05
9.173748679050158244e+05
2.720854439400348929e+05
1.776691963545995823e+05
7.632397982551978203e+04
2.526627273247636549e+04
2.062548017381189391e+06
3.092342645677127803e+04
1.541359211321619339e+06
2.105449955424060172e+05
1.594580788725942148e+04
1.604170711280468386e+05
2.957722561201561475e+05
8.520619993042536080e+06
4.789268818482703064e+05
9.681359664856597374e+04
7.546897452997517539e+05
1.292248572140540928e+06
2.078951201374791854e+05
2.319676099751335569e+05
4.098660906348413118e+04
1.688427570187292877e+05
9.533131195963312639e+05
5.152244870316970046e+05
4.025549620739949169e+05
1.384874316715979076e+05
1.933880614859675989e+05
6.460274773755639326e+05
2.576935486817260680e+05
9.717734963577930466e+04
3.373912735874677892e+05
4.177739289781044936e+05
3.837712064366814448e+05
8.926261226219619857e+03
3.570080981679755496e+05
5.888503833660887321e+05
4.176657374283764511e+04
4.396321575428473880e+05
4.448696150184682338e+05
1.331241019771432912e+05
6.487885588512294926e+05
9.375714322410637396e+04
4.968385061811971827e+05
2.533169492314090603e+05
5.949720373771361774e+05
5.477112670981754782e+05
9.397386585033141309e+05
1.600745898694237112e+05
4.534246180400003504e+04
1.768165291632558452e+06
1.236365778959718300e+06
7.836143282541219378e+05
1.781684068086432235e+05
4.918364197539797169e+05
5.211455477240468463e+04
1.374204004622921348e+06
1.862748482864139369e+05
2.670129447386811371e+05
4.334762496995955007e+05
9.416501896231915453e+04
7.812580650099933846e+05
1.907752544512424211e+05
4.794194319706446258e+05
1.044735601770866633e+05
3.079493877170608612e+05
1.218804063674402278e+05
3.431063727794206352e+05
4.836502007892386173e+05
2.614952909669214860e+05
3.434296430057551712e+06
1.452044453007610718e+04
1.141552771816776658e+05
1.151192468160177115e+06
4.056824523534887121e+05
2.345362039750455006e+05
1.725862663085410895e+05
5.839034656419596868e+05
8.804362006270328129e+04
2.853823362955349512e+04
6.938237989363154338e+04
5.275106083817852195e+05
8.723793531001922674e+05
3.951795383667646820e+04
1.872188033061870956e+05
4.971974130631146836e+05
3.014660002657559235e+05
8.391629521184368059e+06
2.249792502579358406e+05
7.873351378636448644e+05
2.576622303574959224e+05
1.393231840835918672e+06
8.109506620213321876e+05
1.465994036620841653e+05
2.203141419269156642e+06
7.229414395867798012e+05
2.681772053017402068e+05
8.819942017904177774e+05
1.816493589104191924e+05
5.603726159144552657e+05
1.955308448004066886e+05
6.100601669215402799e+05
2.511067094467756338e+06
2.085797262280335417e+05
4.595254484981450369e+05
5.918486843175075774e+04
4.539163508163981605e+05
9.761635406909442972e+05
1.522068695441324962e+06
3.205238968919926323e+06
1.623848810778554296e+06
1.222947560015910771e+06
9.359258854057647113e+04
5.214415242216801271e+05
3.435828535092133679e+05
3.906399057969396817e+05
5.578817354327390203e+05
4.779255927695945138e+05
4.990120440702940105e+05
3.465963900663412642e+05
1.447999010495611001e+05
1.010920691335237207e+05
4.120236030445314100e+04
3.858551337202015333e+06
5.882382018676112057e+04
2.842288406722290529e+04
1.484225528961963719e+05
3.205443297669377062e+05
8.076013967754109763e+05
4.086476112950464594e+05
1.080992405811571516e+05
1.709866239610812918e+05
8.548471617593537667e+04
2.988083483903523884e+05
5.894785553013969911e+04
1.031108123060031445e+06
5.055265934729806613e+05
4.497971026796150254e+05
2.677494527158896090e+05
5.238919423264844227e+05
2.011108357860777760e+05
4.289686157673636451e+06
5.840755523538604612e+05
9.130364876137163956e+05
7.540029808290604269e+05
2.948301706094149849e+05
7.970676656828974374e+05
1.448661078624305082e+05
3.616432803355100914e+05
5.743876376123251393e+05
5.330009053282762179e+05
2.392854887525961269e+06
6.343045224974841403e+04
1.464468187173126498e+05
3.405816547743296833e+05
5.000063754368962836e+05
3.290176903762632282e+05
3.145230685226549394e+06
1.262000354800397472e+05
1.984407193531535799e+06
4.017267676388815744e+04
1.017811912705602939e+06
9.673912599365037167e+05
1.655294389436302590e+05
8.031602329790589865e+05
1.124711872861744487e+05
1.429794973903869977e+05
9.043776833598020021e+05
9.411862208892573835e+05
2.780346654687195085e+06
6.144373814696210902e+05
1.114543459643981187e+06
3.061740365592819871e+05
1.862448316074347531e+05
2.005825189740536443e+05
6.135956314845529851e+05
5.046410875306049711e+05
1.068650147297013900e+05
3.247435661695973831e+05
5.555199758152008289e+05
4.739345481900249142e+05
2.993120007484540110e+05
6.896321077055488422e+04
3.834271620852112537e+05
1.176855852363046870e+05
2.312285999502244871e+06
3.803074539959889953e+05
5.632992861457366962e+05
3.569132130876636948e+05
9.065924185317105148e+05
6.599091051813141676e+05
1.094862734339560557e+05
1.312437182928566821e+06
3.673250927777252160e+06
1.028469344711966114e+05
1.393229975327831227e+06
1.177399185859540710e+06
5.015459205336942687e+05
1.528441945904821914e+05
6.791287124752627278e+04
1.474264086272927234e+06
8.342922946710957913e+05
4.464995203901854984e+04
1.436351967785991146e+05
1.650421434995497111e+06
5.757347327263797524e+03
7.326791159781225360e+03
8.965777963795851683e+05
4.318951655365416664e+05
2.767271058821752085e+05
3.890233916939738556e+05
1.021959411294926191e+06
1.667316721535158111e+06
2.612944620313546038e+05
2.221881572605386318e+05
7.812989075188250281e+05
7.013755367964770412e+05
1.218633022998833039e+05
4.364472762423047679e+05
1.298732630989209720e+05
1.333275462691792745e+04
1.610164345283582341e+06
1.597536829210088588e+06
2.155432706610342138e+05
5.567718102074164199e+05
1.555490295105680707e+05
2.226412963743277942e+05
3.398895476963365800e+05
1.178250647707390133e+06
4.858273362528073485e+05
2.008726808955759043e+05
2.791784801837952109e+05
1.435334417370384792e+06
1.693336658447865630e+06
1.932013770019394869e+05
1.440953122388435993e+06
4.829558048990795505e+05
2.450700441794905055e+04
9.779848073517621378e+04
1.570156551170259714e+06
1.748501604299010942e+05
7.293264264360898233e+04
5.301065688909663586e+05
6.746226081282619270e+04
2.452477227913688694e+05
4.650087045292062103e+05
1.519168431066370977e+05
9.868257410704909489e+03
8.487898078790085856e+05
3.604477288115151896e+04
5.345850952034039801e+04
1.505527126082490198e+06
1.384112871126271202e+05
2.194168307745991624e+05
1.896427599784064660e+04
3.803697901723143877e+05
1.247680185258329613e+06
1.515757557648343733e+06
9.377753766345550539e+05
1.909626511158539797e+05
7.158196258891047910e+05
1.551165457473950519e+05
5.726845795650149230e+05
1.706944057491291605e+05
7.160930692491400987e+05
2.125219408684521622e+05
3.271846420595599338e+05
4.759003570629594615e+05
1.496749857704648166e+05
2.211962885916725791e+05
1.604205995268252445e+05
5.762370350942422374e+04
3.010498787510130205e+05
3.884224355911130551e+06
5.352861937905941886e+04
2.089631061825968791e+05
1.281487825325596519e+07
5.016694403393425746e+05
1.002955353108454292e+05
1.792141670761569869e+06
2.020182716705953353e+05
8.149171800919942325e+05
8.352713972093339544e+04
2.104389279285899363e+06
2.653696441213127109e+05
1.119259803842357942e+05
1.164489087369030807e+06
8.754501293536809972e+05
1.078174840119589353e+05
1.326646691509379074e+06
2.930554617573107244e+05
1.128775663470604457e+06
6.222202975716313085e+04
7.343958383165886626e+05
3.789207953188613465e+04
1.070434641237931064e+05
5.019318452682358911e+05
7.761023460581472318e+04
8.904030688062078552e+05
1.343020278072291112e+05
2.116102197536502790e+05
1.188236223096745322e+06
2.330327489143774728e+05
1.374002556827313383e+05
1.513459077800652885e+05
7.123389721060281154e+05
7.489933952191962453e+04
7.141920764747869689e+05
2.100479904558525013e+05
1.588393309055621794e+05
3.103988871660659788e+05
1.269074811155468924e+05
3.903186680110992165e+05
2.298528407465657219e+05
1.073132140656646341e+06
1.002334978548235522e+05
9.357783125951711554e+03
5.219861269186210120e+05
1.207420093462918885e+05
7.380653876298203832e+05
1.010786496160761453e+05
2.031641758732495131e+06
1.262448135339940200e+05
1.004729420684661454e+05
6.451907345109116286e+05
4.916087226619075052e+06
5.158417223162032897e+05
2.070758368932161713e+06
1.172569126282977813e+05
7.498264442026072356e+04
1.478830940602271876e+05
2.628230693204618292e+05
2.443263116604647439e+04
3.021758170208836673e+05
2.328319454793359619e+05
3.544623190531363944e+05
9.024242575617094990e+05
1.151617836996762780e+05
6.470043891440877924e+05
1.351825313366798800e+05
3.586244787329265382e+05
8.860343976593992556e+04
4.043002914061369956e+05
1.932936192653567996e+05
5.872069518390103622e+04
9.161654509755052859e+05
2.020471293416391825e+06
5.694656027773097157e+05
4.657769030465605283e+03
1.147817897985730553e+06
2.099262789532720111e+06
6.560178609982590424e+05
1.287905646964605548e+05
1.383607107395826897e+05
1.166493568803658010e+06
2.917345831878882600e+05
3.967426221103247372e+04
4.701209951154117589e+05
1.285030874518023920e+05
5.439771210457355483e+05
7.196576236590438057e+05
3.013812068018130958e+05
9.562132126963305054e+05
4.202557941044251202e+05
1.190371308424139628e+06
2.502561059226043290e+05
1.555571100967769045e+06
4.229837054826639942e+05
2.322375207075327169e+06
9.886275720306142466e+04
4.251846823063199554e+04
1.705039464119792392e+05
1.612755396413728304e+05
4.059784950925714802e+05
1.288443238111260725e+05
4.231009323751483316e+04
6.151587304533449060e+04
4.307505295062916703e+05
1.053412755701567745e+06
1.185029842920675001e+05
2.440926330456035212e+05
2.495211280180525035e+06
2.132083798088559997e+05
2.154967083869022899e+05
9.319720198135623941e+05
3.316564798060753383e+05
3.389045712071715971e+05
4.001708941042679944e+05
1.482470738816309022e+05
2.406597816818217980e+05
2.579974221333562455e+05
2.770517981422234443e+05
5.117440223061514553e+05
1.732090182036539481e+05
7.374957647265429841e+05
3.563413199621681706e+05
5.316572067441045074e+05
7.197738371041313512e+05
1.657188106633685820e+05
1.714184826825906639e+05
5.978173928722540149e+05
2.442801114579636196e+05
1.141548422248874704e+05
1.230985242232599529e+06
1.816681556305905571e+06
6.056825377610055730e+05
1.411517601219130680e+06
1.601200144024719339e+04
3.415297746194452629e+05
8.735807448643587122e+04
1.416912949226063211e+05
2.625556595077562961e+05
6.058984963040124421e+04
2.268328566625745443e+05
8.961648491114996141e+05
4.206357941773798084e+05
2.223306121832445933e+04
4.097933572844852461e+05
6.254913596667702077e+05
5.298209898715820163e+05
1.305312792967208894e+06
1.765890043249181181e+05
8.805147641844819009e+04
4.906051452072774991e+05
5.146018967372879270e+05
1.523192117694465851e+05
1.897512592643829703e+05
2.339824198827510700e+05
7.210990863652151893e+04
6.936753540146682644e+04
3.988073168232391123e+06
3.267635750813325867e+05
2.314528237246708595e+05
2.463361925624843861e+05
2.604458511842996231e+05
4.616346548603174160e+05
6.674657267705390695e+05
5.039237446854462032e+05
1.126147988262798171e+06
5.823771607750686817e+05
6.164818899390542647e+05
1.012002965128069191e+05
4.827148413114896975e+05
1.864989373109709937e+06
1.190233127876949962e+06
1.123508240276976867e+05
1.393242951344422763e+06
1.581455713872242195e+05
5.022959758776171948e+05
5.946246414408704732e+05
5.992110104897301644e+05
1.518976854431709507e+05
9.456835881068585149e+04
8.898521909850706579e+05
1.126512733488431433e+06
1.792800937528700801e+06
4.878131378815880744e+05
1.454276267488781014e+05
8.796114766009816667e+05
5.195760730097888882e+04
1.095504717095135245e+06
1.515512953708143905e+05
1.646933873251433542e+05
5.888498928054961289e+04
6.990991755968856160e+04
5.471857809251350118e+05
2.905159508457414340e+05
3.736181483619524166e+06
2.827596871504762094e+05
1.073883215809137037e+05
4.637463442145852605e+04
4.180997220868604199e+04
8.098733865234489786e+05
2.083535443096267991e+05
5.117594407821891364e+05
3.546606678271163255e+05
6.953499757413713951e+02
8.425851614024213050e+05
1.641197361799461942e+05
4.864275491605629941e+04
6.480265998293028679e+05
9.062850702249628957e+05
5.774420562694967957e+05
1.316041082599434303e+06
7.724910632816703292e+05
1.217628668849542300e+05
1.259893621798901353e+06
9.443366545312842354e+05
8.091318416655971669e+05
3.145585950128334807e+05
3.003577020596018992e+05
7.531083453146350803e+04
6.230440286515005864e+05
3.387760947013115947e+04
2.904211233414147500e+04
1.192940521404509433e+06
2.206114816632761213e+05
4.513687791558706085e+05
2.471746738764478650e+05
9.177842704445366689e+04
5.829106065215087729e+05
4.420314706642294186e+05
2.423360782952020600e+04
4.528672512217464391e+05
4.368998410588904517e+04
8.733056211893638829e+05
3.181760333056844305e+06
4.030617865238432423e+05
1.927281834697967570e+05
9.065325024398040841e+04
1.293549345204153797e+05
6.506173080226536840e+05
3.472564993432078045e+05
6.641360267220622336e+04
2.833716221533280532e+03
2.828063990427071694e+06
1.727363472552310443e+06
2.434881407723521115e+05
5.620653590055020759e+05
3.041296731206079130e+05
4.411061347447772860e+05
3.862872561071048840e+05
1.906645389785971493e+05
7.408044612246049801e+05
6.971149188081214670e+05
2.590641835510962483e+04
2.513472979809138633e+05
4.155095911143521080e+05
1.889590790869915509e+05
3.288131757383777876e+05
1.247424406118321465e+06
5.281399808260714781e+04
5.319613622126596747e+05
5.161039954510346870e+05
8.163769985319814878e+05
1.326228459948215750e+05
5.335776202989106532e+05
2.730899266190840397e+06
4.731847487976582488e+05
1.802327894087301684e+05
2.525318611425205308e+05
1.926612017112139729e+05
1.909874956849909504e+05
4.337784627929495182e+05
7.889615549184097908e+05
6.393124657234386541e+04
1.877675916846003383e+05
5.483507388234789250e+05
1.595884112829205405e+05
7.523139455901328474e+05
4.184164703218798968e+05
4.408882006664580549e+05
4.774909630010104738e+05
5.418571979885639157e+05
3.023982106340876198e+05
1.213815742672401539e+05
5.599393521960388898e+04
8.823822584371225093e+04
2.429707764026473451e+05
9.109227072961453814e+04
2.929161652976031764e+05
1.547494430848954653e+04
9.063815652965409390e+04
2.677950526753351558e+06
2.378419721453639067e+04
8.936500982969606412e+04
5.304257782139845658e+05
2.081106867789628450e+05
4.276202230443190201e+05
2.693063624911083607e+05
3.957114805291804369e+05
4.949154394372209790e+05
4.929980159691890003e+04
1.044302981572422868e+05
6.788539347098047438e+04
1.474773410971750272e+05
6.402077610319245141e+05
8.379455879475029360e+04
2.838906550923482864e+05
2.073407622822130332e+06
7.320584665988730267e+05
3.489635650140009238e+05
2.928235991659875726e+05
7.436466884337351075e+04
3.748424623871112708e+05
3.002292061717001488e+05
4.620341970274596824e+05
7.588113495589939703e+04
6.181072417227728292e+05
1.188721086399928899e+06
7.927903849941418739e+05
1.872735726234387548e+05
3.078959982569977365e+04
4.243664986571182380e+05
4.724822325165812508e+05
3.730661796875816071e+05
1.172526395670685917e+06
1.053767435737718130e+06
2.215247065989766561e+05
1.314571690162727027e+05
3.509528152408774476e+05
2.936029836885796394e+05
2.376848998538159940e+05
1.771395610005451599e+06
8.906628990495792823e+05
1.613812870898018300e+05
5.483495371757341782e+05
6.922268623752454296e+05
5.341744201845360658e+04
2.606530967786579567e+05
1.377415205606656673e+05
1.572541742566509056e+05
2.401951495954320999e+05
2.955064823289868888e+06
1.097325437558265257e+05
1.170335331041537866e+05
1.973294755892630899e+06
8.822419055265962379e+04
4.141585353081363719e+05
6.666515804307248618e+04
1.220882254420464305e+05
6.585766988262268715e+05
8.588145957989773888e+04
1.950290264024652133e+05
1.564404479448600614e+05
1.370384424081769830e+05
7.486614345981596853e+04
5.564546105700630142e+04
5.089024010842542048e+05
1.054693886112901382e+06
5.691454124550084816e+05
1.726283309509536193e+05
1.727394649611152709e+05
1.629174873269287345e+05
1.850275133336545900e+06
8.467297798457244062e+04
1.222301980322313175e+05
4.167707476023390773e+05
1.381533629729942477e+05
1.092016487989700254e+05
5.023078674680138356e+05
2.298811465394913976e+05
6.755884625970455818e+05
1.307285197201294941e+05
2.731265732805288280e+05
3.505711801390605979e+05
3.209021184868449927e+05
5.926129890489726095e+05
6.035703406329295103e+04
2.548915735124594939e+05
4.597514928558240645e+05
2.076411643729727017e+06
3.852393977782515776e+03
2.754633047243357869e+05
1.609121099741067155e+05
1.260162689190347912e+06
9.657106681973757804e+04
2.151224576348772098e+05
1.301728004332735291e+05
1.113654905853115342e+05
2.490766518092053884e+05
2.280075184437853750e+05
8.915025958082317375e+05
5.669478943743698765e+05
1.184387478608935198e+05
4.261892581604588195e+05
1.954506211941746005e+05
4.054650373491951032e+05
4.174264185050858068e+05
6.834086798395824153e+05
2.156890495549853076e+05
4.588475251163012581e+04
2.051957374854751979e+05
1.580243020738953201e+05
4.270226540590485674e+05
1.709519394366290362e+05
4.200654169021748239e+05
1.148781852686900238e+05
8.777905607749357587e+05
1.124342012973385863e+06
1.113680236618220573e+06
6.446102662499833241e+04
5.611807349083564477e+05
1.137077591616631398e+05
5.396428798798820208e+04
6.154837469257032499e+06
1.200768341306402115e+06
1.358873355643938296e+06
2.527718261938266514e+05
6.464122105800460558e+05
1.146981036246250616e+06
9.096425098654624308e+05
8.841157310349241016e+04
6.389461931356582791e+05
1.533305759240581829e+05
2.997008720245520090e+04
6.326689472878891975e+05
6.750514613109107595e+05
2.350020675270236970e+05
8.664749261526409828e+04
8.933481929549126653e+04
1.328990779229900800e+06
1.770187588570975000e+06
5.889015487728838343e+05
7.861152160228379071e+05
9.439011421279486967e+04
3.740809981940581201e+04
1.822049904701004270e+05
9.759666904647117481e+05
8.743577512956988357e+03
3.618316498774347710e+05
3.112071048829784617e+06
6.446308653359744931e+05
1.998823487373644894e+05
8.106151045346102910e+04
2.457944208038752186e+04
3.065494974804794401e+04
8.349819896876376588e+05
1.141079979142311728e+06
5.308338615910307271e+05
1.342876195207547629e+06
1.180582791878807475e+05
1.911661003454484511e+06
4.584868860809142352e+05
3.847581164893158129e+05
1.865076146446718776e+05
7.987769324783710763e+05
4.353031431775529636e+05
5.002786202696672990e+05
5.107989241762479651e+05
8.027956653861843515e+05
1.600839518732329307e+05
5.782399063434103737e+05
9.371194915462825447e+05
5.556075349398278195e+04
4.538787989284503856e+05
2.247983462256928033e+05
8.337287987621292996e+04
3.397395659969367262e+04
6.816894348676513182e+05
3.367250840728380717e+05
1.676537547448803380e+05
3.745153883537215879e+05
1.964036045343683101e+06
1.643756937034233706e+05
2.881930486227774527e+06
7.110547774718013825e+05
6.338885715153323254e+05
2.052414928291759687e+06
4.411991130363409175e+05
6.466724592327993741e+04
3.433386999243911123e+05
2.720305902263223543e+05
4.658437695676456206e+05
1.652198252368817921e+05
4.791479598440859118e+05
2.391353252846215619e+05
1.780633683787094196e+05
3.213057410446261056e+05
6.991841891332977684e+04
4.646842662113726255e+05
1.459993617997887486e+05
3.446008446479499980e+04
8.319655487909713993e+05
1.794963643272823654e+06
4.321536283524181636e+04
9.912981725082146004e+05
1.038958876746236579e+06
1.319461063641911023e+05
3.627403497713109944e+06
4.175066447670686175e+05
1.299140437041636556e+06
9.484939321979155065e+05
6.988423373614285374e+05
9.787859084538690513e+05
4.210333611308623222e+05
7.278519573966620956e+05
2.862517796215176932e+05
1.374481908403839916e+06
4.840451590369514306e+05
3.802352333477116772e+05
8.889978256471078203e+04
2.084244297192625527e+05
1.529594133780194679e+05
3.084232866261966410e+05
3.390652949209994404e+05
2.474900571883236116e+05
1.932076566447949735e+05
5.138138881089505740e+05
4.620136114318171749e+05
7.677821615021103935e+04
5.652169590817909921e+05
9.565183539542503422e+05
5.096231556543132756e+05
1.271371034853135643e+05
4.146094563044147799e+05
3.158566001835672650e+05
1.028853055438035750e+06
4.463319092578465934e+05
1.987707627345447545e+05
1.758104244183737319e+05
1.072541471631478635e+04
2.260180737048325595e+06
3.984824380681425682e+05
7.751958262978391722e+05
4.395657854406356346e+05
4.541646613612679648e+05
4.442716827910691791e+04
4.624269299357020063e+05
4.754924761624101666e+05
1.096071003468586132e+06
2.763079964413411217e+05
2.118841876039697090e+05
5.583589825909306528e+05
1.051014202476825565e+06
5.373413211379543645e+05
3.961914784946339205e+05
2.934675265983745921e+05
3.105414140114217298e+05
3.211965364369428717e+05
5.438823790615694597e+05
1.077680329822789645e+06
3.638848639180397149e+05
5.247942289537121542e+04
8.049180413570137462e+05
2.130048461368771968e+05
2.090781601777150936e+05
3.654972984016210539e+05
2.414235415164508740e+05
8.993183681709808297e+05
8.808449603383622598e+05
2.720433152287260746e+05
2.085851337657705299e+05
7.902983214422852034e+05
2.796879861033523921e+05
1.629271459528637351e+06
1.309094733141861390e+06
1.060419692019207578e+05
1.215815742105601355e+06
2.833605510163755389e+05
7.217659739225382218e+05
1.486661081955828005e+06
5.138032587721988093e+05
9.915572564374429930e+04
9.466082280079521297e+04
3.659137657943211030e+06
2.254784555458984338e+06
2.852260397484843270e+05
6.378911024044177029e+05
2.794500522691402002e+05
1.658937178068215726e+06
1.537576732537428325e+05
1.971936418239012419e+05
2.975592421345001552e+06
9.970859099410897761e+04
1.377761206237081933e+04
1.989690481046009809e+05
1.421312264912551327e+05
5.308113825623759476e+04
2.922978658513529081e+04
4.128640590051675099e+05
1.188519356294467143e+05
3.947319642141832737e+05
1.218304553161987278e+05
2.507953621504376351e+05
5.834114243395028170e+05
1.293981658375135448e+05
2.226376058425521769e+05
2.213524230659496243e+04
7.840767549348973262e+04
8.429308943637356861e+05
6.291635116039049899e+04
5.685559814934190945e+04
3.169628399491515011e+05
2.547487084458950849e+05
5.432501541671920568e+05
9.649873231388951535e+04
1.617840827104086202e+04
4.146160264522478246e+04
5.682807672944796504e+05
1.688689995229845867e+06
5.110628576420611353e+04
3.096332884352394613e+05
2.282682851004498370e+05
4.531061721562977182e+05
9.327291060185041279e+05
2.238405580582899856e+05
8.050673419191646390e+05
1.509680301250645716e+05
3.625668493002360687e+06
4.576048090035763744e+04
1.019017486636040849e+06
1.021429036859345506e+05
1.185518999311225198e+05
1.313326221766127739e+06
2.642859208637610427e+05
2.344931511972963053e+05
6.557300864546421217e+05
8.234382725014312018e+04
4.670153683824489126e+05
4.734971341958036646e+04
9.127808492974060937e+04
1.310588153405799239e+05
2.302009076369995310e+05
5.440063586783388746e+04
1.682545150835596432e+05
4.509035458525457070e+05
1.190302408239463111e+06
1.115987515716740745e+05
7.174498481270042248e+04
1.218733790280378744e+05
4.872294919052255573e+05
2.371409329818523838e+05
9.750681088890909450e+04
6.960579526013968280e+05
3.969424546481018770e+05
5.979319350438468391e+05
8.325215037625788245e+05
1.711539888990143081e+06
9.013847910859102849e+05
1.077378587038248079e+06
6.606381837201000963e+03
2.279972127358791477e+04
1.637313508597089094e+05
6.536110821682661772e+05
6.403530590581507422e+05
1.046252851340920199e+06
1.562632785181819927e+05
2.606186251683381270e+05
2.102912528690430045e+05
9.665494140958524076e+05
4.270545386960405856e+06
4.193452895902820164e+05
1.781545641104182578e+05
1.660993006638112129e+05
2.581095229771497179e+04
6.230793062200443819e+05
2.893595975982473465e+04
1.178666333580473904e+06
6.635133490552018338e+04
1.338864748293860466e+05
1.985679972987929650e+05
7.428086197594158584e+05
1.210259899982756906e+05
5.000661835689567670e+04
2.247010695330920164e+06
6.423121396259161411e+05
3.398923713861993747e+05
4.281361738719830173e+05
1.169785542695009062e+05
7.992100491113491589e+05
3.969759620430996292e+05
9.802976413815557025e+05
1.650091590062194038e+06
9.168995112462261459e+05
1.538814990083827288e+05
4.082581527022765367e+05
4.018548868857445777e+05
3.011553115827342262e+05
3.057215181550253183e+05
4.141964775262650073e+04
2.715582522052364075e+05
3.406103075890975888e+05
5.598452078519858187e+05
1.561534825178193627e+06
1.084561492344603903e+05
4.849639397173274483e+04
1.316880976250758395e+05
6.179040419547314523e+05
4.737671777006351040e+05
4.306110990993090672e+05
1.621844061618218897e+06
5.032812569414099562e+04
1.761532140053769108e+06
8.162099515842090477e+04
1.642624876001360826e+06
9.410539142846247414e+05
1.828198704264568223e+05
3.281844168638085248e+05
7.758206276551609626e+05
1.047073245976434671e+06
4.475633910010363907e+06
9.627205844898229407e+04
2.578887478064424940e+05
6.111093888065046631e+05
3.464753561475970200e+05
1.360895215017049923e+05
9.434473436057189247e+04
2.345240469098862086e+05
3.624342819950194098e+05
2.203206064739191424e+04
3.524747868260171381e+05
1.070705249334782129e+05
1.343136974188995955e+05
2.650861954230591655e+05
2.265707394013561134e+05
4.151921424569567898e+04
2.912000314386345417e+04
8.790033665149527951e+04
5.350432475253031589e+05
3.412938496585730463e+05
6.778845874201607658e+05
1.945392241299898829e+06
3.875603200646052137e+05
2.274275928854131489e+05
9.526482555553295242e+04
1.028134117076327238e+05
8.455600571192862699e+05
1.580316055428227410e+06
8.091251308087936195e+04
2.460478313607199525e+05
1.098480421906489064e+05
5.297483113718479581e+04
1.940984604825225833e+05
2.282234539326895960e+06
5.612767066312601673e+04
7.563822888298580074e+04
2.595096507292074384e+05
1.921766838223333762e+05
1.340307124749644194e+06
5.251044335221244255e+05
6.952887866824843222e+05
2.639373432362219319e+05
1.799021837374057388e+06
4.293259787112648482e+05
2.116561507114529144e+06
1.424452977661475074e+06
9.783311515637362027e+04
6.641245658154637786e+05
7.815055950769441552e+04
1.116506545225622976e+05
1.844245646232014115e+05
1.831918560333529720e+06
6.476654871121936594e+04
7.892724491628024261e+05
1.913856515883552202e+05
2.158135827056527487e+05
6.170824428049088456e+05
1.851786499462209409e+06
8.428558072960025165e+05
9.250033894375484670e+05
9.173792198380921036e+05
3.960054223027719854e+04
4.020206628732051740e+03
1.451606471444065101e+05
5.900420402501554927e+05
3.717828144636888755e+05
4.034283819234525436e+05
2.746953551898723817e+05
6.030099220114250202e+05
9.340830075832769217e+04
7.522513710977416486e+05
1.083706498214307212e+05
7.995276761840275140e+04
1.242002623478017747e+06
5.245763943770353217e+05
3.900379011740502319e+05
3.854284273882235284e+05
2.099042507503954403e+05
5.816352232820745849e+04
2.105438704154919469e+04
1.540758155990915839e+05
3.442812530593673699e+06
1.338117369440685070e+04
4.838096506306554656e+05
2.576289057411203627e+06
1.242282685464517679e+06
1.981692283572841261e+05
6.448254424037525314e+04
3.127630899709455203e+06
1.314915887510705506e+06
1.118271040241152514e+06
3.215983603278692317e+04
1.051267722489598527e+05
2.849424875161027885e+05
7.468311628247126937e+05
4.839370001726017217e+05
3.421861144988338347e+05
7.417540118167883484e+05
8.707346279515208444e+05
8.851710790582827758e+05
7.628930448532872833e+05
2.673246837049421156e+05
1.916350057299568725e+05
1.160342014463835076e+05
1.820700223414550535e+06
1.599674632144379895e+06
1.018397753828938148e+05
2.617757342884290265e+05
3.311603015649274457e+05
4.935693778969380073e+05
1.035751762645327370e+06
9.501738761258026352e+05
2.720611782324781525e+05
1.912198826030800410e+05
1.242828463262866251e+06
1.001459412240164529e+05
5.305870254351780750e+05
1.501155953327745374e+05
3.984305897014429211e+05
1.041779136953845446e+05
6.361152246610241127e+04
1.619470287056190718e+05
1.576619995222041383e+06
1.329410068974186201e+06
1.767424477125981939e+05
3.971179768673630315e+05
1.495221054569450906e+06
1.075987218162062112e+06
8.810078129836529843e+04
2.617398574327106180e+05
1.822988830021061469e+06
7.696297381879221648e+05
2.469673511329867324e+04
4.223286609709456097e+05
4.374477289444876951e+05
2.959346170624254228e+04
1.893428826272978622e+05
4.697819071192867123e+05
2.996069209753883071e+06
1.581076857129003620e+06
2.020392329730169440e+05
1.127650012019892689e+06
3.011771047811792814e+05
4.745143974361726578e+04
1.033132876943774027e+05
1.652571274803434208e+05
2.508798685895779927e+05
4.028281861794114811e+05
1.841206290645493194e+06
4.141773792746512336e+05
6.903501737038283318e+04
4.576930250192248786e+04
4.996245074253422790e+05
9.057496107859429321e+04
3.873632571244870196e+05
3.601729233302907232e+04
5.275263853739377810e+05
1.639859198603066325e+05
2.823569672717848443e+05
5.761352697991969762e+05
4.665229709432813106e+05
3.990770756013403879e+05
7.085893878037652757e+04
2.416495089634456963e+05
6.746400047012431314e+05
6.335977955633483361e+04
1.362311578951956937e+06
1.582812396109480178e+06
7.657479636291963980e+05
4.195245595451106783e+05
4.922724295350578905e+04
4.706588120993812336e+05
6.527529737222241238e+05
2.774810956572290161e+05
4.329160358913581586e+05
1.524098965307036124e+05
3.285384935079111601e+05
3.955310398743439873e+04
4.414896864837885369e+05
6.562879389500331599e+05
2.223500258096531325e+05
6.016689823443869827e+05
1.697229297770424455e+05
3.313264136606662069e+06
6.177097265011088457e+05
1.017468380192929646e+06
5.153507513130383450e+04
4.910035851759908255e+05
1.080439838360469788e+06
1.897924044801644282e+06
2.410017597320887726e+05
7.039354478188123903e+04
2.676375938799775206e+06
2.165241467187292874e+05
1.955503590690387646e+05
1.130437748836928222e+05
8.707617148914654972e+05
1.010597982646606251e+05
3.167738944989810116e+05
4.840241633278503432e+05
9.288846011410398933e+04
1.003718485550065176e+06
4.063626851798492135e+05
4.487676236984386924e+05
5.021231717797213350e+05
7.584773856575734681e+05
3.623536110007287934e+06
6.213243578818785027e+05
7.740340827731862664e+05
6.971514178127930500e+05
7.970641800156301179e+04
1.102354353407909948e+05
4.672106526085132646e+04
5.180646681488418835e+05
4.630682880305042490e+05
1.207313013488234719e+05
1.714063806168854935e+05
6.722929580271968734e+04
2.626625066574044758e+05
1.335409218131866364e+05
1.515620147456116509e+06
4.825654769424542319e+05
3.587935545852066134e+05
1.141240946967782453e+06
8.539179905587475514e+05
7.411530722821594100e+04
2.845358641853858717e+05
9.821138260238289367e+05
6.406698747181240469e+05
4.626424173132929718e+05
1.433239494259229628e+06
3.185917870271714637e+05
1.796154880695136380e+05
2.044924548073814658e+05
1.082234769254890562e+05
3.439843870138025843e+06
3.142839030902043451e+05
9.788150625444568868e+04
1.331660704396938127e+04
1.046182665705505497e+05
1.491206723681495932e+05
1.899649213379479479e+05
8.985127070191061648e+03
1.435213013875156466e+05
2.281003006507698738e+05
8.189568989383072767e+04
2.975534990791187374e+04
9.655786372438846156e+05
4.318952968545464100e+05
3.446319431187246228e+05
3.315324935877187090e+04
2.763881079391833628e+05
1.880601047100014403e+05
9.398869907330357237e+05
1.073259563148554880e+06
1.542540395944807642e+04
9.895060678120590746e+05
3.095697313160391990e+06
1.147438864487840561e+06
9.213885344720997091e+04
1.318805618928066397e+05
1.340099373693194706e+06
1.189713465497673460e+05
1.807366305803208612e+06
8.695445252287522890e+05
1.001429720351219585e+05
1.632855203039553016e+05
2.715475247522508726e+06
5.676233407597604673e+05
5.317060291337488452e+05
5.736841261195247353e+04
4.861183791787616065e+04
4.351168237972440693e+04
5.868411885613800259e+05
6.151346712532745441e+05
4.234194688022632035e+05
6.183155502322754182e+04
1.358347122041571129e+05
8.838271969423076371e+05
8.114923245604319964e+05
1.440872980995343823e+05
2.434006713248798769e+04
2.306483773346453963e+05
8.729216355025384109e+05
1.017868649572434224e+05
9.946298482274761773e+04
7.129158718111439375e+05
1.447857661919513776e+05
9.265053862425040279e+04
1.990093909684731159e+06
1.659407868887220975e+06
1.653890146146963816e+06
3.626365547975532245e+05
9.928707110191381071e+05
4.788256887966900103e+04
1.088581794605360366e+06
1.858534427053024294e+06
1.248714059492637403e+06
2.012224362438469543e+05
1.269877697314260586e+05
1.437473316042470513e+06
2.133497256462694611e+06
2.600419995186443848e+05
3.756015647915491136e+05
2.458876123115489725e+06
9.471344192018834874e+05
2.027434869409223611e+05
8.638792844953974709e+05
4.200850665120377089e+05
9.109341629595528357e+05
2.719101115371133201e+05
4.510462191112283617e+05
2.016951858544329647e+06
1.558766087591953692e+05
2.576804234105654177e+05
1.124835109198860824e+06
2.032975910230318841e+05
1.760148009706968151e+05
4.142594018878577626e+05
9.989614599370639771e+05
1.174475537971614976e+05
4.401129502961050603e+05
1.031129712323786516e+05
4.944226645385205047e+05
2.384910125076302793e+05
3.877351419810527004e+05
1.048397698528440902e+06
1.213421953186870320e+06
1.264742374067784112e+05
3.918065087938869838e+05
5.258164593708284665e+05
1.816112234230614267e+05
2.902579584450105322e+05
1.122188564933939197e+05
2.711742728963046102e+05
5.013878388588949107e+06
9.758467178084462648e+05
1.311942572719141375e+06
6.371205639596653782e+04
6.942949205166272586e+05
9.186494983433464076e+05
2.791560441284461413e+05
9.373962307912195683e+04
6.797677119327710243e+05
3.231699840602311888e+05
5.466116554002834164e+04
4.898200450314785121e+05
2.181049150467854459e+06
8.429833811731101014e+05
2.729736104805875104e+06
5.796014759499941720e+05
1.318113740059312899e+06
7.002444954869948560e+04
2.792777197455667891e+06
3.936844428510416037e+04
1.990055708069308428e+06
2.142932058222050255e+05
2.872978183466525516e+05
2.259053866795985959e+05
9.849194135998480488e+04
3.715667948674301151e+05
1.008671199480221490e+06
4.854599612883615773e+05
2.501738795934386551e+06
3.644543418027857115e+03
2.992030634547641501e+06
2.754189072915559518e+05
8.321986046801373595e+05
4.844236099737171317e+05
1.879240811845150776e+06
5.622390680118466262e+05
1.349298223949460546e+06
1.674902298649876902e+05
9.193464522922455217e+04
6.486671013284396613e+05
5.270782723779719090e+05
2.824917653950308450e+05
7.538576910377606982e+05
1.239587807702776743e+06
3.856957534674748895e+05
3.564528821661427617e+06
2.704503760746108601e+05
8.326543812591725728e+05
7.612971980394342681e+05
4.852780329982482363e+05
4.230709652598325192e+04
2.348122774518373772e+05
5.445927005285360792e+04
2.949701755766756833e+05
5.878385079857753590e+05
1.600355929302610224e+06
1.504214233458963863e+05
1.104377158921441063e+06
7.848236426248799544e+05
8.735815326973865740e+05
2.664792749333272805e+05
1.137971199453565758e+06
4.005424675646080286e+05
7.097043860612080607e+04
6.820221628057581256e+04
1.099413582290665217e+05
7.680454147384180687e+05
1.132369351540660486e+06
3.071836527721515158e+05
2.575928121169672813e+05
9.994298023876869411e+04
5.990180878712031990e+05
2.458577479083855724e+04
4.674067944501790771e+04
1.408516040016335319e+05
1.242326211711865384e+06
3.981271346981336828e+05
5.185767942780009471e+05
3.272990234559620731e+05
4.084625534640523256e+05
2.658536697426293977e+06
8.912042156887776218e+04
7.664954787276217248e+05
6.103562170862394851e+05
7.975799866589158773e+04
1.699864069634002226e+05
2.666259557495352346e+05
4.599393812551048200e+02
4.424249052710430697e+05
6.346974703484913334e+05
2.309452775396761426e+05
1.367152731765389908e+05
2.463516644413594040e+05
4.116145479852550779e+05
1.478847955703783664e+05
1.412544418492132332e+06
1.560384042601488909e+04
3.423763724527059821e+05
5.499796032876290847e+05
4.227084626539224992e+05
1.457289690035078442e+06
9.539418977799125714e+05
1.634781357487685978e+06
1.695771910549054854e+06
2.028722952261829632e+05
4.906970447667051340e+05
4.868249176231120946e+05
3.951441400835142471e+06
1.162487037434058497e+06
4.232900286515107378e+06
4.810848729361665028e+04
1.357005602677258197e+06
7.092023451539868256e+04
3.872907127550379373e+05
2.678479403166726115e+05
3.915473250797696528e+05
4.587517833776201587e+04
8.933949493947734300e+04
1.424451129379912745e+05
6.344734212608840317e+05
1.958796636494517734e+05
4.664457406671832432e+05
3.451444622159214341e+05
5.858536671220258577e+05
4.881683032495957450e+05
6.316328990033669397e+05
6.834079113734277780e+04
2.231074927857086586e+05
2.025386731066225329e+05
3.273924484738411848e+05
1.463778096754305996e+06
9.841833707847990445e+04
3.159996727559561841e+05
1.857585465549606131e+06
3.108035272840225953e+05
6.610123486902433215e+05
3.168871305358896498e+06
1.806394043742692156e+05
4.651702663459597970e+05
3.750803034986549173e+05
1.611536218017980282e+05
4.629663121239282191e+06
3.784771022854578769e+04
2.451680875718715542e+05
9.414846239262653980e+05
3.048537170556987636e+06
2.533123347462671809e+05
2.768635768002306577e+05
4.891503496171292500e+05
1.812738488217461854e+05
3.387120258181376848e+05
9.506684146287889453e+05
3.356354366350991768e+04
1.005972421962415101e+06
3.598570511371777975e+05
4.199958357829461456e+05
7.330955858728524763e+05
1.823954759651379427e+05
1.703188512761706079e+05
1.460211066868703056e+05
5.817382146334099525e+04
3.060850778277226491e+05
3.284255140980407014e+05
4.287896320254906313e+05
3.444114046654762933e+05
1.376774472783876408e+05
8.269374243436295073e+05
2.784243912951992388e+04
2.781573974411624949e+05
6.639717029870755505e+05
4.722386199601624976e+05
1.218136412389458128e+05
3.785292403867645189e+05
3.054749146150869637e+04
1.122185283491136215e+04
1.825827468521064729e+05
1.834240206449810648e+06
1.094718880830644397e+06
1.099915873810338526e+05
5.392560137447315501e+05
4.821355606771302409e+05
2.252780980880965653e+05
3.090660502131472807e+06
8.816577882875353098e+05
6.790954760231913533e+05
1.969178372707929462e+06
9.825039794040916604e+04
1.474869425094616134e+06
1.342053212496652966e+06
3.150104902167113614e+05
1.416874433633658045e+05
3.450084378772114287e+05
1.073308218765756901e+05
2.163680006292581093e+06
2.840902848698796588e+05
1.665810415652509837e+05
2.144097580900616304e+05
5.281042510668992996e+06
6.127081349497002084e+05
2.651765228516501957e+05
4.104159482658401830e+05
1.020822003198715625e+06
2.143691464023070410e+06
1.087694182152919238e+06
2.120504828772966575e+05
5.240441084764995030e+05
4.149869826301097055e+04
2.817498312118000831e+04
2.422690233091581322e+05
1.180824479054840747e+06
1.138917770922351920e+05
1.284906119173087180e+06
6.083866726499758079e+04
1.382322259752978804e+06
6.320230192698538303e+04
7.330864955399402243e+04
3.581249281850522384e+05
2.435542548988597118e+05
1.392193013127192680e+05
1.691138833243258996e+06
1.350389448928673286e+06
1.399075528347016661e+05
1.658090485078481957e+06
4.869361795773327322e+04
1.132285243913557206e+05
2.038077622215232695e+05
3.923054595338713261e+04
1.701099010221022472e+05
2.589804210445755234e+04
1.050638090117486659e+06
5.557196589060605038e+04
8.982545761068278225e+05
3.508855239705480635e+05
1.264734364829131169e+06
1.901348658167778980e+06
2.965307316962186014e+05
3.869672689797802595e+05
7.871927680646273075e+05
9.041943466184692807e+04
3.308973102399717318e+05
1.936029395033134148e+06
1.464224342663666175e+05
1.284558826557221619e+05
3.544766345903567708e+04
6.158355870280941017e+05
1.541907710448927246e+05
5.251034923644824885e+05
8.125818353670729266e+04
1.358817806438012049e+05
2.355380309126827633e+05
1.559960903500797926e+06
7.743461968026276445e+05
8.386082089526995551e+05
9.513534708419220988e+05
2.595494293248361442e+06
6.346712692294686567e+05
7.051231775510609150e+05
5.169627746410334366e+05
2.293269818329706904e+05
1.398896678232930426e+05
1.015697955122078565e+05
7.819095211514921393e+05
1.713038259914109658e+05
2.910052877231643070e+05
6.315847360960685182e+05
7.683645141947084339e+05
6.770535040758533869e+05
4.730388293500671862e+05
6.554474485824719304e+05
8.562765684449882247e+05
9.297273447550813435e+05
9.047262613282335224e+05
1.544273965977901826e+05
8.667817262139546219e+05
5.564250865975257941e+06
3.621307541478172643e+05
2.591637966058256570e+05
1.173399947925091546e+05
2.655057898389473485e+04
3.432062466051898082e+05
9.380362085701228352e+05
2.305207488317924726e+05
2.744080839185456862e+05
5.690714045267393813e+05
4.539320962178891205e+04
8.109898790570796700e+05
5.527331845572945895e+05
2.934503240291926777e+05
1.996512609284005157e+04
1.687637263426165737e+05
1.067135543192607583e+06
4.429594592677461915e+05
3.954804842127556331e+05
2.154893966543731804e+05
9.737654532951794681e+04
6.845818897177075269e+04
3.631703859710766119e+05
1.869489250010637988e+04
1.995174255372752668e+05
2.878240076651195704e+04
7.159668361060445022e+04
1.760246251596918562e+06
8.382701292399442173e+04
1.215718015177144203e+06
1.998149458543406217e+05
5.821059963086470962e+05
2.462292891091069614e+05
8.438576447361640166e+05
8.538918732403682079e+05
1.696440629660014529e+05
1.585128975295329466e+06
1.338898365642276127e+06
4.912877575543715619e+06
4.772136107371038815e+04
8.692591090325969271e+05
3.714774557569910539e+05
1.218117217861511599e+05
1.815443150238373346e+04
1.410920319157096557e+06
1.088817322125261853e+05
7.121622328729199944e+05
1.133947548286545643e+05
4.341875554086992634e+05
2.826613716350264804e+04
9.076287525149416178e+05
1.109658595291057572e+05
1.884702332626653952e+05
6.109489865101523465e+05
2.698805916133916617e+04
6.097678997170580551e+05
1.512631552149855997e+05
1.266806811952540738e+05
3.021415188439294579e+05
1.100020163325376780e+05
8.503467978471498645e+04
4.323968104508795659e+05
3.196583181648662430e+05
3.082063233863115311e+05
1.197113360303126683e+05
2.637539226926300675e+06
3.984080045664072386e+05
1.324364382744834526e+06
1.615102967958882218e+05
2.236427810321871657e+05
5.088920923908775672e+06
1.998034739105603658e+05
3.114335321633608546e+05
9.788396034030712908e+05
5.658411076466526138e+05
6.421409120686932001e+05
7.431819068680037744e+06
6.643166607057015644e+05
4.635231071390984580e+05
3.686212081934591988e+05
8.212261568108467618e+05
1.090749174019085476e+06
9.053880164817041950e+05
1.401998489003388211e+06
9.477304700485960348e+04
1.883027637263242854e+06
1.967690677784354193e+05
4.623740791733752121e+05
9.678909075315717200e+04
1.020052046509324282e+05
2.078942373813899001e+06
7.959894530425774865e+05
3.358004365193272824e+05
9.178411062367450446e+06
2.376321887567514204e+05
1.910927081915831077e+05
1.715984366807229526e+05
1.454266607123738853e+06
1.660594651464694762e+05
1.847623155106277554e+05
1.536431375095648400e+05
8.790115910267243453e+04
2.280610115876799973e+05
2.576939187065960374e+06
3.136450656024610624e+06
4.751481330277716552e+03
2.297674940442513034e+05
1.027690767860053893e+05
1.526888564845024084e+05
1.436297292207315564e+06
4.053786529227184365e+05
2.240754411223066563e+05
3.336139162556629162e+04
9.183636915318887623e+04
4.404990666229067137e+05
4.354239872534272145e+05
3.372565265750971739e+05
7.949442079331587302e+05
2.468271605299150106e+05
2.573431655883521307e+05
1.033434455982155749e+06
3.748636834948332398e+05
6.011378310244903696e+04
4.003590164430169389e+05
2.017203812196065846e+05
1.227219065194181348e+04
2.672839246209744015e+05
1.047457834998645994e+05
4.847050636881656828e+05
4.171808263964004436e+04
3.281671015150110470e+05
2.127020546791635570e+05
3.344491123760920600e+05
2.850436887865369208e+05
2.689597856622057734e+05
2.252677026473001752e+05
1.150161894060133345e+05
1.011388211660528032e+05
1.280319194300286763e+05
5.222224666388918413e+05
3.283826443170202401e+04
2.826237032499231864e+05
1.213304306402010407e+05
6.033664582911543548e+05
3.919105032586202724e+05
1.043078130624372279e+05
3.206538724018114153e+05
2.355861960135808040e+05
1.900514634711512132e+06
1.427610360759196337e+06
3.867944886313363095e+05
1.051045284197576810e+06
5.041084425195889780e+05
1.422693050181114522e+05
2.239977025922491739e+05
7.645542530277016340e+05
2.006566541982938361e+05
7.364973774129062658e+05
8.960492216595557984e+05
5.333506756168572465e+05
6.751267939842618071e+05
6.748059780663048150e+04
6.154682849552698463e+04
3.336551301776447217e+05
2.795914027994975550e+04
2.405674128845477535e+05
1.459880475883085455e+05
3.010449799905167310e+05
3.642021617035751115e+04
3.305114785493061645e+05
1.782618500118654454e+06
1.454065656879210728e+05
6.070650888442451105e+04
2.202122195292773831e+05
2.037498284736779533e+04
5.959403619587483990e+04
2.463275113090820087e+05
5.435440970054838108e+05
3.528308438439190504e+05
8.960927905847101938e+05
8.432874673665961018e+04
5.025561568444388686e+05
6.681091705830061110e+05
8.189920613332953071e+05
1.450444058836172917e+05
3.400885398916104896e+04
3.717535323997905944e+05
3.988318924158097361e+05
5.132110407831440680e+05
1.640453533156214980e+05
5.060677210897034383e+05
4.905533385924161848e+04
9.090168297067397507e+05
5.286474705229811661e+04
5.416748242893678835e+05
1.517597949118081597e+05
2.898047455205153092e+05
2.290367918433438754e+05
2.191164674925863510e+05
7.013922662170479307e+05
2.716939358314030687e+05
1.545424096976267174e+05
8.788078329051685287e+05
2.099552287184545421e+05
6.457355219167092582e+05
2.231941504401272105e+05
2.333336666180534230e+05
2.541186934735780815e+05
1.589479480577104026e+06
4.050047409269739092e+03
2.697133040592329417e+04
3.160618550041298149e+05
4.209411990277153091e+05
2.179019266345180222e+05
1.905614920477422129e+05
1.119204577273029136e+06
7.677329576547387987e+05
8.140407180808791600e+04
1.067057878249521367e+06
1.183775281461111736e+05
2.309410782862071355e+05
8.154221240337755298e+05
1.924410549194123130e+06
1.377578218794179556e+05
8.174061179358074442e+05
9.751121292547075427e+04
7.892418015873796539e+05
3.237837551302409265e+05
5.819027557689672103e+05
5.702305446583796584e+04
2.381454002287994954e+05
4.588056269584721304e+05
3.203318615112733678e+05
1.345770529783861712e+05
3.823212233494200627e+05
4.088359155157962814e+05
4.568623101782953599e+05
4.927250059467672836e+05
3.098707096540349303e+05
3.423097592804155283e+04
5.517959214564001188e+06
1.772655592824029445e+05
1.070197674687983934e+06
5.460588707365011796e+05
3.696081065295843291e+05
1.271542397833380848e+06
6.125154567380119115e+05
6.127739345659536775e+04
6.679790509181890229e+04
8.313794740592974704e+05
1.432577018985857023e+06
1.170103676335842465e+05
1.677015482513762545e+05
1.514181641265005455e+05
3.093553246915808413e+05
3.473967015430030879e+05
1.045164742626673658e+06
2.184529513667611463e+05
7.051457722815794405e+05
7.732211896088726353e+05
5.414632213131141616e+05
2.063557446930880542e+05
1.127400049220274668e+06
3.575636788881537359e+04
4.109654799831049168e+05
5.922700653825800400e+05
1.963324178009019932e+06
4.211146060697666690e+04
4.951080311817317124e+04
1.528573079091612017e+05
3.904250777276000463e+03
1.706678470047840965e+05
3.017938096848285059e+05
3.848521471171807498e+05
3.921612868770407658e+04
2.989300206374655681e+04
1.160575458856719633e+05
2.426884523304593749e+05
3.250921295006034197e+05
1.599338402208384468e+04
1.203775107286840910e+06
1.140685688512168272e+05
4.140395415953088668e+05
1.484555090027794649e+05
4.155270517800162546e+06
1.428158665233181091e+05
5.827680866452315822e+05
3.389200436058070627e+05
6.036201657189781690e+04
8.542353158236389572e+04
1.206092982990170858e+05
3.892483163228639751e+05
1.938080556570650369e+05
1.059786954508821480e+06
8.050272372174521443e+05
3.466392707124678418e+05
3.291214093858914566e+04
9.701248241156357108e+05
6.787842314749838260e+04
6.033576479221498594e+05
3.441781921553201973e+05
1.779430956449252844e+05
6.609843193119436037e+05
1.772154138858536608e+05
2.700151009269907372e+05
6.676752284314481949e+04
2.200015054473573982e+05
6.661182786142865370e+04
1.928258442440935469e+05
2.038303931228399742e+06
2.616382442012131796e+05
7.509133625466111116e+05
8.422020373894310324e+05
6.005201910641189897e+05
3.155587588040577830e+05
4.223055432552619459e+04
4.148652217616963899e+05
3.765156466005071707e+04
2.650063054591555265e+05
5.131788451427614782e+05
4.341529500618246384e+05
4.220053986856701667e+05
2.942998012236287468e+05
1.596468119695769856e+06
6.828421497045909055e+05
1.017211256003078743e+05
4.970643925940483459e+05
1.157853355914049316e+06
1.747821499942899973e+05
2.073955562696940615e+05
3.255064548231468652e+05
1.795753094573021808e+05
4.315590635128667927e+05
4.927211736346532125e+05
1.235446864909281867e+05
2.303068812883973587e+05
1.366953460309812101e+06
8.004562978611029685e+05
8.854108020099777495e+05
1.290226651243673841e+05
2.812840166390594095e+04
1.309086512002674281e+05
6.373809474964045221e+05
6.889383177926695207e+05
2.305425117150926671e+05
7.024843475361451274e+05
5.629626495829552878e+05
2.351875020719671447e+05
1.464622661907865840e+05
5.215809266796345764e+04
4.249036427102519665e+05
1.088605948336709989e+05
5.688760511726534605e+04
1.365749297410756408e+05
1.412127692971292126e+05
6.837875596721570473e+05
8.953274604598649312e+05
3.613933583370224806e+05
1.643336368031486636e+06
3.218105045814127079e+05
1.009409719571728376e+06
7.907349109903862700e+05
7.125479420079771662e+05
7.027222610005489551e+05
3.731874739864006639e+06
1.615543855886707781e+06
2.352891256265675111e+04
2.949277913587733929e+04
5.158369564008474699e+05
2.404804307379663805e+05
7.776664761800208362e+05
6.777812920527227107e+04
6.839297883768151514e+05
5.581053491165846935e+04
4.754919394906196976e+05
6.197237001031948021e+05
1.790663776045446983e+06
5.803264416078376235e+04
5.022859090127194067e+05
3.869904191797109088e+05
9.214940911838707980e+05
1.758241359815539035e+05
3.187258641645323951e+04
7.448352492923154496e+05
3.326377411862728331e+04
2.484219096780929831e+05
1.108031867243804445e+05
6.960510255608147709e+05
1.119133732110650511e+06
2.740279581490434939e+05
5.301082664158848274e+03
1.735116426584589353e+05
5.416540908979782835e+05
1.066904616762104415e+05
2.479858960583557200e+05
2.552451988034272799e+05
3.320323292259993614e+05
1.143291121834794612e+05
1.987645580385943176e+05
2.424814623366146407e+05
5.313372427938423352e+05
2.173512603021603718e+05
2.407142105256732320e+05
2.284245644801586459e+05
1.287060612419123063e+05
4.923536403710227460e+05
7.669468705312248494e+04
1.640680510653849051e+05
4.798029730827439344e+05
2.925722382087999722e+05
7.855567434847838013e+04
1.598754994993390574e+05
3.001435144091685652e+05
2.187560321821746882e+06
8.975514883083488094e+05
2.460708867974992318e+05
2.803176511303745792e+05
1.610935398106836947e+05
5.592744431245912565e+05
2.728841038515154505e+05
6.972409819197037723e+05
2.512184915226453159e+05
1.411907353665797506e+06
6.552176052475095494e+05
1.506203968128700799e+05
5.051414645943584037e+04
2.532316761546281166e+06
5.202911796867235680e+05
1.147294209899795533e+05
5.440172767650128662e+04
5.872389403451957041e+05
2.717018555940469960e+05
3.405483466202165582e+05
2.363757203099762773e+04
5.203330972012527636e+05
1.791285459426021262e+05
2.602738939873835479e+05
8.399258573458788451e+05
1.297848129325806804e+05
1.332467229575754936e+04
1.628872151636213312e+04
2.240031560024955834e+05
1.169664086689391552e+05
2.985067675700095715e+05
3.786982435321968514e+05
1.966899226070533914e+05
8.723627952559348196e+05
9.459409878098883200e+04
2.340030479406280574e+04
1.336035943601528706e+05
1.995294516217196127e+06
4.622546368815186433e+05
1.380973200465667178e+05
1.506183765064014355e+06
3.629745228059489164e+05
2.776784706098610186e+05
8.625720247067678720e+05
8.812661542220148258e+05
3.418364651600111974e+05
2.520438934989532863e+05
1.940630386248259456e+05
1.457354601827402366e+05
2.101980341496245819e+05
2.762489209382484551e+05
4.308547404263980570e+04
1.045949013863178901e+06
6.899901011782492278e+05
7.297830234446155373e+03
1.612702966628900962e+06
1.017571766201799153e+06
1.608037380907968909e+05
1.877987382395937748e+05
8.034547867296758341e+04
1.868247126500534359e+06
1.590883004346304515e+05
2.462730790020648856e+05
9.950835386805319285e+04
1.239932947996196104e+06
3.073073626482718391e+05
2.915038868574986118e+05
1.252915109710922261e+05
6.964335933501784166e+04
4.036989077925842139e+05
4.463739207576719346e+05
2.097482806639228656e+05
3.645002633816120215e+04
2.559021495780666592e+05
1.162283334581857082e+06
6.393657494396216935e+05
5.726780947812782833e+05
1.855355431592021836e+06
2.043478108498369111e+05
1.607019878969896818e+05
1.735880004125588457e+05
1.502858431208799011e+05
5.047195024808538146e+05
4.781577682744187769e+05
1.444361202929271618e+06
6.159367036299554165e+05
1.977730586266957398e+05
4.110276671789623215e+05
4.228870282137038885e+05
2.598832876348623540e+05
1.866797396631379379e+05
1.228468869287334091e+05
2.902956660962179885e+05
8.746590476461712387e+04
1.103671059621100721e+05
2.349388715943668212e+05
1.590658204607563966e+05
4.154748062571940944e+06
4.537232434903304093e+05
2.187774776722823735e+05
3.092429673819185700e+05
6.652879496924775885e+05
1.421484450690525118e+05
5.628937282508929493e+05
1.723346731991886627e+05
1.621946246432568005e+05
6.945253028780079447e+06
3.573569710898818448e+05
4.363031892778859474e+05
2.277558527766780462e+05
2.139522743253551598e+05
1.103860968135487637e+05
5.374860038045473630e+05
2.954175777239013114e+05
4.016092348759858287e+05
1.189392273632183438e+06
1.453977449510079576e+06
1.153852672532650176e+06
1.537049506408434827e+05
8.620873361627485792e+03
5.183919618787907064e+06
5.492720530292240437e+05
4.951110485916176694e+05
1.841872710143468867e+05
1.060912357351560204e+05
5.064881431989414268e+05
3.753003912163941422e+05
6.837844949783197080e+04
5.258459728068098193e+05
5.718644989276360720e+05
1.224696116061456967e+06
6.584832236892012879e+05
3.755141559229147388e+05
3.919487853763577295e+05
3.353465342661753297e+06
5.029986463393596205e+04
4.616030959051481914e+05
6.992505097466180450e+04
7.733869425171772018e+05
3.016444449461646727e+05
1.416244796352880774e+06
5.339954940950952005e+05
6.213717675241124816e+05
1.045923414667514735e+06
3.158916230932545732e+05
1.058742972394839016e+05
2.959623857145902701e+06
3.793884902495553251e+05
5.560247462600341532e+05
8.257577339791960549e+04
2.273713965612871572e+06
5.822546071512229537e+04
2.234238027066444047e+06
5.577513433516256046e+05
8.042245577357047005e+05
8.284704661323036999e+04
4.193494019298518542e+06
5.190674383353017620e+05
3.716147252499753376e+05
7.153847107523243176e+04
8.138093739430244314e+05
4.649247597467849118e+04
2.855401582489610300e+05
4.961196142607968650e+05
2.176710272731232180e+04
3.164965011418415088e+04
1.074977450597462710e+06
9.708627414556639269e+05
4.615962109675001702e+05
2.010016226911151898e+04
3.189860093141674879e+05
5.438895598815872800e+05
2.713069491272649029e+05
8.458600940462348517e+05
1.813569643154847901e+06
4.186526936152751441e+05
3.787140263795219944e+05
1.783590065205038991e+05
3.791010729396856914e+04
1.899317077341365220e+05
4.649851961072367703e+04
1.090985606817926513e+06
1.084427901183607755e+05
2.969208601305232733e+05
1.719774806761397631e+05
9.403298229833842488e+05
9.263665522509061266e+05
1.878388467700558977e+04
3.567317570104182232e+04
5.257814235052962322e+05
1.101177171932833735e+05
9.299095466704224236e+05
4.803294055242034374e+05
7.122183879977435572e+04
1.962876510560875759e+05
9.152803873173292959e+05
4.687006337390302215e+05
9.438760327678801259e+05
2.225420831087507831e+05
3.875805334140275227e+04
5.857669546600490139e+04
8.278246433162166504e+05
1.246901170208467403e+06
4.934520037244569976e+05
7.487101190487928397e+04
2.370357645143080503e+06
2.078783590681749862e+06
2.483793230808540247e+05
1.070723603288021171e+06
2.749177777663533110e+06
2.648049973577555647e+04
2.008343785608573235e+05
2.400899135245297512e+05
8.909979805759910960e+05
3.781490536225067335e+05
2.742231683879740303e+05
1.267661663764756406e+06
2.527849804581622884e+05
4.729309909341999628e+03
1.089128516985731665e+06
1.877436551991591405e+05
5.767990108076809702e+04
5.561958356487364508e+05
8.174970338058659108e+05
3.982258782668678323e+05
3.339821853207523818e+05
8.237888685159274610e+04
5.598098238009922206e+05
3.417540516593382927e+05
2.052054581313747040e+05
2.058742979409045656e+05
1.618848594330585329e+05
2.498155899727277574e+05
3.000389224169357913e+05
1.049168210856116377e+06
1.118248666227909969e+06
8.581175108706807951e+05
2.582443697519688576e+05
1.443181617363340454e+06
8.491653178797761211e+04
2.650854051511187572e+05
4.984896550592927961e+05
4.272665482025663368e+05
3.115182778507468756e+05
8.302295994300564053e+05
2.119724157957882853e+05
5.228511407324743923e+05
2.059446435295610921e+06
1.467780262672331628e+04
3.254513888976479648e+05
8.362191522800162202e+05
3.386132098679607734e+05
3.316610806433648337e+06
3.927943113807607733e+04
9.611502476621413371e+05
3.270955624498657999e+05
7.421975482549018925e+05
8.437450940587249352e+05
2.565111543572463052e+04
8.040081168073128210e+05
3.026267400519175455e+06
8.052351985907573253e+05
1.835082798962174274e+05
6.240169326019134314e+04
1.436781654026280623e+06
3.963129821510219481e+05
3.136472944904861506e+05
1.798330017059652309e+05
2.591088217044810881e+05
7.221217414459100692e+05
3.748078828420027276e+05
2.943577304849398788e+05
9.375210331991927233e+05
5.779851813036246458e+05
1.330009110078891099e+05
1.152244017131319852e+05
7.040039664495170582e+05
5.285484420152367093e+05
5.568154675048992503e+05
1.540044116729488596e+06
8.452856503778951010e+05
1.525725947002309258e+05
3.375978878435139777e+05
7.835131518141858978e+05
1.039262964068851783e+06
2.250960700952574553e+05
1.201147760214502632e+05
2.194487537071471452e+05
1.368257330250361119e+05
1.979743476395885227e+05
4.629325697475785855e+05
4.212098992197878397e+04
4.611314066468682722e+05
8.492530734248587396e+05
3.106799940420868807e+05
3.309384910279125907e+05
1.186382317064272211e+05
3.283796193615096126e+04
1.021318090568842308e+05
3.670426227184315212e+05
1.255591344221845502e+05
2.042127652164122264e+05
5.085175185757331201e+05
2.165127142117633019e+06
2.322034313373959449e+05
2.853591879553673207e+05
2.566632449036223348e+06
3.048752569273972767e+05
8.565757299126499565e+05
1.751622457343365997e+06
5.023103336541496683e+05
1.611911509374864690e+05
4.746104821330195409e+05
1.824452024583582825e+05
2.199976898145586892e+05
3.940310022717599641e+05
3.756903711792676477e+05
3.233592302730793599e+05
4.220639111684823001e+04
1.307459542122117709e+06
3.455089329835686367e+05
1.866799506505132420e+06
1.225589635468902532e+06
4.566867892546643503e+06
7.565353584322547249e+04
2.051861375845245784e+06
2.654625952956094407e+05
4.091618891873605899e+05
9.767484163228837133e+04
5.917797270742091350e+05
2.653241278539907071e+05
3.086314542845699470e+06
2.581402404625918134e+05
3.032571013987193583e+05
2.677349910559439377e+04
1.095601095444358907e+04
2.111607276886069740e+05
2.644235050631052000e+05
6.476901587361592829e+04
5.536894563846251694e+05
5.595692661910447059e+05
3.131756064303762978e+05
3.743532422183856834e+05
2.104110900025354640e+05
1.200562578725315252e+05
3.412463336238400079e+05
1.354614019579012820e+05
4.887674837288625422e+05
3.861321106482296600e+05
1.627270221202360408e+05
7.162552315805206308e+05
5.572996224693473196e+05
1.371983812314533861e+05
2.346773349488470121e+05
2.416006811917201558e+05
9.030227593134100607e+04
4.268305090121767716e+05
1.231720027458521799e+05
7.639382485116253374e+05
3.911384855638548033e+05
6.438469045757893036e+04
3.665241583427614532e+05
3.651022135135919787e+06
2.359443943638229277e+06
1.138244314709883416e+06
6.251086422762083821e+05
3.884864847878998989e+04
6.046166408080966212e+05
3.113114668226930313e+06
1.964327965555051833e+03
4.265890157956510666e+05
2.442306613976808439e+05
9.206541709526934428e+05
3.198099758485116181e+05
5.675100214851461351e+04
2.416093889379858738e+05
5.077516379523320356e+05
3.533806126607399201e+05
3.149876341629582457e+05
1.546366506804742618e+06
1.024173258659365820e+05
4.626846852819980122e+05
1.814793174533856218e+05
5.003910248342630221e+05
1.532255065003273485e+05
8.129472038995126495e+05
3.397748939328650013e+05
2.367242793386559642e+05
3.404731152600479982e+04
6.958531456613366026e+05
8.213453353802148195e+04
4.751997856710035121e+05
8.471365261693035427e+04
5.918758020438891836e+05
2.549790115153166989e+05
4.696187960011705873e+05
6.488461302293734625e+05
7.810838642830794561e+04
2.025909036501217051e+05
3.970386107496558689e+05
2.303985714319949038e+05
4.543208610258222325e+05
1.252507722481850302e+06
8.509348074314448750e+05
3.610064595122984610e+05
6.626126853181551269e+04
2.604646824215728266e+05
3.066339856762251002e+05
3.132988610704201274e+05
2.234578602491965576e+05
7.082109459003870143e+05
3.503715948845685925e+05
6.924014649890599540e+05
2.112552006385387795e+05
1.066372911589911528e+05
3.237956409955709241e+05
1.683834037386064418e+06
2.090338500207702862e+06
2.693014134810904507e+06
7.602014453895020415e+04
3.255477724081911729e+05
4.247293848640546203e+05
3.828663467465509893e+04
7.832843729217494547e+04
9.466652644996413437e+04
3.348215707548552746e+04
1.848817357604002755e+05
8.853723734484745655e+05
2.699935308516219957e+05
8.507124532649663161e+04
6.176496773416710785e+05
8.544667773936735466e+05
8.260969971219525905e+04
2.219481022651964740e+05
1.829583960783853836e+05
1.036674990946428617e+06
3.717603319889379782e+05
2.778581702361620963e+06
5.202981771927977097e+05
4.794472801140183583e+05
2.849105188991732430e+05
3.717082660859800526e+05
1.829198057376853423e+06
1.989458634385691839e+05
6.506750212147812126e+05
5.369529937268255890e+04
2.350808914578841941e+05
1.291605647704458330e+06
2.398956225487471558e+06
5.746838814547898248e+06
1.405408785812866408e+05
4.993270476770000532e+05
2.378652549730541650e+05
9.929488727770911646e+04
2.416759514236526156e+05
1.049602505053877831e+05
4.801529152807617211e+05
1.785708344314125367e+06
3.565147267197876354e+05
2.699217775491098291e+05
1.323716830154566269e+05
6.966107653061220190e+05
1.621534384101400501e+05
7.269204289728438016e+04
2.880675820778475609e+05
6.121782926747287856e+05
3.391668856222822214e+05
2.414575095821220020e+04
3.283455060447012540e+06
1.578154582486901199e+05
2.068955156388968695e+06
6.185186370766723849e+04
1.611667831120580086e+05
3.761410586400378379e+05
3.601320583039386547e+05
5.362186434133460280e+05
1.880874756555116910e+05
1.164128239970687777e+06
3.069722464828823577e+05
1.324679624808137305e+05
6.765725090078673093e+05
8.978304467464740446e+04
2.470673659610505274e+05
1.009412020389763638e+05
1.732131290359006016e+04
1.207184187916655210e+05
4.860066194945565076e+05
1.094110304147946183e+06
4.936194469445632421e+05
7.984751307199076109e+04
8.418195877807038414e+03
8.733205246957305644e+04
2.380748413110703405e+05
2.388829677248637308e+05
1.812084543562399456e+06
8.901937495051094447e+04
7.494957617140321527e+05
1.209400418781285640e+06
1.758334765450538835e+06
1.377062901870664791e+05
4.409849076852806029e+05
2.494481416337423725e+05
3.881465669497488125e+04
6.036329945508060337e+04
7.688561714337924786e+04
2.116893770782626962e+04
9.959772185154733015e+05
5.629328781134873861e+05
1.209527635283990763e+06
1.927833677996715996e+05
1.403108154297916684e+06
5.179440232824853156e+05
5.801882149294730043e+05
2.960479169842438423e+05
1.649693382157041924e+05
9.764561441112714238e+04
4.575547948310655775e+05
1.304025545095402980e+06
7.801221019881245447e+05
9.574072796020175156e+04
4.918804671334514278e+05
1.773679223431910214e+05
1.887548718548022734e+05
4.534670830611593556e+05
3.513847647665145341e+05
3.070576419447438675e+05
2.419919831611640984e+05
1.146999399653590226e+05
1.320024713688039919e+06
7.969352779425714398e+05
1.632831278318299737e+05
5.439189784982992569e+05
8.712932906627986813e+05
1.548664114995445125e+05
2.803785282511237892e+05
1.982556372194085561e+05
2.610208466122504033e+05
6.040598929591097403e+05
3.959641948336203932e+05
3.722196163664792548e+05
1.306791052524483821e+05
1.927382769703553058e+05
8.973253712364234962e+05
4.282533744217951898e+05
7.753841136749803554e+05
5.480068372992313234e+05
9.771979158527069958e+05
3.478970770150399767e+05
2.847237429607858649e+05
5.375630516162462300e+05
5.193419702853421768e+04
2.112597849967937451e+06
3.020104984606749844e+06
1.979979932697597251e+05
2.523554763899260433e+04
1.845564983552170161e+05
1.545837690287514706e+05
3.722210367867167806e+05
2.517814857629793114e+05
5.683823751902172808e+05
2.703753907068321951e+03
1.867203398789881030e+05
3.927685198446021968e+04
3.122567187303175451e+05
8.197617341571793077e+04
4.908841855218239652e+04
7.501237019661385566e+05
1.895928539010601817e+05
6.272846000929949805e+05
1.509418651004392595e+05
4.077422637273476576e+05
5.892940953582229558e+05
3.862336263677513343e+05
2.291542379507108417e+05
8.400216018536438933e+05
1.643682046773215116e+05
3.615276395927424310e+05
1.147739833104529680e+05
6.754679533893300686e+05
3.831883271292495774e+05
1.383805392189263133e+06
2.754480165409923648e+05
2.710027465076487279e+05
6.656415135720068356e+05
7.029432278100382537e+05
1.300862862859183690e+06
7.176879813949000090e+05
1.207923350468689605e+05
7.261832366625474606e+03
3.958681386361377663e+05
2.454180076456240495e+05
1.375995959585383243e+05
1.450260127552949052e+04
4.485820044558524969e+05
4.055205345290355035e+04
2.627860211773123010e+05
2.422904873199007416e+05
1.987955239021092886e+06
2.022524116542292060e+06
2.624298572056019329e+05
2.134896323659044283e+05
7.487594660786733730e+05
1.353426569086240605e+06
3.101227201225237222e+05
8.868845119630014233e+04
1.614390867732480401e+05
3.118987409027509857e+05
5.754404809612173121e+05
2.319177086214566079e+05
1.425233049835823476e+06
2.079035800427511858e+05
4.066664957939641317e+05
1.779875221571324393e+06
4.657061702630902873e+05
6.819659410590106854e+05
1.270364334258281859e+06
1.145897271473017521e+06
2.039052212826735922e+04
5.776290800434111152e+05
2.086808715823228122e+05
1.008443133135683136e+06
3.030692926002672757e+05
5.054141212198607391e+05
2.573604065734105825e+05
1.872918234658457106e+06
7.934016764626718941e+04
1.586020680947206914e+06
4.213980577325024642e+05
1.248438677204033775e+04
4.123211724061865825e+05
2.282979594894353359e+05
4.658946824203490396e+05
2.707849788338519866e+05
6.996369511871071882e+04
3.098221726582185831e+06
1.474445562137395900e+05
1.551360281143425964e+05
1.240430246625298896e+05
4.686738421223932528e+05
6.441488203155585798e+05
3.398106418009698973e+05
4.712850614114769851e+05
8.935484596929461695e+05
3.612998120660241111e+05
1.500050824042512337e+06
1.543147084933245205e+05
7.609389843470324995e+05
3.855434185095626162e+05
8.693350417545299570e+04
9.928071515472494066e+05
4.288634144634296536e+05
5.474366045996582834e+05
6.351696912716490915e+05
3.154634019321248634e+05
9.342369745566330384e+05
4.617399034429910243e+05
8.164683048225797247e+05
1.044717535730009695e+05
7.064990616381554901e+03
1.792048604579121748e+05
2.418594055017005885e+05
5.347792132102929463e+04
2.689131227215495892e+05
1.926961513425053330e+06
4.684455264683437999e+05
1.187760369833387667e+06
1.406317082024410774e+05
3.732303236584046972e+05
1.620472089154584392e+05
1.195790187956539448e+05
2.768364639949272969e+05
2.814889874281492666e+05
4.370431256539821625e+05
7.368397774006013060e+05
9.989364130000644946e+04
2.162290522749325610e+05
7.406784802738643484e+05
3.626636600662895944e+05
3.196223252759372117e+05
3.478114183928680606e+06
5.125494643172069336e+05
2.020871468774951645e+05
5.154626848517295730e+04
4.481928896053200588e+06
2.075671330742390273e+04
5.652066391203439562e+05
2.161300622311304789e+06
1.773219501479151950e+05
2.396843565154428943e+05
5.730044995865239762e+05
8.491549294402702944e+05
4.721437738251730916e+05
1.978489260434196040e+05
1.611461973104538163e+06
7.685211284751258790e+04
4.321371303532520687e+04
6.282299702780944062e+05
4.057959784215737018e+05
1.078616609038832248e+05
8.061919280647444539e+05
2.239669781636213593e+05
4.065518314571514493e+05
5.108911262960536988e+05
1.059365063193801558e+06
9.887794477766434429e+05
1.997901982400440829e+04
1.195623281960620079e+06
1.297625726754542906e+06
5.254932533475204837e+05
4.113156930416939576e+04
6.328554029648894211e+05
2.272631532110110275e+05
3.971977726304727839e+05
6.934647861195341102e+04
4.901247127876969753e+05
4.534339113919287774e+04
2.798005296664407942e+05
1.649425781398140593e+06
6.817240925454754615e+05
6.142007333474559709e+05
2.315316971160942048e+05
5.932288991579427384e+05
2.846635172383300378e+05
6.419648850863388361e+04
6.711656450350299710e+05
1.277344482040004106e+06
3.625912581782828784e+05
3.377954584486413514e+05
1.175293650985854038e+05
3.130664821931598708e+05
7.000994424904964399e+05
4.290774825229934067e+05
7.575943514763452113e+05
6.420449355035421904e+05
8.250285617269218201e+05
9.242500957008961996e+04
1.278885449699126184e+05
4.943781782647155342e+05
1.477171155985352525e+05
2.949897219786485075e+05
4.317084063644527341e+05
4.274933982432314078e+05
1.029176417501442134e+06
2.639957314945987309e+05
7.340719194469084323e+04
1.047289987794538174e+05
2.274973816994861991e+05
3.556925705315464438e+04
7.989293252865195973e+05
4.209720012683061068e+05
3.256847087235463550e+05
3.872705598353664856e+06
2.025356585505149560e+05
9.141600396701466525e+05
1.685166954997657449e+05
4.263835439141208917e+04
2.357853543278363533e+06
5.848827358633727999e+04
8.833331404140811355e+04
1.114135277212503861e+05
4.242385797791625373e+05
7.229586868379338412e+05
1.111432637199551798e+06
6.629381400750317844e+05
2.266278459408255585e+05
4.199298136285250657e+05
2.752207521192326676e+05
1.427272737497225404e+06
5.282752471981938288e+04
5.997073110707384767e+05
1.745990510582677380e+05
7.393328079204708338e+05
4.341739572689945926e+05
2.984979277041957248e+05
6.699692683577322168e+05
4.276821718819457456e+05
7.313361812037561322e+05
5.860705618295464665e+05
2.957804979788911442e+04
7.080875373001028493e+04
1.156163467015602946e+05
3.117139718260118738e+06
1.720033248221790418e+05
1.772995309665455134e+05
1.175631104055080330e+06
9.794301555403892417e+05
9.694725830481030280e+05
7.044129993785738770e+04
1.101918342433133395e+06
1.441508541592177353e+05
1.391951396104498301e+06
7.026943623904490960e+04
1.169927385814108129e+05
1.271458928706884384e+06
1.605265516344362986e+05
2.609347409266898103e+04
1.354185727014057629e+05
2.110734878932213760e+05
1.575398589433255547e+05
1.128581985694197472e+06
2.913560043931132532e+05
1.917531124632004939e+05
8.156811776951169595e+05
1.052454235718702665e+06
8.892817574577738924e+03
3.313612159861695254e+05
1.494769278455292260e+04
1.409425753354442131e+05
2.857739029747266322e+05
2.114327933289647335e+05
2.234464744224442402e+05
6.362309487121301936e+05
6.379584186698195990e+05
9.333314065092784585e+05
4.512882536914771772e+05
1.555402424886249355e+05
5.636155009309195448e+05
1.493167308569392655e+06
8.511600695091603848e+04
2.521857814117827802e+05
2.740257819486701861e+06
9.052855988488299772e+04
6.225649733429699700e+04
2.148201553618248436e+05
2.055628601207619766e+06
7.185839921044278890e+05
3.861609117093375535e+05
1.103093483803840936e+05
6.750456151560273720e+05
5.012708923957951629e+04
9.496412232684285846e+04
2.527780672549966257e+05
5.469167397262221202e+05
1.710254187749919365e+05
7.361343128305809805e+05
3.312099341546988580e+05
5.678340349329032470e+05
4.822627644047860522e+05
1.880976723884755629e+05
2.481369094149791927e+05
9.699542917736344680e+04
1.678045686690549774e+05
2.211538175143133412e+04
8.996138312610049034e+05
5.205462436740505509e+05
6.862267690948576201e+05
5.580852091565647424e+04
2.482283803001455090e+05
1.736753929687391501e+05
3.676615272586666979e+05
2.768909697779423092e+06
2.838202577285798543e+04
2.073070194923827075e+05
2.238966877239862457e+06
8.089498668900689809e+05
1.142010883669794770e+06
1.725134655602618877e+05
1.387319114640074258e+05
1.007454547062947677e+05
5.153028821658951347e+05
1.179033398118383921e+05
1.081802103802917758e+06
2.531282269538576656e+05
5.249743598611625930e+04
2.485148038604294707e+05
1.067844328186061932e+06
2.767106023610963603e+05
3.025472690471490845e+06
2.257721498728815641e+05
6.064235843218846276e+04
1.626960065338924178e+05
1.260440324996963463e+05
2.230669595874528459e+05
9.860290623158447488e+03
4.035180935861742910e+04
2.954998954243443441e+05
6.315518972583110444e+05
4.703261303167845472e+04
2.699982231821067631e+06
5.044097905648087908e+04
3.781152468853198807e+05
2.931854722696867539e+05
8.213080652168910019e+05
2.562502698757980834e+05
1.754972207415934827e+05
1.832644712122707570e+05
3.046845855344667216e+05
1.301522848766864481e+05
2.151031403489519653e+04
1.938257787623539567e+06
3.106756041647476959e+05
1.840155173661830369e+06
3.605239517768013175e+05
9.282073822011476150e+05
1.408685478009551298e+05
3.804647107966825133e+05
1.093986966762416851e+05
1.215069469652676198e+05
2.532078767267802905e+05
3.262478001940305112e+05
2.753470638011182891e+05
1.251293468901462387e+06
1.090814076311112149e+06
3.453047069615565706e+05
4.896566829202695953e+04
6.065653785949619487e+05
9.447367623351935763e+05
9.812080132110699196e+03
4.823986562818688981e+04
9.862498552720983280e+05
2.295802670349887048e+05
2.852994762586114812e+05
8.269012503049295628e+05
1.119674571266616258e+05
6.860801002691284521e+05
1.589125890834114107e+05
2.235349764874235552e+05
4.709521133228673716e+05
2.307754395936999063e+05
4.087911220006443327e+05
6.992945293978453847e+05
1.437418882805940229e+05
5.099255354960047407e+05
6.653384492651430191e+05
2.001278868953984056e+05
1.026332794032393285e+05
3.095631666234038421e+05
9.881856214832960395e+05
5.500050025008873781e+05
3.207074256368697024e+04
3.970411699954515643e+04
3.040703082680720254e+05
1.370189389176898170e+06
6.953319522041338496e+05
8.392343002620950574e+05
2.229893472833858104e+05
2.543008619305861648e+05
3.628019433216790785e+05
4.721244276962900585e+03
6.465812105024470948e+05
4.646661618408277718e+04
7.856774212125744671e+05
1.401120647495533340e+05
6.511491133520921721e+04
3.693497069725646725e+04
7.961829711884178687e+05
1.666035408246802981e+05
3.359858911643528245e+03
2.382463086227414198e+06
2.416497045612914662e+05
4.314784585514317587e+04
1.271519291792672884e+05
8.744821850131208776e+05
3.953408751300121075e+05
2.779092058867435553e+05
2.113531090435355727e+05
1.016441981035415956e+05
5.886674739956583362e+05
7.024811061227014579e+04
7.259161874596509151e+05
2.058837624814667506e+05
5.749343223362774006e+04
2.966466504979871679e+05
4.658936742518973770e+05
2.084482490688871767e+05
1.254374295002400904e+05
3.573292196735567413e+05
7.533251731852685043e+04
3.885175008488783496e+05
1.684971004475537338e+05
1.016475208015211974e+06
2.609337515778161760e+05
7.305121647287838859e+05
1.118305842864515871e+05
1.366974406899473106e+05
6.611576197367538698e+05
2.649727109518994694e+05
2.193525791769589705e+05
1.398840285205025284e+05
8.879499084743037820e+05
1.710701379439059412e+06
1.241596212244623573e+06
4.540070189535208629e+05
1.730245233447425300e+06
5.131126311535354034e+04
2.136768681004471728e+05
2.486176241476318319e+04
4.303261149919050513e+05
1.533751635229360727e+04
1.765391033065142692e+05
2.713309321431951248e+05
1.993094856705967395e+05
1.031822639848918072e+06
8.291744820084240055e+05
2.762185535569320782e+05
9.763884043797622435e+05
6.288987400953663018e+04
1.619121321319632465e+06
2.599949786940387450e+06
1.895406256075224956e+05
1.235019552943910821e+05
9.950129363390928484e+04
6.070658822305082576e+05
8.969548653389335959e+04
3.000380264970470453e+05
2.103151863735287043e+05
7.243931462385613122e+04
