5.538214003645960474e+05
7.883788083699798444e+05
4.921765270920301555e+04
2.229173083083029778e+05
3.222512515490434598e+05
4.667973040751576191e+05
3.358191818566255970e+05
2.737181263920891099e+06
7.842504229171760380e+05
1.910184376632208470e+06
2.518095525284016621e+05
1.363820334199971112e+05
1.937946403225806309e+06
3.219599492529336130e+05
2.169129940717304708e+05
3.423506828419637750e+05
1.702084349508256884e+06
1.134706458304541185e+06
1.176796412024536257e+05
6.339576052077611530e+04
5.730498287223041989e+05
8.182537605007944512e+04
5.380853614513001958e+04
1.375982733249781304e+05
2.156663308886205195e+05
1.493672374857121322e+05
1.522685415167238680e+05
8.056059601507720072e+04
3.715903836763126892e+05
2.714447519557444612e+05
5.386438004237654386e+05
5.199254202650255174e+05
2.127773830768888292e+05
1.250366620303363306e+06
1.528498663522143615e+05
1.272531147088505095e+06
1.739859310517223785e+06
4.485566761616327800e+06
1.154549560350508254e+05
1.119448091609775322e+06
8.767161759164772229e+04
3.191258987771653919e+05
2.108968310490074800e+05
1.379595424363662605e+05
1.428114022261658218e+06
2.799494940230119973e+05
1.003045899411262712e+06
2.144211071948310746e+03
5.889124587650909234e+04
2.556761000273476529e+05
4.107285353451251867e+05
3.922469517034199089e+05
1.912071357254186660e+04
1.413892515120291617e+06
7.773913343587789859e+04
1.214875708095471200e+05
1.098954774766169256e+06
7.366673500816880260e+05
1.922118229176024906e+05
1.314651306894712034e+05
6.332320588972614496e+04
8.205296823995480081e+05
1.059408202969159902e+05
1.217739969509819639e+05
1.038979417732658098e+06
3.166978334955408718e+04
3.089637640835896134e+06
2.587338245663255511e+05
3.049214133374181576e+06
3.552881513712552842e+05
5.943227362861098954e+05
1.163363697072627983e+05
1.997242826072967728e+05
2.635395079933613306e+05
4.829613446411429322e+05
7.879544556262795813e+05
5.784765487793299835e+05
1.004185801586212765e+05
1.219988384744397830e+06
1.382171239419649355e+05
4.930576851464819811e+03
4.540454005710326601e+05
1.589827456424524134e+05
4.475104570695749135e+04
6.091810793658951297e+05
5.262127089959277073e+05
9.788277095952696982e+04
8.389339186455268646e+04
3.947417304153693840e+04
1.181030241322060610e+05
1.415119637022493989e+05
8.217398846917938499e+04
1.435403468410160276e+05
2.823525177047516918e+05
6.703960657629376328e+03
7.155535030893874355e+05
2.419387050110405544e+05
4.718094653388954466e+05
1.159429348491827492e+06
7.939009361125279684e+05
8.642671218533121282e+04
3.144928246525650611e+05
4.233460374747858732e+05
1.173407818665095605e+06
1.444236540341325453e+05
7.517230797490424011e+05
1.197380829965886893e+06
6.630631439975335263e+06
2.138755640264113317e+05
5.896992889081852045e+05
8.859199785632386338e+05
2.631885977574209101e+05
2.635981413229660830e+05
2.192864837777288340e+05
6.054941334008106787e+04
2.648760894008155446e+05
1.220367551033933181e+06
4.177822464796138956e+04
4.064377540602619410e+05
2.304922621796342137e+05
2.349091210473115207e+05
5.124287119593313400e+04
1.731301288040650543e+05
4.143618959638391389e+05
2.228313345976356650e+05
1.348942776242182881e+05
8.499569227057286771e+05
1.976418133020658279e+06
2.680729930166793638e+05
1.171962692839657393e+05
1.169439911714780610e+06
4.645722525116426405e+05
7.893296506772649009e+05
3.369835948341961484e+05
2.811402348395867273e+06
2.191563695878422004e+04
1.937138639915954554e+06
4.948261681454942445e+05
4.613239581601053942e+05
5.217029169935763814e+06
3.659635796774603077e+05
1.555535207343955117e+05
7.497497321680553723e+05
3.511570337086231913e+06
8.877326655364513863e+04
1.801714341210701386e+05
1.338210992184873612e+05
7.798541922352928668e+05
3.857914761862974265e+05
6.874784472505921731e+05
1.719689875268054602e+05
5.584055266332142055e+05
4.310972285721378867e+05
1.427087144764129771e+06
1.193615127507786674e+05
3.840911855971708428e+05
5.112916255455489736e+05
1.884644094628779218e+06
1.374479213259367389e+05
1.560459694477559533e+06
3.988394897434621234e+05
2.119256182202935161e+05
8.707481414906840073e+05
7.707374990688716061e+05
5.470689428653984796e+05
5.119384641980240849e+04
3.380450392525539733e+06
8.429608909173352877e+05
2.300100154685845482e+05
2.177893991951055068e+05
5.437454833440939547e+04
3.986054024279954028e+05
3.967467579364429112e+05
3.340531537492630887e+05
1.792466255318657204e+04
2.535810224794988171e+05
7.595544181725481758e+05
1.449052192062558024e+05
1.683504211843471276e+05
1.376622878141438996e+05
1.535944913678838406e+06
1.509267099632203171e+05
1.812153599246885569e+05
1.308651399514018995e+05
2.883143241921531968e+06
1.094019867646068742e+05
5.796089705244371435e+05
1.666483052073435392e+05
2.381311966383688850e+05
3.265908299009662587e+05
3.283660980431031203e+04
1.384091636717286659e+06
4.165998208545891102e+05
1.857354129815397755e+04
8.787478041884500999e+05
1.146794472046341252e+05
4.670235766390709206e+06
4.121285869213853584e+04
1.506993035161419539e+05
9.222508231298441533e+05
2.394251432626426977e+05
4.179693021124185907e+04
1.059660492771326797e+06
5.312908080138498917e+05
1.096308808849462541e+06
6.998102985945439432e+05
1.330818604963210179e+06
2.636154127589425771e+05
1.880299604166233985e+04
4.573539185362086864e+05
2.270134536172830558e+05
1.258630171586369834e+05
1.876715353004976932e+05
5.312731634388032398e+04
7.240855932293693768e+05
1.276420652237002971e+06
4.283118726769607747e+05
1.361506950226607441e+05
2.494452307233446118e+04
8.035102261263887631e+05
5.197123170948500047e+05
5.742823837500882655e+04
3.326448359769500094e+05
1.361327272037849529e+06
5.000610948077821522e+05
5.281813175001661293e+05
3.885523164750715368e+05
8.166425103564782767e+05
9.350681780561198248e+05
1.763704943688284256e+05
1.281924073541832389e+06
4.781018440882233554e+05
2.136492503684141266e+05
1.659442349090497708e+06
7.515951942704301327e+05
5.197623480893995729e+05
1.362683269583675719e+05
9.600480638655876101e+04
8.999990956483602349e+04
3.406976649771914235e+05
2.210296048461919127e+05
3.916845555840681191e+05
1.889599541300177516e+05
4.518792220645792549e+05
4.003034403341016732e+05
2.514348946341073606e+06
2.628470184312745696e+05
4.139087966643738910e+05
3.132126469550332404e+05
3.396522359138663742e+05
1.855325371501861373e+05
9.997710132025356870e+05
1.845497048354063299e+05
1.563396712625972868e+05
7.969448169678094564e+05
6.179066781756745186e+05
2.793809787411722355e+05
5.573933964916635305e+05
3.337633496553229052e+05
1.139500836604769574e+06
5.905497944418648258e+05
1.270936603518943070e+06
6.169741845494123409e+05
9.228866729560478416e+04
2.333786233481829986e+05
1.306884682425212814e+06
2.201769423820888915e+05
1.451547101373671903e+05
5.626977146753001762e+03
3.173668640104076476e+05
1.558569949637335259e+06
2.192352479266718146e+05
2.839088574541288544e+05
1.900416690202431055e+06
2.056759941909553600e+05
1.620982626611288288e+05
6.614234218265383970e+05
2.602367744910961774e+05
7.094604560726189811e+04
4.159571460125627927e+05
6.186140853361140471e+05
2.402582169563322095e+05
1.532512181014284142e+05
5.369502450955027016e+05
1.078240046260547824e+06
3.087240307539759669e+05
7.751774373412310379e+05
1.689647430774770037e+05
8.938916003416677704e+05
4.367991272519978229e+05
1.156181765847193165e+05
3.906703455459253746e+05
7.388381956807289680e+04
4.363812107060264680e+04
5.448386421927111223e+04
4.163130153761850088e+05
9.228763627118250588e+04
8.862865376105193282e+05
3.640576657958886353e+05
9.102937785271626199e+05
4.876861892756432062e+05
3.998093347977827070e+05
2.978981579856556375e+06
3.618648623515829095e+05
2.512388987182402925e+05
4.598625951283429749e+06
5.597857910977113061e+05
1.056012122539907461e+06
1.729977425564682111e+06
1.435366849536135269e+05
6.316377148222851101e+05
1.101365232693959842e+05
2.859491728584550438e+05
1.188349562722845003e+06
4.603185307749218919e+04
4.487408016125711147e+05
7.109475155566661851e+04
6.291313918363311095e+05
1.766983040879142471e+06
3.558452003401640104e+04
6.038825901556540048e+05
2.234604635786608327e+06
5.521647824315867183e+04
2.318063852712973952e+06
3.384476431838474236e+05
2.258632173360939196e+05
1.047856950866410858e+06
7.361617986278346507e+05
3.644085918696488370e+05
1.793777536504298914e+05
4.151791662603352452e+05
5.032058162283987622e+04
1.177849875906464003e+05
3.869142703746173065e+05
6.794803496424007462e+05
7.683231840086213779e+05
8.181767708979710005e+04
7.076635829432898900e+05
2.454128270339460578e+05
1.420097609947075944e+04
1.556356873131032335e+05
6.927511692682767753e+05
4.554508780511933728e+05
1.139491454670548905e+06
1.387971338408747761e+04
7.124112119872211770e+04
1.427713370405656460e+05
1.940123228376799671e+05
2.567690566501493158e+05
1.140962006409618305e+06
3.158155251010071952e+05
1.257567890194283245e+05
3.420502308834788855e+05
5.468921965638729744e+05
1.758284484612892265e+05
1.087375928721629316e+06
5.499885520293490263e+05
1.860165853527525906e+05
2.287226760791167908e+05
1.886320766871561646e+05
1.847880563726079126e+05
1.849784137926522817e+05
4.156477724603738170e+05
6.157023291565738618e+05
1.640455009107633960e+06
2.384612762139925326e+05
7.341191038739509531e+04
7.826631985039063147e+04
1.595915413245439995e+05
1.524692890471092891e+06
7.674212684991122223e+05
3.530506875073367264e+05
3.023390464244313189e+05
4.780871574764148332e+06
1.493105515951940091e+06
7.731440552491858834e+05
2.197555358158364543e+05
1.245685763876754500e+05
4.048138035428977455e+05
9.342668455517967232e+05
1.178032797864299646e+05
8.890752548850727035e+05
3.311353214514424908e+05
3.980031362816300825e+05
6.351464483559608925e+05
5.523354310951048974e+05
7.538014194304354023e+05
1.218534876616651673e+04
2.638197549597585457e+05
1.189911083640528610e+06
2.436007512749636953e+05
8.540318080552657193e+04
4.332880978810542729e+04
9.248107235147639876e+05
4.219104432228807855e+04
9.623759730596567970e+05
3.908209659421889810e+05
8.684327245126082562e+05
1.609763298931371246e+05
2.202459427153879369e+05
1.404306068694872665e+05
6.559793519222647883e+05
1.680564542506344442e+05
8.939056573559938988e+04
3.137154986457986524e+05
5.769430062646224396e+05
3.913226331939427182e+05
2.442986724465737585e+06
2.749369366388497292e+05
8.514519783054573054e+04
1.062861088926935103e+06
3.264679200274447794e+05
3.256988239317141124e+05
1.502305525122031104e+05
3.295959116350019031e+04
1.045274147786061440e+04
2.016918969685784541e+06
1.259007537547107786e+06
8.110897267954039853e+05
8.122445198604462203e+05
4.035923978775537107e+05
1.385376921957527520e+05
2.907940687590031885e+05
1.683689233783527743e+06
4.950041033751835348e+05
5.902443053631585790e+05
4.959172556701975991e+05
3.359411179561223980e+04
5.308388883567173034e+05
2.715768720903669600e+05
8.372333049145378754e+04
1.170096953891874582e+05
3.320973268794824253e+05
3.566923355049602105e+05
1.616080576822968433e+05
3.986119325517815887e+05
6.765015798851555446e+05
1.958799888099913660e+05
5.828428895670933416e+05
6.257688297728538746e+05
2.097690010987904097e+05
5.203557009516126709e+05
4.464689246801861445e+05
3.891660961007867591e+05
1.590067668516706035e+05
1.216576366788807558e+06
1.537728577568347333e+06
4.771112057269937359e+05
4.650229330919323256e+05
4.595228338817367330e+06
1.907705583750944425e+04
2.968639283850131906e+05
1.328483398792905733e+06
1.962240887342752540e+05
1.323394947362244129e+06
6.178482083597228630e+05
1.385631142146370839e+05
1.285751539282049984e+06
2.431701918864890002e+06
6.671363624340821989e+06
1.899170609573573747e+05
1.448552534117604839e+06
2.832440191368706874e+05
9.364445267237997905e+04
7.647763287121411413e+05
4.762853739749132365e+04
1.559757902949098025e+04
1.547175409659830621e+06
1.233854730050517246e+05
4.093416112621781940e+04
8.630694192534554168e+04
2.072917245302389783e+05
1.648579378613544395e+04
1.206986302069105674e+06
1.494075683220851643e+05
1.679802039540039608e+06
7.480726523405829212e+05
1.685900301599213562e+05
3.454642713777081226e+05
7.062219582406985865e+04
1.860504212723583682e+06
8.084596510215682210e+05
2.215277203757346142e+05
1.517163568418193900e+05
1.961368243171040085e+05
3.221286140689869877e+06
7.124678175531211309e+05
1.289783254090980045e+05
2.956369094297545496e+06
5.775803872171719559e+04
4.831179782765381970e+05
4.171713991064708680e+05
1.338868394113375980e+05
7.866349992883839877e+04
7.367263738982195500e+05
5.176173648531099316e+05
7.242423489078291459e+05
8.882340716883961577e+05
1.933449891957895597e+06
1.629343670975956775e+05
6.986218248978449265e+05
2.856953932379023172e+05
1.214258932057948259e+05
2.899080998833598569e+06
5.764672232531256741e+05
3.167599881972169969e+05
1.023631278556167614e+06
1.049532336650501937e+06
1.574841685625237646e+06
1.062295916776011698e+06
5.121826675850374158e+05
2.362032076854083789e+04
1.647232179395219136e+05
2.911679147041097749e+05
4.880037452380530158e+04
3.571967002547380398e+05
2.680951319793754257e+06
8.587998771966693457e+05
2.572753550075776875e+05
2.291196395609666070e+04
1.968959463202945190e+05
2.040246796063048998e+06
1.195023311397426733e+05
1.763371420377429167e+05
6.464824546598169254e+05
4.421541943190692691e+05
6.821358210530311335e+05
7.566779969984706258e+04
1.243709779240216449e+05
6.075164569908529520e+05
1.218549003556831012e+05
5.172666285207041656e+05
9.210218848361073760e+05
6.403831787623934215e+05
4.482313027325280127e+05
3.967633353876143228e+06
3.996081985612424614e+04
2.515141759148817218e+05
5.836295708512876881e+05
1.975760788225698052e+05
6.347355959680817323e+05
1.247837265938330529e+05
2.527344813922645117e+05
1.914715236972564599e+06
2.167686495919243680e+04
1.718496756554406602e+05
1.495973539024694124e+06
1.913467920028396475e+05
1.244913292779729818e+05
3.910311996098660748e+05
1.040873782540674729e+05
3.408526751788126421e+04
6.341416045796158724e+05
4.362909978378236701e+04
1.944954828055089456e+05
3.928353863755650818e+05
2.091328048809602624e+05
4.480555498008368886e+05
5.296518328760616714e+05
4.180268142531985068e+05
7.498031148906134767e+05
3.910148816825269023e+05
2.739058374298737617e+05
1.326769144008136354e+06
4.459175390134294285e+05
2.335103798632485326e+06
3.803912408077878412e+06
5.172215524391926592e+05
4.001790039621686446e+05
4.715893927575406269e+04
5.722147040230821585e+05
9.038590486530304188e+05
5.462794879589212360e+04
9.837305059432955459e+05
5.640992077416715911e+05
5.717012777315885760e+05
9.045931155739465030e+05
1.524212953896838881e+05
4.326963415411031456e+05
3.502998028519645450e+05
3.340631308368312893e+05
2.321506631193842622e+05
6.046954200561053585e+04
3.607843894527589437e+05
6.690321924904150364e+04
2.174799784050366143e+05
5.076808573014113354e+05
7.420710771105349704e+04
1.029564011533962097e+06
3.819392104398165829e+05
7.496839573081218405e+05
2.481877471001143567e+05
9.672619421303331910e+04
6.870192857618045309e+03
5.563864549765021075e+05
1.029564649169226061e+06
5.919837463003575103e+05
2.782419848263730295e+06
3.936920696276794188e+05
9.089414044493595138e+05
9.617270962724846322e+05
4.538363026827888680e+05
1.262832454471386736e+05
1.168553916038749448e+05
1.751298541109290964e+05
9.154244454026082531e+04
3.372460480231029214e+05
3.632532211009099847e+05
3.332417405984173529e+05
4.812506752365489956e+05
1.825662940054853098e+05
1.463014599334881059e+05
1.746344677413591999e+05
2.839175348185786861e+05
7.740691614144697087e+05
2.717587917521534488e+06
2.305359442158964885e+04
5.106226218635570258e+05
2.027153097758979304e+06
1.647010676789368270e+06
5.132258441620266531e+05
1.910819291017362557e+05
1.876903660277892050e+04
3.756633167161307938e+04
4.485139564223033376e+05
2.459742204879121389e+06
5.381876110199542018e+05
6.574186202021655627e+05
8.527433270703357994e+04
3.041773293942732853e+05
3.287272174060802790e+05
1.003446613658431124e+04
4.842946345077518490e+05
1.432885654007660458e+06
9.440336226728275651e+05
1.711138239731811918e+05
3.142908341102008126e+05
1.565169597042084206e+06
6.768809940589006059e+06
3.300906049984591082e+05
3.366265015931147500e+05
2.698318917181052733e+06
8.496397203257931396e+05
2.083942687934705056e+06
5.791223629030574375e+04
4.541391933998010354e+05
6.590398867304202577e+04
4.475845068680190598e+05
2.632225568483549287e+05
8.295735483641238534e+04
6.583545212864966597e+05
5.049026180779905990e+06
1.614973201618012681e+05
5.261676722275856882e+05
4.950300478353132494e+05
4.023097936222410062e+05
3.203946445064060972e+05
3.404636297558898805e+05
3.232504647852872731e+05
3.918562451922681648e+05
5.140391433422357659e+05
7.077569375128768152e+05
9.394428134186373791e+04
2.337074835211901926e+06
1.291046425966524286e+06
1.109657944466937188e+05
1.075089610966199543e+06
1.135309934417286189e+06
1.560780388441663235e+05
1.740560658034484950e+05
1.262992681160624838e+06
7.351559345981163206e+05
3.526527892378643155e+05
1.550349810510491370e+05
3.855996525936811231e+05
2.149415054030752799e+05
3.057754744855324388e+05
5.102094547524278751e+05
2.270971055465967511e+05
1.605182848098839459e+05
2.891894628345349338e+05
6.503301868705408415e+05
1.260156338622429321e+05
3.312768809338324354e+05
3.188233202325536331e+04
8.773254215386179276e+05
3.182743419966274359e+03
1.240328175602910633e+05
1.574558611805048538e+06
1.682891724189222441e+04
5.456889437270306516e+05
3.758804627182080876e+06
8.360408191753149731e+05
1.671577183444317197e+06
1.319339148598272295e+05
8.308436722748484462e+05
4.853458138736286201e+05
3.078702387126116082e+05
1.106916842939424241e+05
9.215423158693296136e+04
3.380641205270038427e+03
3.156153770329160616e+05
3.718699672723588883e+05
7.673748735718830721e+05
1.791221775923319801e+05
6.217821415219353512e+05
1.302046370039286994e+05
4.249479098919476965e+05
3.823235854718043469e+06
3.032752843271513702e+05
2.025881080557964742e+05
4.923524837109073997e+05
2.534061820324509172e+05
7.202991222558864392e+05
5.789663106236733729e+05
1.662221713976282044e+05
3.401684608751215856e+05
1.633263286947938323e+05
4.156447935627083643e+05
2.802334703091059928e+05
2.534816783037891146e+06
3.248524065952503588e+05
9.367568574116329546e+04
8.732613064656440110e+04
5.148703775239028619e+05
8.032759686752215493e+05
1.142233453292504964e+04
3.768691088276341907e+05
7.093984736516000703e+05
2.986342644426626794e+04
1.229760846291500842e+06
3.011566571270000713e+04
6.025926003585846629e+05
4.099574257461223169e+04
1.194494835212253674e+05
4.560559120659846812e+05
2.003718158342701790e+05
4.313056297112437896e+05
9.862460263078595744e+04
9.101279123510695354e+04
3.990403135431829287e+04
8.680188000033323187e+05
5.125533794975957135e+05
5.084415420484322822e+05
1.633691089799245528e+05
2.212530508304266550e+05
1.660272436716846132e+05
2.171472956955393311e+06
1.606998405675654765e+06
7.459632095146226930e+05
1.109486528400234238e+05
5.003494601090102806e+05
1.339744275871695136e+05
1.228807117582335835e+06
9.538176044222050405e+04
1.481292843870689161e+06
5.151833461475655786e+05
3.949319135908496683e+05
9.110539704272936797e+05
1.363020815831849817e+06
4.942405134404436103e+04
1.997534723810706637e+05
2.560858056855300441e+06
8.254440958245014772e+05
4.778541057721576071e+05
1.319348354603515763e+05
6.900953994856706413e+04
3.339194673984170076e+05
4.219839424832335790e+05
1.595232367698054586e+05
3.846625253005138366e+05
1.195022766239913879e+06
4.487210889118615887e+05
1.832359604563307657e+05
4.788845150353581266e+04
8.828989003871701425e+04
3.467134024396493332e+05
5.693851444160691608e+04
1.194657700947359903e+06
3.013398591392789385e+05
4.927251686703945743e+05
3.550697043650689884e+05
5.713678579092317959e+05
1.001153693002897926e+05
1.334407476336346706e+06
3.037948559724296501e+03
2.687124041190980352e+05
4.422915250672817929e+05
1.938051882264227315e+05
2.308943923816950410e+05
9.802192253429378616e+04
2.357108058104059019e+05
3.833083073464527843e+05
2.468970288608670671e+04
2.711356085606817505e+05
4.548368925815432885e+04
1.327651173581864918e+06
1.487155337796321837e+05
7.877979885177353572e+04
5.200892145571392757e+04
3.388871748991673230e+05
2.623736810209386749e+05
1.181332336560925702e+06
1.426912355496409815e+06
3.446850274960241950e+04
1.520475150761981786e+05
1.447167020054839668e+05
1.783351373479126487e+05
3.411550922796184313e+05
1.643933235289309872e+06
3.062672633389133262e+05
6.158544313136535493e+04
3.316748448623768054e+05
7.391558204790116288e+05
2.981166153560974635e+04
1.802545213976958476e+05
1.172018354234993923e+06
2.833001412514183903e+05
2.931523348713794840e+05
2.361286787425234215e+05
2.636486780933713075e+06
4.458840031669594464e+05
1.165270142809551617e+05
2.715180292228616308e+05
2.200502250770131068e+05
5.961441665876085171e+05
7.377749580483791651e+05
1.497130676360971294e+06
1.158026813520763302e+06
2.757060535237094737e+05
2.315219085880497587e+05
1.773068081013972915e+04
2.707054408993641846e+05
2.054640764296267647e+06
8.115518293547240319e+04
8.279991172339591431e+05
3.728931592936436937e+04
1.766519275729112269e+05
8.427869985169554129e+05
5.723863479516190710e+05
4.245220836413417011e+06
1.520563383597157372e+05
7.718904431293336529e+03
3.612752450031225453e+05
6.979675768907941529e+04
1.481930401466279291e+05
1.666809847216523485e+04
8.326581642972491682e+04
2.213990378564979183e+05
8.493745097326315008e+05
1.035081195810698904e+06
3.594624087991226115e+05
1.828622516206459259e+05
5.850451376276212977e+04
1.017969967872571317e+06
3.906089445641073398e+06
6.002525640312681935e+04
1.060704906902125571e+06
1.912567833245943475e+05
7.073401186260099348e+04
7.210184743927471573e+04
2.351539625108606997e+05
4.370477346068597399e+05
8.923152723380595853e+04
4.761914814306159387e+05
3.275294805899695712e+04
3.302886083785282244e+04
6.785332480979164829e+05
9.577948083199557150e+05
3.111845025562309311e+05
9.991693057673765579e+05
1.904155853692875244e+06
3.821491628481918451e+04
1.777014714773861924e+05
1.789808319257480907e+05
2.632487381615272534e+04
1.100060004159665201e+06
6.149242902436428703e+05
5.392020403460932430e+05
5.066868799341116392e+04
1.847122130677898822e+05
6.699496477148913546e+05
7.963774164515355369e+05
1.450969427376102249e+05
4.702319578533881577e+05
4.820249006524630386e+04
6.620707359219513601e+05
1.738237348537318641e+06
3.743727958233616664e+05
3.689106680779023009e+04
3.435283016666619369e+04
1.724880420140146278e+06
3.715275130778520834e+05
3.834561922789070522e+05
1.672163233750681975e+05
1.708348188970128307e+06
1.723133646106829983e+05
8.788169120967186755e+05
3.005875088024920551e+05
3.746775547046685824e+04
4.412426566941209021e+05
4.426793998302228283e+04
2.977287799851118471e+05
1.468930857361781079e+02
1.736680377530037425e+06
4.035555948579599499e+05
6.961313704223746900e+05
5.518229341670065187e+05
8.920777171137732221e+05
3.006311537529549678e+05
2.015008124134276295e+05
2.394655154100199288e+05
2.008474278608393215e+05
1.659479399032503716e+05
1.410744777777401032e+06
1.722131785642294679e+06
1.459045611011004657e+05
1.397093836810744833e+06
9.916513022194310324e+05
4.564636631816133013e+04
1.987288449074755423e+06
2.930348814327911241e+05
1.759194246097738796e+05
3.336320567319435941e+04
2.655409935776774655e+05
1.126606869655579096e+06
8.309783733361050254e+05
1.074822553633535979e+06
1.178353103185944783e+05
1.108800223485521710e+05
1.336164961319138238e+05
1.376886984701191541e+06
4.783502923046390788e+04
4.050300948799185426e+04
6.555155077188698342e+05
1.106733614897492371e+05
2.133149981432552915e+06
2.065448232985278592e+05
1.104641530248945201e+05
1.143778417826846999e+05
2.902764600955127389e+05
2.394549735697159485e+05
1.360723789093296218e+05
3.803094959208951332e+04
2.092774861695958534e+05
8.267153279714731034e+05
2.160041102998132410e+05
1.986900461917973880e+05
7.762485240742322057e+05
2.563341343166668375e+05
2.691306135734357522e+05
3.159497636723188334e+05
1.700773247876918642e+06
1.102672383985463064e+06
2.114235877098646888e+05
9.592032202814494958e+05
1.148545446943355928e+05
4.714005057511713676e+04
4.547878911906304420e+05
6.062719649719692825e+04
4.515341474758263794e+05
2.422972479401864111e+05
1.995017706674162473e+05
3.921672168976893299e+05
2.819696855617595720e+05
5.925949025178117445e+05
1.139751080763636623e+06
5.333007693724853452e+05
1.128769451522524934e+06
5.676273477043814491e+05
1.163623846888346889e+05
3.988938406337473862e+04
5.839432340105455369e+05
4.433130500833829865e+05
1.114802280499526765e+06
1.786699057932144788e+05
2.463290805716867326e+05
6.493564220842405921e+05
7.493565596966000157e+04
1.218629109696903906e+05
1.354439846989136713e+05
1.781185549702782591e+05
3.685213346332224319e+05
1.597997490200863685e+05
6.501128306432130048e+05
4.794459856796552776e+04
2.029711836301035146e+04
9.115196453870728146e+05
6.043599702487244213e+04
9.065751026292968309e+05
2.224416640893988952e+05
1.198488172811253753e+05
4.734858907512780570e+04
1.137718399478875217e+05
3.041715078413704177e+05
2.090007554446168069e+05
5.891086609376405831e+05
1.070463127790214639e+05
2.014023010529638501e+06
1.558528083564100321e+06
7.032404023875687562e+04
1.289899787131364923e+06
2.640773088136512088e+05
3.334817100614692317e+05
4.165315724075160106e+05
4.829063597829556093e+05
8.354805450355791254e+05
2.081988196015491267e+05
6.531132491611937294e+05
6.380477252213535830e+05
6.567477866065717535e+04
2.267044773912265897e+06
1.856997271341462329e+05
1.067118793284109095e+06
6.253406105484799482e+05
1.823717482589435822e+05
3.405486585289139766e+06
4.082597088040215021e+04
1.640041107810690010e+05
1.010624192573089385e+05
5.771165937958105467e+06
4.186634680275794817e+05
2.883919189687629696e+05
2.094089826886366063e+05
3.832071191758079221e+05
2.894127402229503496e+05
8.472932795590945170e+04
1.689912207565100398e+05
4.888859534314885968e+05
9.735592730012761604e+04
8.260192890899402846e+04
5.326969571478645084e+05
1.809659575572609610e+05
2.063518699267373304e+05
3.941332214936612872e+05
9.495488424735859735e+04
5.177723498145265621e+05
3.534315452513252385e+05
1.888986115360236494e+06
2.099764682513153239e+05
5.621255512905451469e+05
8.169614169016901869e+05
9.163214074735350732e+04
5.487703610575791681e+05
1.104564811224800302e+06
4.620557622829947504e+05
1.244136969970955746e+06
4.491810317663076567e+05
4.792102740103362012e+05
1.463273413029870484e+06
2.956252216434434056e+06
2.261428108396365133e+05
1.289188821059827605e+05
4.220211304784590029e+05
1.630364094518117781e+05
4.125196651042306912e+05
5.172320629626001464e+05
4.911184228480422171e+05
1.251138516438183578e+05
9.520565882788524032e+05
7.091482035576370254e+04
6.901540783329476835e+05
4.630840675448802649e+05
2.767448494399783667e+05
7.205036085009595263e+04
1.650925006444856757e+06
2.252265687228790193e+05
4.452515707476240932e+05
7.052500585528461670e+04
2.026012432907847106e+05
4.887933942807654850e+06
1.419409059899303829e+05
7.554576162485689856e+05
1.216310837139384093e+05
3.292340865391550324e+04
1.027452325934850960e+06
4.331266417445677798e+05
2.359376105428509181e+05
7.822066196769410453e+04
2.405610108071820287e+05
1.372268466085047461e+06
1.297090280497607077e+06
1.602789537609274499e+06
1.077158750690223533e+05
6.687235157576648635e+04
3.209562419166815234e+05
2.869056808186303824e+05
4.468520843347847112e+05
1.483155205997933226e+05
2.801181788210325758e+05
2.619587858507728670e+05
1.088901768312413944e+06
1.451674175052833452e+05
8.564463056745182257e+05
1.919944325651057588e+05
5.663820238339091702e+03
1.161137949043761240e+06
6.045525455969871255e+05
5.251272757546853245e+04
8.087612866535657085e+05
1.612233996060974896e+05
3.360725961104256567e+05
1.743717008736486896e+05
3.820790193533578422e+05
2.771329456555402721e+05
3.804858864816516289e+05
5.935514880630089901e+05
1.721600100122321164e+05
2.164083904260712210e+06
4.501724550166156841e+05
1.953224345657607773e+05
3.509907157891177339e+05
4.710581634529399162e+04
1.321708408201049315e+05
4.603568155492714141e+05
1.126652954317372496e+05
1.880867238142716233e+05
6.153163335081943078e+05
1.171635711114055302e+05
5.706517569166820031e+05
2.365532528595672047e+05
2.166076146063087508e+06
1.174239106202766532e+06
1.266268096129921032e+05
3.529742985665332526e+03
1.498970224331060599e+05
2.650514675382347195e+05
2.172991992277640384e+06
5.987908521493460285e+05
1.399307673672272125e+06
1.721807482137639308e+05
1.183246091974898707e+06
4.770145370016496163e+05
1.098976014265926060e+05
5.550195062634046189e+05
3.653329324554888444e+04
1.554819158757147845e+06
9.084238787057538866e+04
2.643746483727376442e+06
5.617819066535724414e+04
1.340590562881485093e+05
3.001534270764188841e+05
1.368248718388227571e+05
1.315688798072265054e+05
1.628705845978700090e+05
2.061765649872068898e+05
5.607363817560063908e+05
9.338513571630250954e+04
3.599556885042142123e+06
1.850357351191859343e+05
3.771676164450891083e+05
1.231399566389278771e+05
3.587521842630238971e+05
3.041475395463942550e+05
2.436407586313419451e+05
2.131037261802730427e+04
5.883683550137166458e+04
8.090906277300206712e+05
1.792982372300833464e+06
5.327018014475796372e+05
2.796937553310003132e+05
8.870123610809196543e+04
1.016139248214541934e+06
6.733990485655056546e+05
1.966807314131588791e+05
1.603320201675454446e+05
1.456224237955095246e+06
2.491522761258700048e+05
1.809926833122109820e+05
1.538794730430305353e+05
1.175875370670863893e+06
6.415418499278039671e+05
1.069385991925186710e+06
1.325815372542580590e+05
2.209541504339529667e+06
2.027223081202325120e+05
1.772403816886756336e+06
3.117201122298348346e+05
1.738486559419371188e+06
6.139786397476557177e+05
1.811492153946966282e+05
3.065718992904203478e+05
5.374688897635584908e+03
1.212620281613232946e+05
1.057290618273882137e+05
1.797153224715435354e+05
3.382178235260469373e+05
3.797661861991520273e+05
3.206754306722370442e+06
4.359685225370181433e+04
2.546908704924427147e+05
1.388078966026786948e+06
4.620857717153455131e+06
1.388083304323580232e+05
3.491563509913724847e+05
2.923109482427606359e+06
7.284904351277177921e+04
2.050452315260331088e+05
4.324702220919580432e+05
4.124301264079585671e+05
1.037160129543406540e+06
2.074308618182199134e+05
4.144832492999283131e+05
1.184914930481142364e+05
6.452726103964865906e+05
1.548772580503753561e+05
3.834311205123302352e+04
4.199554393678677152e+05
1.162638043930883752e+06
1.025538547488497454e+06
4.822861409703443060e+05
2.172405185740894231e+05
1.383641563284538279e+05
3.161528188067079755e+05
3.875098300420870073e+05
8.481539227338356432e+04
1.893360650932516728e+04
2.115980512728776084e+05
8.441213999204618158e+05
8.921431113856581505e+05
4.742917150981221494e+04
1.039592101675845770e+05
2.248101268139839638e+06
8.650985336799561628e+04
6.214303050908673322e+05
1.651763550069296616e+05
2.888586420486791758e+05
1.460771324416446500e+06
5.195481740049362415e+05
4.394042745074737817e+06
3.949585207587478362e+04
2.156978447149808344e+05
8.469282185370754451e+04
1.015234951650719740e+06
3.500303343112379080e+05
1.096629817146280984e+05
2.773397589171723230e+05
3.100100042811125168e+05
2.073550167031534947e+05
5.205192616695436300e+05
1.056391512188071829e+04
1.947854395108821336e+04
2.760638360226901132e+05
6.946768282324592583e+05
1.979995112893363985e+05
5.704609917603604263e+05
1.587574579063818324e+06
3.597720355293600005e+05
2.294589073107058939e+05
5.260423009324027225e+05
4.256655568051863229e+05
1.747187810655690264e+05
3.242396999964336865e+05
6.580784889120349544e+04
1.280224261565368070e+05
1.140005579862661107e+05
1.828154788650275208e+06
8.909718256798080984e+04
3.595693354821682442e+04
1.572059789669945894e+05
5.300982947926250054e+05
3.460594355532452464e+05
8.634690434625098715e+05
2.213119894774927234e+05
5.150132652926637675e+05
3.202293768069715588e+05
9.278954165772913257e+05
1.010290069122452987e+06
5.862917690800435375e+05
1.229587949105913751e+06
9.655095534260052955e+05
8.302410821740332758e+05
9.385933357252749556e+04
3.736853437176414300e+05
2.679571746311793322e+04
3.939693743750776048e+05
2.011988486599709606e+06
1.117136155914850766e+06
5.116230665282272967e+05
1.942389063359274529e+06
1.660240466729815584e+06
4.033622239113272517e+05
2.577839032844119647e+05
1.020385322576075851e+05
1.035537659009816241e+06
6.239879548647587653e+05
6.875012857600592542e+05
2.809152141274542664e+05
5.979808716800780967e+05
1.205578546625440475e+06
4.011720296976165264e+05
1.547434761950336688e+05
4.213189912193726050e+05
8.615161406411456410e+05
1.767187730277245166e+06
2.540942966264757561e+05
1.110315891029215418e+06
2.038364497917788336e+06
5.015610547424592660e+05
2.764874203719996149e+05
4.345855720608825795e+05
8.126338104803232709e+05
4.298622848338382755e+04
1.536270594697560300e+05
2.593140954639510019e+05
9.699484329814350349e+04
1.580497476983271772e+05
4.470890495616453118e+05
7.800077562393133994e+05
4.740998789866761072e+05
2.839285490080816089e+05
1.395580820188749640e+05
7.776266822663606144e+05
2.840369007910290966e+05
4.746042687646512059e+05
3.164348839373235824e+05
1.876058382280076621e+05
1.467758812514640857e+06
2.059199672384176229e+05
7.400646557338645216e+05
1.356593211874527624e+05
2.870773159313964425e+05
1.125811851274578803e+05
4.152767848486406729e+05
1.553402775636942824e+06
4.039630164706199139e+04
8.769060742187086726e+05
2.642331360786752775e+06
1.721536035734074248e+05
2.170751847101076564e+05
7.884083999964320101e+05
3.743217364403114188e+05
5.500028093953954522e+05
5.765043726289934479e+06
1.012748586792979739e+06
9.129535888428508770e+04
1.023915376354854321e+06
4.263322061813784239e+04
1.416232773108619149e+05
5.618710828949178103e+05
7.199712143112986814e+05
5.151680394031844335e+05
2.387981890360707184e+05
3.710227937428270816e+05
1.338596490648761101e+05
3.168072032755073742e+05
2.710243675117786624e+05
1.566073558288518398e+05
1.973946516698704218e+05
4.655295326410455164e+05
9.259013744638583739e+04
1.812739445266732946e+05
3.312902530526040937e+05
1.482704014851087413e+05
2.569579460935181472e+06
1.512509614361310960e+05
1.045998908925788710e+05
1.523914686926720606e+05
1.577047843580818037e+06
2.144979362318368803e+05
2.563169894367912202e+05
3.699622169564947253e+05
4.655811306684865267e+05
1.438985431595100963e+05
1.204419105805694271e+05
4.650127611866401858e+05
8.767619619687801460e+05
5.242931540571289137e+06
1.678050555849920202e+05
6.408487551821313100e+05
1.890821103012183739e+05
1.054337122874819033e+05
5.628798914432587335e+05
6.673378492807449948e+04
1.393576550707688089e+06
1.412850180956035329e+05
4.408714595259840717e+05
2.134859459052749662e+04
2.201979676837741863e+06
1.456681837577213766e+06
1.970671616542982520e+05
9.637767747726159869e+05
3.597152242275223252e+05
3.726159649034390895e+04
8.546607716184033779e+05
3.564981296165304957e+05
4.699111309222098789e+05
1.103384179270560126e+05
5.599512004827919882e+05
1.422339540171388653e+05
3.018636817212753813e+05
2.458881428035820863e+04
1.439239018287441868e+05
7.233480132408019854e+05
1.379696520047976228e+05
5.566069816655418836e+05
2.670604637973913923e+05
1.172065380988351681e+05
4.553319894322836772e+05
2.138841753794583783e+05
9.996032944196106109e+04
1.144811264558440162e+05
1.261923341415030736e+05
4.714194975961806485e+05
2.405323982613651315e+05
2.045810305143354635e+05
7.491324669941256616e+03
4.983687020027816761e+05
4.476924467427983764e+05
6.226944464986174717e+04
4.044132694901708164e+05
9.994226056237131124e+05
8.457646946446546353e+05
4.570857989894975326e+05
7.189385454435461725e+04
1.260110044348343217e+05
1.268264520936432018e+04
5.099151494084686419e+04
6.501552387222941034e+05
8.729410733188261511e+05
1.507015895838950200e+04
1.510761685576180171e+05
7.647009941129524959e+05
1.114719252436891897e+06
1.853611359168035211e+06
2.096561357045537443e+05
5.485203349519732874e+05
1.297795678576491337e+05
1.213412559053368313e+05
3.787945800734882359e+05
7.158235648530878279e+03
2.376707376324434881e+05
5.481579649715360720e+05
4.596684234109560493e+05
3.002816724241985867e+04
1.062962107785475207e+06
3.447739209549739608e+05
4.377230840355084511e+05
1.303719371828785079e+05
1.244222993481682497e+05
1.223354967242081475e+05
1.076284061704503838e+05
1.562842975339351979e+05
2.320165646351904725e+05
6.142879877654809388e+04
1.058829012523200945e+05
3.255898017755438923e+05
1.649634084946206422e+05
5.533317299236918188e+04
2.607007483464364486e+04
1.546994306112593622e+05
1.323513700745303067e+05
5.107830603308582795e+05
3.431938082738794037e+05
1.233995087486468110e+05
9.227064294227164646e+04
1.547522187881228980e+06
4.755776233740448952e+05
2.223107531726258458e+05
1.241088521957133664e+06
6.895242454547475791e+05
2.500925255081177165e+05
1.139927730927242919e+04
1.297664359981623711e+05
8.514474233671948605e+04
1.393715533207553672e+06
9.815882135982355976e+04
2.088030909422112163e+06
3.026341769506098353e+05
1.876231064727137564e+05
5.090306255769677955e+04
8.904727128485826543e+05
1.231634485627177201e+05
2.246282588106899348e+05
2.838748479417624185e+05
1.557581479371875757e+05
2.554247920709172904e+05
1.802538522526246961e+06
1.792497292490127729e+05
3.691370944203200634e+05
5.459903778357669944e+04
1.293218028632812435e+06
1.323880374611258740e+06
5.862545796378698433e+05
1.309884264885336393e+06
4.787951534264939255e+05
1.366654470431873808e+06
1.848554739182800753e+06
3.014592094898956129e+05
1.329481473394961096e+06
1.978826881493738852e+06
9.962404779414361110e+05
8.879101432927343994e+05
1.929980805907471222e+05
1.273657840248558932e+04
1.164535495276557282e+06
9.394256558827242407e+04
3.259833448114207946e+06
1.312731872430960648e+06
1.500163266796872485e+06
7.498139675508529763e+04
3.637368160724802874e+05
7.104036490208966425e+05
8.738590580576994398e+04
2.000896162289791275e+06
3.192986750473506982e+05
1.725851779054130020e+05
1.073408590564632323e+06
1.185252970201299060e+06
5.397876587037356803e+05
4.732308975762633781e+04
1.133303271155293100e+06
7.844060005604705657e+04
4.075003280392661691e+05
7.133632134919111850e+05
4.194424659463267890e+05
1.136665752775791043e+05
4.993076182559824083e+05
9.912395514091436053e+04
5.366811776726004900e+05
4.121320646843143040e+05
2.533096496427927341e+05
1.404917062950056745e+06
8.809321305173144210e+05
5.186755703752617119e+05
6.574148000480214832e+05
2.161213246731959807e+05
6.966266689492164005e+04
6.717638226886943448e+04
1.249751997908537451e+05
1.391673694207678782e+05
5.852594757342641242e+05
7.593439044703688705e+05
6.903367289337667171e+05
2.457177306872376648e+05
1.429726927807466382e+03
6.407496249302692013e+05
1.375200588479698170e+06
7.307271807731983718e+05
6.079652868128236150e+04
4.914448132146341377e+05
1.092179844621302327e+05
4.045868539623087272e+05
1.589940834078571934e+05
1.194180673291349784e+06
5.284969370212809881e+05
1.990703513088803156e+05
9.726174594332397101e+04
5.050359508697953424e+05
1.095375585721771058e+05
1.625182607990060751e+04
3.859844353823510755e+04
4.178068711777141434e+05
1.025915723269889131e+05
1.544397263451309118e+05
9.264777739163700608e+04
1.155620201483230805e+06
1.751035074069781986e+05
3.615078566562521271e+06
2.382810539021066506e+05
7.649509998974396149e+05
4.651252389638964360e+02
1.659299418072536355e+05
5.076553284261876834e+05
6.736449317396593979e+05
2.782803983674857882e+05
2.234936664635969209e+05
2.762666003929902799e+05
5.435708261306359054e+04
1.760012037627589598e+05
9.338401437675644411e+05
1.735431781855874870e+05
1.911393430300477776e+05
4.797760027482015430e+05
2.893461355149899144e+06
1.875710299589108035e+05
1.982028253238949226e+06
4.217071005373539519e+05
5.307107586241798708e+05
1.351324940006823977e+06
4.635936294344334601e+04
2.104905157610077411e+06
3.527533273104765103e+05
1.239193247563208715e+05
3.836284619757729233e+05
8.430191623079737183e+05
2.359663542635630816e+06
1.298985915795834735e+05
1.675527495620249247e+05
6.578054305883389898e+05
4.904466070173467160e+05
3.706394174125218997e+05
7.166474784821594949e+04
2.895092037324819830e+04
1.209631416801325278e+06
1.292074411439599353e+05
3.043148861505333334e+05
1.873233999889918778e+05
5.247086467275250470e+04
1.126312931594540278e+05
5.018347085179274436e+05
5.633997977925948799e+05
1.651107871692747285e+05
6.550441539485758170e+06
8.833996511422615731e+04
9.528058527184455888e+05
2.835372845140533173e+05
8.548479095388170099e+05
2.660011284990009386e+06
1.894613618213387381e+05
2.351678578477645642e+05
9.325056966888469178e+05
4.180971641701611807e+05
3.102646371810017736e+05
1.173408579632703913e+05
1.502598230737630220e+05
6.843444623851323267e+05
3.911012698453640915e+05
1.897119915585027775e+06
2.497935672324734041e+05
1.014866235377289471e+06
1.940011583469809964e+06
9.688668971149205754e+04
1.647870518442500324e+05
2.757010418576047523e+05
5.803230841628189664e+05
3.667302416541285929e+05
2.336312840915846755e+05
3.832904157748888247e+05
1.812868391235850053e+06
3.448764949578891974e+05
2.932380529392465833e+05
9.174206426332609262e+05
7.429120504602583242e+04
9.602853821313768858e+05
1.685993299042480940e+05
2.928164502195343957e+05
1.311683674229539756e+05
6.894027036382009974e+05
3.179649836130748736e+05
1.030576197702142817e+05
8.644759345286699245e+05
4.761982052335602348e+05
7.179846247150277486e+05
1.117659343889587745e+07
7.144399864154554671e+05
3.368778784152436536e+06
1.920158506421067577e+05
7.020643420574708143e+05
2.223623137249653155e+04
9.403067143158159161e+04
4.791379441018437501e+05
1.673883483671724680e+05
1.120956330287741439e+05
2.302348382775268517e+06
3.779823582010191167e+05
1.967094679822519829e+05
1.818282094385163800e+05
1.342749553199943330e+05
6.451507077520033345e+05
3.559293738009855617e+06
1.230750485742563033e+05
1.191184730084683746e+06
1.175964075276773656e+06
2.554195766852385714e+05
1.414158665080057690e+05
5.444434095508969622e+05
4.947210453928066272e+04
1.794004847167352564e+05
2.370118499309831823e+05
1.905434112490857660e+04
1.573058896959858248e+06
6.462752279385579459e+04
4.171901910242091399e+05
2.232219786984439706e+05
4.442564882195157697e+05
8.036068322667299071e+04
2.667705264852326945e+05
6.093805755474268226e+05
1.478660906728901900e+05
9.734735080324140145e+05
1.081696856833231686e+04
1.891547345369592076e+06
2.733115359626205172e+05
8.456097705775844224e+04
2.320003249944208364e+05
1.351923908743939537e+05
2.881612107874847716e+05
3.574133005468345946e+05
9.031866575241312385e+05
8.432025287364324322e+05
4.603418649579908233e+05
1.572521936135416327e+05
1.523482854881742605e+04
2.503798458190559759e+05
2.779654925066072028e+05
2.864706365343249636e+05
2.079195951858658373e+04
5.643130270624516997e+05
3.136208082941698958e+05
8.355218606214907486e+05
1.627543798924417060e+05
8.741407515957314172e+04
1.134298668702733703e+06
4.691403949106166256e+05
5.740345998934808886e+05
1.619150987651225587e+05
5.977031386749655212e+04
7.846408702978719957e+05
2.923434426101650111e+06
3.893743108869588468e+05
2.102095739255868466e+03
2.700020646589781973e+05
6.700741169200025615e+04
5.153075926410559914e+05
7.275484977262351895e+05
8.583836140421993332e+05
8.814604613188008079e+05
1.194066007308883272e+05
1.304410221309055341e+06
1.723765626934775501e+05
4.495700736972838058e+05
9.275705147175324382e+05
3.980938963615419925e+05
2.088314250167443533e+05
4.386955749573179673e+03
4.731607977699099138e+04
7.857425221221247921e+05
1.435727634545903420e+05
8.886144145972351544e+05
4.179283849879447953e+05
4.139128549466645345e+05
1.028949314888831810e+06
2.598065443180816364e+05
3.557749831409412436e+05
3.807614198803468753e+04
3.022292200754851219e+05
2.075488354273783916e+05
1.378404820453764405e+05
2.254043902361885994e+05
2.250136817064263858e+06
1.895368052061275812e+05
2.601968482926166907e+05
1.096109172287404799e+05
6.435214377016099170e+05
1.378443993820183096e+05
1.284514811123462569e+05
1.555181673695520498e+06
9.425295395715188351e+04
4.560926242986145080e+05
1.268727292715957301e+05
1.162038028197235661e+06
4.084358650500534568e+05
2.821459877742386016e+04
4.769273358873140533e+05
2.807329087896201600e+04
9.735380029529036256e+04
8.611888560935950372e+05
1.043919928821017093e+05
2.089806404647218296e+06
4.522735010853793356e+05
3.750608572819396795e+04
1.654808837590766372e+06
5.412279350770695601e+05
4.128259543614263530e+05
3.568801579804685025e+04
2.915227570292647579e+05
4.985443660689221579e+05
4.021176323176713049e+04
1.449966082522494253e+06
2.727974267194410786e+05
6.855036217840379686e+04
1.147961263986074337e+05
3.576545671294492786e+05
8.581766281928038225e+05
1.534952372185051499e+05
7.604221323564090999e+05
1.128746905016096309e+06
1.591203812279190752e+05
4.294414341486237827e+05
6.466838264783393824e+05
1.475628611196383717e+05
6.608504330649039184e+04
3.824016988255522447e+05
3.108101095034338650e+05
4.611817525376967387e+04
3.828930542402615538e+05
1.080650629077335820e+06
1.434654378917957423e+06
3.546118051713021705e+05
2.352922606006491988e+05
4.041537098339212243e+05
2.689333656721567386e+05
2.139810835268913652e+05
1.969088239337603794e+06
1.528050849181647645e+05
2.791253963071436156e+05
9.341052948447971721e+04
1.055971755164231727e+05
3.301035822976783966e+05
4.303338495893899235e+05
6.227100403147963516e+04
1.701092578215758476e+04
7.211854947428479791e+05
7.553778394943453895e+04
3.479826060741411056e+05
2.644150090593031608e+06
1.292249742903625593e+05
2.599076750469916442e+05
5.584301231713661691e+05
1.118291642541426001e+06
1.348335510071885772e+06
3.029990021516661509e+05
8.670571445150070358e+05
3.258821820074607385e+05
7.299709492101072101e+05
5.900683634412853280e+04
3.885620168208810501e+05
8.401456121747323778e+04
1.249628566797084059e+05
4.830073477052000817e+05
2.038141384833105840e+06
9.523788378876133356e+04
3.958031521300074528e+05
2.709161548250229680e+05
3.608175355009474879e+04
2.590842907904315507e+05
9.473370401364369900e+04
6.394647024535591481e+05
4.297429363858439319e+04
4.084112188410882954e+05
2.642592682849435951e+05
4.736567060390528641e+05
6.754812632482767804e+05
3.970857884525034460e+05
3.869674178966703766e+04
8.795056913152944762e+05
4.009831125948800473e+05
1.543803821064856020e+05
7.581787703213462373e+05
2.004509850563414861e+06
9.108475801443313248e+05
6.272476038605052745e+05
4.516279203678200720e+05
2.752541380255537224e+05
4.305860759587858920e+05
2.234989335928000219e+05
1.614859607905982120e+05
4.809145073769973242e+05
2.553957120737051591e+05
1.867762755756808911e+05
1.709711385612566373e+05
1.618918278607185057e+05
2.596921512599475973e+05
3.753144851962642861e+05
6.025279817586528952e+04
8.512740179505238775e+05
4.803650247922143317e+05
1.773320290750268032e+05
2.958122374308707076e+05
7.343575661327835405e+05
1.648066892370338974e+04
1.255435039261763450e+06
7.342761130875656381e+05
7.161653980589911225e+04
1.485288037644523196e+06
1.661898920517777733e+05
1.569834669091534335e+06
3.177369991324678995e+05
3.459562640201936592e+05
1.213769439087033272e+06
8.750945437395902991e+04
3.509425964878003288e+04
5.949766128615598427e+05
1.097732669208502397e+06
1.412586839483532822e+05
1.672929163508883794e+05
2.294952891386474948e+06
7.969976592871465255e+04
7.629944340777895413e+05
3.057624590602001990e+05
6.556532193981094752e+05
9.525604681416319218e+05
2.886076365479334723e+06
8.389127156848006416e+04
5.121505119968447834e+05
1.641711633755382500e+05
1.970432901255856268e+04
6.541075972435804579e+04
2.860147951218449161e+05
4.156535093265475007e+05
1.015354130201606895e+06
2.363798855903008487e+06
3.081195768664081697e+05
6.059654685243889689e+05
1.554805140985031612e+06
4.928183561580217065e+04
9.612863787590005813e+03
6.810973831550880568e+05
2.795595647108952107e+04
1.806328810428402212e+05
1.149032846352635388e+05
3.373818628854221315e+05
8.417278693731734529e+05
6.512247989859209629e+05
3.695719088206407469e+04
4.572713704194788588e+05
5.591793531292817788e+05
7.826834160374500789e+04
7.188663445114992792e+05
4.009114936198708601e+05
3.705675950752035715e+05
1.281207221777864918e+07
3.970107405189405195e+06
1.181063477814219892e+06
5.022953730244851322e+05
2.100961502440804907e+05
1.803480001567995932e+05
3.258273675861361553e+05
6.570827120943742339e+05
6.914717408940334572e+05
8.291514351510682900e+04
7.714749805705983890e+05
5.104212819125062670e+05
5.909176108728721738e+05
5.064359028660841432e+04
6.178947194254200440e+05
3.714708735549996491e+05
4.268582004235389759e+05
2.753720999484986896e+04
9.461096391267481522e+03
1.261569677885401063e+06
7.089685213809624838e+04
6.984322041264761938e+05
1.138584093341069529e+06
7.959926424666240346e+05
1.102790236929044593e+06
5.485209624993709149e+05
6.207714000825422117e+05
1.817678988220735046e+05
2.716592679127997835e+05
1.102298460653955408e+05
2.099052562539156643e+05
5.635135823227116634e+04
6.717596638257154264e+05
2.953257277689462353e+04
1.333381105631228304e+06
1.180432454814194207e+05
3.645446121017782716e+05
4.948240501158282859e+05
4.961849299003823544e+05
4.068843678339460748e+05
7.012332903494996717e+05
1.387381335880627557e+04
1.185461969186886563e+05
5.007808527666112059e+05
9.689045602477125067e+04
4.397464114527751808e+05
1.748429009103812510e+06
4.923836915919653256e+05
2.539005148762356475e+04
6.266098547640557081e+04
4.973522605342538445e+05
3.015416540797202615e+05
3.854550558162503294e+05
1.650746513788638113e+05
6.477200935661455151e+05
5.549087507294406350e+03
3.776670075749424286e+05
2.730040598921853234e+05
3.954050492971496424e+05
8.870261829049311345e+05
1.022379628316303570e+05
1.686821544674432371e+05
3.564415586822908517e+04
1.855362136801720771e+05
5.490836758300912334e+05
4.275519623863208690e+05
1.661086505629644962e+06
1.668648619042109931e+05
4.133557918513946934e+05
8.317812625699577620e+05
6.762700016652251361e+05
4.977125916468597716e+05
1.854337556665699929e+06
3.693718906579937175e+04
8.701343506830943807e+04
3.847407160768291942e+04
2.626110044910247670e+05
2.879043948713862337e+05
1.695512672412555548e+05
1.950353031943760288e+05
7.814483896428006701e+05
1.118872078490651038e+05
6.029450555668157904e+04
8.486228042218104238e+05
4.163590909005292924e+05
2.500744068908835179e+05
9.909391579079278745e+05
1.571905214924913365e+06
1.262908436275252607e+06
8.728987978502097540e+05
4.308954978276793845e+05
9.894608404326569289e+05
2.255422525195292255e+05
8.478522067268051906e+05
3.587203512666237657e+05
1.592128295912476024e+05
5.455252124496763281e+04
5.178762215628871345e+05
7.105648748741630698e+04
7.037836202653218061e+05
1.556623931314945512e+05
2.474170819371232064e+05
5.781061589376807678e+05
6.223988866495189541e+03
4.461377381613060134e+05
3.305093675433922326e+05
8.137283239439217141e+04
9.321214172573458200e+03
6.482093996897434117e+05
3.354633540866094409e+05
4.005376793129047146e+05
4.216629433326771832e+05
1.584009262602077797e+06
3.144437283638294321e+05
6.519176979411354987e+05
1.450580175506627711e+05
6.759437689444177086e+05
1.235389339542970061e+06
2.940737525446510408e+05
1.248982762104064313e+05
6.039385229663061909e+05
1.931827377632060670e+05
3.696496834374281752e+04
8.905221772837126991e+03
4.834690997320042225e+05
3.430364414538449491e+05
1.170929268933800980e+06
8.874140758818760514e+05
5.535021788006286370e+05
6.753846422994129825e+05
1.488427005358504364e+06
4.695709571605325327e+05
6.891432214867654257e+05
8.281451343594299396e+05
2.462478150067937095e+06
2.934201732105773408e+06
3.461465763715436915e+05
1.590496208094971720e+06
3.196928073198507191e+05
7.718962942058134649e+04
3.078287969162755762e+05
4.146094458064470673e+05
1.231345192928684875e+06
2.283899484596095572e+05
2.344274973861294566e+05
5.175551505927527905e+05
2.658435766991411219e+05
3.415322814785020892e+05
1.519171742904301209e+05
3.260388078492460772e+05
6.353412934560090071e+05
3.974851557349261129e+05
1.281253332761122379e+06
1.008580309963170672e+06
9.656668205003716866e+04
2.244469345875987492e+05
3.225963290329418960e+05
4.535847367751994752e+05
5.725121826773306384e+04
1.871281809128845925e+05
3.643586986499791383e+05
3.459102260889452882e+05
1.963542798307189660e+05
3.426545581151175313e+06
4.874273201871265192e+05
7.067455735168335377e+04
1.882219587330714858e+05
1.521766264395124745e+05
6.893577289480237232e+04
4.562131476497088443e+05
2.073931965702522721e+05
7.395850708520156331e+05
3.768513496180678485e+05
1.562505483792484272e+06
3.746423148457958596e+05
4.732552054744683119e+04
7.177312221113597043e+05
6.811040945766330697e+04
1.524357793093926506e+06
5.010441571141351014e+05
6.961023461920806440e+05
5.507692387730711140e+06
1.079492579650157830e+06
2.183989674006371934e+05
7.955726684543302690e+04
2.017721586657370906e+06
6.678400524294545176e+04
6.768073262473464711e+05
6.553941466313988203e+05
6.206105489723950159e+05
1.410024773545039934e+05
5.371585561430568341e+05
2.542688151981775009e+05
2.168901864276141278e+05
7.118633591912731063e+05
1.687349198576756753e+06
6.505674530347143300e+05
2.980807598547927919e+05
3.083559414181757718e+06
7.818865316307106696e+04
1.552894026867969427e+06
2.752124126334695611e+06
8.094848193542817608e+05
8.922155472296400694e+04
4.767024683326444210e+04
7.550800046806765522e+02
4.010322953616536222e+06
1.814566775053410965e+05
9.865207450666111254e+04
1.564879685392392566e+06
4.538875691108794417e+05
2.229966623307376867e+05
7.464773261183226714e+05
1.792772982647805475e+05
2.080717084780409350e+05
4.132948670111303800e+05
7.428400180015938822e+05
9.481333327384648146e+04
4.946414960820797714e+05
3.905794835694682319e+06
7.788152131289974204e+04
2.463144446989695716e+05
2.907111561167569598e+05
1.275832593330848467e+05
5.767376289359956281e+05
2.167578267598449893e+05
4.256158077227161848e+05
1.023845896436587907e+06
2.421267491441832099e+05
4.745392464160224772e+05
1.925337473520772997e+06
3.911096870063341339e+05
9.923203966477609938e+05
4.976818685644728248e+05
6.389231717966756783e+06
1.201769584692461358e+05
8.725390726955591235e+05
2.065413163329182658e+06
8.759265953375534154e+05
2.681206330547823454e+05
2.693797193296254263e+05
3.263814924723338336e+05
3.642449449775932007e+05
6.810445415332356934e+05
2.070265178144138481e+05
5.585508910021545598e+05
1.231442513833002595e+05
2.298896440833322995e+05
3.160660689131809631e+05
9.142738249556305818e+05
9.739412765875526238e+05
1.341161228774478950e+05
6.124909358510028105e+05
2.706315973749575205e+05
7.759657712120436190e+04
5.065386390532117221e+05
1.590757336199776910e+05
5.491557971500353888e+05
1.968378138389422966e+05
3.520178413808568148e+05
7.587158102026381530e+05
7.982411279906635173e+05
6.645994472749205306e+05
1.009540817861362710e+06
1.789024888480567606e+05
3.001250508278774214e+05
6.767046571426242590e+05
3.939572092258162447e+05
5.183811090697165491e+04
7.724786642775940709e+05
1.197050712611514755e+05
1.249236078826413257e+06
1.388171847441461170e+06
1.333789553374317184e+05
1.165849698198684724e+06
1.007274006893291516e+05
1.055198355905882927e+05
9.058660616248721490e+05
3.365219467654848122e+05
7.484111201289559540e+04
3.471373184516673791e+05
5.122647224492749083e+05
2.356557037006563914e+05
7.461854072663842235e+05
2.986145484293802292e+05
2.043727603630024532e+05
2.971947971059519477e+04
2.703535132110859267e+05
4.479438482071137056e+06
2.331657847039038897e+05
8.857515559329460666e+04
3.220429208716644789e+05
2.836888590892904322e+05
5.548092836831113527e+04
7.950530025532018626e+05
4.587376638919052202e+05
1.277424144002284156e+06
3.111830151729904464e+05
1.436766578927397495e+05
1.102436964950593887e+06
9.904973514613731531e+05
6.928604509698754409e+05
5.033407449157467345e+05
1.015518927070814534e+06
4.577945633884961717e+05
9.221707001516909804e+05
4.909769053700035438e+05
1.460135210276346421e+06
1.434072695835157996e+06
5.870427392289681593e+05
2.856792961564349825e+05
6.336530858401007717e+05
9.909383374405227369e+04
2.715682698880552314e+06
7.321220112470941385e+05
1.039888313271189341e+06
1.108784146567825228e+05
1.988273292375258752e+05
3.467565448072904837e+05
2.318364182271611644e+05
1.107107284493357409e+06
5.174263026505010203e+05
3.202697353386321105e+06
7.657347169469462824e+04
2.333607863355618902e+05
2.472872887315169792e+05
2.654002430738888215e+05
8.262707526040861849e+05
6.517486023841764545e+05
1.125327223893095274e+06
9.664957892024248140e+05
4.198413816739777103e+05
3.586446029901789152e+05
1.160038101058229950e+05
1.143351005210625008e+06
1.214620730888670543e+06
1.999167384146175114e+06
5.043481063608106342e+05
3.911602462569258932e+04
3.190795023685540073e+05
2.961649161676838776e+04
1.617280229543253372e+05
1.443520340448372008e+05
8.871152341586489638e+04
4.366562026132914471e+05
2.088864078977543395e+05
5.803065213919153903e+05
1.914000008996935561e+06
6.683156231890540221e+04
3.848171693450682797e+05
1.019563151634959970e+06
3.765123832806361606e+05
8.263093116223196266e+05
3.944971957986727823e+06
3.065420576577049796e+05
1.025863674198178342e+05
3.199973651401560055e+05
5.835245533836439427e+04
4.888162883090221439e+05
3.354240457377465209e+05
4.644296701170019514e+04
1.292193499843257945e+06
7.858630158480528917e+04
3.140615546292215004e+05
7.052493247032652143e+05
2.731241296935176360e+05
4.613573351850686013e+05
4.806867224634565646e+05
7.432481793520697101e+04
1.095266689877891215e+06
1.130296433025592269e+05
2.074873678677981487e+06
8.889229603984351270e+05
1.341089348098606570e+06
1.522521798595443543e+05
1.553566736557866971e+05
4.371943077565919521e+04
2.787943365389410174e+05
5.206698600515587023e+05
1.539707477494017454e+06
1.331847929644770629e+05
1.238864916692838451e+05
8.001185578681539046e+05
4.471038059416969772e+05
2.465447606403097045e+06
3.605526614123822073e+05
1.988431301877846126e+05
2.914198910411901306e+05
7.354133617528306786e+04
5.687591910822927020e+05
6.569936559408329194e+05
1.507759634909895831e+05
3.473339817046200042e+05
8.024294118547189282e+04
3.753932102305277949e+05
4.807333846250542556e+05
3.874512837245935807e+05
6.018499180129470769e+05
1.943037568392479734e+05
1.013414008969218237e+06
1.222701295506759634e+05
7.074822974412817275e+05
8.114170113710170845e+05
5.423156453871186823e+05
1.252362042374718876e+05
8.476918380423614872e+04
5.891810421883146773e+04
1.903516523654708581e+05
1.460747729770591483e+06
1.658761790985119878e+05
7.861104957151232520e+04
3.746700384886251413e+05
4.350273929663141258e+06
8.651888824771178188e+05
5.240987421093884623e+05
2.849053156070042751e+05
1.088403452710157493e+06
1.350854633308605989e+06
7.966457083996767178e+05
3.686772663269786426e+04
4.297980855587177793e+05
1.016752281855655601e+06
3.057077052239696495e+05
6.701632230565480422e+05
4.943838859704820788e+04
3.583784813950650860e+05
6.647593956784467446e+04
1.259643109691970458e+05
7.725989805199416878e+04
2.578707250916916819e+05
1.007493311888941098e+06
1.751139103615314933e+06
5.137899678710187436e+05
1.457128394134205300e+05
1.787086654036357504e+04
5.903730294684235705e+05
7.784821176171014667e+04
3.470253324146353989e+05
1.783772035727030016e+05
2.508407946030300518e+05
1.327574279418216611e+05
3.027981294890718418e+05
2.957608675958195236e+05
4.580984944673419523e+04
2.762967164432936697e+05
7.106035200929403072e+04
6.076346147723165341e+05
9.273670400909000309e+05
4.811761158196607721e+05
2.190729427214807074e+05
2.070049947953969822e+05
1.029687823002855584e+05
7.163931993055289786e+04
5.835185254219459603e+04
7.811108533681549306e+04
1.524765227022199542e+05
4.864398766879706527e+05
4.579788752723309444e+05
8.198466715325377882e+05
1.085563255992444319e+05
1.207301230446615518e+05
8.745098032634055708e+05
2.179069540828322715e+04
8.550645592209849565e+04
1.316789579819350911e+05
3.318900588303216500e+04
2.350028796493438131e+05
1.332573704341902048e+05
9.856677695660370227e+04
1.027363912344232085e+05
2.618397551941018028e+05
1.607408987381763582e+05
1.171959073000457138e+06
7.003273379981024482e+04
7.639786926506740274e+05
6.188324504024561029e+05
2.218292517515158979e+05
5.220611180021846667e+05
2.305826191165021737e+04
1.265162391599579423e+05
4.730497019214618485e+05
8.110279262681695400e+05
2.151829795612879389e+05
2.059111809974037169e+05
3.087296276736262371e+05
1.670362530546831200e+06
6.964729126129616634e+04
6.029216501657587651e+04
7.300579047206852119e+05
1.283281975610424997e+06
1.495924870435707038e+06
4.108168942815882037e+05
2.953864563895076979e+06
1.097289062213603029e+05
2.017590943973561807e+05
8.715507452457415638e+04
1.894651334241045406e+05
2.636339272370468243e+05
7.635688797618767712e+05
3.794027972628825810e+05
7.163935778640129138e+04
9.806246767596340505e+05
3.295503053713308327e+04
3.050064672845383175e+05
5.032573815054014558e+05
1.549581553025458707e+05
1.824934536523210118e+06
1.120318320752074651e+05
9.408565623844187940e+05
9.184479965981744463e+05
7.120047347267997684e+05
7.525389998786275100e+04
4.735197843842412112e+05
2.210964196768065449e+05
2.408772377203346987e+05
2.922567015320335631e+05
5.371709119332686532e+05
3.859907291888118489e+05
6.104208330775792710e+05
2.649563798375558108e+05
2.020634078503531055e+05
1.698228373889890208e+05
8.328955909117559204e+05
7.856059278700294090e+04
1.040485141122875502e+05
4.714716972379391082e+06
1.588868101723127766e+05
1.774645554942872142e+06
1.823786380141791233e+04
3.625301292946201283e+05
1.884750882817095553e+05
2.080299432520838454e+05
1.172209201753388479e+05
1.463749317392014666e+06
7.003119189502069494e+05
3.431112215094085550e+05
1.564005584963989386e+05
7.680718061963038053e+05
2.855205643064082833e+05
4.935329031773258612e+04
8.302633550630367245e+04
2.364393595352165576e+05
4.191127988849221729e+05
5.384065621753111191e+04
1.747031362891486380e+06
1.110986757692030165e+06
1.208076605873758439e+06
1.148876722309254692e+05
7.991755240875788149e+04
1.611814497660786437e+05
2.587127960912986600e+05
1.047072895828850742e+05
4.579739853253677138e+05
6.365659290687219473e+05
2.347512981152734937e+03
3.780368433284684084e+06
1.759565836839696276e+05
1.189923347645679751e+05
3.504681691604044172e+05
2.047231149050343316e+06
1.135732947362993145e+06
1.773774672737421351e+05
4.318407779350675410e+05
1.252064914798470854e+05
1.243794873839425389e+06
6.552610756703679217e+05
3.519946428922976338e+04
3.232207132626487873e+05
2.838872925640743342e+05
2.042828007073202170e+05
1.218509294588460762e+05
2.078962176175628265e+05
4.985073693303755135e+05
2.290240477857801015e+05
1.369551516605097568e+05
1.212846037699773908e+06
1.050789534400006232e+05
7.752290925382361456e+04
1.813630925808619068e+05
1.752267061555186228e+05
2.006583630294526520e+05
2.931326295298100449e+05
3.742196242877961486e+05
6.858946250023167813e+05
2.883804284499335336e+05
7.962843827314527007e+05
1.110834533766297827e+05
7.144829539070477476e+05
3.614527693495540880e+05
5.801011427187006921e+05
3.497138967510848306e+05
1.322257526399950497e+06
2.632066251990758974e+04
2.035124141680699540e+05
6.609867231956407195e+05
1.657276672781035013e+05
2.143593460606976587e+05
2.399546398038621701e+05
8.771559988509421237e+05
4.027748743005930446e+05
1.342684886983877186e+04
6.287916037842354272e+05
3.918023707313907216e+05
6.666690103883481061e+04
1.570445248675830662e+05
1.379599351134388999e+05
1.096737654194123024e+05
2.851784949578430387e+05
4.666513401544180815e+05
5.017102868753916118e+04
6.670023034744821489e+05
9.393019095573090017e+05
2.691424930546119576e+05
9.311370745146330446e+05
2.281014797015369913e+04
1.132234895099577116e+05
3.268950628740581451e+05
4.967023012762032449e+06
1.322556173876449233e+06
3.586106396704573417e+05
1.599181345672792231e+05
5.003291962706744089e+05
1.235615710602472769e+06
8.172954093733256450e+05
8.732295213324306533e+05
7.343741552074655192e+04
1.104060586373939412e+06
2.395268338620440569e+06
5.695511654422571883e+05
4.329120806473324774e+05
4.292535594429205230e+04
6.640695911042572698e+05
1.207113171965455404e+06
1.623123116741427511e+05
1.397195597388788010e+05
2.410529227065517262e+04
3.551344765044790693e+05
4.223144330685560708e+05
1.238532635029913159e+06
1.452502070587283233e+06
3.579607760070626391e+05
8.917498425849246269e+04
3.422407775839980459e+05
1.921111598961066920e+05
2.218972488603106467e+05
2.480833745066507836e+05
6.919956819491715869e+05
8.796256030555927282e+03
1.365818907002242922e+05
2.764404018413083395e+05
3.721653375487722922e+06
1.023482314120817609e+05
2.497047082508913591e+05
1.265638432021210901e+06
4.447057135937396088e+05
3.375102870900061098e+05
1.931415306278794014e+05
3.008065086180898943e+05
1.052342962636982556e+06
8.725569385761910817e+05
1.955341114925505826e+05
1.937481785788516572e+05
4.758928577063500416e+05
2.022595986413909588e+06
2.855366184660751023e+05
2.036273321525287174e+05
6.046877327279166784e+05
4.399799627627382870e+05
6.123121526564953383e+05
2.925912244207723532e+06
1.740571595212607644e+05
6.180749202238451689e+06
2.306232571389060933e+06
3.394608764145546011e+05
4.298488943510773242e+05
1.390909582228849176e+05
2.555860719641483389e+06
2.568752829812192649e+05
3.183701988193992656e+04
5.026285813579650712e+05
1.014451145024328871e+05
1.240676019080748811e+05
1.478979872403486865e+06
1.880973052053378429e+06
8.505925436802684562e+05
5.672374261738390196e+05
3.286136857402481604e+06
4.595643503370655235e+05
1.273049818718542883e+04
5.404185258295929059e+06
3.196590710164981429e+05
8.205900085025400622e+05
8.621848749809316359e+05
6.238093530695762020e+05
2.921898112937983824e+05
3.757858263051077374e+05
2.396266420887573076e+03
1.516182392416820629e+06
6.738917244714123080e+04
1.133918584699155297e+06
6.043679205011633458e+05
1.290772581197810592e+06
3.864266006068997085e+05
1.492276332921474706e+06
1.258213220297148291e+04
1.297138389756741701e+06
6.425486461668257834e+04
1.147051489396513643e+05
2.101309441174491949e+05
3.712203657308965339e+05
5.479188816995873349e+05
1.263157179530607536e+06
4.712259529459095211e+04
2.002158172262271983e+05
1.631409744539566454e+05
7.180282719479559455e+05
1.319684430383792147e+06
4.258682222374251432e+04
8.679021096317255870e+05
1.082932125969682354e+06
1.382030340565550141e+05
1.089880721899008349e+05
1.822327058786531677e+06
4.048724360621588421e+05
3.344364994982707140e+04
9.369479556097089080e+05
3.200734111936706468e+05
5.489659433703797549e+04
1.121045841167395236e+06
4.218076807718775817e+05
1.772910977970253443e+05
1.600000421796343522e+06
8.459100587254592392e+04
1.601275325359952985e+05
2.422047106331645977e+06
2.264810165427477041e+05
5.873553168554384029e+05
5.734361983468631515e+05
6.100789540888248011e+05
7.399518149713386083e+05
1.590446405073172064e+05
5.360400371806346811e+05
1.669441537334193999e+05
6.262239847260615788e+05
1.686951319565721496e+04
1.016449731924627413e+05
1.487074860687977343e+05
1.202448437287902780e+05
1.388393457394466350e+04
4.390150848818220547e+05
3.184780798690631855e+04
3.403364546220349730e+05
1.923169315934380284e+06
4.524728931260780082e+05
1.404080142099673685e+05
3.220464209448177135e+05
2.958238569902421441e+05
2.953409195401088800e+05
6.817997979581002146e+05
1.661882638146612444e+05
1.600210411199071095e+05
9.048653869098618452e+04
1.000449557771421387e+06
2.571858325343909673e+05
1.265005797692110296e+06
4.609092904712944437e+04
5.479508254664310953e+05
3.119819813699251390e+05
4.976890992153905099e+05
7.638858638103029225e+05
1.804249651616580377e+05
1.582867937895132054e+05
3.996154300815799070e+04
3.871745456514230318e+04
4.779751768494104035e+05
3.923763203463790705e+05
2.219511542318675783e+05
1.302413613866532069e+04
3.902414063682280248e+05
3.587830239829444909e+05
1.420807107244898099e+06
7.135040110617647588e+04
7.789196196442244109e+05
1.357699581059201155e+05
1.485090968745127087e+06
2.409542618384752423e+05
5.098575075146315503e+05
7.619770434403452964e+04
1.219687112433366245e+06
5.699641048854953260e+04
8.869126323868120089e+05
4.329919839819381596e+05
1.652893187005689251e+05
5.380550412099520909e+05
6.933848336966602365e+05
1.383644866574383806e+06
1.484337933147661388e+05
1.565892427591351559e+06
4.882007598052302492e+05
1.658614905613849114e+05
9.575900417032829719e+05
2.100671718895183003e+05
1.923506165060647530e+06
1.945481750382129685e+05
1.424384885675610509e+06
4.212942021627301001e+05
1.626634640139740950e+05
3.037738963604238234e+05
2.784297663699559052e+05
1.805290157033027499e+05
7.709886870185725857e+05
8.797397786811213882e+04
1.719271496356727439e+05
2.302112764051644132e+06
1.553190603217973839e+05
2.850492757303246763e+05
1.033780912958245142e+06
6.923186384879539255e+05
3.565422725432046718e+04
4.955202308700424619e+06
1.589499220359248866e+05
2.714201813343461617e+04
2.212607587311157258e+05
2.698064279841340031e+05
4.763446453284267773e+04
9.268772806016323157e+05
1.714209777752676979e+06
1.095000160254833318e+05
1.012992161304721230e+05
1.143719688206661813e+05
6.036003667330178432e+05
2.217788031645014882e+06
8.100332945661732811e+04
3.459694830157834804e+05
4.999124402454124065e+05
4.715600577916355687e+05
1.869446324814182008e+05
6.328658438588404097e+05
5.276351771914021811e+05
9.693388215067297278e+04
3.769766303620151011e+05
5.480095699055936420e+05
3.007737457967255032e+05
1.420423726209625835e+06
9.531084501863748301e+05
1.040363434052899131e+06
5.445139515220740577e+05
2.445187785677039938e+05
2.031745053621602419e+05
1.016186516933989828e+06
3.574434547082794015e+05
1.358928514515960123e+05
1.218836076868544100e+06
2.806648860074475524e+05
3.769679035687900614e+05
1.780547143297993462e+05
2.275761541451915400e+05
9.451324851280290168e+05
7.254908122457163699e+04
9.713941071218432626e+05
2.053970240235479432e+05
8.954468451356260630e+04
6.524672511638472788e+05
2.888627766961750458e+05
3.598156825468529132e+05
4.944261140682114055e+05
1.215100225302943494e+06
3.907987265604070853e+04
2.652483152735027019e+06
6.359735244353814778e+04
2.295308839772283973e+05
7.462066908808075823e+03
9.376998689442113391e+04
5.739042771446031838e+04
1.409950391588192200e+06
8.316837503368100151e+05
1.010223298870594881e+05
1.796220701992418035e+05
3.965949348083054065e+05
1.670296391492127441e+05
2.332298742258850019e+06
2.260185905391435663e+05
7.567383809028126998e+05
7.354134306067798752e+04
2.142979368902753107e+06
8.276679038688371656e+05
2.933030580912299338e+05
2.327102393459462561e+06
1.096911901409384009e+05
5.862254452930003172e+05
7.167057514138035476e+05
2.566468885780371784e+05
1.631902619142796029e+05
1.527842653959264280e+06
1.223937992277678102e+06
2.417073034929573623e+04
5.289928213377494831e+05
6.198516350954095833e+05
1.768157214476184454e+05
1.024911818282485707e+06
6.763758604303951142e+05
3.508015713039227558e+04
8.068385546242503915e+05
8.852846936695485783e+04
1.419361601538310933e+05
1.842916456762804883e+06
4.788758100337256677e+06
2.136093962655694631e+05
2.594586462284815207e+05
1.770604080197760486e+05
2.513244401227515846e+04
1.763694971397275804e+05
3.027141804439727683e+06
8.558960034568113042e+05
9.394608128257247154e+04
3.521085563977812999e+05
7.963099946044454118e+05
1.852087328310188605e+05
1.274666991250064602e+05
5.412018902233510744e+05
1.685401849890163867e+05
3.078952084417144768e+06
6.132922847172927140e+04
2.944871101121079409e+05
3.724083296092644450e+05
5.389564893464847410e+04
1.007076287288125139e+06
8.532896151361936936e+05
7.070534317364126910e+05
3.038783825067282654e+06
4.214093107001080643e+05
4.752239220236787514e+04
4.906558693479992799e+05
2.515127759487979056e+05
2.108315147066250502e+05
1.419143605875558278e+05
7.487022093463460915e+05
7.013346004775674373e+04
2.050923747546736267e+05
3.970685811786546838e+05
2.400547866405582172e+05
3.041611359679360874e+06
7.856378757950017462e+05
4.047001730068425531e+05
1.404789252340169332e+05
1.438462609560654673e+05
4.887586865854388452e+05
1.274373811073992634e+06
1.843812949125164596e+05
5.266169082887911936e+05
1.574494529752289236e+05
7.690047079300071346e+04
5.011976326229505503e+03
3.948815830402531428e+05
3.585572255030099186e+05
1.571589369172652659e+05
1.970491835502804606e+05
1.670844093312490149e+05
9.628150087979622185e+04
1.862165638102258090e+06
4.394906750790405204e+05
1.129751815366649535e+05
5.933200670193404658e+05
1.282090558323626465e+05
3.188801759804894100e+05
7.560100334586069221e+04
5.227819638867134199e+04
9.637627519176258938e+05
2.426252843330907926e+05
4.075449050162960775e+05
2.696598966669897782e+05
1.177244315346239455e+05
3.777976943223692942e+05
3.917273297444676282e+05
3.007883220573237049e+05
1.297023856072926865e+05
2.656232486113361665e+05
1.006686838004490564e+05
5.083903473672927794e+04
1.921073926995548827e+05
3.806709485663049854e+05
1.645963512955993938e+05
4.981550463546729297e+05
1.304213245825787075e+06
1.872639930592757883e+05
3.548039600748496014e+05
7.453516544018599670e+05
6.114801878380279231e+04
2.568225868273434462e+05
1.616116330804606841e+05
1.103634981092691654e+06
2.401989506713695591e+05
3.483120379865066498e+05
1.263240069463277614e+05
2.841436660610803519e+05
5.725739978447580943e+05
2.197979496877838683e+05
5.915964983374112308e+03
1.186536952762621921e+06
8.216470849976047175e+05
8.937487611059618648e+05
1.870586702559645055e+05
3.946250442492660659e+04
1.890765098628555716e+05
7.516262728955552448e+05
1.391097596286606495e+04
1.752734653781462926e+06
6.591315073607295053e+05
1.344573755934354558e+05
6.277716661346454639e+05
3.493329367822334170e+05
3.256207348627222236e+05
2.107607990216892678e+06
1.846337372070277634e+05
1.328222487845182419e+06
2.464509233013156045e+05
6.753918856428090658e+04
1.105504228844806348e+05
7.429952468469020678e+05
9.252959381907478382e+04
1.455340895593071182e+05
5.662853091103513725e+05
1.312560940057821339e+06
1.446053257720795518e+05
9.746393436944132191e+03
1.389178382759368280e+06
4.000734020411275560e+04
6.300574055720032193e+05
3.772595031737748068e+05
