3.308060036755654146e+05
1.855032987726836000e+06
1.754277160895345267e+06
7.362977328342695255e+05
6.943026833352512913e+05
2.045643773253245454e+05
1.165314598924758320e+05
1.782587891140372376e+05
2.911153401722345734e+05
5.201105339627314359e+06
8.991482401831939933e+04
2.848511677556768991e+05
3.619262789662577561e+05
1.194194651912883623e+06
8.643401770349531434e+05
1.124264641863852041e+06
1.987955075744624191e+05
1.487031882743102906e+05
7.129130450177968305e+04
2.985900581015092321e+05
1.870228997629052028e+06
2.675503921810661559e+05
1.581899213902749761e+05
4.371315684802677133e+05
5.741006248546509305e+05
1.256024118936338054e+05
1.549689339151637629e+06
8.957929194839792035e+04
5.016903818071107962e+05
8.270942541493094759e+05
1.802508657070436457e+05
1.915628416627389015e+04
2.211676738955111359e+05
1.439207364623522444e+05
1.745601415238039917e+05
5.816161209876013454e+05
3.404295287664093194e+05
2.807159960738533176e+06
4.259815129572612932e+05
2.196630389447631780e+06
1.237217731411996065e+06
2.413486476640356414e+05
2.176962587808799464e+06
7.057775603277856717e+05
3.882147066018236219e+05
9.956483329919636890e+04
5.993798594638799113e+04
1.937684975558018778e+04
2.293024598659573239e+05
4.328686661367297056e+05
1.431854946800258709e+06
2.968375784709189902e+05
1.823113209865866520e+05
3.391248998408444459e+05
7.033838487816946581e+05
2.574938172998106456e+05
4.909054979493271094e+05
4.442696675023008138e+05
5.451873256652244891e+04
5.312604935654587112e+06
5.675824649211493088e+05
8.453974273872397607e+05
1.183101265010635543e+05
6.389306973342510173e+05
1.252620674772811821e+06
2.699092922115697293e+05
7.683345244274390279e+04
1.707237810693350853e+06
1.053428705675113742e+05
4.885860856623335858e+05
1.644663432268356701e+04
3.588168971440808382e+06
1.459823298421069376e+04
2.950244989371492411e+05
6.533288214303326095e+05
6.671712105462790350e+04
3.387495021449744236e+05
3.850501313801890356e+05
2.460880508160842292e+05
2.120648945757542679e+05
4.402812357553414040e+04
1.433690249360518763e+06
3.173032988383171614e+05
3.790026915928680100e+05
8.353741161909565562e+04
5.675446268941654125e+05
1.880121601951954071e+05
1.919751772075665940e+05
1.523803706896648800e+05
3.502068584692798904e+05
7.513046261323573708e+04
4.388572687773791840e+05
3.813200507508976152e+05
5.165585136032343726e+05
3.439020693294164957e+05
1.936907473441862967e+05
4.288882697871209239e+05
6.021944643122155685e+05
1.206147042602031288e+05
1.402816282656421245e+05
2.511833592430282151e+05
5.681137018364847172e+05
5.330235199002762092e+05
3.906425384868705296e+05
4.339516528029005713e+04
8.523479262522171484e+04
9.982031448336165631e+05
1.088992882347932784e+06
7.743137986509595066e+05
1.174459695858321647e+05
4.068265636983574950e+05
8.185747488016433781e+05
2.141728249192062649e+05
8.587171181936572248e+04
3.642628688084965688e+05
2.069945497782571183e+05
2.524725459811942419e+05
7.351571577183491318e+05
2.384639044980392209e+05
2.141420776716932014e+05
1.509186882971972809e+05
8.051236801536320709e+05
5.857217679069583537e+05
5.065476183228559094e+05
2.899461725187436095e+05
2.773151660755721387e+05
3.678194240419776179e+05
4.521365570712891640e+05
3.185139159426178085e+05
3.524533320546500618e+05
3.469630510983535205e+05
1.679252527577475412e+05
2.700153977432359010e+06
8.259880823832044553e+04
9.063628890715405578e+04
3.056670109140477725e+05
1.597341973177590640e+06
1.626963870479185600e+06
6.083910375229095807e+05
1.549833902452788025e+05
3.027504992467723205e+05
1.231921777496347902e+06
4.906328235897710547e+05
4.331298034668490873e+05
1.941801297461224021e+06
4.326333482135228696e+05
1.003695140017898520e+05
3.495797775036208914e+05
6.046696044032134814e+05
2.482455731301552616e+06
2.151357113541685394e+05
1.141457490252000047e+06
6.529624762481696671e+05
3.073620991937967483e+05
2.084073630953096726e+05
2.750951185067043407e+05
3.271092371218645014e+06
1.387216938138682395e+06
9.251092187720700167e+05
3.496872753371085855e+05
2.393385449125592131e+05
1.912406891696931270e+05
2.052499358441648656e+05
1.871291065811735811e+06
2.151727278484264098e+05
3.392230672185575240e+05
3.881399146249432815e+05
6.117127539175978163e+05
3.468170244132700609e+05
4.399715818720174022e+06
3.598658064873552212e+04
1.179332920927416708e+05
3.761998140550625394e+05
1.800616582699303690e+05
5.153217128111523343e+05
3.982081133888727054e+05
1.392931207702226704e+06
1.063662621718409006e+06
2.870154481132961810e+06
1.112634077539069578e+06
1.445829311114941491e+06
2.713684590400446323e+05
9.636225934000955021e+04
1.567452967795071891e+05
2.119467527608546661e+05
5.801959545661387529e+04
3.698239208965440048e+05
7.572963673969516531e+05
8.293234623282100074e+05
3.774644126569097862e+05
9.241948071311849344e+04
9.317210150270278973e+04
1.173104309175080271e+05
5.654091479452050989e+05
1.427836360456612892e+05
2.814993973998830188e+05
2.318451887274080073e+05
1.164588053947956068e+06
4.605198276425194344e+05
1.200429575326996390e+06
1.628852356472628424e+06
2.287104093915131525e+05
3.063632827890396002e+05
1.331330279376419785e+05
1.166454895222355990e+05
1.075470125150995591e+05
1.527278898872900463e+05
2.560457748138522264e+06
2.616777012295015156e+05
4.696548064329222543e+05
1.731766933289616427e+05
1.594002156316694338e+06
3.769328752267659729e+04
2.775731395110153244e+05
7.689294318800375331e+05
4.183358678518089000e+05
1.572946051693809684e+06
5.766420672672736691e+05
9.615888978341761976e+05
5.544386244326595915e+05
2.920210736302825972e+05
9.470995546168254223e+05
2.348957382597774995e+04
4.593467834980284679e+05
9.227629184700173791e+05
1.192086776160358422e+05
6.252190750575986749e+04
2.970936899703115923e+05
4.050346658867891529e+05
7.585491159162422409e+05
5.077141256383091240e+04
2.062172976063870010e+05
5.493571847367588198e+05
1.498034812000314007e+06
9.286994472251466941e+05
3.094864696480677812e+05
2.805837793975603417e+05
7.394487659990358225e+04
3.559803285243825521e+05
1.194635298383809422e+05
4.980664899544287473e+05
7.367546607763454085e+05
1.919366135901562520e+05
7.467227863396547036e+05
1.635628098085525271e+05
1.892684094805670029e+05
2.896190468691944261e+05
2.851462542171780369e+05
3.549930606075596879e+05
7.279859056770135066e+04
4.904289136482221074e+05
1.072096454538372112e+06
1.773452077083045442e+05
6.873755950677772053e+05
5.802766844236832112e+05
2.591864471206794551e+05
3.883344477031014860e+06
6.766064798781617719e+04
1.834161227907110006e+05
2.523144522249346133e+06
2.625310006550946273e+05
1.567551067955070757e+05
1.456024319078663131e+06
1.457474844055460766e+06
8.696259033714681573e+04
1.290450585948622786e+06
1.652120184992684284e+06
2.714324885469999281e+05
6.708821042741721612e+04
7.102662171280037001e+03
4.820604619651167304e+05
2.882029811490011052e+05
2.735603226752073970e+06
1.675907274326966377e+06
4.185083994722777512e+06
7.485335577376657166e+05
1.428128364425600041e+06
1.937610597948370851e+05
3.058794010735209449e+05
2.639411338321994990e+05
1.567012752665397245e+06
5.878134367280295119e+05
5.188377069831097469e+04
8.475226488268254325e+05
9.336511195378700504e+05
1.213205672732931853e+05
5.674072460640851932e+04
2.807478169555481290e+05
1.776070477244614740e+05
2.654581584518685704e+05
5.453891853524278849e+05
1.677089063241529175e+03
3.325532368452681112e+05
3.138575114189737360e+05
3.222470454744079034e+05
3.872301917002788105e+04
2.052933033691621386e+05
9.794699463098100387e+04
1.926001970992301067e+05
2.926163796562505886e+05
2.470736514781653532e+05
2.454614512776418414e+05
8.787459405274645542e+04
3.892111009886248939e+04
9.909193629724184575e+04
7.133486713176162448e+05
1.644725107523860410e+06
1.231715362043613335e+06
2.305634253388128418e+05
5.369042635045587085e+05
1.736951979839866981e+06
2.935582919409836759e+05
4.250946097298120148e+05
4.507852818684280501e+05
8.709567705401588464e+05
1.339772846650618339e+04
1.955764959130526768e+04
7.406057013632169401e+04
7.960347843452334637e+05
8.525971338601256721e+05
4.687444550371150399e+04
1.070407659483337338e+05
1.747068015654523333e+05
2.706571168080514326e+04
1.925234482563401689e+05
2.033077779367849580e+05
7.723435652857364621e+05
4.284556287549144588e+06
6.476168851918973960e+05
1.597658393595397240e+06
6.433721364461390294e+03
3.101480956456325293e+04
3.254013430693019473e+04
1.035205244498957618e+05
5.454806064208883327e+05
2.143862399208371062e+05
2.362155322855986597e+05
2.369894993877462912e+04
2.301243634484115464e+05
5.316506389200653211e+04
1.847516402067072631e+05
2.514007875360682083e+05
4.314344597010046709e+05
6.207686244140297640e+05
1.050860630457908614e+06
2.141912070946440872e+04
2.780312029000099865e+05
5.428643899319500633e+04
8.116920468837674707e+04
2.910100218156469055e+04
4.893442994627517764e+05
3.592145247712716082e+04
3.626041498966881190e+05
2.077592967453760793e+05
2.118015257206740207e+05
3.351160496571970289e+05
1.068045628422791138e+06
2.486067885842764517e+05
1.962654294933806523e+05
4.603991636454188265e+05
1.508654664650181541e+06
2.601429088364301424e+05
2.757268571351298597e+05
2.225318280705889920e+05
6.473574978874293265e+03
2.661557356744108838e+05
4.303939719262765720e+05
1.141685146458623698e+06
3.206860225008050329e+05
1.667503488035912451e+05
5.441104572211049526e+04
6.521329146572222089e+04
3.613228492373254849e+05
1.088870856489833095e+05
4.799391883134999080e+05
8.356949165386047389e+04
4.371604336863715434e+05
3.745148201083163149e+05
5.474305319500789046e+05
3.233209741855370812e+05
9.114699317549283151e+05
5.742792251496729441e+05
2.813904197376163211e+05
9.984667685725429328e+04
1.557969187635538110e+05
6.063032262300380971e+05
8.480844733875825114e+03
3.382762628083566087e+05
3.196643838183318730e+05
1.752968261784577335e+05
3.869484828897171246e+04
6.320028997918736422e+05
5.199127150026927702e+05
2.403279993345744442e+05
8.239078502344022854e+04
3.079765401057031704e+05
1.138807700566502026e+05
1.003013840898863564e+05
1.486074841881596018e+06
3.890802562458789907e+06
2.950383336539466982e+05
1.940984268503332860e+05
4.178212551870535244e+05
4.721949285086926830e+04
6.594374380384274991e+04
1.332018730029321741e+05
7.166599094279038254e+05
9.801197250489844009e+05
1.784066425474667922e+05
3.419522892270854791e+05
1.473508574280806934e+05
1.779433016747720831e+05
2.230968940679279156e+06
5.216808152269521961e+05
2.737455178019590676e+04
3.990603891463500913e+05
1.235654794783095596e+06
2.597384857285490725e+05
9.705541246315666649e+04
8.371101461160794133e+05
7.871138878258672776e+05
3.145659759718221540e+04
4.112509964380513411e+05
2.704056899140689638e+05
8.194533813136477256e+05
5.693171624015159905e+05
5.584832548928494798e+05
3.674766800188338384e+05
7.219804532272800861e+04
5.197025321569078369e+04
4.819896181193019147e+05
1.651401758496112190e+06
1.448538478428619565e+05
1.670215658133032048e+04
1.591198906016114342e+05
2.660969667122809333e+05
1.206970571322750038e+05
1.227118169625320734e+05
3.102456479839644162e+05
3.084076073766321060e+05
1.645615753863707359e+05
6.417216233262943570e+05
6.837209915328352945e+05
6.490201910824177321e+05
3.274501867346432991e+05
7.027129145959515590e+05
3.111341323242127546e+05
1.553818898890810960e+05
3.583561094548552064e+05
1.951730225981825497e+05
5.281759593871623510e+05
3.965152414807661553e+05
4.430404448410909390e+05
3.623423800287126214e+05
6.890107164092906751e+05
1.812908379426864558e+05
4.207296860368683003e+06
5.619910997899980284e+05
1.393799601462532009e+05
1.586313068539459724e+06
7.448132128573550972e+02
1.203947860252156534e+04
1.282409826542041701e+05
7.161436955038903980e+05
2.211661283616616565e+05
6.088893969314077403e+05
4.806848327878707642e+04
9.696838013285562920e+04
1.573973415793280583e+05
1.008837838732180186e+06
2.545602339896782069e+05
1.290926983832981903e+06
6.377911529403497698e+05
1.484673404589974671e+05
3.961941372704633977e+05
5.827497766425505979e+05
1.072607883864658506e+05
3.255434528827361646e+05
1.899312286124429957e+05
3.489119561742944061e+05
8.482435661537135020e+05
8.284420019584191032e+05
4.404480940450682538e+05
2.203213774415157386e+05
6.585405241004065610e+05
1.340909396484433673e+05
3.560804647172753903e+04
1.873706931965567928e+05
3.299321489628332347e+04
2.472616765631154703e+05
1.837795203233130160e+05
3.151492400541057577e+05
1.900026019496582448e+06
1.381370962168436963e+06
6.319377897614558606e+04
1.711306521742956946e+06
3.689409194261623197e+05
4.321489766516911914e+05
4.107816566724323784e+05
2.402452889938359149e+05
7.691330472353406367e+04
7.192776186402900203e+04
2.050688614459185046e+05
4.942600268419432687e+05
2.517828942249238899e+05
4.888314890599366045e+05
5.645665131947479676e+05
7.469404258947050948e+03
4.938772112817598827e+04
2.757399571303265169e+06
3.101740840895774309e+06
4.064370100039731187e+04
4.338125235827661818e+05
3.816971871303822263e+05
7.542618156631088350e+05
7.706891698497585021e+05
2.670641580326642725e+05
6.765273104778833222e+05
1.022841708790651639e+06
5.663440409332229756e+05
6.614645579372106295e+04
5.307577588553871028e+05
6.083444458473196719e+05
6.894373185508955503e+05
2.374205261428589608e+02
7.027786329607771477e+05
3.054461827980055939e+06
2.494492713952989143e+05
6.089031427205113141e+04
7.475299597151790513e+05
2.529557279879451380e+05
1.988829110288035299e+05
6.759900258906856470e+04
4.976923405857685430e+04
1.679474637433021562e+05
1.220120495647266216e+04
2.710698582744910964e+05
4.646181722466652864e+05
5.165837488115513115e+05
1.458603430015003833e+05
4.938508750088072702e+04
8.234530184814289678e+05
2.634930482349162339e+05
4.415617358929608599e+05
9.103205035717898281e+05
3.201272897074748180e+05
5.888454345124901738e+05
9.643773177209494170e+05
1.397387424152183521e+05
5.205429919138802215e+05
1.419631622011498839e+05
2.822866191451880732e+05
1.591613221225777233e+05
3.838337062994423322e+05
6.813470851367779542e+05
2.414159913103797298e+05
8.712801984139857814e+04
4.607742177986707538e+05
7.923380978046559903e+04
7.964820408455659344e+04
3.797212343932298245e+04
6.755565949208401435e+04
2.298112247535538918e+05
2.530119675800487457e+05
3.296526496052982839e+04
1.428164999114861712e+06
3.556066979839439155e+05
9.931739814264386951e+04
1.937848898028090480e+05
2.239702725324052852e+06
1.080766637545560661e+05
8.021538750622556836e+04
1.969612244046616834e+05
1.492338621492232895e+06
5.948120055573195714e+04
4.127348806402360206e+05
1.062875438660369720e+06
4.436051762448918307e+05
8.897117714683817467e+05
7.254461656936876243e+05
2.196325917586365540e+05
1.228049778111828491e+06
1.170610812480769819e+06
4.883123828758614254e+05
2.911241513605607324e+05
3.479376886189061916e+05
2.044743059939754603e+05
2.964316979023523745e+05
3.420861121417212416e+05
1.279411480669140874e+05
8.630104985237012152e+05
5.558165568286026828e+05
3.221861384100556024e+05
2.679220177608555532e+05
9.119050281434518183e+03
1.165076228403161513e+06
7.111036149677301000e+04
9.015264178531467915e+05
5.650619332216385519e+05
1.449222742028591747e+05
1.900147402155897813e+06
1.217288237204241799e+06
1.874818980352050858e+05
1.868563986311766785e+06
9.851344525274656189e+04
9.190245164118604735e+05
1.207683850574438693e+06
1.091740224013478437e+05
4.724575099164855783e+04
5.420772807924143272e+05
7.092457110465809237e+05
1.853224715895475529e+05
1.152688993629595451e+07
9.433075460413981928e+05
1.305661073823715997e+05
4.104150840864108759e+05
2.024132321665251628e+06
6.826675499336706707e+05
9.873254024941501848e+04
5.779739787212368101e+05
3.458290069244328770e+05
1.819463256715885829e+06
2.003258524071664142e+05
6.417482936662673019e+05
3.400151132834749878e+05
1.365431426289240771e+05
1.178136992883290077e+05
2.709578893948410987e+05
2.917960028941467172e+05
3.301292300021885894e+05
2.957906983550551813e+06
9.316369318180416012e+05
6.078734388072937727e+05
2.261063019541950780e+05
7.725833909569631796e+05
1.202640427780679194e+06
1.113317609748658433e+05
4.667567611745673348e+05
7.209570637045800686e+04
1.243928422653268790e+05
1.398452922527553455e+05
8.692418224860588089e+04
1.042332560294280061e+06
1.102564106128356652e+05
4.653998150967587717e+05
5.657355244539700652e+04
9.122126760752094560e+04
5.537297907480675494e+05
5.009817049392525223e+05
2.050910599691037496e+05
1.682510206291274808e+05
8.388310577457904583e+05
2.318590190149723785e+05
4.547536226295280358e+04
6.810417811450453009e+05
1.894083563047292118e+05
5.383623574942398409e+04
2.982594685729655321e+05
1.794818871431182779e+05
1.015703675683233188e+06
4.921739384533680277e+05
2.275556281152956071e+05
1.252823594241091749e+06
7.461232707769193221e+05
6.126287367604530882e+05
3.576502871368565247e+05
6.474761725347086031e+04
1.481791015317453071e+06
7.095946537767077098e+05
2.357481937922365323e+05
3.813905799013085198e+05
4.620598864657726372e+05
3.716047046985788038e+05
2.233507056403438328e+05
9.316423866668596165e+05
7.061920326258495916e+05
5.326836129870186560e+05
2.340734644114093389e+05
8.586274075551436981e+05
2.085011509776687017e+05
5.340246371343405190e+04
3.866921499003138160e+05
1.327022169544988137e+05
4.895037017718954594e+05
4.529175268346722005e+05
4.070804499359056354e+05
1.533596444107064744e+05
9.792635767799211317e+04
5.019279932425967418e+05
1.353771954073791567e+05
2.968720814758927445e+05
4.442500442189145360e+03
1.313024982091942104e+06
4.883073907422941556e+04
5.283009986070255982e+05
3.134893415881636902e+05
2.343232569652652310e+05
4.439673249581813434e+04
2.947658817331389873e+05
2.557721099730241403e+05
7.947872343372760224e+04
1.539533178526746924e+05
3.319378911694023409e+05
1.193475936179167184e+05
5.226050762091344222e+05
3.695889214479789371e+05
2.582009859986983356e+05
8.473057825370486826e+05
1.690737026916061877e+05
4.058613834896372282e+04
2.261905779297867557e+05
6.133177025797284296e+04
1.285532786865457892e+05
4.565112273232218286e+04
3.757286815158637473e+05
4.954694454888841137e+05
4.347584245657324791e+05
1.293962850422868272e+06
1.681041004541513976e+06
1.003195779256753667e+04
1.970620055378970865e+05
1.216352349848493322e+05
7.422857392855037469e+05
3.183905864848037600e+05
1.906787461992380850e+05
1.417662639972824254e+05
6.817193801625708875e+04
3.119159489346269402e+05
3.427894759773174301e+05
9.632398457863873045e+04
1.608568936773678579e+05
3.818298147434715647e+05
3.047837596720375586e+05
7.312181042982238578e+05
2.186656603455793578e+06
5.054661210233641905e+05
1.368183109832148766e+06
1.717079746890971728e+05
4.202860102500597714e+05
5.309714449030093965e+04
8.619589102876520483e+05
4.226692110452812049e+05
2.934139224618653534e+05
8.567996367642481346e+04
1.153276001861589029e+06
3.784891048248013016e+06
1.182737160475011449e+06
2.478236764698907209e+05
7.544164003113044892e+05
3.280822121881837666e+04
4.507832497303948185e+04
6.847129620369131444e+05
3.870579148194933805e+04
2.920648425958141452e+05
2.359187258680495434e+06
2.264540591405780287e+05
7.607182726629407261e+04
3.575923249830213026e+05
3.185298485689868103e+05
1.738533626878634677e+05
2.448516330615672923e+05
2.529353353612025094e+05
3.875541824251312762e+06
2.844059812276616576e+05
1.091597906477079727e+06
1.398196810150099453e+06
1.035424381290627061e+05
3.507051449422262376e+05
1.637354760208365507e+06
4.353438150387089117e+05
5.093621901709410595e+05
7.660355371178407222e+04
7.525960766216253396e+05
1.323282464491835563e+05
2.969484906061085057e+05
3.440654486595627968e+05
6.181151860944908112e+05
8.143581934495259775e+05
2.185830312262534280e+05
1.142651123636966513e+05
1.885915381710053422e+06
4.283379452927456587e+05
2.968361621308870963e+05
6.024036067494528834e+05
4.232250767162590637e+04
1.270861096451294288e+05
1.585627815660255030e+06
8.398073366924370930e+04
1.312619428118452779e+05
9.787177026524266694e+04
6.205194349277016008e+05
2.658062284509676465e+04
1.443403496920442849e+05
1.194508557282246184e+06
5.393285200956403278e+05
8.513227375606328715e+05
8.136986335101291479e+04
1.677714475770094432e+05
1.670965809901054017e+05
1.705367278271013056e+05
2.219601341684923682e+05
2.414380088820638484e+05
1.837700899893294554e+05
3.977824064139913535e+05
8.704766819098171254e+04
4.703257005997262313e+05
6.907622450136768166e+05
5.543231833802397596e+05
9.686694134194674552e+04
6.473145783655776177e+05
8.485227017255182727e+04
2.150731233307425282e+05
1.138028583136585075e+06
1.379169023251295148e+05
3.946641391164748929e+05
3.729828441918535973e+05
2.296955327921542921e+05
7.618198778102481447e+04
1.023662161729841173e+05
3.242414917806420708e+05
1.928011899503980763e+06
2.416050895051665138e+05
1.041580496842915425e+06
6.051692387026918586e+05
2.951525547884151092e+04
7.965618340352765517e+05
1.245278400719455822e+05
8.306390147518597078e+05
4.999903464390305453e+05
7.397234685544706881e+05
5.937745925819264958e+05
1.141802151046138461e+05
3.522101643114254694e+05
7.519757272174161626e+05
4.059247850479125918e+04
2.122721104588697664e+06
6.373710250201745657e+05
4.127031048514487338e+05
1.845835961076612584e+05
4.143875118084079004e+05
6.129163874078145018e+05
2.513900685947019665e+05
9.550537420550995739e+05
6.067790476012672298e+05
6.023694973022913327e+05
4.837457635343556176e+05
8.291030907532245619e+05
2.161061902776354109e+05
5.959012875496281777e+05
2.574414008896606974e+06
5.298656938159653218e+05
2.454298034315567347e+05
1.825311023225320678e+05
9.435851108061407285e+04
3.625824228223747341e+05
2.776060643037761911e+05
9.894341952914225112e+04
5.397553281030902872e+04
1.091644185026579216e+05
6.477445927360736532e+05
5.479797150380608218e+04
1.100581184193741501e+05
5.786901908923814772e+05
3.165454141867245780e+05
6.169373956648570020e+05
6.298158069376210187e+04
3.650479484951049672e+05
4.499176953711624374e+05
2.069749488015812531e+05
3.602940474363862304e+05
1.640529946519635560e+05
5.063747321937400848e+05
5.951513695276896760e+04
1.269335935471818957e+05
4.828488109796799836e+04
1.398510471587505308e+05
5.025994625615035766e+05
1.862220982123939611e+05
2.340719146665298322e+05
1.083264765369234956e+05
4.927619034245164221e+04
3.385986557950144743e+03
1.019018291386954486e+06
1.744783686638336512e+05
3.582340769478217699e+05
2.699201929831068846e+05
3.425069891419225605e+05
3.994606638712128042e+05
6.839724415621509543e+05
5.100377940707578673e+05
2.491549913011080062e+05
2.621286383590718615e+05
6.714496703546504723e+05
2.506872454223343637e+06
2.322251099461039994e+06
3.139326229060972109e+05
6.787126363871879876e+05
1.644458437246737012e+05
3.670553369111184496e+06
5.376158975855072495e+05
3.269658185579218436e+06
4.328443419752315385e+05
8.822382768082084658e+04
1.565372391733332188e+05
4.982812121784371266e+04
1.696747868610822188e+05
7.492108116469485685e+04
7.191109602022025501e+04
8.111713757802448526e+04
4.800133163761545438e+05
2.417998721515664074e+05
7.188239343228214420e+05
3.522261705928055570e+06
2.119067846700598020e+05
1.762695354088063759e+05
1.359740860593839025e+05
5.153941730688962707e+04
3.183704695738591836e+05
3.059861766616453417e+06
1.095368448648578342e+05
3.120891695474414155e+05
2.034487089143309640e+04
1.087455207963360706e+06
1.173461628794444259e+05
9.514849697916542937e+04
1.579706963343635667e+06
4.387476420513127814e+05
1.352082083385651931e+05
2.234484745552586392e+05
2.001412307711693284e+05
3.714842405290392344e+05
7.145186328495052294e+04
2.283166409907176567e+05
1.536239888873561518e+06
4.757940568481195078e+04
4.329843291331573273e+05
9.979353637768340996e+05
7.251969075488952221e+05
3.355638575250467402e+05
4.099160155515323277e+05
1.087047460467919154e+05
2.742035695435956586e+05
1.789881594474247540e+05
2.225162264934017148e+05
2.622694873060156242e+05
4.503832854584532324e+05
1.084585880839475431e+06
5.822889578445215011e+05
8.406910529402429238e+05
5.305335315637836466e+05
2.534418544341434608e+05
7.057833379946151981e+05
6.480253530197771761e+04
2.463455979618666752e+05
1.066882571086369862e+05
6.598423161600249587e+05
1.499151126289325766e+05
1.144246404730513226e+06
1.178830951029400167e+05
3.864001160906351870e+05
2.670774348566716653e+05
1.683005386107701052e+05
3.103965708547302638e+05
7.818816799216416257e+04
6.661389485008110059e+05
3.401518176080344245e+06
2.028488952482087916e+04
1.405666327474403661e+06
8.230828652928567317e+04
4.777652132785215508e+05
4.423866465114115272e+05
3.520336068815336330e+05
8.545432664595537353e+05
1.251953309075723664e+05
8.791927331477375701e+05
5.658824537383090938e+05
1.015506931057777547e+05
1.056483453452111862e+05
2.217520139301365416e+05
9.560663436583557632e+04
9.790642918548360467e+05
8.874669701154538780e+04
1.035166366789014777e+06
1.293999936778210336e+06
3.591623415246519260e+06
9.099264176038165169e+04
3.344566025088893366e+05
1.778801158283160185e+05
9.392614269203215372e+04
2.755747569415033213e+05
3.434550766122593195e+05
9.062804447228368372e+05
5.152248825472412864e+04
9.203993918097353308e+05
3.472492226787237450e+05
4.834293674819404259e+04
8.170999952689415077e+05
1.121995961804767139e+06
1.198949441813969752e+06
1.485920464854872087e+06
3.616591339465286001e+05
3.691136125943227089e+05
1.860764989135790151e+06
1.108148269595595048e+05
5.406892694812473201e+04
4.858153607924675453e+04
7.915982054427474504e+05
1.342985762927915785e+05
4.758848131402994622e+05
5.563377596752344398e+05
5.898617166611439316e+05
6.706185315886032768e+05
1.177958230829768727e+05
5.599036163939129328e+05
3.848619720760213677e+05
6.367761478313460975e+04
1.419009821620238654e+05
5.970105835527312011e+05
2.534992320413366251e+05
5.653391051932407208e+03
1.396977169056157116e+06
1.987173405040536018e+05
3.241725742007027657e+04
9.425277382362476783e+04
6.651827474283849588e+05
1.319787609730504337e+05
2.291322867336197291e+06
9.389388503316788701e+05
8.875202900651576929e+05
1.249643008308046032e+06
6.587818222365818219e+05
4.854434111819189857e+05
2.964871516351941973e+05
5.500259921980272979e+06
4.097637501019367483e+04
2.270933273338903091e+05
1.370448665075484496e+04
1.864172287064443226e+05
2.318348273199794930e+05
1.055764532834597776e+05
3.979978865127661265e+05
1.107775525215723086e+06
5.589792958902849350e+05
7.831724986500263913e+04
5.810440959720815299e+05
1.002856759956346941e+05
1.603025963011444546e+05
3.964288853962854773e+04
8.642445488988796715e+05
1.748041219232465606e+06
1.342016257121977396e+06
1.053674828734352719e+06
5.157049442861004500e+05
1.086677685001954087e+05
8.610623214205910335e+04
1.069231338008082967e+05
4.523939899884965853e+05
4.527717584850034909e+05
3.762593893321272335e+05
1.072547694297813810e+06
2.816893524885357474e+05
3.206064005555154872e+05
5.538593500193582149e+05
7.121749629518885631e+05
1.364870293587734341e+05
2.315993849151846080e+05
5.823035559483382385e+05
1.318446037782710046e+06
1.722398431745384878e+05
3.870282069373779814e+05
7.409956918641124503e+04
2.986678414901041542e+05
9.573266879974211406e+03
7.944664767566871597e+05
1.697977008177447133e+05
1.770780413418747194e+05
1.236184904539997457e+06
2.757470597501885495e+05
3.177309134940077201e+05
3.839477193732553278e+05
3.225134119598985999e+05
2.908335235626730137e+05
1.274805543336499395e+05
6.143092388703688048e+05
3.847826654911117512e+05
4.750960745199673111e+05
3.767989390345246647e+04
2.507679481147366751e+05
1.120239139123093337e+06
5.372055132894889452e+06
1.073327021643019543e+05
4.552341508967318223e+05
6.508874325461655390e+05
1.667428086285381811e+06
2.147143429482923821e+05
8.707410064247783157e+04
4.093780778887566412e+05
1.356155707262997981e+06
2.432120968431747751e+05
2.279227328502293967e+05
2.051894225199310749e+05
1.731217425566829275e+06
1.601215018128866330e+06
2.043800111051275861e+06
1.465482874236461648e+05
1.251069502319505904e+06
1.028893911008443101e+05
8.900150989262822550e+05
2.752712581379631301e+05
5.333730151708214544e+05
8.772363572558946908e+05
9.725872550587865990e+05
4.708794260123236454e+05
9.644003002680060454e+05
6.989878440510393120e+05
3.670037291565731866e+05
1.261463736374777363e+05
1.108911507364472927e+05
3.587421495541605982e+05
9.584661166611382214e+04
1.559895512228198058e+05
1.726923982269245316e+05
1.302497647503835149e+06
1.885581621417607530e+05
6.755071602826663002e+04
3.675944932143324986e+05
8.347664069527421379e+05
2.335404004109294619e+06
8.691366709172228584e+05
3.986466570064889675e+04
5.022275298185898573e+05
1.234415514815653733e+05
8.815675989196456794e+04
8.536011078719720535e+04
1.143116648109895614e+05
1.914601626307992032e+06
1.514763539142205263e+05
2.866406900609944132e+05
1.349599972525994817e+05
1.907580464848410338e+05
1.947846626054635854e+05
2.476534737146669650e+05
5.648715564414465189e+04
5.436431736923346762e+04
2.022567962752893800e+04
5.838871288813301362e+06
2.364944001188089023e+05
7.577754269131312321e+04
1.926624383326814277e+05
4.058314125231822254e+05
7.715547793804543326e+05
1.710424022071436921e+05
1.044892270089370781e+06
4.452943873992794543e+05
6.101582382824269007e+04
5.653770773911752040e+05
4.939604192071045691e+04
5.065274333146889694e+05
2.693761349322773167e+05
1.879909220974651864e+06
1.344497036662132014e+05
4.986645461466090055e+05
5.615548564389340580e+06
3.463238386843627086e+05
7.209891180333977100e+05
6.580920773950120201e+05
1.670501199577735097e+05
4.732542120211180882e+05
1.560570507917624782e+05
2.572699873258705193e+05
7.543440307944675442e+05
2.166293358126693347e+05
4.225936014806110761e+05
8.205312544580129907e+04
3.943980646017975174e+06
4.208718049718171096e+04
2.743740115293880808e+05
2.830620924250177573e+06
1.428452384679850657e+05
2.310290721464808448e+05
3.034527491955359583e+05
2.148466447347965441e+05
1.914915024788639566e+05
1.358775882315377239e+06
1.594069668902033591e+05
8.403096436988089699e+05
1.145514327459545108e+06
1.762664285604750330e+05
5.260963028765580384e+05
2.966512789907139377e+05
7.545349236022544792e+05
4.916659857839151518e+05
7.440115755261360900e+05
7.670534050844848389e+04
8.001054055274609709e+04
7.424453457438757177e+05
1.742686091097163153e+05
2.733944301783562405e+05
1.720090230822938902e+05
1.377334692894150037e+06
1.081921347842759918e+06
6.894056204360625707e+05
7.578273704811809876e+04
5.481467537326200400e+05
1.146357224345396273e+06
7.924843111762423359e+04
3.788578233116859337e+05
9.489430058499911684e+04
9.406316316876499332e+04
5.350769409889575327e+05
1.056579153680266609e+05
2.457047342369453399e+05
3.651077990664817044e+05
1.232432395123687340e+06
1.920630521608584968e+05
1.931783637862014293e+05
7.873617178384143626e+05
1.813011983961875318e+06
3.181924701350328978e+05
2.879968282070970163e+05
1.627774829352250672e+05
5.868284974225690530e+04
5.377069885788566899e+05
3.146390340563779464e+05
1.140863466365154134e+06
2.495356771302227280e+05
1.485683457629446057e+05
9.439527291415326763e+05
2.629043311793605681e+05
3.871233620848209102e+04
2.141244725565427143e+04
8.908341743431206851e+04
3.264219748244567891e+05
4.854160422728991834e+05
1.292079996188861085e+06
2.196233570995649789e+06
9.650102202214748831e+04
2.758783723837822909e+05
8.524853701626450056e+05
2.380428540805441153e+05
4.996431262064409675e+05
1.102981758739996149e+05
5.449540553519688547e+05
1.557741751140666660e+06
1.415967227900225262e+05
3.901765657507908763e+05
4.552068864866573131e+05
2.800595835060852551e+04
3.185916412031502114e+05
2.619514810037144052e+05
4.102089525091812829e+05
2.598919802187632013e+05
4.953260683245816617e+05
1.327657552424468333e+06
1.966809128469312273e+05
4.788413790351186763e+05
4.418055179591127853e+03
5.073507648972574971e+05
3.584717216749290237e+05
2.131990058221310610e+05
4.186575083600716316e+05
1.580964521222007461e+06
2.428961112499338109e+06
1.391591335314265161e+05
4.590122003168259398e+05
7.337942213534479379e+04
1.144356787711903598e+05
1.969775521655462508e+05
1.453465146329308918e+05
2.571637489729345252e+05
9.368828377841829206e+04
1.031622053005660535e+06
3.156809548054789193e+05
5.003906907596321544e+05
1.274708923108419869e+06
5.948542239239838673e+05
1.010750433342995355e+06
9.385405005647525832e+04
6.591490822459607152e+05
1.133356330005628297e+04
1.721217175098138978e+04
1.179245560339876916e+06
3.539111425867273938e+05
1.071559200354358414e+06
4.055721410322972952e+04
2.660389820032817079e+05
1.389009665403189603e+06
4.544186323703152448e+04
2.262925449092169001e+05
4.680058046182365506e+05
3.440589658372826525e+05
1.007811159540064516e+06
1.651379256567621778e+05
1.212472581399715127e+05
7.938756843202274467e+04
4.472462185704641342e+03
5.003177208802809037e+04
2.453803675218669523e+05
3.052570511301247752e+05
2.414425173786233936e+05
1.990949730540346936e+05
1.508395429993182654e+06
7.394548561364109628e+05
4.396536006767512881e+05
5.312291427367298165e+05
8.821070112485059071e+05
2.925964418343211990e+06
7.241234449849987868e+05
5.076938191830820142e+04
2.575386418112682295e+05
2.183170471145066549e+05
4.105650792799238116e+05
4.512286066326039727e+05
6.203853602760915237e+04
1.211070242179590510e+06
5.699333160817745375e+05
2.057034661432389694e+05
2.963011354904826730e+05
1.029674144064316934e+05
1.393632861385896394e+05
4.009159906365094503e+04
3.820226983430532273e+05
3.341088596808246075e+04
2.405772754560004978e+05
7.979152278610427165e+05
3.983387869267606875e+05
1.120966404142519459e+06
4.959454106732602813e+05
5.194069522313206107e+04
6.280209183557373472e+05
4.075922145882844052e+04
2.049318484324210440e+05
4.066959102598303580e+05
1.339075713979716646e+06
8.229621213873961242e+05
2.566269789309067419e+05
2.702605657515910571e+05
7.211862371184323274e+04
2.157453324932566902e+05
1.094227240370927175e+05
4.556731156717437261e+04
2.383957804728283954e+05
6.996254984354543267e+05
2.013427110995313706e+04
1.079365918265843065e+05
6.374876416034877766e+05
5.480151923550176434e+05
3.713338681217429112e+05
2.957185988874661853e+05
1.021438400972491479e+06
4.630728323490854818e+05
4.966492477600881248e+05
2.613181119301512837e+06
4.093366485506196041e+05
3.645554622941210400e+05
3.175137079738105531e+05
5.242604302094025188e+05
1.496723687453130726e+06
7.324221364288567565e+05
6.878628115276080789e+05
1.202489604222127091e+05
4.389873896060819970e+05
6.480576229194122134e+05
6.576621691217722837e+05
2.714007208244082867e+05
3.569230874008336687e+05
4.708002826389875263e+05
2.616332224193464499e+05
2.785859486318095587e+05
1.338604022780177474e+05
4.308447494720714167e+05
6.093858005998040317e+05
1.171845412911135791e+05
1.345925910262740508e+05
1.101830974282405077e+05
1.494956641832985042e+05
2.972218510560681461e+05
3.059905045406991267e+05
2.061121066755792708e+04
1.772835760025249794e+06
3.716304845987763256e+05
1.501774008425591746e+06
2.477453387104774010e+05
5.900402589908555383e+05
1.379683741327057360e+06
2.687360220206468366e+05
1.678289363931409782e+06
4.390702718550984864e+05
3.231645832131735515e+05
2.792105392983185011e+05
1.130315677090539393e+05
3.239217855405914597e+05
2.843739609900631694e+04
1.752164211707994691e+05
2.719330154820435564e+05
1.181217329989214049e+05
1.936310890310039758e+04
6.711019437074915913e+04
2.864064399956362467e+04
7.824333572759985691e+05
6.802370345791174332e+05
7.367088206714726985e+05
6.848199393447212060e+03
1.796052708480998175e+06
2.246050680017115956e+05
8.934227746956428746e+05
9.951383673368260497e+05
1.967108492329671280e+05
6.536712096864889609e+05
9.046580544532935601e+05
4.201542486823461368e+05
8.465464876335904701e+05
4.364163910414378915e+04
1.069361118751666509e+05
9.559203806644077413e+05
4.241003397817669320e+05
1.324466032891810464e+05
1.888356743533500412e+04
1.492475124489103910e+05
1.932165385263574426e+05
4.038196508301387075e+05
6.421492064491860801e+05
5.720492774334272835e+05
5.526608200681538437e+04
3.021507604979027528e+05
3.433604481216536951e+05
1.033369294198006683e+05
2.454060935333432571e+05
1.749506986854214920e+05
1.806421548295432294e+05
7.557248772872355767e+05
7.211151053094981471e+05
2.402217167660372797e+05
3.212073194036205532e+05
5.648706532368271146e+05
2.527433726649998571e+05
8.616310482094247127e+05
1.229460156512327027e+06
1.794854966600117914e+05
9.056611792545948410e+05
2.712758953178152442e+06
2.219187982503683306e+06
4.305537422664988553e+05
6.517410618862197589e+04
2.367717896488676779e+05
8.119893842213712924e+04
1.395137277649737080e+05
1.531217218025971088e+05
3.047581473588893277e+04
9.841588350705067569e+04
2.010673311046739109e+05
5.944137174646286294e+05
2.079890865768977092e+05
1.818808962351600057e+05
2.468172237447781954e+05
3.773605059223583667e+05
1.541040754122473591e+05
8.912720989873474464e+05
2.755112268055892782e+05
8.606156955099380866e+04
1.058403582693212520e+05
6.915293096967601450e+05
2.139056334389056428e+05
1.047475150885371491e+06
4.749126868531921064e+05
5.176247494808580377e+05
4.403428325871311827e+05
1.094374158979934291e+05
5.839399515061615239e+04
3.954800435769114411e+05
4.532673042337509105e+04
1.567597588984938047e+05
8.149193135147788562e+05
2.977914565402060398e+05
8.352849855005433783e+05
1.452600441546765855e+06
2.082124935520062863e+05
2.190769539042706019e+05
1.679034243770537432e+05
4.974713531979330000e+05
3.511880246837062878e+05
7.621609224071031203e+05
7.622878565612316597e+05
4.431598865666533820e+05
9.791646536237276450e+04
5.453199712749466999e+05
3.120740795354351867e+05
1.357035364204147481e+05
1.155252503479822772e+06
4.022958870043669594e+05
7.188828145757117309e+05
3.628353821536925389e+05
7.614260648077678634e+05
5.381061716122016151e+03
7.985697045733792474e+05
2.296725622844568279e+05
2.593877408452618401e+06
8.245080262767389650e+04
1.488287433549683774e+05
2.600842668932550805e+04
1.555402103246259969e+06
2.384385894020928827e+05
2.233970975442370109e+05
3.083491193255820544e+05
3.084926001987232012e+05
8.190115283667237964e+04
5.017891344912786153e+05
3.429444905247194401e+04
5.874766271918406710e+04
5.694409898952854564e+05
1.609549422093019821e+06
7.339539108855845407e+05
1.549067873098607815e+05
3.504256253354516812e+05
3.233854680546909221e+05
2.238368629377098987e+05
1.124537467327725462e+05
1.108672060485325288e+06
1.499397847179963719e+06
2.069319643335831934e+05
1.531005316888589587e+05
2.410253089600907173e+06
7.679659254593729202e+03
9.898065665892174002e+05
6.450979941925829044e+05
3.164631568637906457e+05
2.715382559056572500e+05
6.964870611314435955e+05
8.127166795737385110e+04
4.901941503627887869e+04
3.885230529239897151e+05
1.724480950074256398e+06
7.307212638760831906e+05
1.508167965652338171e+05
1.089010139209772751e+04
1.728279803394893534e+05
4.169885360117049422e+05
5.909103074896016624e+05
9.016514429858222138e+05
3.423073153525285888e+06
3.100907441271284551e+04
4.656540273176771589e+05
3.408434898496235837e+05
3.247206461674726103e+06
2.353299772913233901e+05
2.811840846143677481e+05
1.395462475222266803e+05
1.499487505788630806e+06
1.028774570509327023e+05
5.153863644673559465e+05
2.651201148615545826e+05
2.433562255334455403e+05
1.481653076928350609e+06
2.248324105976425562e+04
2.948700499158095336e+05
8.182046721652108245e+05
1.654480702405717966e+04
5.322543792740467470e+05
1.697763422029279405e+06
3.884309495293617947e+05
6.012198435650153551e+05
2.081366128052002285e+06
2.121727447092045622e+05
3.005360215899895411e+05
5.295092631795318797e+06
3.468519877546476200e+05
1.692185672099462827e+05
1.600958532913576346e+05
1.063906203238244052e+05
1.351959906145919813e+05
8.938733065334822750e+05
1.459017300841806456e+06
4.789894059964106418e+05
1.152143500852334313e+06
5.376165463947376702e+05
1.286502850480694557e+06
6.824701242414581357e+05
2.115598624085530173e+05
1.816731589946263004e+06
2.410606564687975333e+04
4.881953919507816900e+05
4.053397577733739745e+05
1.918746664873323753e+05
7.211817507421687478e+05
1.107696181640885770e+06
4.682078442159873521e+04
1.024801640283713932e+06
3.021488224428552203e+05
3.314636439197741565e+05
3.322674681198802427e+05
1.933348929802186030e+05
6.298045537443998037e+05
6.593309307359119884e+03
3.112514920786197763e+05
5.439866850825896254e+05
3.187120079848988098e+05
3.629665374818131095e+05
2.305176360843448783e+05
8.464221997437144455e+04
1.171562543326053856e+05
1.758980996953594731e+05
3.895549553294309881e+05
1.066273236035355600e+06
1.703449061377630569e+06
1.788788204322628735e+05
1.569048036278828513e+05
8.836456226801121375e+05
7.399267315653208061e+04
4.719400721108891303e+05
2.001083645953530679e+06
2.745854505928782746e+05
9.048058266486038920e+05
1.983873054590319982e+06
1.266238638740142109e+06
6.641014303898352664e+05
1.183975837682189558e+04
1.524641918373179797e+05
3.187030994230719516e+05
9.441469315194553928e+05
1.016567085024581611e+05
1.610048756507835351e+05
4.482629567248771200e+05
2.124508902549019840e+05
2.243861857315635280e+04
4.805657149929325096e+05
1.419523195292504504e+06
2.877626717050339561e+06
9.361746041035107919e+04
2.063491625837484607e+05
3.831979133844448370e+05
7.495210398424302693e+05
9.835964650755339535e+05
9.251409213986899704e+04
3.052529338180614286e+05
2.806818001153294463e+05
2.155994642220425303e+05
1.074424189642882207e+06
1.104794196423270972e+06
7.593244530821088119e+04
7.303935031254513888e+05
4.066920569049968617e+04
9.464285415276409185e+04
5.541930236304861028e+05
5.947744599235361675e+05
1.118105467395296553e+06
2.456917400156686199e+05
7.239162957855642308e+05
1.888544481831832090e+05
4.209692215604764642e+05
6.480580414323195582e+05
1.098400323407007454e+04
6.586218328270121710e+05
1.854609653735200700e+05
1.450884901857834309e+06
1.384312704947620514e+05
3.019281521495742709e+04
6.614680939417728223e+05
1.789827632983126678e+05
7.598927301863591420e+05
4.617094595280134818e+05
2.593284105337230721e+05
8.144382604143628851e+04
5.432498740807840368e+05
5.948615722270540427e+05
6.166704166894905502e+05
2.973595371152934968e+05
5.752574311611615121e+05
4.098067776954961300e+04
6.533977342497252394e+05
7.512868221425679849e+02
9.882891827608580934e+05
1.600447289724047296e+06
2.340332237618360668e+06
2.252717727348468732e+06
3.190064305946667446e+05
1.082952611505971989e+06
2.540672670128792524e+05
1.511766814341862628e+05
1.363322027942291461e+05
6.559116576863398077e+05
6.348857915244235191e+05
2.145667053791616636e+05
1.659999196468765731e+05
5.914869188403171720e+05
1.616194690689510317e+05
5.687346577902327990e+05
2.323381820045705535e+05
3.131543692642276801e+04
4.029222843734586495e+05
5.895457024710931582e+05
5.991277077445973409e+05
2.754805660294205882e+05
3.099821336439295555e+05
8.862129419365614012e+04
6.151458881300118519e+05
2.699503578489407664e+05
1.044921554481274914e+06
5.353055849886883516e+04
3.359603680344191380e+05
5.983657793922034325e+05
2.712900041669163038e+05
1.443460413089367794e+06
1.375154041943796445e+06
2.180573619827571383e+05
6.661770978076130850e+05
4.806611585123944096e+05
5.758769506889819604e+04
1.097575566256871680e+05
2.599476643446289527e+05
1.258147320426453662e+05
5.782947109136753716e+05
2.027810962674223701e+05
2.493766784091903246e+05
1.025596773836587381e+05
3.673420833983318880e+05
2.328178855518439377e+03
5.409029108054896351e+05
1.577592412174103316e+06
3.069506273199154995e+06
2.422467377023739973e+05
8.773794860323134344e+04
1.696453650961201638e+06
2.441494155742825242e+05
1.263633381270561767e+04
4.444996864137456287e+05
3.432599147034296184e+05
1.773400204188198768e+04
8.877427734819444595e+04
3.259172565003257478e+05
1.938122589016905113e+05
5.042129833225001930e+05
6.920198516008221777e+05
1.913828638718688162e+06
9.471396882324421313e+05
1.480883341059101622e+04
7.955161642739856325e+04
8.145402481881632702e+05
1.080441556421561865e+06
9.997079155463099596e+04
6.457007419207530329e+05
3.314293652231789019e+04
3.868868874692926183e+06
3.071557504289437784e+05
4.740581799346614571e+04
7.453154941123457393e+05
6.716440412085794378e+05
2.915693506281822338e+05
2.815370530347333988e+05
3.004732048593951040e+05
1.956505403334806324e+05
4.656942011144313961e+06
1.154379059724047402e+05
3.655285518147211988e+05
1.047921485001503257e+06
2.191645197911414143e+05
2.545828986497125006e+05
1.007848006669647526e+06
1.071022746632859489e+05
7.970869336387376825e+04
2.075056746994916117e+06
3.021248793705165153e+05
1.435687168662743410e+06
2.908347758897886612e+06
7.294821884008966153e+05
2.920675682380403741e+05
1.472372451720868004e+06
8.424658566658541095e+05
4.022413255181335990e+04
2.752072221221445361e+05
1.641884298647266114e+05
1.036691455751215690e+06
8.967573525716145523e+05
1.998834451783522672e+05
2.789158604619382531e+05
3.681541121640727506e+05
1.189507141371416365e+05
2.720481419823318138e+05
1.599536888778014109e+06
2.324366898741903133e+05
1.679277614080116327e+05
6.608042349270979175e+05
1.070575864315202343e+05
1.683919620115715079e+05
1.060719163828623714e+05
3.128741621908136876e+05
5.542667104025101289e+05
7.175708370597055182e+04
1.831881810774594080e+06
4.988210912941746647e+05
3.636375629875721061e+05
1.134437194133861776e+05
4.299088842489800300e+05
1.817965630491752818e+05
2.315231294638520340e+05
7.215691705445498228e+05
9.507616558378824720e+02
1.012571404572500964e+06
5.963098269248425495e+05
7.632354911217048066e+05
2.370969034478631220e+05
4.842710756583889597e+05
1.405203250699799391e+05
3.864293485991439782e+06
1.077374337971508037e+06
7.030198808695799380e+04
2.511044551695944683e+05
2.793387194172579912e+05
5.810670578165494953e+04
2.919722207602103008e+05
2.434587352378459182e+05
3.448685401150896214e+05
6.527082837583062937e+05
6.736516002348723123e+04
1.713778741722032428e+05
8.544662550629509497e+04
8.468023530690509360e+05
1.792927200693803607e+06
6.478380134584257612e+05
1.345455736226580630e+05
1.115647969458975829e+06
8.153194492264046858e+04
8.809585944048971869e+05
4.018912335047604982e+06
5.101353547966802726e+05
9.651011757782455243e+04
3.834091451356957550e+05
5.575446998464556964e+04
1.115294160151777323e+06
1.927973733678331599e+06
2.412327568284482695e+05
3.690924974762728671e+05
1.935084580693788439e+03
4.011476125650036847e+05
9.253727171660339227e+05
2.476345220830386097e+05
4.339957505778166233e+05
1.542169156786501117e+05
1.430494301634362200e+06
2.830757530853527132e+05
2.673241238514823272e+04
1.471110241595373955e+06
2.884222059114747681e+05
1.448056022951281630e+05
1.076825923221689416e+06
9.827878634844972112e+04
1.608837288923095039e+05
1.670953940618106863e+06
3.496031704797712155e+05
7.063708023423894774e+05
1.127069754412510898e+06
2.631277140763544594e+05
3.753625741750431480e+05
3.210278548549247789e+05
2.635057331962340395e+05
1.437935267654008348e+05
6.288803280423732940e+05
9.300192897835602053e+05
1.693055970267408993e+05
1.122688350109453313e+06
5.580063064831970260e+05
1.015582729043225845e+05
6.515191617295832111e+04
4.116933582746992470e+05
2.618904444838175841e+05
7.967871319530608598e+05
3.392454804632974556e+05
7.701395659409452928e+05
1.288661527936539613e+06
1.556121279731596296e+05
3.099713939210248063e+05
2.046718168042709294e+05
1.085722078906117240e+06
1.160662294202853926e+06
1.719005466727900493e+05
2.448686602972339606e+05
2.256166658432117256e+05
3.830197892875656253e+05
1.058203337721728894e+05
1.789287879206175683e+06
2.835173860322800465e+05
1.280446177452460834e+05
3.808535507512745098e+05
5.702097557023207191e+05
8.396420526019188110e+05
1.853495905872509757e+05
2.329242825196465710e+05
1.717538675103968242e+06
4.398613421808056883e+05
1.525429702649480023e+05
8.742269773100306047e+05
4.822517942479818594e+05
7.576648565757930919e+04
2.083502993099393556e+06
9.188645789059241361e+04
2.032435702548456029e+05
5.362551283546875929e+05
9.825907037569161039e+05
6.890126000564065762e+05
9.114543814927384956e+05
5.698506697358747479e+05
8.728192269380291691e+05
1.174188480175446719e+06
4.316416995857133297e+05
4.860081964143466903e+05
1.361883657257678919e+06
3.024048450020632590e+05
7.429248065121147083e+05
1.440285274327788793e+05
7.668082422061281977e+05
6.402835141428660427e+04
1.641593561168461747e+05
1.698432945668322034e+06
2.019395758464042738e+05
1.124772068649952766e+06
2.180611182282685768e+05
4.334096621302478161e+04
7.357043931324663572e+05
1.129214776664413046e+06
2.679841944446408306e+05
1.009431410557341005e+05
2.853544766806325642e+05
3.311505501212868840e+05
4.240485179046540870e+05
2.906803250200507231e+06
2.227118719836466480e+05
1.009729870808146079e+06
3.757169227763638482e+05
3.026476634186812444e+05
2.965124822061901446e+06
7.086304307218281319e+05
8.296507523357735481e+05
1.420404899867583299e+05
3.450696108369065332e+05
4.785591170421806164e+05
9.629078384415185428e+04
9.749745715938271023e+05
1.504480484180230123e+05
1.792386961383195012e+05
9.215271000614502700e+05
5.565417298640294466e+05
3.023241180265921867e+05
6.692895317257678835e+05
3.425543565273311106e+05
5.395762609097413952e+05
1.508429219860153680e+05
2.490860741574743763e+06
1.187237254926351830e+06
3.536727647628104896e+05
4.911296688080175663e+05
1.149532384776705003e+05
1.175675045797382481e+05
1.167014517310224037e+05
3.978897076599695720e+05
2.401203079838137201e+05
4.017825506008552620e+05
2.973910155310733244e+05
9.280542550208461762e+04
6.261654796225249302e+05
2.096538263894716511e+04
1.831659130301560799e+05
2.226456261854281911e+04
2.860004659102145233e+05
9.023235001777077559e+05
5.045606790868663229e+05
8.777268871852338780e+05
2.183096060354120564e+05
6.576648415082347346e+05
3.846390979388442356e+05
5.472843590532121016e+05
1.271995398923817265e+05
3.852644636301858700e+05
7.598647595829853090e+05
5.890604459718350554e+05
5.094960787246570544e+04
7.570821737548584351e+05
2.287877944493331888e+05
1.705063418092681095e+05
8.163884332688057330e+05
2.130754459446830151e+05
2.118296235431468813e+05
1.913852931491806405e+06
8.105371845219623538e+03
1.757044826946707617e+05
2.634071874725534581e+05
3.224876852049919544e+05
1.709433363262366038e+05
8.702624904134718236e+05
1.508012085372472066e+05
5.200848935322887264e+05
1.800202062159976049e+05
2.929402253317894065e+05
2.837353778262969106e+06
2.176130234556132928e+05
3.977476465105523821e+05
7.610436438617100939e+05
3.467389381469477084e+05
1.482842394903847948e+06
4.651061705764663056e+05
3.742780559342087363e+05
2.185328922284437285e+05
8.634323715884111152e+03
1.713621020306990831e+05
1.045084815266857739e+06
1.283562820941549435e+05
5.301018532361229154e+04
1.309207106444910605e+05
4.335739791374718188e+05
1.357319256948593538e+05
5.541220460143710952e+05
3.155693695215996704e+05
1.058775659251355828e+05
1.490631782059379329e+05
6.706692432628138340e+04
2.166611911570907396e+05
1.476090017948976310e+05
3.927183766752046533e+06
4.165244590869960957e+05
9.121852388484049588e+05
3.377361593077523867e+05
1.270206443009785144e+06
2.664547237743836013e+05
1.159693702533844626e+06
7.108646804483104497e+06
6.419927409017110476e+05
4.481064810519347084e+05
4.618565855995279271e+05
1.669471362347549002e+05
2.063451219898760901e+05
1.825587264153039316e+06
8.639342603288212558e+04
2.967708492220632615e+05
3.803814735300220782e+05
1.406087698891600303e+05
3.369365009259168874e+05
2.990268365097178612e+05
2.679581878316206858e+06
1.998683839105317311e+05
6.722044956215311231e+02
5.800033571619045688e+05
2.488541052462283405e+05
4.951333155282164807e+05
1.276723890298025683e+06
1.632124593664741609e+06
2.081416291770918760e+05
4.225878297761719441e+05
2.277822926848970237e+05
5.680647693465180055e+04
5.757234765409195097e+05
5.120097413749332773e+05
3.971193623357918696e+05
6.839652331330196466e+04
6.538586163071242161e+06
3.159106411122727441e+05
3.172701149357921677e+05
2.416785093812065315e+05
3.001891484037670307e+05
1.239228604045708344e+05
5.184594037642173935e+05
8.220087053616648773e+05
7.453395201142157894e+05
6.541018747699417872e+05
8.145893892434503650e+05
1.373674870604100870e+05
7.071399631630692165e+05
3.741107450604879996e+05
1.357008185226104615e+04
1.206957016497262521e+06
7.986491984452774050e+05
4.897746060817457328e+04
6.333869458352201618e+05
2.779629156868029386e+05
5.342733364476112183e+05
8.537057110022666166e+05
1.198367105117969215e+06
3.024494984453085999e+04
4.469876796127544949e+05
7.591943674851574178e+04
3.956656687217282597e+05
1.399178157641299767e+05
6.731115539081105089e+04
4.015611067225651932e+05
4.577013085188735276e+05
5.211547065340225236e+05
3.061270786946002045e+05
1.371187565880813054e+05
1.134720615174364939e+05
1.323071581444278592e+06
1.728997657748730271e+05
1.209859499153654324e+06
1.115294662853315240e+06
7.492336577436143125e+04
5.899858662396293366e+05
2.884516541449809447e+05
1.626370622910915175e+06
7.678035229073039955e+05
5.211589179879493167e+04
6.337531502324336907e+05
1.624755543297683835e+04
7.832212765586911701e+05
2.129817604147927195e+05
1.881866330827375641e+05
5.799065334934462589e+04
1.526929144379448553e+05
2.351373270251064678e+05
1.005593824236773886e+06
1.326906132118446520e+06
1.039523655004783359e+05
3.178533748785831267e+05
1.687328828998832032e+05
6.325575178487615194e+05
1.911294367654979287e+05
2.420671407036595978e+06
1.635911510494508257e+05
3.254715050112493918e+05
2.112901931255368399e+05
3.793846694461492007e+05
1.309330149422656978e+05
1.752089348370780353e+05
1.184037062915445567e+05
1.101916999575183028e+06
1.958562270020951109e+05
9.994925101992232157e+03
1.399678529403631110e+05
7.878298307880840730e+05
2.376700818656889314e+05
4.881150957719913567e+05
1.741604986416868400e+06
2.424969018688105571e+05
8.610301723660547577e+04
3.015576378964073374e+05
3.229430677390180645e+05
1.164361468441654695e+06
1.977551261313686613e+06
1.867349327914981695e+05
5.323742280654311180e+05
6.976321486713534687e+05
2.235162687013567484e+05
2.628888826083080494e+05
3.316534248873668257e+05
2.963872243555146270e+05
1.293777847812319960e+05
1.690446401383190823e+04
1.349215906504350714e+06
1.486290935546236578e+05
7.849864883601617476e+04
2.643183388696605107e+05
3.014933175373040649e+04
2.458084246320700040e+05
1.829316778092441382e+06
2.394193820651881979e+05
5.897868386437214212e+04
6.881971733021557156e+04
1.928724384148441313e+05
3.249954119837256148e+05
4.615496353571073851e+05
2.763357491647552815e+05
1.479573734956947446e+05
6.019421221104367869e+05
1.395536697218651534e+05
1.871786297092589957e+05
3.605642776678328519e+05
5.054174606949241570e+04
1.985625133046908886e+05
2.359346847714891919e+04
7.068927673941269750e+05
5.458550240800820757e+05
3.079915788816892382e+04
5.652045072377984179e+05
7.806101474913772836e+04
3.211019192812489346e+05
1.555140656561779906e+05
1.278270114176713396e+05
4.424354282816119958e+05
1.610744833688924555e+06
1.035343981475437904e+05
8.024459277282295516e+05
2.581668368514805043e+05
4.306166452161108027e+05
3.700912199061224819e+05
1.615177733608688868e+05
1.133740030182146875e+05
2.465861768414246908e+05
1.475477986555054551e+06
8.893947459020871611e+04
5.734711761531127850e+05
8.270448552637563553e+05
7.008194230708526447e+05
6.910469743843039032e+05
2.038255737887719879e+05
1.758370050604269141e+06
1.859386655745851342e+06
1.462257405834032921e+06
7.740669488107982033e+04
2.155594599484747741e+05
4.295298086326121702e+05
7.748687661284818023e+04
7.415797130426578224e+05
6.189702882322696969e+05
3.191908216843364062e+05
2.613216813205090875e+05
1.790810074568945274e+05
4.420823021566967363e+05
1.919118758714784635e+06
4.424757366164731502e+04
2.571945416912357905e+05
4.501956000208786281e+04
1.529597405194373569e+05
5.991921633548783138e+05
8.370367632901002653e+05
4.511210954256675905e+05
2.102878415001717221e+05
3.457993039128010860e+05
1.735033996013400902e+05
1.221462061712133233e+06
5.431057391320078168e+05
9.249109085543095134e+05
1.988032043698601192e+06
7.565688121661870973e+05
1.336945882722036680e+06
7.328587177714899881e+05
1.199601373542593683e+04
1.273211641681048204e+05
1.547477138358569355e+05
3.182103653715142515e+06
3.270872380197337479e+05
1.694076902087142225e+05
3.339167588410039898e+05
4.081156491255491710e+04
3.846080413149729720e+05
2.025296590827526059e+06
2.259034386180860747e+05
8.295080684062807122e+05
5.087395166600004886e+05
7.092587338087363169e+05
2.406106558866828214e+06
3.734654256402070168e+05
1.394868259669185150e+06
5.755344078083639033e+05
1.353036380358626484e+05
2.842278418451479520e+05
1.596486156432336662e+06
1.015439930254923675e+05
2.483857365210627031e+05
6.105857914546631509e+05
6.427270798532271292e+05
8.756953741617473133e+04
2.372702007186790579e+05
6.617521683348383522e+05
3.649044735022388631e+05
1.555011434447668762e+04
9.425449880026346073e+05
7.496334419474230381e+05
1.269680489149249392e+06
3.105912437601583661e+05
2.996835192625977797e+05
4.480470610302661080e+05
3.028952635707458830e+05
1.688846061256524175e+06
3.587139449622511165e+05
3.629125394759874325e+05
3.833291774236408673e+04
9.230017684039981395e+04
6.223921493861956988e+05
1.181701741678301623e+05
9.348382335603084357e+03
4.691219091390236863e+05
4.823161557367638452e+05
4.450962515209016856e+05
8.956193145771544660e+05
3.876238041494403151e+05
1.197737383925932227e+06
5.391792175784282153e+05
1.374238531217918731e+06
7.242824053495923290e+05
3.888507844599068048e+05
1.952187839102545520e+06
1.321664819132558187e+05
1.615531406325540447e+05
3.312859872357713175e+04
6.565767117208527634e+04
9.566189437209878815e+05
2.462185919759286626e+05
3.064628019139526295e+05
4.135295102438422036e+05
9.526862693639696226e+04
3.063121406442075968e+05
2.591912318094962102e+05
3.721718111041006632e+05
1.118724247010351392e+05
1.280078499175573088e+05
2.325157824246190721e+05
1.186888591080086771e+05
1.610037204459608765e+05
6.521943691356177442e+04
3.682268211157037294e+05
3.029907964625228196e+05
4.873196514616833883e+05
1.091434643897887145e+05
1.293112480690427037e+05
2.585460884289421141e+06
6.743643309466525352e+03
9.238635290084898588e+04
1.212119016810154280e+05
4.759139981393566704e+05
4.615146146120690391e+05
1.945993487851887941e+06
2.286248918464313901e+05
7.280642593487759586e+05
1.182393667389777402e+05
1.429936916597719828e+05
3.180756354734012391e+06
6.782656352443475043e+04
3.002274926968878135e+05
1.380157035875902220e+05
2.068816818603361608e+05
9.371099571445476613e+04
1.646393501754653407e+05
1.590031474922509224e+05
2.191740013860412291e+05
9.024273369675873546e+05
1.345502748764217249e+05
5.214018519864994596e+04
2.673314196876406204e+05
2.723806681026348961e+05
2.520224314265316934e+05
5.641470620410567062e+04
1.027786860546940938e+06
1.296675517055323726e+05
5.515120379095437238e+05
1.002756071076238644e+06
4.182050958631476969e+05
3.031993322701100260e+05
9.290734575446357485e+05
6.636394985711306799e+05
1.083140743667997885e+06
7.975049260379793122e+04
8.369630810158484383e+05
4.221564025757914060e+05
8.855523041485591093e+05
1.937895604971251742e+05
1.505254013396879192e+06
5.138271275912293931e+05
6.814758048237723997e+05
3.552402326706034364e+05
2.220175195048195601e+05
3.028792908406175411e+04
8.131019237740371609e+05
1.258959458754590742e+05
1.413027686292762810e+05
1.227914348548732378e+05
7.192480174739477225e+05
4.481709102684892714e+05
4.937476686094945762e+05
6.503736769207452890e+05
2.329971895635503810e+06
1.290713492939263524e+05
1.254570145301541779e+06
9.808160865140679525e+05
9.459800844423256349e+05
2.525550290788188868e+05
3.300733380835587159e+05
1.942399603087581054e+05
1.457162681660153612e+05
5.147840298381294124e+05
4.186218002645499655e+05
7.241196176044950262e+05
1.594206935230541276e+06
6.337676117554766824e+05
1.683870419004348340e+06
7.259747845180518925e+05
1.636264783777503471e+05
6.304569389657818247e+05
6.341904282891206094e+04
3.787497570436061360e+05
4.608606206829111325e+05
3.744396950448453426e+05
2.705189524367087870e+05
2.089070555534245505e+05
3.573871984817254124e+05
9.480492910434841178e+04
1.578957739422648447e+05
4.799212176840334432e+05
1.668362890964184189e+05
1.395470699914372526e+05
2.977462023855290608e+05
4.338037264436674013e+04
8.994659213998673949e+05
4.653694200107592042e+04
3.466607077968316153e+05
2.464548116429822403e+05
1.521915945295904065e+06
1.155242128804081585e+06
1.791890759383619996e+06
2.680964719655321096e+04
8.245024184055619407e+05
2.981618046886778320e+05
4.540376047704757075e+05
7.143395725487240124e+05
1.239861791423101531e+05
7.957473604810207325e+04
1.188083215820759506e+05
1.531358529858588190e+04
1.776433990044675593e+05
1.046816033445409499e+06
1.440994705712201772e+06
2.220319644296649494e+05
7.134142674379490199e+04
2.540170923406808288e+05
3.039664844119104673e+05
3.213000188067213167e+05
1.373185998232017038e+06
1.101793085859653656e+05
9.054625091244868236e+05
9.315009555567750795e+03
1.104356643757776619e+05
1.553272571018144081e+05
3.541716567834179150e+05
2.690052194425716531e+06
7.430567666549695423e+05
2.634393060360992677e+05
3.880121794272845727e+05
3.063889418884843471e+05
1.589424898530917126e+05
1.404859582337265136e+06
1.987256956485487171e+05
2.889692674271502765e+05
7.130588880383684591e+04
3.357774816528792144e+05
2.077546276621567318e+06
2.150429322210896498e+04
8.843640688230868545e+04
1.032843311939239036e+06
9.151843554278395604e+05
8.538874198531787260e+04
8.478252212168916594e+05
3.891546934158971271e+04
3.818180366773433634e+05
1.168592745848370250e+06
4.767651313680592924e+06
7.528188783006255981e+05
1.699033512178645469e+05
2.578249108323924011e+05
7.338490350277726247e+04
6.293850006963032065e+05
8.074587384216782993e+03
5.856663413511823164e+05
2.243509537637334724e+05
2.804148321095971623e+05
4.483127727056759759e+05
2.492321730217895820e+05
1.062637953331184872e+04
7.667740318647815729e+04
1.513077545420797076e+06
5.403684098787213443e+05
1.846235671832129301e+05
3.216534898640014580e+05
2.993988784978373442e+05
6.424851523958962935e+04
7.525503557375438977e+05
5.553990955069672782e+04
6.404009037122932932e+04
9.879100116198553005e+05
2.083828348181704932e+05
1.146558135870296974e+05
3.516957346323415986e+05
8.363692841994974879e+04
1.783155634114076383e+06
1.450586796169238223e+05
7.204749891974935599e+04
8.031280283603529097e+04
2.102982767882684246e+06
1.519909760088622337e+06
3.039040766485190834e+05
8.482422997371693782e+04
1.574078893697353778e+06
1.073398161765416851e+06
1.086093189813369281e+04
2.588697782376187388e+05
5.224075113506908529e+05
7.983514475186236086e+04
1.631438990083366865e+06
6.312545471953311935e+05
1.005302394550950034e+06
4.635292785580931231e+05
7.611213628548448905e+05
2.576331288279003056e+05
1.307776282753499923e+06
9.181879531219182536e+04
2.249392673293566913e+05
2.459365605923752591e+05
2.792265210182020019e+04
1.870423170901302365e+05
2.654035396472244174e+05
2.374117103999361861e+05
1.255195017339065816e+05
2.844012333786500312e+04
1.219635305414005648e+06
7.604234120360758388e+05
8.191417484895049129e+05
9.341004806530661881e+05
1.749411811688544112e+05
4.182893123856264865e+05
4.763243475350571680e+04
1.448347248076140822e+05
2.988500088323695309e+04
1.069401427762771025e+06
1.266629200447916519e+05
2.956007010307190940e+05
4.948324629052041564e+04
3.666077127617282677e+05
1.537360527518207440e+06
1.157079447121938458e+06
2.303028276685451274e+05
1.135631706362088516e+04
1.435717959431360941e+05
1.706761670997033652e+05
3.306031394500824623e+06
4.571293548037497094e+05
6.024538980737449601e+05
2.030952553280820430e+05
4.522317610052301316e+05
4.512418123642029823e+05
1.070495454929380794e+05
4.554456447849738179e+05
1.051845946552904061e+05
2.447166244836864527e+06
2.698028061665278437e+04
7.503083637025632896e+06
1.594764340791445284e+05
3.029596494556323159e+05
1.086595123210803373e+06
1.816434838732506905e+05
9.656674332080579188e+04
1.068101091022886685e+05
3.817084318011749419e+05
8.225312206707764417e+05
1.645206408997660328e+05
6.243835185259862337e+05
3.312080796331747551e+05
7.489979660890894593e+04
1.166808755538176512e+06
3.727618935206927708e+05
7.146303704994540894e+05
2.649210938678957755e+05
2.762522580044698407e+04
1.466354230153407552e+05
4.891521190064512775e+05
2.638673980261377874e+05
2.714494915232749190e+05
2.473176590121696354e+05
6.203788973050317145e+04
5.999516526234190678e+04
5.401988784462718759e+05
3.739195028837393038e+05
1.465338554549666587e+05
6.841746089490245795e+05
5.355672147553041577e+05
4.756331341142799356e+05
4.145889252541085589e+05
3.956912430872291443e+05
2.568175299302740023e+05
1.971522546856040368e+06
3.410939824485022109e+05
1.582364198113841121e+05
1.298669657574936864e+05
4.593780326299077133e+05
1.751334195756648900e+06
9.253024401583286235e+05
2.227882182621707674e+06
2.511806412140548055e+05
8.077890215000223834e+05
1.600645043863288127e+06
8.582577059867829084e+05
1.829927360060715291e+05
1.244911478570505278e+05
6.702012728371500270e+05
7.605132204771758988e+05
9.344027535580239783e+04
1.741732694092375925e+06
1.086482903568682523e+05
6.679792788856750121e+05
5.658524657185800606e+05
6.103256152370066848e+05
5.606827174296516750e+04
2.700367224635988823e+05
3.548661638127243496e+05
1.827833946328592428e+05
9.332517020413927094e+04
3.447813673661170178e+05
3.886226806256011478e+05
3.951242909928860608e+06
1.281805464069448935e+05
3.436503643927214434e+05
9.121470250388179920e+03
4.647656859631856205e+05
2.021082852469193283e+06
9.317035465418277308e+05
5.455211574965229956e+05
1.263786458985128556e+05
4.258221715168777155e+04
1.944179998876537196e+06
5.524111703131635441e+05
8.148278119057614822e+05
2.041405601018566449e+04
3.472154265026976354e+05
2.059076376450261159e+05
3.687583467048442108e+05
3.302094513650013687e+04
4.044983171522574965e+06
7.033165845469722990e+04
3.247706914841254911e+04
8.509152659009874333e+05
4.650291913629114861e+05
2.046148018520758778e+05
3.873938800660829875e+05
2.328288622478393663e+05
1.785618022923688404e+06
1.278534547295341734e+06
1.091522255711289617e+05
2.018273034864219662e+05
2.115359203642536013e+05
6.996577648093313910e+05
6.653939581704131560e+05
7.603944860837087035e+05
1.949056499700483400e+05
8.396442978601533105e+04
2.053355302725611546e+05
4.763514254469425068e+05
5.711084631675294368e+05
2.927419409382611775e+04
1.535777989845212433e+05
3.162003703986112378e+05
7.232541253823987790e+04
2.152506507398284739e+05
2.053549940213456750e+06
4.452534351711037569e+06
1.246615704751907615e+06
8.130511763907480054e+05
2.098256015607438458e+05
1.178300482114610262e+06
5.517111704626049323e+04
5.262935460094927112e+04
1.226280096894283197e+05
2.241552726371696044e+05
2.359300911923008971e+05
3.361981582022137474e+06
1.794416318769022590e+06
2.690727594718108303e+05
2.540330010887183598e+05
4.276038844440786168e+06
1.946570897247049725e+06
1.512941611095755361e+05
1.187236023255914479e+05
1.840920140420589363e+06
1.037673299966173363e+05
2.135348161105457984e+05
1.950230056917673937e+04
1.522455019824198098e+05
8.572649117781169480e+04
6.971131843556864187e+05
3.932342148240079987e+05
5.515034890227883589e+05
1.157721097757808893e+05
3.727168326901963883e+04
1.389140336441202788e+06
3.512478705413177377e+05
2.557449948566255043e+05
1.498266352827565046e+06
1.469115141422579996e+06
1.804226218903948029e+05
4.783467935057407594e+05
8.054457293255866971e+05
3.067853689590145950e+05
1.924347516498672776e+05
1.279191559595412036e+04
2.753872546154831070e+05
6.722766054280883400e+05
2.165779261496319377e+05
6.984461604632472619e+06
2.623267685734283295e+05
2.449018745468167588e+06
4.845504177888427512e+05
2.293002176863453817e+06
2.622160450148642994e+06
1.194556353289423743e+06
2.674128591504141805e+05
8.200024813926585484e+05
1.163139092259015597e+05
2.343715276134043466e+06
1.163226489490318490e+05
2.994570590127021424e+05
1.720015008570388891e+05
5.609611169158414850e+04
4.139550404083134345e+04
8.417805964146534679e+05
1.445854468619367708e+03
6.545148811868281337e+05
9.600199531565926736e+05
4.357292961265433405e+04
4.772428003701473936e+05
9.801861352980762604e+04
3.127705995691108517e+06
2.609491450909569103e+05
1.944297798497471260e+06
1.704764124844997132e+05
7.089962474686155329e+05
9.574425121737419395e+05
1.620269213235530769e+05
9.480565867830129573e+05
9.640581788045611756e+04
9.351978137258740026e+04
3.768908034400953911e+05
1.330766330852014944e+05
4.440468175124343252e+05
4.766155504805066739e+05
4.246128001030471642e+05
2.658619805857622996e+05
4.400929627590569435e+05
1.844847531538058771e+06
7.079191556744483532e+05
8.312151125622299733e+05
4.576880786663725739e+05
6.996661345430445857e+06
1.445799033798105374e+05
3.700156091259074747e+05
2.088522025274126790e+05
7.472801796445749642e+04
7.873177054711176606e+04
8.290380318099833676e+04
6.058104534046312328e+05
3.174268491651508375e+05
3.217482026576065691e+05
3.905903132771301898e+05
1.222970924323352228e+05
4.797698478275748494e+04
5.227682680197776790e+04
5.508157622566930950e+05
1.021506649315546267e+06
5.572932443320885068e+05
3.102458633688684204e+05
6.322007650303750997e+05
2.321279196657903085e+05
7.702413143760333769e+05
4.421845671287924633e+05
4.064641885377651080e+06
2.428684893954420986e+05
6.243346113975436427e+06
1.016730057996055111e+05
2.041985737491850450e+05
1.936089381768165913e+05
4.792481586466921144e+05
1.970273904504931706e+05
1.881889655171827762e+05
1.104276029204093356e+05
1.498518296401615080e+05
2.055914722890326288e+06
8.640877061677003803e+04
2.984274871290969313e+05
1.013928545297296369e+06
5.436168811787183222e+04
1.449983722440862621e+05
4.576843170221419423e+05
9.499254525796945672e+05
9.347094169972335221e+05
1.175120192640442867e+06
1.903098607625475561e+05
4.469478702934557572e+06
1.458434091301831068e+05
2.024427742061064346e+06
6.218363504526454490e+05
1.276410266078169516e+05
7.291110050909674028e+05
3.021932451310118777e+05
6.237560218432454858e+05
1.761191448749363481e+05
2.752181908005690784e+05
1.311711868637964362e+05
3.350175929480517516e+05
7.057000084464528481e+04
8.233316456283025909e+05
1.513126388520507317e+05
2.646242055800340604e+05
9.342916411471156171e+05
4.240897537077488960e+05
8.360153992800158449e+05
7.485161978000799427e+05
1.239240074534732266e+05
1.600537517232567305e+06
2.679648752871679244e+04
3.657449613143713796e+05
7.050756213235717732e+05
6.514480563291581348e+04
3.164291729300593492e+06
8.511032534915065626e+05
4.334849045573291951e+05
6.234504017588440183e+04
1.751185492842271633e+05
3.318284187091777567e+06
1.936426026615539158e+05
3.833956656330080586e+05
9.570415370091708610e+04
1.061660335863823566e+05
2.176281592656917637e+05
7.860175804518021178e+05
6.938694040621027816e+05
8.050600230729354371e+04
1.396999316501418361e+05
1.406887575233782118e+05
4.595785407175039290e+05
1.151161354704967380e+05
1.965309802691381992e+04
1.260573306789687136e+06
7.737386594679582864e+06
7.969271907541014953e+05
2.930089376590669854e+05
1.019212320211948710e+06
1.323156768686175928e+05
2.399692616344178969e+05
2.270134922609366185e+05
2.238542400004438241e+05
1.175623657286730740e+05
3.523591345999508630e+05
3.807087351723378524e+05
2.355172907535122940e+05
1.002460566353784088e+05
2.766349273568994249e+05
6.737808698818928096e+05
1.416871780698125018e+06
2.014643045687177218e+05
2.023052746064451640e+05
2.885614166616512812e+05
2.987739390540347085e+05
4.781697253619900439e+05
2.069073918609700922e+05
1.398738272018959688e+05
1.529366332086084003e+05
2.865208869677530602e+05
4.385034751753419987e+05
6.172073462881593878e+04
4.310911509371378634e+04
9.762209015237723361e+04
1.495117235319165280e+06
2.563551919502873789e+05
3.561918373976317234e+05
8.876900832376806648e+04
3.155042448666879791e+05
6.017212922264952795e+04
1.290989724391491181e+05
6.206249953588132048e+05
2.794013327556838049e+05
1.410854560732726168e+04
2.157156883998774283e+05
2.601416139897735266e+05
1.379107062254759949e+05
5.091449140239676926e+05
4.588728288445894141e+05
3.606032090623515978e+04
1.080144338701940607e+06
1.164152852603111824e+05
1.396882386433867039e+06
1.052788773183198937e+05
1.348004848880055360e+06
5.789056520081377821e+05
3.230803803026435780e+05
5.113732701028291136e+06
2.836185214806774820e+04
3.424367921705601620e+05
8.628438568717938324e+04
2.076327047336618125e+05
2.452380337041947059e+05
2.755762982074952743e+04
1.019639137178720412e+05
5.409635089302871376e+06
3.141446355808721390e+06
1.931005044869344274e+05
5.147287797748600715e+05
1.806330666959531081e+05
5.646875314683362376e+05
1.195133160808488028e+06
1.156016179089406272e+06
1.931115963082972681e+06
2.056825793866271561e+05
1.204655764296458074e+03
5.811492444990761578e+05
7.116975531084822724e+05
2.935099235762798926e+05
1.207205606132652974e+04
1.340591481572207762e+06
8.948988927271756111e+05
1.564673581159422174e+06
2.473643266974214057e+05
7.284532885118802078e+05
7.841927846412437502e+05
4.030774823297942930e+04
3.035098865071539185e+05
8.361603475203539710e+05
2.618921573970839381e+05
1.193451644856372150e+05
2.881837776980614290e+05
2.329858706474757753e+06
1.462748097401174309e+05
3.599403125954639982e+05
1.359051333780639688e+05
1.364284507953465451e+06
1.481437150978716090e+05
6.940860246913336450e+05
2.168683189849831979e+05
1.261714697525320662e+05
1.416455130253252282e+05
1.727576777187542466e+05
3.823486419678286893e+03
2.130659255452238431e+05
2.768779026349858614e+05
1.045408624711869052e+06
1.387882906220578298e+05
6.027464543968478683e+05
1.225934700645581586e+06
4.571799000377618941e+05
5.538937726536983391e+05
8.381906453852950362e+05
1.027727844251267670e+05
4.162675728558102273e+05
1.324483682968915440e+06
4.585174330617236556e+05
9.215406020601685159e+05
5.257806172957852250e+05
1.949448934770527194e+04
3.249690483745188103e+05
6.549982786626454617e+04
3.224165166813825490e+05
9.665321950700726302e+04
3.831936022024963167e+05
1.381332503181126667e+05
6.020578878116647247e+05
1.342569175848737941e+05
1.451830295694753993e+06
1.706785958816160448e+06
3.119326473523869645e+05
4.846053641170411138e+05
1.118187970343641937e+05
1.612865473477170744e+05
1.730384707989240123e+05
1.836694354451524559e+05
1.483859274815607932e+05
1.629521567985596776e+05
2.042365080160324578e+05
1.277348834947182564e+06
1.440017972674468474e+05
6.617562545042684360e+04
1.183408753620384377e+05
7.144905822360803140e+05
4.159876431580904318e+04
1.051967504243860953e+06
1.254529444786124397e+06
1.771463788230855716e+05
1.064064002074241638e+06
9.311688157196737302e+04
5.339816390374350885e+04
1.765070105928562116e+05
2.386960886664591089e+05
4.486953023753556190e+05
2.155643359823615290e+06
1.581323829124178970e+06
1.404697235099130485e+05
2.600891964842103480e+05
1.769439338192474679e+05
3.681232423619175679e+05
5.392553765257608611e+05
7.754030030239946209e+05
1.828217858484554454e+05
4.429179342079552007e+05
3.513313401354697999e+05
8.285290319825648330e+05
