2.497608109532248054e+05
1.989714651817603502e+06
5.225114306479392690e+05
4.731147589628748392e+04
3.082088408603654825e+05
5.636408871536996216e+06
2.108106074973236537e+05
6.014423727497125219e+04
9.717930994483182076e+03
1.840917020977674692e+05
7.510286829200426291e+04
2.629175542880382854e+05
8.558781775495822076e+05
3.637716632787772687e+05
2.473735141075857391e+05
2.067183590079748828e+05
1.252096036905128974e+06
1.151129640173095046e+06
3.818110649948583916e+06
1.665016862094132812e+05
6.324633718044827692e+05
9.092832580828922801e+04
9.590769810711592436e+05
9.863347811182490841e+04
2.492081125577722560e+05
1.059803180516011780e+06
6.329441960708930310e+03
2.623222910399741959e+05
2.903714905297774239e+05
6.163380766064421041e+05
1.713546831592747185e+05
7.596353190154336626e+05
4.097495055441457080e+05
4.621882314891502610e+05
5.794201453314222163e+05
1.048146387915759347e+06
5.657669666472434619e+04
5.246085359646033030e+05
1.339228023527000041e+05
8.478729958796387073e+05
1.127467838769644732e+06
2.402435034726333804e+06
3.559913821637754445e+05
7.092326312009619141e+04
1.595009507246332032e+04
6.008810275537149282e+05
3.028573229401308578e+06
4.553632100260730949e+05
1.618175371250835597e+05
1.202817772600941389e+05
4.684000450732588652e+05
4.886692436571296421e+05
3.220060275890310877e+05
3.582672187468700111e+06
6.712308243976153899e+05
1.775489170569401758e+05
2.570618976280438364e+05
1.830325021524498006e+05
1.326400600251142168e+05
3.083606936844544252e+05
1.102129841998492775e+05
9.208577590536000571e+03
8.384719702432275517e+04
4.922399306309191743e+05
1.062167240020260913e+06
9.961573797565408750e+05
1.485306680031928932e+06
1.088279576884514827e+05
2.078171149220488151e+05
1.069816570224996540e+05
2.952253503908572602e+05
4.169738950642120093e+06
1.919343809372356918e+05
5.082958412492208881e+05
1.634320527740203834e+05
1.877602148841966700e+05
3.566386855467550845e+02
2.353524482059011643e+05
7.779976193606569723e+04
4.899316896713018650e+05
2.230384968975278025e+05
2.349577605499914847e+06
8.130780245407609036e+05
3.742846026043819147e+05
1.436423199285117676e+06
4.895048450352321379e+06
7.683421654813810019e+05
8.717359522436964326e+05
1.091583053688141517e+06
2.211381435568005254e+05
6.369399672159770271e+05
1.854226194343579700e+05
1.391626925139003433e+05
1.833729842446882511e+06
2.916176242716872948e+05
1.275083581346455903e+05
3.174857723496297840e+05
3.421157269773306325e+05
1.646083110965277301e+05
1.330946474878242880e+05
4.505524542575942469e+05
7.520284873155446257e+04
4.183317389077837579e+05
1.729706449976545060e+06
2.523773168385061726e+05
3.493398642110281624e+06
1.671104910446128342e+05
4.787450497001294862e+05
2.043331977674391528e+05
1.971499057987794731e+04
1.348081243613101542e+05
3.278794545503865229e+05
5.020736757704993943e+04
5.097208051497438282e+04
1.383048338884791592e+05
2.149746019241287431e+05
4.597202624505332671e+06
7.319135523256571032e+05
4.052554688645437127e+05
4.662386601792511647e+05
3.779733823721642257e+05
1.903016679672365717e+05
1.291903184573525941e+05
8.442499885003734380e+05
1.379149935566455242e+05
4.052175181629352737e+05
1.155071515124837635e+06
6.581484203770416207e+04
8.236917953192826826e+05
1.137974974834398367e+06
1.398461457513882080e+06
3.717295810720699956e+04
3.208974095085818553e+05
5.529890740929479944e+05
2.450073609371622442e+05
4.662679006770723499e+05
4.773183628898849129e+05
1.995990657689943328e+05
2.527778107586983824e+05
1.134229798534811853e+05
2.897576335418503149e+05
1.761011647276441508e+05
3.141663930082304869e+05
6.914772255773122015e+04
4.935593497754355194e+05
3.195804731393523980e+05
4.351577596489990538e+04
9.972119991701917024e+05
6.093085824511153623e+05
6.497479577219181228e+05
2.877202739298702218e+05
2.533347295473949343e+05
6.989942631686236709e+05
1.252442397211167263e+05
2.900188939878803212e+05
4.806231803394394228e+05
1.631059255605058279e+05
1.947335145040949574e+06
4.198112875116467330e+04
4.945964283233403694e+05
1.462714920789214317e+06
9.644669216866694624e+05
7.156926126564231701e+06
1.174090846355958201e+05
2.006219789146332536e+06
2.340349039729851356e+05
6.391461451058734674e+05
2.337143153008640802e+05
8.325394729971399065e+05
1.358419650242958160e+05
2.276330626508940768e+05
4.228872730849572690e+05
1.500403003983330564e+05
8.600115993930294644e+05
3.439435033186018700e+05
2.019668124658043263e+06
3.761825186501551070e+05
4.082259329765492294e+04
4.230138824585546390e+05
7.996355606458975235e+05
2.167022963743445580e+05
1.934504693455607630e+05
7.309736882218422834e+05
2.417523577611910179e+06
3.544622545261550840e+04
1.855329123845965078e+05
3.719281254739615833e+05
2.730661648048827774e+05
7.211310834958405467e+05
3.567356095031081932e+05
1.992466613488306757e+05
1.220838835573354037e+06
3.431522041569622816e+05
2.354069120178399608e+05
1.406465647554010211e+05
1.649055981511277496e+05
1.562987867839136859e+06
1.673627605670297286e+06
4.918397042132166098e+04
2.067204855903636781e+05
5.454836717413314618e+05
9.182886057136690943e+04
8.815838635131831688e+04
1.380522371895975375e+05
2.137531468165183440e+06
2.089120706015396572e+05
2.842742263155513210e+05
1.434221131669066672e+05
3.959929239330863347e+05
1.975287291793694312e+05
2.081588174565110239e+05
5.353910788602785906e+05
1.514829548362076457e+05
4.693518138797740103e+05
2.624248387898900546e+05
1.988932073323297955e+05
8.049600131009061588e+05
1.884632309516283858e+05
1.201228310555779899e+04
1.250268608495345106e+05
7.920347750957622193e+05
4.263112408138889004e+05
6.477920330156512791e+05
1.539068595049631258e+05
4.395622494047490763e+05
5.763963200503154658e+05
7.726855153581984341e+05
1.549559021454277390e+05
1.179711031021959498e+05
1.138056617262125365e+05
1.441015012156999728e+05
1.752511142439902178e+05
6.803759738052402390e+05
1.000945577800628380e+05
7.032422959057069384e+05
4.598611887212519650e+05
1.895965617290995724e+05
1.866738479331570561e+05
4.543127530165330390e+05
2.312946950937470829e+05
8.562725411186499987e+05
1.349376607429729120e+04
5.606150299365351675e+05
8.175078227658830583e+05
2.038317879305781971e+05
2.271211720840779890e+05
4.065058288228599849e+04
3.660434778328195680e+05
5.420895904372983205e+04
1.566190807405578671e+05
3.047253158656102605e+05
1.435903809956022538e+06
9.258185479831814300e+05
1.699525896516455105e+05
3.555012921130067552e+05
2.156452800759727135e+06
1.445307332437571022e+05
3.255278788804059150e+05
1.301203796088483359e+05
6.879943459202585509e+05
3.328212268640263937e+06
3.674311742465596035e+04
3.166728845675855155e+03
6.210662300682764908e+04
3.208131055173132336e+05
1.489143822300061875e+05
4.395467096320194541e+05
2.502898280870435410e+05
1.307171103236610652e+05
3.016389261808742885e+05
1.514134654052576981e+06
3.723278338871145970e+05
4.196680688267527730e+05
1.566448880746421637e+05
3.978658385753893526e+05
4.588097706269106129e+05
6.659705018058399437e+05
2.395612945962501399e+05
8.578522097862506052e+05
4.932701750579451327e+05
5.322039765628121095e+05
1.363242204680959694e+06
9.526497146482158860e+04
2.938349008358761785e+05
3.144759987520897266e+04
1.273574521809369908e+05
3.091097740309900255e+05
2.143190530445403419e+05
7.154307858609356917e+05
3.457171344797617057e+05
3.320250931545849307e+05
9.156231768309691688e+05
6.134967598270750605e+05
5.941286876094549662e+05
1.387544480616233777e+05
8.089332287112302147e+05
5.962886145076718094e+04
1.299521952672406915e+05
1.739196328116235964e+05
2.475322968055148958e+05
4.306519006719018216e+05
9.708590343932704127e+04
7.352211607183911838e+05
2.072434954490567907e+05
3.451806834486121079e+05
7.598178672359799966e+05
1.683829978538060677e+05
2.445801631168683525e+05
4.882869801808657357e+05
5.052425072119315882e+04
2.635009306381210685e+06
1.663815039274867158e+05
3.451037259707097546e+05
3.776993846308578504e+05
5.721540386270037852e+05
4.967766800325202057e+05
1.668546147563765408e+05
3.666594399492880329e+05
1.002842829670565843e+05
2.354436374657368578e+05
4.281551157119206619e+04
1.436986713384907227e+06
2.476039649080117699e+06
4.832748303664389532e+05
5.538929987699349876e+05
1.800103471764760616e+05
4.389258578365519643e+05
2.467887308669052145e+05
8.280321703003623988e+05
1.939561936295186024e+04
2.362055534051342111e+05
3.106620612820468377e+05
1.993338305464640143e+05
4.533679811272611842e+05
5.561551449675444019e+04
1.195841294661463035e+05
7.260356066923850449e+03
4.299275997616699315e+05
1.701925720357996761e+05
1.734991316191812512e+05
8.478979259462311165e+04
1.010503105767623347e+05
3.004152727489194949e+05
3.191894546017999528e+05
1.702501471544920350e+05
1.175321824119027442e+05
2.200439521726819687e+06
6.146129762424769579e+05
4.938366411184922326e+05
2.213851614684166387e+06
8.656090037287760060e+04
1.158127038192342734e+06
3.507795574706116458e+05
1.936850361706974218e+06
4.840315144408899941e+05
1.438701170223602385e+05
2.856076544887393247e+05
1.037795547794007347e+06
6.718097800156775338e+04
1.684548425627334382e+03
6.145438543347534724e+05
1.453926667374638491e+05
2.934396753947121324e+05
1.633324325482808345e+05
2.528397129530140082e+05
5.374861550136699952e+04
9.786761979315546341e+04
4.762190840360902366e+05
1.334203509104754194e+05
4.260612508037381922e+05
2.131507035501222708e+05
4.026052167813328560e+05
4.611463122975846636e+05
1.052060088417161314e+05
4.470473401212457102e+05
4.361970361887332547e+04
2.440251557443393685e+05
4.510657074817977991e+04
2.893250033947584961e+04
1.262526686861671275e+06
4.248043927086758777e+05
5.648211530239764834e+05
1.418927072921614628e+06
1.944462361904451391e+05
2.266815882939548464e+05
3.551442752572631580e+05
1.987618995949257805e+05
2.489831393405795679e+05
4.966197703767132480e+05
9.332640208556635480e+04
8.533309489271136699e+05
1.922078103295856272e+05
1.720186295281422208e+05
3.009478528410838917e+05
3.381428221894456074e+05
4.212502083035599935e+04
3.922174863191713812e+05
3.237484441236861516e+06
7.780208497872303706e+05
5.201488242388824438e+04
1.010523980207483110e+05
1.111717979745521909e+06
2.822566947023428511e+05
9.291639324436372845e+05
4.733592264681906090e+04
3.379349414734962047e+05
3.076788319149210001e+05
2.641064937468953431e+05
2.567550410541984893e+05
4.589320257536304416e+05
1.330244104718833114e+05
3.833526524573814095e+04
6.990948812529593706e+05
2.968017688513803878e+05
2.281544367655922251e+05
2.774572281613411906e+04
5.751922601894294348e+04
4.041374639627720171e+04
6.560363718737399904e+05
2.332889078658716171e+05
2.552799593433671107e+05
2.566620194821575424e+05
2.057824822480796502e+04
5.015744588115951046e+05
4.601208928465284989e+05
1.650069451386281289e+05
2.773037899557851488e+05
2.199525968947437941e+05
3.553583149025853490e+05
4.324759111602206831e+05
5.091869231632236624e+05
2.217220629191985063e+05
4.940195107156991144e+05
2.027553311398797377e+05
5.987913298529005842e+05
1.121320905921979720e+05
6.544094365310138091e+05
1.236365893998380983e+06
4.408736045542364591e+05
5.861205455159352859e+05
1.114148155717253103e+05
6.240588907485943491e+04
1.266936665701657534e+06
1.505243536043103319e+06
1.237887210755047272e+05
4.084834036808325909e+05
1.278153486576992000e+05
7.161299556013528490e+05
9.673138024699749658e+05
2.161345556950959377e+06
1.120936571545640239e+06
2.237339236831087153e+06
2.040175439974146720e+05
4.271842255131594837e+06
2.188632570532938698e+05
2.803010394755937159e+05
1.932861110568751974e+04
2.846620089026508504e+05
8.576048048196992604e+05
3.441517363957245834e+04
3.975947835408353130e+05
2.635904306744502974e+05
2.198235492499409884e+05
4.053699969666431425e+05
5.325483274105352029e+04
1.836630837946867105e+05
8.246987071637967601e+05
1.804532878119221132e+05
5.117338677000925964e+04
3.903666290858414141e+05
2.420893240544991204e+04
1.418984983490423474e+05
2.499963903830087744e+06
1.722724504159526550e+05
2.359998477847058093e+05
1.746466492615472234e+05
8.786245581245786161e+04
3.202930668459982844e+05
6.168911427470127819e+05
2.840669158548998530e+05
2.373360409343356732e+05
1.580309603392113349e+05
4.152166152637482155e+05
2.500931263853303681e+05
1.480308826644265209e+05
2.836694838293096982e+05
1.392775073955650441e+05
8.309332546174601885e+04
4.894380684773528483e+05
9.306194445495598484e+05
1.855037556695620151e+04
1.328118082978359016e+05
8.927011175811814610e+04
6.086884999254890718e+05
1.545599385961315129e+05
2.400729206166318618e+05
4.493600490126369987e+05
1.856584951889838791e+06
2.052199428717539122e+05
6.872159073546794243e+05
1.893807066349562083e+05
3.629321101448289119e+05
7.194845733535499312e+06
8.887782649174955441e+05
1.505827521451354260e+05
7.014856375303863024e+04
9.161095357032114407e+05
1.095934739707238914e+05
1.191473602645348146e+05
1.774023922338149277e+05
4.379248618287274730e+05
2.160758777792360168e+06
1.164626233805195894e+06
6.271438778237002407e+04
6.581813270054291934e+05
3.245581565047846525e+05
1.570511576183338730e+04
1.013083523178923642e+06
5.758453717013256392e+05
2.765024362953634045e+04
6.391686499058571826e+03
8.544873181054078741e+05
1.501295943583678221e+06
1.705371025905462375e+04
3.399826620105848269e+04
6.029310822800055612e+05
1.902056209983114240e+04
3.309521398186037550e+05
2.066068953941007494e+05
1.604570603398523526e+05
3.164559906831211410e+05
1.975670547796850151e+05
4.245453288524338277e+05
4.999502546012692037e+05
8.470925149400111986e+05
2.009858036403620150e+06
2.388895331630064757e+05
1.546405725724541408e+05
1.053497338521143654e+06
6.690618964505536132e+04
4.906385869044241845e+05
2.234398475675466761e+04
8.434380580355117854e+04
3.336815825706273317e+05
1.205378939164006006e+05
4.025400178978870972e+05
1.273515226704504312e+04
7.439803509582369588e+05
2.966844520504712709e+05
7.764720939829901909e+04
6.275374181425627467e+04
1.335812819981143693e+05
8.006182677449820330e+05
6.937401561056313803e+05
9.385890346104913624e+04
9.883317061256211309e+04
3.314197147860099794e+05
7.335746338684580987e+05
7.729854840068626218e+05
4.024416735689487541e+04
3.405456771284131682e+05
3.775348080709460191e+05
5.414429168468388962e+05
2.124939971791477001e+05
9.049262676352148992e+04
3.264808893314694287e+05
6.629937480877485359e+04
8.281636721886078885e+04
2.762402005494125769e+05
7.308521164239535574e+05
1.941359233421087556e+05
1.552337574022631394e+06
7.997510670048159081e+05
2.979383327921879827e+05
3.397608501892765053e+05
7.742774364741594763e+04
4.066296022947289021e+04
1.765926151292982395e+05
1.281582218791088788e+06
7.823437142495744629e+05
4.938840457440453465e+05
9.001850551412356435e+04
7.911788509551489260e+05
1.149062036049250280e+06
6.172092699059055885e+05
3.973755696757137193e+05
2.324792330374936573e+06
5.084119776885518222e+05
1.543218767212951207e+05
7.583087601076532155e+05
4.668277025000682333e+05
1.125100610357593978e+06
2.839304074839423993e+04
5.412195836711635347e+05
1.934161052188547328e+05
6.464536063155201264e+05
5.007831216193940782e+04
1.375305306730543089e+05
1.053256634932224872e+06
1.002448856860191590e+05
4.273887326170952292e+05
5.322425204882380785e+04
1.957911410104011011e+05
2.441685772263942636e+05
3.369911043838475598e+04
5.442792867055931129e+05
7.879490520980767906e+04
9.558269243970754906e+04
2.150702121988720901e+05
4.635084304077998735e+06
9.778751953698460420e+04
1.679237691270810610e+05
6.807254911465294426e+05
7.069097103904811956e+04
4.445318704990150291e+05
2.801779132799404324e+05
1.140510991510313761e+05
3.061761881413374795e+05
1.010657933858486707e+06
2.334475218257210508e+05
6.493405325557029573e+05
1.269439524676678004e+06
1.694738142346172826e+05
5.334663269109466346e+05
1.994096831839570310e+06
1.269599169227767969e+06
1.061386661986358697e+06
1.777686683928749990e+05
3.779492633405881352e+05
2.050801835227608390e+05
1.236721530983050121e+06
4.045926687983178417e+05
4.250102953091973905e+05
1.831359632011274152e+04
9.070516020350939652e+04
5.813752054253876122e+04
6.011595780435559573e+05
1.608881900572411541e+05
8.224503213629501988e+04
3.141323106784912525e+05
5.896637993126830552e+05
1.532027285489257425e+06
1.841238676883543958e+05
7.559390291356329108e+05
9.858766076814795088e+04
2.829220946207718225e+05
1.754784418293403927e+06
3.033674886999493465e+06
4.796672920733302017e+05
2.733475859419993940e+05
1.857927009383702898e+04
7.245963057113549439e+04
5.547554449171849992e+05
1.122490576225009718e+05
1.367048035656762077e+05
1.519962553541241214e+05
9.590301717944092816e+05
4.686890640882644220e+05
5.260943980923606432e+04
1.547334349184159073e+05
1.915930329737813445e+05
4.009755627989435743e+04
1.074995857229574540e+04
8.902638509453973966e+05
1.821885543575737625e+06
2.879614536550550838e+05
6.058320412572580390e+05
4.828600232481032726e+05
5.440261363497490529e+05
7.657330882875792449e+05
4.643427525163341779e+05
2.497735202305386774e+05
1.146546900984457228e+06
4.503461004484441364e+05
6.930743173876031069e+05
3.938040527843972086e+04
4.964991645823937142e+05
1.023864268474677927e+06
3.963239304973835242e+05
6.063358837616769597e+05
4.953551044261993957e+05
2.246482913581162575e+05
3.034941792294345214e+05
7.140235227515890729e+05
1.641551590516256401e+05
1.455008100412841421e+06
2.039235468316767830e+06
2.819410558891099063e+05
5.132978938826619997e+05
2.834939390246249735e+06
1.895091681956724206e+05
1.593377403582528234e+06
3.320767102773828810e+04
4.749240521432067617e+05
1.258175922562306223e+05
3.990865957995573408e+05
5.291275568913620664e+05
1.999882617215787468e+05
2.056035861298659118e+06
3.298193446234097355e+05
4.772629292740539531e+05
1.303461567424242239e+05
4.753447258380861604e+05
8.556835218456418079e+04
7.458764097907827236e+05
2.996211168490026612e+05
2.084777769852294878e+05
2.252845282573861768e+05
8.038455512153515592e+05
8.316524611450295197e+04
1.652318700055034424e+05
1.205044270608893748e+04
5.694266633939532330e+05
6.824640089358643163e+05
7.200611972132108349e+04
6.154054273791038431e+05
1.451965155142227595e+05
1.195866512944428017e+06
3.152571015491160215e+05
1.662922869961152319e+05
5.711644237022041343e+05
9.246694421283247357e+04
7.290529410712369718e+05
3.116321514355199761e+05
7.172033845602557994e+04
6.601942277953162557e+05
5.321023609775081277e+05
4.876232322368441964e+04
1.394023987904005917e+05
2.778656122918339097e+05
1.952002740404996075e+04
3.702691134351901710e+05
8.110889803148740612e+04
9.707414380010524765e+05
1.450161740806882735e+05
1.449699491252057021e+06
1.102479779603789328e+06
5.759378056784896180e+05
2.844331756813332322e+05
4.019738942236769362e+05
4.359905686210851418e+05
2.847263157947328873e+05
2.240313233777046844e+05
4.453193425050130463e+05
7.757956801126776554e+04
2.695967014305944904e+05
1.187804591963617830e+06
4.216325819223316648e+04
2.311851903950027772e+05
1.189009898519309238e+06
3.116069912087602424e+05
8.907000475710988976e+05
6.238172028502837056e+05
1.152177832090150332e+05
4.032577547002731444e+04
7.480798187698738184e+05
3.421485269294441678e+05
1.083007846634787566e+05
1.724818849964825204e+05
1.936471204562851926e+05
1.570137380005555169e+05
1.983462487469974803e+04
5.174021255838848883e+05
1.086012996351535432e+06
9.131098336157613667e+05
4.620686466902770917e+05
3.324164018348170794e+05
3.361101768905991921e+05
3.122430524557700846e+05
2.594274244581294712e+06
1.719559143419812201e+06
1.968733864345042675e+05
1.451474378948366211e+05
1.903680187266144494e+05
2.608428646456016228e+06
2.365284391952587466e+05
5.162492798394548008e+05
5.547263702969066799e+03
4.677335891264877864e+04
2.317519330936695333e+05
2.260728477414386347e+06
4.706240220650018455e+04
2.143828437235558871e+06
4.318457658091345220e+05
8.784095302270737011e+05
2.303077011165508593e+05
4.613545250218354049e+05
1.244915344419979025e+06
4.444027876061612042e+05
2.437399422636824602e+05
1.421389635478672571e+05
8.924311195344974985e+05
1.793631334784604551e+05
4.503040680361814884e+04
2.236874609479152132e+05
2.722255618816105416e+05
4.753536452292562462e+05
1.694720878696261789e+05
2.032871440723141422e+05
3.544004145967681892e+06
1.640767316245522816e+05
4.328616305145999650e+05
5.354724763805698603e+05
3.606526802199411904e+05
5.290871776452024933e+05
3.264023152445410960e+05
3.324424448706923285e+05
3.064665082357922103e+06
2.872623423436598387e+05
1.329549713095400657e+05
1.097385759984586155e+06
4.073420954491839511e+05
6.503020433366682119e+04
3.123420982780362829e+04
1.947721081560507082e+04
3.945924534240674111e+05
1.223952519997097086e+06
2.520358519493782078e+05
1.010915481373216142e+06
1.281935242427437770e+05
3.192445536569608157e+04
1.245191402383850073e+05
5.790638028396266745e+05
4.590286234035284258e+06
4.094856020081876777e+06
2.269328234466550930e+05
1.051904924593468430e+06
4.943904042308891658e+05
3.344407026544513064e+05
9.158030963611860352e+04
1.603017990173156431e+05
6.231111349735677941e+05
1.615461007555060787e+05
7.067609125565190334e+05
2.190183810422623064e+05
1.955551781893011066e+05
5.993019686478646690e+03
7.581597860456618946e+04
1.108392373982814373e+06
1.117077583856937476e+06
1.410580198528754045e+04
2.355980217018628609e+05
1.061734861047162907e+06
2.850892565961169748e+04
1.189800669151262613e+06
6.685882436153769959e+05
1.842455069018880313e+05
2.972979737598358770e+04
7.301835395445737231e+04
7.126104869991037995e+05
7.559917012445077125e+04
1.072369172088801861e+06
9.461984029982011998e+04
8.036800147014280083e+04
8.918828195641585626e+05
3.831804910424429690e+05
8.612900404422533466e+05
2.341556961672079924e+05
1.757582385681205778e+05
7.122539826776278205e+05
8.192331408894034103e+05
2.917556677701940062e+05
8.320391935746475065e+04
2.807573832461788785e+06
1.876475758381354390e+05
2.027404150296665961e+06
1.387659209694557125e+06
3.705181793526689289e+05
1.586589753133863560e+05
9.877276109467817878e+04
2.127927739767755847e+06
1.211044268259086646e+06
7.829827351774867857e+05
7.041324765143281547e+04
7.195846521876906627e+04
2.785143452576071722e+05
2.183394240486503986e+05
1.100172870942799200e+05
5.643258140015145764e+05
9.921368101501002093e+04
1.946406389568056329e+05
5.113335251424770104e+05
2.368200712493512547e+05
1.034299230896080117e+05
5.660003229865552858e+05
1.346696149013000249e+05
3.004165972302902956e+06
1.722922535270832945e+06
1.591852025917503983e+06
5.652867947606296511e+05
1.777448603966248455e+06
3.925512023774463451e+05
6.591445445659465622e+04
7.246500480533723021e+04
1.421599204228683811e+04
4.255582084456249722e+05
2.818774787087133154e+05
3.890506222310428857e+05
1.090365818057371303e+06
2.471610886598347279e+05
2.811900566134557594e+05
1.380222141192863346e+05
7.564060253407874370e+03
2.779290282141882344e+05
1.365564581402170705e+06
9.879941827803257620e+05
4.628995587408553693e+05
8.854607159099137643e+05
2.103468327913985122e+05
1.423370555631195930e+04
2.192540413242364593e+05
5.647712185447619995e+05
6.256548997093988582e+05
5.813257427400408778e+05
1.298400261778678279e+06
1.966262102577602200e+05
4.114863377594244084e+05
2.401025281814575195e+06
5.536924206788929878e+05
4.698701237237002351e+05
8.412039349695804049e+03
6.299028130653258268e+04
4.820231519957548939e+06
1.123209683531704592e+06
1.332811328210321881e+04
4.505610240066630649e+05
1.646146290286596341e+05
1.732078437966191559e+05
8.169327871337638935e+05
8.923253742043179227e+04
7.277417858096977579e+04
4.463210453949177754e+05
4.842855324559081928e+05
6.086296217761463777e+04
5.550831771616185142e+04
2.117694388476095919e+05
1.767214154102153843e+05
2.363489931636758556e+05
2.404056936075607955e+05
2.676233480234338276e+04
3.380345183596560382e+05
5.117994156385427923e+05
3.886428030311060720e+05
1.976095818067966029e+05
2.042429194964356138e+05
4.782229800795980264e+05
4.123753966695817071e+05
1.889022070044549881e+06
9.824274231377424439e+04
2.005068793597228825e+06
1.788274156943017151e+05
1.051285693528317497e+05
5.120446957728509733e+04
5.555217821788463043e+05
1.381357274333748734e+06
4.287698229484889889e+05
3.226914908460502629e+05
7.532173847443991690e+04
9.605111813049530610e+04
1.605293138378073636e+05
6.758581733445427381e+05
2.239567137069767050e+05
6.912883652632250451e+05
2.211922915469301515e+05
4.305202538884778915e+04
3.836963256874056999e+06
4.202912888469024329e+05
1.237557054385597730e+05
1.066568483728414431e+05
1.273338490613881499e+06
1.598948487322099507e+06
1.510119525948249269e+06
4.838275844236264820e+05
1.098284258642362896e+06
6.416873494379090844e+05
8.388691064655317459e+05
2.269164215342165437e+06
2.842344259689429891e+05
7.380494184571426013e+04
4.788496240682658390e+05
6.614372722089882009e+05
2.839672704709205427e+05
1.378293947154732887e+06
4.675199673624849529e+05
3.506202811730422545e+05
4.316400964875062928e+05
1.826301879254397936e+05
1.956587504778061120e+05
6.051056536405808583e+04
1.019437165062999520e+04
4.500377268431006232e+05
1.940438613694550440e+04
9.747576395126240095e+04
1.129324578908286057e+05
1.526008973146811768e+05
2.778951253799955593e+05
3.919289559853170795e+04
5.113322932269518060e+04
2.638200263070339337e+06
5.565067305959631922e+05
4.348392046748862602e+06
1.428981991314200277e+05
2.998982206854698234e+04
1.986696196647583929e+04
3.065523328298240085e+05
3.644650953877305146e+05
1.141079884062070400e+06
5.547872379012216697e+04
6.347789669828787737e+04
3.952744700285442523e+05
8.944594657662290847e+05
1.495612607540349010e+06
2.694866720699212747e+05
1.047640969344864716e+06
1.591776246977538103e+05
2.616536094472671903e+04
4.060234132805548725e+05
5.739030318381430116e+05
4.298165950193539029e+05
2.261686480685449787e+05
2.376869633636802901e+05
5.318510155096618109e+04
3.371514177810564288e+05
1.646834465353324194e+05
5.878232733963982901e+04
7.544491455025083851e+05
2.064920428501743590e+05
1.077908916251473362e+06
8.219129719360184390e+05
6.827349386549654882e+05
4.693569596600354998e+05
1.934372404057750537e+05
1.018777307152371359e+05
3.089455781729276758e+06
6.015545822875321610e+05
9.885706289179008454e+05
6.124863751532644965e+05
8.442406456116331974e+05
3.436534994043849292e+05
1.146268463573295012e+05
3.018584857569810119e+05
1.421266527904609975e+05
1.295242118707141926e+05
1.349026333176576300e+05
1.637210821648067795e+06
3.459678509162220871e+05
4.566017893378664303e+04
9.260067546037794091e+04
1.950255320994087087e+05
1.491756105909354519e+06
2.510605411953571311e+05
3.268791629178786388e+04
4.540405764852175489e+05
1.449980396558914334e+06
2.224571208892049035e+05
3.127838354367331136e+06
2.997288868559540249e+06
1.008001715715187020e+06
1.516707735010031902e+05
2.043381956453703242e+04
4.336524646418626653e+05
4.285492190925224684e+06
5.820497306538616540e+05
2.342300656412323005e+05
7.608883783308528655e+04
6.564023371389720705e+04
6.472950077925618098e+04
1.531520615436564258e+05
4.067514849154278636e+04
3.574576242551436881e+05
5.939788410709280521e+06
1.326237517057292862e+05
1.472150715891392319e+05
1.170897513419937575e+06
2.696333525195801049e+05
2.291809435552426148e+05
4.123112428195065586e+05
1.156930243068109266e+05
4.874210473473855382e+04
2.127468169908444179e+04
6.952108305219803005e+05
6.634477785961511545e+05
8.555605977458553389e+05
1.641767869982663251e+05
2.178527990604958963e+06
1.107160020227354718e+06
2.397913556196886639e+05
3.097373978159524268e+05
3.108287702518931474e+05
3.738235618635624414e+05
1.797661685559868347e+05
1.495267314283387735e+06
1.421569182405199899e+04
2.553871293861030426e+05
2.943233795351018780e+05
3.983358364671866293e+05
1.193716408721979009e+06
2.436075003180032654e+05
2.906492869839537889e+05
4.566326835872618831e+05
1.832999432809623977e+04
1.789312538097592187e+05
1.197073600073731359e+05
5.107321919756102725e+05
7.630012447063704894e+04
2.032696046721705643e+05
2.748959786472355481e+05
2.854906476253085420e+05
4.539291302847116021e+05
1.190833279659749940e+06
1.073388862831197184e+05
5.850922910404838622e+06
1.739025106246756623e+06
1.489950061999928148e+05
2.770159387674115133e+05
1.442304488455586368e+06
1.110756045250393450e+06
3.102506074370851275e+05
1.465691351936642313e+05
8.911878102816169849e+05
2.590117490280945320e+06
3.581138332548417966e+05
7.373920447900760919e+05
9.598288353257876588e+04
5.316398105401011417e+05
1.873829830898638174e+05
1.034780753802800027e+05
1.451120373477041430e+05
1.331792928068834299e+05
3.147468675227762433e+05
8.637434032416531118e+05
3.049687978551683773e+04
5.969067991225426085e+06
3.361087391049322905e+05
1.387096333025668282e+06
2.464919721745691495e+05
6.493588404313335195e+05
5.961358967635320732e+05
4.135762612370864954e+06
1.632924262562108343e+05
8.479362567013442458e+04
1.477079847398300888e+06
6.483879720101400017e+04
5.020734683895565686e+05
3.587278316871972056e+05
2.487018696430510900e+05
3.047006503220806480e+05
1.490260053920145438e+05
5.292750247694245772e+05
3.543148261010706192e+05
1.364222077098222799e+05
6.017796318713303481e+04
1.665233520543595369e+05
1.765790735554225830e+04
2.878802449951083327e+04
2.812904973351434455e+05
9.459467506648613198e+04
1.935339468823752541e+05
5.756233345052710501e+04
2.037493105636963446e+05
1.678585894698061049e+06
2.962832838516287156e+05
3.482903917104199063e+05
1.043211925637534121e+06
7.609987029478013515e+06
7.065935651460770168e+04
3.076618967056269175e+05
7.155640787870560307e+05
4.958424694408241776e+05
6.480211115208115662e+05
1.019711894081369392e+06
4.419820335953648319e+05
1.519645863872375048e+05
1.682496760009314457e+05
2.344872452376207730e+04
3.480445509058114258e+05
3.293633637487720698e+05
2.271267481456517708e+06
6.157602013684255071e+05
1.297590105171405012e+05
5.130090633147374028e+05
6.314530153707066784e+05
3.229148921010817867e+04
2.449965015047374647e+06
8.298078352099828189e+05
3.987073608236539294e+05
6.905640076218726790e+03
6.325351891859916504e+05
2.819830323456526967e+05
1.650434518031404587e+06
2.510699292973203119e+05
3.275835155552593060e+05
3.066184157811761834e+05
6.199728843983860133e+04
2.047404054437843442e+05
7.213006029360119719e+05
3.711377326608332223e+05
1.207414999327284051e+06
1.056884872450002935e+06
1.821083090471606411e+05
2.244320498356054071e+06
1.309337463881028671e+05
1.605349259499337350e+05
5.618921394342166604e+05
2.885876053905756562e+05
8.958418619317682169e+04
5.177996783074258565e+04
1.710320181805011453e+04
5.289841649105668330e+04
4.252962264272485627e+05
2.401469404446060653e+05
6.291551675185342901e+04
1.491611729619087128e+05
5.548544066653116606e+05
5.816966162027397513e+04
1.325149096131046826e+05
2.345233871594670054e+05
1.817169561002692499e+05
7.736567729483471485e+05
9.820744261272957374e+04
4.196458441521745408e+04
2.536062503101293405e+05
3.668065479516993510e+05
5.503296237586766074e+04
1.798046973065648461e+06
2.497446237454278162e+05
9.005003098231443437e+04
2.835700207062599948e+05
5.910888377124848776e+05
1.167176501980891953e+04
8.224352777571714250e+04
3.641356892423621612e+05
2.872646410208443995e+05
5.160913047245240305e+05
6.011372774103969277e+04
3.543668714381729660e+04
6.118528535841909470e+05
9.976417985472392756e+05
6.351345876532770926e+05
1.169269054735772952e+05
6.972916413445275975e+05
3.641883780041878344e+04
3.871931626816939097e+05
3.644192331511552446e+06
5.416660576520002360e+04
4.711592149486397393e+05
2.846464963191486313e+05
9.909958803469894337e+04
3.379790856756909488e+04
2.176859984499846119e+06
1.061533707223223755e+06
2.893293585350316134e+05
9.823282768067212601e+04
3.214237010408084607e+05
5.937034157033910014e+04
3.986373538808374200e+06
1.723883643717249652e+04
6.202611734391280916e+05
2.512666533944487164e+05
5.272006647076163972e+03
1.571888669731727277e+05
4.721850188454545423e+04
2.181858831771705882e+05
1.656181857535915333e+05
5.295041122702747816e+05
1.718588534833563899e+05
6.793003503042204538e+05
5.100044225607598200e+05
3.722918224400474573e+05
2.482971230611876526e+05
8.507179771686968161e+05
1.579310133780881006e+05
1.614635645821372163e+05
4.469310327080741990e+05
1.066880802908836631e+04
2.594312078847787343e+05
1.904459417285417294e+04
2.872490912167726550e+06
4.282275179556010989e+05
1.697188805821886126e+04
2.280193244907344924e+05
1.109047252210485167e+05
3.219948059384715161e+05
6.195782580301388953e+04
7.592699075222935062e+04
1.466821948585802165e+05
4.083978158299564966e+05
4.072055924301951891e+05
9.016032245505307801e+05
3.070453632227176422e+04
2.021705950447209179e+05
4.945549322332862648e+05
2.700382088693430414e+05
1.685312067778284894e+06
8.832969671666157665e+05
2.263254589523846284e+06
1.012974855839488213e+06
2.307811596614022274e+05
5.592772107891968335e+04
3.137696994210216799e+05
1.516153286213255953e+06
6.750075372708265786e+04
2.318861693887291767e+05
3.245450817159593571e+05
1.809594279529067455e+06
2.534378714769334765e+05
2.083983702518325008e+05
7.755988283986713504e+05
9.553480526753346203e+05
3.624269696071767830e+05
3.786998244683801313e+05
2.354416897877543815e+05
3.998367191403075703e+05
1.582062834474110277e+05
4.143535066122570424e+05
6.243627428645691834e+05
9.975710662271128967e+05
4.106988070692050387e+05
2.808511140171823790e+05
2.321029968773689470e+05
6.809768248745690798e+05
3.885843512909392593e+05
7.677185409120855620e+05
9.711565203959635692e+05
2.933865907382811929e+04
8.057340290773272282e+05
8.219136057028400246e+05
1.122836834110908210e+06
7.621248263630573638e+04
1.154691770860715536e+06
1.230179019748499850e+06
1.336504957987226313e+06
5.164587958613497904e+04
2.266677315711172705e+05
8.742031521500892995e+04
1.488866556106442295e+04
1.345241724030218902e+05
1.793877073305805607e+04
2.707203086042503855e+04
4.450073872121227760e+04
1.076623178630518087e+05
8.446860067093979160e+04
5.377247271067582915e+04
2.506350890185652825e+05
7.021615706468219287e+04
1.750265547410398023e+06
2.030871234875042137e+04
1.217233236268107546e+06
2.735684687393691274e+05
3.827678050453794422e+05
8.640333755726596573e+05
6.886068123645274318e+04
3.412589236884124111e+05
4.228724224329990684e+05
3.599133077049181797e+06
6.849125960732803214e+05
1.014095654654072277e+05
6.963797447487872560e+05
6.649893955205479870e+05
2.139973859633924462e+02
4.991412950945110642e+05
2.418596261398010538e+05
7.736016318911662092e+05
1.971952190315381158e+05
6.105184548943283735e+05
8.547415809386591427e+05
5.211125871981032542e+05
2.425719288409451256e+05
1.353395912573818641e+05
7.545774088955123443e+05
9.713606172590094502e+03
2.194643153944373596e+06
7.878951391875274712e+05
1.783605183181194356e+06
8.686220732979664172e+04
3.627385520479221013e+05
6.465612527070664801e+05
3.088484693824098795e+05
4.679768750986133236e+05
7.708531421179403551e+05
2.764551659843117232e+05
2.680832717965414049e+05
8.532781299201314105e+05
5.803468002661658684e+05
8.342919550142862136e+05
4.173775777130862698e+05
7.524254488393975189e+05
1.521834588077860826e+05
3.053972066527999705e+05
3.368976740841291030e+05
3.746054746955772280e+05
7.614755807074047625e+05
6.964415372388210380e+05
4.223292686369071016e+05
4.412269590048763203e+05
1.805432354210203281e+06
7.824771055281509180e+05
2.945641209252109402e+05
2.062538620231754321e+05
1.477741890437719703e+05
1.351774237528339145e+05
5.807414355447468115e+05
1.575239995593236526e+05
2.695848681578632095e+05
8.907277222973753233e+05
1.405732654545173980e+06
6.373018582980780047e+04
6.118989189930745488e+04
2.187853698609793501e+05
7.648660795653556124e+04
2.332390813107271097e+05
7.716964867886087159e+05
1.919241271818619862e+05
2.000800205874532985e+05
7.510482419709605165e+05
6.779757485917244339e+05
1.424046661793788371e+05
5.661327503830072965e+04
7.496570005525697954e+06
6.460108620566771133e+05
5.533390101619180059e+05
7.759474680888230796e+04
6.759325496960885357e+04
5.131197004016276915e+05
1.776162842289264081e+06
6.080480887847535778e+05
3.699004787365627708e+05
1.708169987348261930e+04
2.583122240036722214e+05
3.442589375359731639e+04
1.477564948712765363e+04
8.305020629023909569e+05
2.775552270892817760e+05
1.059133907557100065e+04
6.455529599141010549e+05
2.600132446970973106e+05
1.004382968472713488e+06
1.553051088515088195e+05
3.001041335183853516e+05
6.218199428143743426e+05
1.043203239835529239e+05
4.135810930205320474e+05
3.891956552846783889e+05
9.404665485916408943e+04
2.642038387420132058e+05
1.780640527430709335e+05
4.978511698524229578e+05
9.324421084790828172e+04
2.120386304636592104e+04
2.554112411703116668e+05
2.739658292819344206e+05
2.963961543367472477e+05
2.719456613413207815e+05
8.940971229735708039e+04
8.636065085739801871e+05
1.175383483835815423e+05
2.331529644406131993e+05
2.406981465668689925e+05
2.460584721731444588e+05
9.925887931040179683e+04
2.982107885893142156e+04
7.601847397001656645e+04
2.039019354458310700e+05
3.222487030835040496e+05
1.287968982216066361e+05
2.070534271764279983e+05
5.303765484429274220e+05
1.939435113823564461e+04
1.053106832145108347e+05
1.904417963914842403e+05
4.022279028914836235e+05
1.198727014939945948e+05
2.862240491515801114e+04
5.357334071938702837e+05
2.469863353897558409e+05
3.135639133049320080e+05
2.518115496326627908e+05
1.126991392311796517e+05
2.824826945086520864e+05
2.615599963322027761e+05
3.598481987439027871e+05
1.464723331054208567e+06
1.883997929517350349e+04
2.191662347705171444e+06
5.314216906555402093e+05
8.069302783376500010e+05
4.180918477132089174e+04
2.999838627152398694e+05
1.349624103531981527e+05
1.598685526105664903e+05
4.152039950768870767e+03
5.715673719878608827e+05
3.236736274770134478e+05
5.204724709945919458e+05
3.699862868947617826e+05
1.726061588572908659e+05
3.216952871218981454e+05
7.513709106518233602e+04
3.684056191632830887e+05
5.198724623971867841e+05
2.237748422493185208e+05
1.023549221477250539e+05
1.702377705042023154e+05
2.064577588642242190e+05
4.053852697022948269e+04
2.904521961044133059e+05
1.049163377833364764e+06
2.487594923720540479e+06
1.017558669106072746e+06
4.645963045074669644e+05
2.950225897340966039e+05
3.034366927345699150e+04
1.554117188220748503e+05
7.120604533415457699e+05
1.829833324963345949e+05
1.191731485592075624e+05
3.700117251674107974e+05
3.408984362797730864e+04
8.408009559435724514e+05
1.055307047410293453e+05
1.716085558548991394e+05
4.584341117440285743e+05
2.037118570552473830e+05
8.997861012925617979e+04
7.297849954272236209e+05
3.696333272078947175e+03
3.436995421265723999e+05
3.110864767392744543e+05
1.847193637011455139e+05
4.893916048549682018e+05
6.881729880241978390e+04
6.181564706526688533e+05
9.853422470374696422e+05
6.615635373711454449e+05
2.942072399242566316e+05
8.270464441922478727e+04
6.438209397162299138e+05
1.987712534216458735e+05
3.282751849601774593e+05
1.268030747151578107e+05
3.866321964877362479e+05
2.492791352589277958e+05
2.459909335959053715e+05
6.605524113529410679e+05
6.547540149906660663e+05
7.894078355952647689e+04
4.620928544490117347e+05
3.706127265402294579e+05
7.166229283982309280e+05
3.104315672317327699e+05
2.352142812595021969e+05
2.104442138064757455e+05
2.064488284615896700e+05
1.425402467285823310e+06
3.102263041286265361e+05
1.007370975247171824e+06
1.641992485271620331e+06
1.598570538206129859e+05
2.737033042319946107e+05
1.816745555110223941e+05
1.677469903884672021e+04
2.365639792346270289e+06
3.846061051800262067e+05
6.022784890263268026e+05
1.189445514131525997e+05
8.118600782200068934e+05
3.114426022692571860e+05
4.729743099569721380e+05
1.410817255200322543e+05
7.208570518675884523e+04
2.212737835054574534e+06
1.828663398693937925e+05
7.982930670163180912e+05
2.946870060527204187e+05
1.666772547850452247e+05
2.790598582068312098e+05
2.034508208150723949e+05
1.703975824919752777e+05
4.939161463843464153e+05
1.033444242250938987e+05
2.388584384627327672e+05
3.480402690752741182e+05
2.217697671802981931e+05
1.874080697644478350e+05
1.950345100504134316e+05
2.655683670088795479e+05
3.342819391524481471e+05
6.496062998656721320e+05
2.675582865581842139e+06
3.074468055142082903e+03
7.344132622246792307e+05
6.976484912917879410e+05
7.576150540176143404e+05
1.906878369981546712e+04
6.728835084581275005e+05
4.625950304438499006e+04
3.184085694202423329e+05
9.237216835072465474e+05
2.057857576045223104e+05
6.569085623575391946e+05
1.954650402085067239e+06
2.855869638036261895e+05
2.058779773182380595e+05
6.695527675767559558e+05
6.508140093880885979e+04
3.500326446464630426e+05
6.181713307633777149e+05
3.875535854696989991e+05
4.193797019219438080e+05
8.293057506612213911e+04
7.026389280582384672e+05
1.206163107916317094e+05
2.205210749847718762e+04
2.968170770484111272e+05
1.165866661744153134e+04
2.033405165867048199e+05
2.586202041263279098e+05
5.611319729352983413e+05
3.682555536190183484e+05
6.119743869517095154e+05
2.717100230450135859e+04
1.024928024265058230e+04
2.682467707896485808e+05
6.913338074671608629e+05
2.151429273965440225e+05
1.702624749817048360e+04
8.476594731123404927e+04
2.499968040780502779e+05
7.108687214837997453e+05
4.629785876339153037e+05
5.221935816315689008e+05
8.102020580918706255e+05
3.667363876380201546e+05
2.096977599659370026e+05
7.615466123241091846e+05
2.691044359912574873e+05
1.142828108691616217e+06
8.195284190454528434e+05
5.169015655416729860e+05
4.972561096806480200e+05
3.296238432618294028e+05
3.213517673233472742e+05
2.557293133681605686e+05
1.509667265170941246e+05
6.522640034777590772e+05
2.723176752255549654e+05
1.062331264705083158e+05
7.889144686871439917e+05
2.668328972162678838e+05
3.285816056212441763e+05
1.718422828165927494e+05
8.417486713016648719e+04
1.293323714124436374e+05
2.677042501033942681e+05
3.758246484429822303e+05
6.518765154181520455e+06
1.826178667451860849e+06
5.104314297143750591e+05
1.865958894158803159e+06
1.119119061118957325e+05
9.666447242266831745e+04
3.111203092618571245e+05
7.831087240187042626e+05
2.515938302770635637e+05
1.006866791269106092e+06
5.205322819766676985e+05
5.094349963093738916e+04
3.797463059867587290e+05
1.102083168346694147e+05
4.133918445709950174e+04
3.997416880237946170e+05
2.196923644683255698e+05
1.078067868231121683e+06
6.286543012616860215e+05
1.540329839796717279e+05
2.419048246417605842e+05
9.676936847242898075e+05
1.763362359802197607e+05
2.750540549476227607e+05
7.645862415655118821e+04
3.815183677781464066e+05
2.082406644867131487e+06
5.441040243998612277e+05
1.801926793355295202e+06
6.169406817041569157e+05
4.492671316236783168e+05
2.705755375827286625e+05
9.299542476529161213e+05
8.054125272765915142e+05
1.697152237543841766e+05
1.133977608995518647e+06
1.341349832310799975e+05
2.691492705861502327e+05
2.894458869224418304e+05
1.285638192601665796e+05
3.830894734927703394e+05
2.557317231893684366e+05
3.319568922108257539e+05
6.004747986682727060e+04
5.600294696055793902e+05
1.656165288666518172e+05
4.282485609451145865e+05
1.791205409853815218e+04
2.642121641446389258e+05
3.873467811541052070e+05
4.144909941657106974e+05
1.799249790366925998e+06
3.890584335550191463e+04
1.644421703601217305e+05
8.983128793278040830e+05
5.019985691637654090e+05
7.565079218933200464e+05
7.767841457374991151e+05
8.197896154284209479e+05
3.063372860047246213e+05
6.354794244692466455e+05
1.203977252350324125e+05
3.509979396010419587e+05
6.195338928662050603e+04
1.495511106818808708e+06
5.114927756881017121e+05
1.844969121745469747e+05
7.774756756253354251e+05
2.831812825520129409e+05
6.407968935784415225e+04
1.269754546036103129e+05
3.314185050478648045e+05
8.822970445752554806e+05
5.669965414711516351e+05
1.580669058274220442e+05
1.305502388578851969e+05
5.173802703469541302e+04
1.092980280183089635e+05
3.556882221593529684e+05
4.465095233716770890e+05
1.173754211134734360e+05
8.118009446065363591e+04
1.644305775239476236e+06
1.666984676336524135e+05
1.412323590514553944e+06
2.085566754388012923e+05
7.925844022872105415e+04
1.784928962442399352e+05
8.264138953295048559e+05
7.616000416485211463e+04
7.628790581590922084e+05
1.916484631701276870e+06
1.365999867977017711e+05
1.006967790292405058e+06
5.224853679405868752e+04
4.058124767342121922e+05
2.666086291448942502e+05
6.573852589183622040e+05
9.446276961363575538e+04
6.239637199561346642e+04
4.510052812135085696e+05
1.578031173015568056e+05
3.087079353306147386e+05
2.083157658913049963e+05
7.820796477973969886e+05
9.205809041100267787e+05
1.176290329153994098e+06
2.749311747716975151e+04
2.450279651670633466e+05
1.906623024849684152e+05
1.626363890243107686e+06
1.268179441847365524e+05
5.119078128388493205e+05
4.657735881775608868e+05
3.494575530290214811e+05
5.689286204738982487e+05
2.980876553354221978e+05
5.636816116568199359e+05
6.490999858543900773e+05
5.056342871508237295e+04
6.392231990518465172e+05
8.584681609551029978e+05
1.678329084168922564e+05
6.743427616499050055e+05
2.445333732800444704e+05
1.905095178568553412e+06
1.786256783700219530e+05
1.082023993368129712e+06
9.397793808598091127e+05
3.314067790737068863e+05
6.058758841593827819e+05
5.018667697739189316e+04
1.723309459311376850e+05
9.892456528559867002e+04
5.867888187638294185e+05
1.081142184807608865e+05
1.047704001463002060e+05
8.759620919043934555e+04
7.133422768343146890e+05
2.989175615497065883e+04
1.179845701192668057e+05
2.261429429990254343e+06
6.788876507039068965e+05
1.700241993541212287e+04
6.128679540358069062e+04
5.025338309083713102e+05
1.370062155895978503e+05
7.525839525236451300e+05
7.562959528383585857e+05
7.175274768754506658e+04
7.787157599364652997e+05
5.620438823210820556e+04
6.818814748156486894e+04
1.357308948822231323e+05
3.248582251026266385e+04
6.564511953702999745e+05
1.378844689826696413e+06
2.638804094300580677e+06
2.870928934046892449e+06
1.088556215112787177e+05
1.362876601099745370e+06
1.945472792209197651e+05
1.820705072480402887e+05
2.939373028269428760e+05
9.866876426065689884e+05
1.596019269031569711e+05
2.010188328845548909e+06
2.594002621426161786e+05
2.171692126966005017e+05
2.201975737285869662e+06
4.355364220935426420e+05
1.337552954710908467e+06
2.159678375903452106e+05
5.509696501146424562e+05
3.358939191783691640e+05
1.107670580623645219e+04
3.076286890640297206e+05
5.402086582096060738e+04
3.290457957909930265e+05
7.385853115683350479e+05
5.407769966878200648e+04
2.375362682899039646e+05
5.931475141237003263e+05
3.810771352226434974e+05
7.189579440669951728e+05
2.810739646386707900e+05
3.714983981419140764e+04
1.188963293476455001e+05
1.424087524996597786e+05
1.585539483743599616e+06
7.869639377201937605e+05
7.250604396666666726e+05
3.556442562379183946e+05
2.729228578363306588e+05
1.030601368928186857e+05
2.617761349320626468e+05
4.664244120853615459e+05
1.498959202067837352e+06
3.778950000345260196e+04
1.010334153398151626e+06
8.141805190197810298e+05
1.120151129033787147e+05
6.523559329691868043e+05
1.257167089456567337e+05
1.934890302895250206e+05
1.261183415914500802e+05
2.026471270701770205e+06
8.541578895797103178e+05
3.332750797657789662e+05
3.193585810064217076e+05
2.509449926068131463e+05
9.589717879922033171e+04
6.340325333812799072e+05
3.752887122354634921e+05
1.990788171743312152e+06
1.932971286164591147e+05
4.433608615015985561e+05
4.738090086014347035e+05
7.418126795552963449e+04
9.559838377410289831e+04
4.620547746877629106e+04
8.460197816099124029e+05
3.779923439963970450e+05
2.448563728760934900e+05
6.261660757772619945e+03
1.622216125580134976e+05
1.216548338265316270e+05
9.083071290254128398e+05
1.732060171150537499e+05
7.914301487774034031e+05
8.795611399771716970e+04
5.795755056481591891e+05
2.661979041493588738e+04
2.245551840851051733e+06
7.460877524980886665e+04
6.898625722963890294e+05
3.315880644711869303e+06
7.922498372802960221e+05
1.887825638774344465e+06
1.378725870036815759e+05
1.552158644145637285e+06
1.115099533242045291e+05
1.491898013627321343e+05
8.039255270135065075e+05
3.526079410880086361e+05
3.389887579131348059e+06
2.398809055966540473e+05
1.191427689821964363e+06
1.077261682640184299e+05
4.810380439922183868e+05
2.335557371755922679e+06
1.333878965889329265e+05
9.651892112149033346e+04
1.347147587845371163e+05
6.059477526953925844e+05
2.894220051837149658e+05
1.185864475320655853e+06
3.208922233518222347e+05
1.378722696380103007e+06
9.543937612515872388e+03
1.020932391412847443e+06
7.355894326783835422e+05
2.795993775442037149e+05
1.333400610563109396e+06
7.229312359469068469e+05
8.214626512984379951e+04
4.072339695107669104e+05
2.327143369769161567e+06
2.447781510674292513e+05
6.251093234402608359e+05
1.202892374509590212e+06
6.461872043086654739e+05
6.142912798310095968e+04
7.569255849575991742e+05
1.889727573442406429e+05
2.197223839612500160e+04
4.199860685633841204e+05
1.528675083572235890e+05
5.088159426891281037e+05
1.713896173748831206e+05
8.106891477472822589e+04
2.124949467553693976e+05
4.724645240681861469e+04
2.436197214490819315e+05
1.965567653270820854e+06
6.263023450917439768e+05
2.109233975523190165e+05
2.098775590789075941e+06
1.528980105758609425e+05
2.704812872980409156e+04
1.122884410448312119e+05
7.068780468923498120e+04
1.053373049828845251e+05
1.319857012799777731e+05
8.574234313596246066e+05
4.640916348819902050e+05
1.251487875241773669e+06
5.721822415565481642e+05
5.263225384093070170e+05
1.311904598412046675e+06
7.300058392427952494e+05
9.700413991036693333e+05
1.141134066025508073e+05
1.890448592821315979e+05
1.887077902790194494e+05
9.098515569076567190e+05
1.110009503942779498e+06
2.530306879907859839e+05
1.408767047713990032e+05
7.539952148733176728e+03
2.361129872993510799e+05
1.965061313609334757e+05
3.498338686624588445e+05
4.404439228518746677e+05
9.593224823415991850e+05
1.312704924985694561e+04
5.472104812776947074e+04
4.528969078647235874e+05
1.677727010514101014e+06
3.785389366682232940e+05
3.407231360922234599e+05
4.795358947548788856e+05
1.070641642259639222e+06
5.185662446905441466e+05
4.091343990484106325e+04
3.242982999904169701e+05
2.203064447595860343e+06
4.324868247469407506e+05
3.592871663346606656e+05
4.974990805240964983e+05
1.049713587174009765e+06
2.913965359892474371e+05
5.308676427335806657e+05
1.014032444694150036e+05
1.589283465123714413e+05
7.860705865825365763e+05
1.065193017805682466e+05
1.085391381330820266e+06
1.291670638336731819e+06
1.844847771310868848e+05
2.587885378511484669e+04
4.559580748685448198e+05
5.125697912574803922e+04
3.790730354469906888e+04
5.411152923487762018e+04
3.980380489168566419e+05
3.675406714379148325e+05
1.747023014070783276e+06
3.198634770873340894e+05
1.150144880867632892e+05
6.862671098145416472e+05
4.420427836227550288e+05
2.369526314329164452e+05
2.172097185112568332e+04
2.952923625155750662e+06
4.042277195886791742e+04
2.793511258914883947e+05
1.544868592453216843e+05
3.764588366705739754e+05
6.952825166614564660e+04
3.563420511496384279e+05
2.296820592407931108e+05
3.779376388071763795e+05
3.443223255302807083e+05
2.708136373858106090e+05
8.203600737123373256e+04
1.075127728485028783e+05
6.769544909981577657e+05
3.504909573259192985e+06
1.441730607650575112e+05
1.573461466374059091e+05
5.837738023885900620e+05
2.093028738245151762e+05
4.114348768635746092e+05
3.817739973957244365e+04
8.412760415537829977e+04
1.825126103230185399e+05
4.091549438640450535e+04
1.948706823425598908e+06
3.482876761267557740e+05
4.409698140599512262e+05
7.916596801087216591e+04
4.655874200742574758e+05
1.785348530390943342e+05
8.059842515029481729e+04
2.465228749396748608e+05
7.305903880393954751e+04
4.661214158513402799e+04
4.637099146054619923e+05
1.223744286147479579e+05
4.796752898857290857e+05
1.462029131397688761e+05
1.440329920835423109e+05
6.740334585073393537e+05
1.979305637817570940e+06
5.152621040072512696e+05
1.606316229797076667e+06
4.295237177048320882e+06
1.821958924634183350e+05
3.948408708703275188e+05
2.270628819453977048e+05
1.518100212293509103e+05
1.897203143461514555e+05
6.713048525285037467e+05
1.286375400449992390e+06
1.410152558097225556e+05
3.304144903951938613e+05
1.346378875344926491e+06
1.084078383115327742e+05
7.272085710823186673e+05
7.677209015013187309e+04
1.772157920318639372e+06
1.126960386164280208e+05
5.065490960003091022e+06
1.255275362407251960e+06
2.908821082893403363e+05
2.255537135950200609e+05
1.363882449631086318e+06
4.496267377957251156e+05
2.558661730685197108e+05
4.116254188215900213e+05
8.865410402580936207e+05
8.917393387918471126e+05
2.476853378103444120e+05
8.142482842906946316e+05
1.755697539985602256e+06
6.745370843859005254e+05
6.668373458734673914e+05
4.555988210527118063e+05
1.636343601447387118e+04
4.660794459929402219e+05
5.369937636372130364e+05
3.183313813559639966e+05
1.219803830169507419e+05
1.825919131558316003e+05
2.577047357605682919e+05
1.283687975215989427e+05
1.637587136610745802e+05
9.256205171769154549e+04
2.255828069833615446e+05
1.878228334381119348e+06
1.618702915691926610e+05
6.757496155945730861e+05
1.193241296143180691e+06
3.730261994779968518e+05
1.347488933521170984e+05
1.221965020858479198e+06
7.929855769816908287e+05
2.393613953998805082e+05
2.353603775182696118e+05
2.077762618095366342e+05
1.577634340624684410e+05
1.053676864716265816e+06
3.770538687869483692e+04
7.663988127809519938e+04
3.393745511093685636e+05
6.176641998546046671e+04
1.178354981321908999e+05
1.409740718078333011e+05
3.291179039633979555e+05
3.416964288687402848e+06
1.085158523671181902e+05
3.714420561116864556e+05
4.431279805595275830e+05
4.989654802047873818e+04
3.718249096495842678e+05
1.205404670990796760e+06
5.738099825503649190e+05
4.738015524529691902e+05
1.556133680825611227e+05
1.856030294042649912e+05
1.227766384590771515e+06
1.521633554014227702e+05
4.818597504199389368e+05
5.106825334454842960e+04
2.301291475885894615e+05
2.309835665725010622e+05
1.920408901664828882e+05
2.540890962789809564e+05
3.973234506073319353e+05
9.633106005365075544e+04
2.766341701798985014e+05
5.615815584995175013e+05
3.651542640759798815e+04
1.946502419632010569e+05
6.621349121231135214e+05
6.717295258959200000e+05
3.579430400674747652e+05
6.211524815305829979e+05
1.893407924292457465e+05
2.462829625759715564e+05
1.018147400513120665e+05
9.600016132541965926e+05
8.070196187118202215e+04
1.375068423640628345e+06
2.470868742338832817e+05
1.203445516056146007e+06
4.539098880159414257e+05
1.367857267473685206e+05
3.094645347325075418e+05
7.439501619839301566e+05
5.116061336421911838e+05
3.989297213441145723e+05
4.007918650385329383e+05
2.848662529083226691e+05
3.266700232249076944e+05
1.057679931203171582e+05
2.032870984364528558e+05
6.657394688193333568e+05
1.298866602759672794e+06
4.155291421318600187e+05
2.871033811847131583e+05
1.686753497526138963e+05
2.753601582662611327e+04
4.825945786199730355e+04
5.422783275672133313e+05
7.022438759106888028e+04
1.651602839277928579e+05
5.994141180271263001e+05
5.590109068051248323e+05
1.265692579743287497e+05
9.766592859319066629e+05
1.374525527277667425e+04
6.277959749336433015e+04
4.181091267026314512e+06
1.559439224306078104e+05
1.013026831184407783e+05
2.767449066290836199e+05
7.346950417391362134e+05
7.682549901394805638e+05
1.336652043768497650e+06
1.072533702370300489e+04
8.905729557792507694e+04
3.114543687459231587e+05
2.903480288257137872e+05
7.514084413774446875e+04
9.106850654789805412e+04
3.253426910210781498e+05
8.015333925863830373e+05
2.240698338562652003e+06
1.824974412067102385e+05
8.847398810132645303e+05
9.231358544180160970e+04
2.297963944836920418e+05
9.471252559252403444e+05
2.881044318483368843e+05
1.073723635054277402e+05
7.966747736406862969e+05
1.553716413021613611e+06
6.679308503143385751e+05
1.322794181692094717e+05
3.823296950202839798e+04
1.283728263426345773e+06
1.285708446129708027e+05
4.323073810666421923e+04
3.144596886217805557e+06
2.749038732711703051e+05
1.403524700785051100e+05
3.105981439716865425e+05
8.356865394856048515e+05
6.205007641152134165e+05
3.689861593770458130e+05
4.912076575773981167e+05
1.018351270819005440e+06
1.456440403010655195e+06
3.914479116799779003e+05
6.510516900036775041e+05
1.413546584935636958e+06
7.229154032883750915e+04
1.655387613657477777e+05
1.422218902544626500e+06
2.980437678336363169e+05
2.320618981672293041e+06
6.728357849388642935e+05
2.985378939780454384e+05
1.281630967929576145e+05
1.151336677703674650e+05
3.111319265823769383e+05
1.492346583551091840e+06
2.306739099699396465e+05
3.146490496030006907e+05
9.456372300431370968e+04
2.769054774970042636e+05
1.199708492377835937e+05
5.002166244651975576e+05
5.245434473635093309e+05
1.601604230712812569e+05
6.292818102463637479e+05
9.248300314363820944e+05
1.651800679510035261e+05
3.038533739207806066e+05
1.333595736962071853e+06
9.953915064176190645e+05
2.188513839121415745e+06
2.997745989464268787e+05
2.406467978225634433e+05
4.702224744850326097e+05
4.766743195984304766e+05
2.349640438195913448e+05
2.481938738677988295e+05
1.699388721616963448e+05
6.604626092154609796e+04
2.118415476360505912e+06
1.269297297688712133e+05
1.136714316405865247e+05
6.760375962888530921e+05
3.757189962832533638e+05
1.522723125835255254e+06
1.998038559446628904e+06
1.486808225748861150e+05
1.554901642313404591e+05
3.737158624714503530e+05
3.278546634112873580e+05
1.792545381535915949e+05
5.092664067284115008e+05
5.206214809787863633e+05
3.056279242629084620e+05
1.572017060922326637e+05
3.264753952395414235e+05
6.599722347409220902e+02
6.649996975217053841e+04
4.209022175379308872e+06
1.553683913673165662e+05
4.610341183091745916e+04
3.095256537888647872e+05
1.308126371905177803e+05
9.238786465261877747e+05
8.516129154300686787e+04
2.519883595625204616e+05
6.104553295274816919e+05
1.014839869267797767e+05
1.524373650831193372e+05
9.960561568854823709e+05
3.696585888158954913e+05
1.637193630801883526e+06
3.927179167391873780e+05
2.918067099473571870e+05
8.708971144567660522e+05
2.925741047205389477e+05
3.559394944562446326e+05
2.103470718320216693e+05
5.636052281439157377e+04
1.609737548109913478e+05
5.163998247182276100e+04
3.296561050337825436e+05
1.226646056270393310e+06
8.269397729065337626e+04
7.982924229700386059e+05
2.731546593970948015e+05
1.131146320310749812e+06
2.353229429934243381e+05
3.495584397819247533e+04
4.896449340688111261e+04
1.263949793186287570e+05
9.876154216039979656e+04
2.783345732316743233e+05
7.042641832192909205e+05
7.733963099087177543e+05
2.000091592733202269e+05
8.404116088735761878e+04
6.034076826706782449e+05
1.251450894518307177e+06
1.069464212745778495e+05
1.347725755235877121e+06
3.037157915257326327e+06
1.087985925468583591e+06
5.738492399227842543e+04
2.949395101742371917e+05
4.798693335682976613e+04
3.472441036725538434e+05
5.001982581425762619e+05
8.070896070688503096e+04
8.186668306847808708e+03
1.745167145151834120e+05
9.063812494274844648e+05
1.242299611554160248e+06
2.567405377643638349e+05
2.423366575029388769e+05
5.834239835169164144e+04
6.986145741901496658e+05
2.084593644550218014e+05
4.506398824307469185e+05
3.517192669355339021e+05
8.467512412690105848e+05
4.261466999209612841e+05
5.074203857781898230e+06
4.290670135799953132e+05
5.489991844765758142e+05
3.729058490404713899e+06
6.104007731223501032e+05
7.591692225577065255e+04
6.598365207785237581e+05
3.916580232969243662e+05
1.826257013973711000e+05
8.037582893786801724e+05
1.152927898530186154e+06
3.873195290705877414e+04
9.437541014223938691e+04
4.305865365923878271e+05
4.320358602122212760e+05
5.385192656356556108e+05
2.198841592898522504e+05
2.911453985030849581e+05
1.732689255827301240e+05
7.487754672845751338e+04
3.294366192655676277e+05
1.517600443703473138e+05
1.173935680997242220e+06
3.440331789906398626e+05
2.025854155707508326e+05
2.649314926905270666e+06
5.692494686648361385e+05
2.246319946395808831e+06
5.914017222658835817e+04
1.068722678802522423e+05
1.138530248720131349e+05
3.536808424351835856e+05
6.539743000348854112e+05
1.875347221108921571e+06
3.263655673980711144e+05
2.327118679335772467e+05
2.278771191847200098e+05
8.763084034930533380e+04
2.049443662475704041e+05
1.291956813347255578e+06
5.622659808157325460e+04
1.127286705731844268e+05
5.730064820325388428e+04
4.684718941115360940e+05
1.635845413220007904e+05
3.882189342794487020e+05
6.555462596665726742e+05
8.639550624502841383e+05
1.013058262388522853e+05
4.703648994849924202e+04
2.853682118456286844e+05
1.140981405676891736e+05
5.974488667844841257e+05
3.154327664783978835e+05
3.557025406361481873e+05
3.789330444281757227e+05
1.209281212781425529e+04
3.193544955986551940e+05
9.269375919661698863e+05
4.522929474814763526e+05
5.865844545055048075e+05
3.563521070049894624e+05
5.955366913750227541e+05
3.347077342647226178e+05
2.641874229869924020e+06
2.833313727802446374e+04
1.378410193964834034e+05
1.171161439396524074e+05
3.451887871149983839e+05
1.793924985977490360e+04
4.336025457818160066e+05
1.433947251251518261e+06
5.019549611510284012e+04
1.265349589251989819e+05
6.081551408847838320e+04
2.807654851174369454e+06
1.181095943351292750e+06
1.621915393408102973e+05
1.458180062381674768e+06
1.049665929433979094e+06
2.507858343171062297e+05
5.753713779627830809e+04
9.323137046503432430e+03
1.927338928630074370e+05
6.649416635935058584e+05
9.246639957231190056e+06
8.970021976574813016e+05
4.084341546571409563e+05
3.878815916944278870e+06
1.300349709192732989e+05
3.091111099061466521e+05
7.678181671456247568e+05
5.446956226271396736e+05
5.828208302354515763e+05
1.410071774395630229e+06
2.452100561977718025e+05
1.883583837699358992e+05
4.008924914587163948e+04
3.074725922663359088e+05
4.845666565490064677e+05
2.021454773552925093e+06
1.804206680365161737e+05
2.973053318661271594e+06
2.143426353801804362e+05
2.814307220501748961e+05
8.274111424543670146e+05
8.649983947366535431e+05
6.335224627869859105e+05
2.485853003026090155e+05
1.187243322057352925e+05
1.058591641031828185e+05
7.756162989418520592e+05
2.173458047929761815e+05
5.094255703574375366e+04
6.351899755727812881e+05
1.042292744147118938e+05
2.818100632514409881e+04
4.244189677639880101e+05
1.717700105420456384e+05
2.431708715131839272e+05
1.281286544520141906e+05
2.204013233112305461e+05
1.951948917810692452e+06
8.648665299189280486e+05
3.334967371523692273e+05
4.774259671122748987e+05
3.848630054675342981e+05
2.139495845397809753e+05
3.571186191360351513e+05
1.016648552388363052e+06
1.488833563201790384e+05
1.558397460333216877e+05
9.474810770631764317e+05
9.028066933676382178e+04
1.233019769616095815e+06
1.188760834152558120e+06
7.724771222727683198e+04
1.897380924655694980e+06
1.916965717974586412e+06
6.011312672688710154e+04
2.181819164409757068e+05
8.885158285015893634e+05
3.620560920934644528e+05
7.506601234958587447e+05
1.583803001820245117e+05
1.713297765383945778e+06
2.326205180549017678e+05
4.613971560499764164e+05
5.486760149997085682e+04
1.822271459747435874e+05
5.949683921955989208e+05
8.429958608512132196e+04
9.130588607353862608e+05
9.840533372482379491e+04
3.038343645362864481e+05
1.161331518738630693e+05
2.597810938766221225e+05
2.262488471249674913e+05
5.884862375115255127e+05
8.595822241280962771e+04
9.134577194704352587e+04
1.484202442434387631e+05
3.600529752550660050e+05
1.770058255721912719e+05
4.235393103396780498e+04
6.383870617257050471e+05
3.976626124179208418e+05
2.072089288151469955e+05
1.916088893488524249e+06
4.045156792950005620e+05
2.661584797218223684e+05
4.280451675717327744e+05
2.616791181819241319e+05
4.242928323466273723e+05
5.948933370570462430e+05
1.007361669042269350e+06
7.751211978683104971e+05
1.742988066587798821e+05
1.539535067342432740e+05
9.836018841891211923e+04
1.495426540901554981e+06
8.860369027188153705e+05
3.714083763259410858e+06
1.011343773688453599e+06
1.440247204074890178e+05
2.288649531345884898e+05
1.424431912231744733e+06
1.088674089800917311e+06
1.076466764259260613e+06
1.670218608708702668e+05
4.153483238658637274e+05
2.250397819474698976e+06
5.116769459451278090e+05
8.487936415656917961e+04
5.796197822536280146e+05
1.449330848292108858e+05
5.174655152938051469e+04
2.039568801741312491e+06
5.925030845147235086e+05
4.614502129661698127e+05
2.273761493776895804e+05
1.212301327889454551e+06
2.835398395652720938e+05
3.988778754358098377e+05
9.412728750279616797e+05
1.424481578682360705e+06
8.226362141094957769e+04
7.091874626839441771e+04
2.317439680799328198e+05
3.728568683271409012e+06
4.509613326458968222e+05
1.717451105481548235e+06
1.282592064633417467e+05
6.819967036896580248e+04
1.550519878755800310e+05
9.668597628443061840e+05
5.032295190768119064e+05
2.294176738058962394e+06
9.950526555896014906e+04
9.256361707899450557e+05
6.336196799140599323e+05
4.133189936208997970e+05
6.907275706537168007e+05
2.012415294559585163e+05
1.434370183414170751e+05
1.499453926122523844e+05
2.729344454166322830e+05
3.471704451304596732e+05
6.777974983877569321e+04
4.294286827378674410e+06
1.360065868876091263e+05
1.676572995595115470e+06
2.503685661847328010e+05
1.879499144130849745e+05
3.028617786346895082e+04
4.767558240452820901e+05
1.505811170132349012e+06
3.967588565483984421e+05
2.684136102568429778e+05
1.897903859873985057e+05
4.977879114674192970e+05
7.807635051818165230e+05
1.559852406500445795e+05
8.793685349510390079e+05
1.527260921411799791e+05
3.094281188732024748e+05
9.475758240435070184e+04
2.867194950437686057e+05
7.362736909992933215e+04
2.784577125959070399e+05
1.037358243307317141e+06
1.935133590095601103e+05
4.242160481165862875e+05
2.536175256612724916e+05
1.682915778722016839e+05
1.590060460667558618e+04
3.968866742315436713e+05
9.299116173360691755e+04
8.224665720981325649e+03
3.624662788147735409e+05
3.017829991072352859e+05
3.315183514567075181e+05
5.761414634825502289e+05
7.288647075070976280e+04
7.319862432767866412e+05
5.232307130593202310e+05
1.265206822601780761e+06
3.265825162520113372e+04
2.017557295946896193e+05
6.659607527688304253e+04
1.211564640380841913e+06
9.585413740360863507e+06
1.583506551854658937e+03
6.969829153485962888e+04
1.678504834202546626e+05
6.028980469834562973e+04
1.545293337634708034e+06
1.591254521562686132e+05
1.800977221240662271e+06
3.187023692813689704e+05
2.483307221373756416e+06
6.819370118615643587e+05
1.978101360672316878e+04
6.360317785633358872e+05
5.067207875329130329e+05
1.185476348457412561e+06
1.431336386775004794e+05
4.583108632346385275e+05
1.455931548750191287e+05
7.862026325696659042e+05
2.870394305894159479e+05
3.642574887346151518e+05
3.380698578701179358e+05
1.573129035849651518e+04
4.151949326547866804e+05
1.190657634494231206e+04
3.022030253732167766e+05
1.554908999733649835e+05
3.376091756961168139e+05
1.001647433800814091e+06
3.928647107579401927e+05
1.423232234965413809e+05
1.593518153357670642e+06
7.621049145937253488e+05
1.291103864721012360e+04
1.048112159016680438e+06
2.599111165666236542e+06
9.102442994741546863e+04
1.319662443473327148e+05
2.712185943788696895e+05
7.431143326586622279e+05
4.639522703157942160e+05
6.545610124718910083e+05
2.283450855149878189e+05
8.688148921891147038e+05
1.027608370156478341e+05
2.376084217807338282e+05
7.578678259694743901e+05
2.281414787343434873e+05
6.771690776788603398e+04
3.163009697333687218e+05
1.194553092319287825e+05
5.170199461253338086e+04
6.038684092706138035e+05
4.348744539300553879e+04
4.550312871062322520e+05
1.082567084197330987e+06
6.483518958125064819e+04
2.225320318211455306e+05
2.577987851797085023e+05
1.390111697695584036e+06
4.009345245820836280e+05
1.223897804391458194e+05
5.831135078939176165e+05
1.786931471141374786e+05
6.078516490430395352e+05
2.217956442108850169e+05
2.838415359734812519e+05
2.063753395748859271e+06
2.287577653115827998e+05
6.586025035012676381e+05
2.777023231038586819e+05
6.160845877235745866e+04
7.800776742951918277e+04
1.503193789198583909e+04
1.477273886485665571e+05
3.819485570695336210e+05
9.279906295436969958e+05
3.481579547867360525e+05
1.185118297520972119e+05
3.055296428858393847e+04
2.486063513317103570e+04
2.515592305050289433e+05
1.132099810593814473e+05
9.979144533696408616e+05
2.533000412060458330e+05
3.215043304105845746e+05
4.643245831566863926e+05
1.866606217526713153e+05
1.163232049181471666e+05
1.920582132505913905e+05
3.252027912576536182e+05
8.343630526995996479e+04
1.913667053454102424e+05
1.194709673076342551e+04
6.745149169586576754e+05
2.080323707278277434e+05
4.543341210985245998e+05
1.574812102448947553e+05
3.570925170539119863e+05
8.851153243494284106e+05
7.564115471203116467e+05
2.687095542160198675e+05
6.063435488955114270e+05
1.155169611057313858e+06
3.455356210488366778e+05
3.297989806533550291e+04
5.808341731477598660e+04
2.125725404597104352e+05
5.293072297994814580e+05
5.504273119326285814e+04
1.067113559694148833e+06
6.630000372481148224e+05
7.908653410149198025e+05
1.325602534394300310e+06
1.806721179273700982e+05
4.540993370963942143e+05
3.310291721732134465e+05
4.501749223321772879e+05
3.073063667016985826e+06
8.593062260908368626e+04
1.221258397526777844e+05
6.744867953280969523e+05
4.127516647949066246e+05
2.183051468225363060e+05
1.641579868558244547e+06
3.045953464307273971e+05
7.330072120481415186e+04
1.748855450749289594e+05
2.121150866752237780e+05
2.864733944525509723e+05
4.605338754479226191e+05
2.137399129130275105e+05
3.985943574960853439e+05
6.234493589029327995e+04
3.966687842488982133e+05
3.888490050038418849e+05
7.072784471864990192e+05
2.362585238779167703e+05
1.876859207410922681e+05
5.313528730321194744e+05
1.679612968667912355e+05
1.574215998674065049e+05
2.068897054566936567e+05
1.626585271706594212e+05
4.551683095083478838e+05
5.186075041160009569e+05
1.174714589729120024e+06
1.151729156730018985e+04
5.755886213567302329e+05
4.847067994700765703e+05
6.770407685855983291e+05
6.293026030596272903e+04
9.446741030665829021e+04
5.109296691700545489e+05
4.124887905770948855e+05
5.375666756982903462e+05
1.073245003272235626e+06
8.789058366343448142e+03
1.256589372766709130e+05
2.857450957270895015e+05
1.694505676683701808e+06
1.001219181161215820e+05
6.512670041319304146e+05
6.561101850962045137e+05
3.803489078123915242e+05
6.779548136116274400e+05
1.595444029009734280e+06
2.527736440706768190e+05
2.851076472559716785e+05
1.006122872650978206e+04
1.501471779527752369e+05
3.358930583227830357e+05
1.595790358683573431e+05
2.291604755144262221e+06
2.105823275847741461e+05
1.423110980504846084e+05
7.067828723242293927e+04
4.413791267640345730e+06
1.005023219320864999e+06
5.241245320046763518e+05
1.224980809290608886e+05
2.224378674449615646e+06
1.113731928923681146e+06
1.365136506457624491e+05
2.535015705895124993e+05
4.844234208225195180e+05
4.629060448625319987e+04
4.364033437570338137e+05
5.947908201739718788e+04
3.631976405425320845e+05
2.273352672948081454e+05
3.107786970308897435e+05
4.153023559039098676e+06
7.361558536623457912e+05
1.934555873846442555e+05
1.841189799509252654e+06
1.005305326014577178e+06
4.432201267264000489e+05
2.230828640162366501e+05
3.680387603996956022e+05
4.418698564764172770e+05
1.521436440654151083e+05
2.264931690249271924e+05
2.092022760466117179e+05
1.837254869629644381e+05
8.143806100742269773e+05
3.416339803107288317e+05
1.914792434990083857e+05
7.783506622822300415e+04
1.782170124609538761e+05
1.113272560044953600e+06
4.022470068831249373e+05
1.087849971229619579e+06
1.611613397163597692e+05
2.354428174637295888e+05
6.211676167902984162e+04
1.539105939221473178e+06
5.969626833341661404e+04
1.062468531763175037e+06
4.243173433884911938e+05
8.550213903629310662e+05
2.406346350641743047e+05
1.618907000724635320e+06
3.548397909657029086e+05
7.337106714182306314e+05
1.012850643267369363e+06
2.390119957695029734e+05
5.072541368863795651e+05
4.667802280183036783e+04
4.795535272076858091e+05
9.671485615875071744e+03
1.758102703536583344e+06
2.751125817027998855e+05
1.771940856726354978e+05
3.881565660733816330e+05
2.445084508329886594e+05
6.103904276787921553e+05
9.065911566601875238e+05
2.145320059084004606e+04
1.532657718285920797e+06
6.899178314868010581e+06
7.218933812539817300e+05
3.931974515786485863e+05
1.446421962080757366e+05
4.448997451852136874e+05
5.368691908028989565e+05
2.955778860400107224e+05
1.185892369075152092e+05
2.299557229364448358e+04
1.069260503047529928e+05
1.407225637138070539e+06
2.331195759057155810e+06
2.706451022408276913e+05
3.207291039189233561e+05
5.439469914487946080e+05
7.398696026561995968e+05
6.591461303393300623e+05
6.980394043027369771e+05
1.566178800281899748e+05
1.577653369216294086e+05
4.130930067841451615e+06
5.508894915563579707e+04
6.060900299718792085e+05
3.226720239054060075e+05
4.384357229343887411e+03
3.870152758324026217e+04
1.516333137838117778e+06
1.005457323742279434e+06
5.359360546986361733e+05
1.336601595531225903e+05
4.594721515320895123e+05
1.457699481426705461e+03
3.965214540598858148e+05
1.271329886012222996e+05
7.485093763480957132e+05
2.273269887296325061e+06
1.470573530561234336e+06
1.004284320123923826e+06
6.385764539068438171e+04
7.408079502777971793e+05
3.943759799713438842e+05
9.619804027224251768e+05
2.986543527410780662e+05
5.164039472830900340e+05
1.699052348933856993e+05
7.207898548794657690e+05
3.198968315582297510e+05
4.108638968474191497e+05
1.374695819637302484e+05
2.820373343456548755e+05
2.637650501238047145e+05
8.278923479859068757e+05
1.774054260984952998e+04
1.804714459354531427e+05
1.544594012079636450e+05
9.808345297491159290e+05
7.513325826441283571e+05
2.734000460440838360e+05
4.758671451745326049e+05
1.169631575011976529e+05
1.050768287481870269e+06
2.528516646714053059e+05
1.881785640611744253e+06
7.252963212503376417e+04
1.096081511039570207e+06
3.500622101936636318e+04
1.046382546774841176e+05
3.066514519408940396e+04
1.216087090964294184e+05
1.578607007029267552e+05
6.346567821327955244e+03
2.844144528469711076e+05
1.629880849089519470e+05
1.202641012387572700e+05
3.121449126498807687e+06
2.797640387983592809e+05
2.162279965699687600e+05
2.401782629606924311e+05
3.332198427870966843e+05
1.409403633500241442e+06
1.104300913960893813e+05
1.908649031309504353e+05
2.584027147644711949e+05
8.259261612049011746e+05
1.637581738209569885e+05
1.782718119045678177e+05
1.369240227330098605e+04
2.274279794914405502e+05
3.106229282142096199e+05
6.746029325571067166e+05
4.633463597055210266e+05
1.539934475391324377e+05
2.243484454314794566e+05
1.223814520768491348e+05
3.080673899273310672e+05
4.659313366823032266e+05
1.149551271974384552e+06
5.794920722815517802e+05
