3.548678735108270776e+05
4.413872823228011257e+05
4.019189978640397894e+05
1.369094224100782769e+06
4.896297387549713021e+05
8.157057602195526442e+02
1.865623289335400041e+05
5.281953970289442223e+05
5.406383625982545345e+04
2.325295553368869005e+05
1.621400179816672753e+05
7.296823304372814891e+04
3.163265915166115738e+05
1.147565392821678870e+04
1.532297978374718514e+05
4.840205263909582864e+05
6.481449833600989077e+05
1.676858430053854827e+06
1.443900452640733856e+05
6.882658463840650395e+06
1.405567630157481413e+06
2.408490541470993776e+05
3.581903764473017072e+05
1.235665682010872755e+06
2.883966719361588548e+04
3.314570698958988942e+04
9.257729043239615858e+05
5.484207586387618212e+05
1.129440776060336066e+05
1.006295416690501297e+05
2.550933580815286550e+05
5.233605003621061333e+05
2.959380686958380393e+05
7.610167293866036925e+05
1.401068904314505635e+05
6.625582084385347844e+04
1.124223644837570610e+05
1.962934736950456863e+05
5.972034591607903130e+05
6.301017868530550913e+04
1.629877830586605123e+05
1.880281634609451576e+05
4.934141573057533969e+04
4.389007925993186072e+05
1.147973517102836195e+05
3.198006402465052088e+05
2.112400984524244905e+03
5.586942124352703104e+05
1.625070931536823337e+05
9.520613921400255640e+04
1.367764992593633477e+06
3.261931148511691135e+05
1.706779034083526640e+05
4.302583074757417198e+05
2.628784440412444746e+04
7.766252004228702572e+04
5.971764197466581827e+05
1.474354258024189330e+05
7.638091410859328462e+05
7.487053592447687697e+04
8.160559224691340933e+04
4.557787663833092665e+05
3.493835889362297021e+05
4.326597361855246709e+05
1.284219286115785508e+04
1.953982944987335359e+05
3.803245237668928166e+04
9.847929181881229160e+05
5.664477651105471887e+04
5.438384702695216984e+05
1.315781901182659785e+05
3.999538597483779886e+05
1.986104244642809499e+06
1.447760092041439493e+05
1.833575887333626451e+04
2.651871018825525884e+06
9.102424662828467262e+04
1.907714338769752649e+05
1.149404753969402285e+06
9.253828970012945356e+05
4.577407422487867298e+05
1.699399191927510314e+06
1.340202924210959754e+05
6.305244248639490979e+04
8.378287269139115233e+05
7.239981206541194115e+05
6.919477456845330307e+05
4.474105908439182676e+05
9.262873303465035278e+05
3.369443611179592554e+05
5.693895145137497457e+04
7.486950663790816907e+05
1.455727428266043775e+06
3.224715925704888068e+05
3.081362900825467659e+05
3.011425144941399922e+05
1.035144926850669981e+04
1.290678721820029663e+06
5.671991424793057377e+04
6.452774379320081789e+05
5.748066390863944544e+05
2.537997638658899814e+05
1.597523342478171107e+05
3.200239238875885028e+06
5.884474358345393557e+05
1.566934685346792219e+06
1.140691350220062122e+04
1.545465147789892741e+06
1.709043705314848921e+05
2.206761192017490248e+04
2.867813337250028271e+05
4.881974662394607003e+04
8.133635594843006693e+05
4.866070577413763385e+05
3.223463303598590661e+06
1.395329864932828350e+05
9.997769950406505086e+04
1.752619152210505272e+05
2.377666146804572083e+06
3.151980620144528220e+05
1.396377186291229911e+06
3.067621629755331669e+05
7.002003716447555053e+04
8.008594420054985676e+05
1.109273021752757020e+06
8.531949904807543498e+04
1.333227104116397386e+05
3.549472392143468023e+05
1.761816146175916947e+05
4.544386801987368963e+05
1.310564024661042495e+05
1.903853203229775245e+05
4.591983332166128093e+05
1.970737411285646376e+05
3.893503764833029127e+05
4.125589117701834184e+05
6.785654702838938683e+05
1.425075980948807846e+05
8.812184390557572478e+05
3.088399786875727004e+05
6.183127606999211712e+05
1.324373892413637368e+06
5.633217797305992572e+05
1.165264506412532646e+05
3.599920833143042400e+05
6.717368128073746338e+05
1.414853073093891144e+06
1.718849402613368875e+05
1.170328306793111144e+06
3.809577248970113578e+05
1.217328466605174035e+05
7.845459398872869788e+05
1.357008042952636606e+05
1.262090943456790876e+06
3.653808890461228439e+05
2.024626443314887583e+06
2.427509886898636469e+05
1.377651911813627230e+06
1.053938957822795957e+06
2.281582684929268726e+04
9.570348264081771777e+04
5.130613225579811842e+05
1.333109394000754924e+06
4.610949667767278879e+04
1.465988678537126980e+05
8.927398542353749508e+04
1.475032897997464053e+06
6.486841635246622172e+04
1.525731375911740761e+05
2.948698830524821766e+06
4.360480525493128516e+04
7.904727686910341727e+05
3.701099015016286867e+05
7.511620191835045989e+04
2.023912527272863314e+06
7.224323512433022261e+05
4.175357016581618227e+05
2.639888072439900134e+05
4.590926364359441213e+05
7.777841016323209042e+05
4.833814220458547934e+05
1.163892315515298105e+05
4.987958410574353184e+05
1.277864074040649575e+04
7.308894639573700260e+04
6.394057797420562711e+05
3.304584643458198407e+05
3.103828777594725601e+06
6.198435102608326124e+05
9.477414215300200740e+05
2.012164293956462352e+05
6.669031266622387921e+04
1.877028243653324025e+05
8.776330894966120832e+05
4.369404802078188368e+04
4.923441763391478453e+05
5.097435714988110121e+05
4.378847303208994563e+05
1.021419352866842673e+05
8.729214515121543081e+05
1.664047116989869392e+06
1.027883933651847619e+05
5.442295613883105107e+05
1.085430197118006181e+06
5.997650992318381759e+04
3.589627631602587062e+05
3.227565339934353833e+05
1.910935936680915183e+05
6.847685318967561470e+05
2.919489218538572823e+04
1.072484673363392474e+06
3.648407977864446730e+04
7.061793487437914591e+05
9.512196227360331977e+04
1.134391571020464326e+05
1.502937422248400071e+04
3.941101464810002362e+05
2.014527537176968763e+05
1.669654688666352013e+05
1.896338943015604164e+05
4.870127773856554995e+04
1.641791851741485531e+06
7.370857646850233141e+04
1.077198564676553069e+05
2.067708917962319974e+05
1.554379116616412939e+05
5.248078677510917187e+05
8.062918649589053530e+04
3.114653739356863662e+05
6.023731165107098786e+04
1.549081405520135595e+05
1.375189480166930007e+05
2.354334140380473400e+04
5.388940555718953256e+05
5.415669215499454876e+05
2.470494419883626106e+05
2.953606453357758000e+05
1.934493507670539839e+05
4.685202651290172362e+05
2.768877690187369008e+05
2.291372833947836189e+05
7.238005607449447780e+03
5.682124865386306774e+05
1.258312805409984576e+05
2.061101416930788837e+05
6.160286815900376678e+04
3.975194784810123034e+06
4.868783987033498124e+05
7.358421126997658284e+05
1.091913798374325270e+05
2.503558462261700770e+05
1.443841770206351299e+06
1.000500003333829954e+04
2.236167716063484841e+05
5.308291469269983936e+05
3.407689663556958549e+05
2.927434688377378625e+05
1.056932167911949102e+06
6.939091570675910916e+05
4.145497735920471605e+05
1.743557883296812186e+06
1.358954740892805567e+05
3.742541139170735842e+05
2.412700243515612383e+05
1.359386678411048779e+05
9.861983941832517739e+05
9.595287889052355895e+05
3.581884061649022042e+05
2.277757084392112447e+05
4.372496051478586742e+05
1.175105862864263356e+06
1.532254477499958128e+06
1.617159889018573100e+06
1.673505869131509389e+05
4.907648961844319128e+05
1.006383028181147412e+06
6.439486470948496135e+05
2.665499037328230334e+05
2.432816318729177146e+04
4.691174912730402430e+05
2.034684523408700188e+05
8.752257328345431597e+04
4.329924258138073492e+05
9.717171141065323027e+05
2.382416803040088620e+06
1.350282769957155455e+06
1.408053340365973709e+05
1.024194133323046262e+06
9.716411864337314910e+04
6.078554084880290611e+04
1.978779879096586083e+05
7.762374687621638259e+03
3.189769001740407664e+06
6.183793990098935319e+05
7.229661995599129295e+04
1.507587482572198205e+05
1.391422503291621397e+05
4.536791693799904315e+05
4.954269416666122852e+05
2.923070808163686306e+05
9.957870272713393206e+05
1.657777404382828681e+05
2.671544093681631493e+05
1.873396063877785055e+05
4.448775054016002454e+06
1.491667606915964279e+06
1.252109546699934872e+05
3.223805580985355191e+05
3.039882662967773504e+05
1.782674731578294013e+05
3.865505202108689700e+05
7.205297725477542263e+05
9.455799151702842209e+05
3.851934634086043807e+05
3.212083397343367324e+03
7.535475974894305691e+05
5.860024924292464275e+05
9.877524084184928797e+05
6.102717708073795075e+05
7.656009809040176333e+04
5.682008806446213275e+05
3.499988052899700706e+05
6.181514715361616109e+05
9.210312620154249016e+05
1.541408601914244646e+05
2.589661084165683715e+05
1.635476151301095262e+06
8.199369298000911949e+05
3.683475136367449304e+05
1.125530670671546541e+05
3.734652403671765351e+05
5.014465594453548547e+05
2.864768952603378566e+05
1.862753135175882198e+05
4.305603041880583623e+05
6.737875562908967549e+04
3.218569868933570106e+05
6.839835225287720095e+05
2.931859015899568840e+04
1.621553173721517669e+04
9.830876912868635554e+04
7.316109702153570834e+04
7.948475263269415882e+04
1.737540318311201700e+05
4.158249995002258220e+05
2.621760866651902325e+05
1.907300493424721935e+05
3.007262539321915756e+04
1.342407814670976484e+06
8.849613419979375612e+04
2.627281660358770168e+05
9.910420582829808118e+05
1.289363353485786502e+05
2.291158589335725992e+05
5.040844002011269913e+05
8.622171934784283803e+04
3.698475849958698964e+05
1.790821625135926006e+05
2.448216314375241753e+06
6.596731030715783127e+05
1.862754868012804363e+05
7.788740379768625135e+05
2.032020783571508946e+04
4.018707493091338547e+05
7.363649856319815444e+04
8.541972708685068937e+04
7.665334307461555582e+05
3.296383473781120032e+06
3.191688922613314353e+05
4.265907055268910481e+05
8.252490752117575612e+05
2.288186742776294705e+06
8.654349719569999434e+04
1.786202571892263659e+05
1.619992065776437521e+05
1.751908067636854830e+05
8.778768713834985101e+04
1.208501666551894014e+05
5.041235738283812534e+05
9.412678258419882040e+05
3.504924128957405919e+05
2.131250681522783358e+06
8.283281166544794105e+05
3.049887613284311956e+05
5.390471542118981015e+05
4.188562243648248841e+05
3.927112768843436061e+04
2.324034124667380238e+05
3.114604191924929037e+05
1.811075115811408614e+05
1.107139142353820615e+06
2.867670250276679781e+03
7.560050709533513873e+04
9.784386412113599363e+04
2.922911760162536521e+05
1.910736433045033831e+06
1.640757746113080357e+05
1.172266804492363881e+05
8.078951799422770273e+04
1.579651763876549667e+06
7.210611837315782905e+05
3.582667274653493660e+05
2.990811381834952626e+05
3.607199828169568791e+05
4.134726304735621670e+05
1.657693752690487076e+06
1.993653881161208265e+05
2.206071421119791921e+05
5.653310525835546432e+05
2.632108842356903479e+06
6.133966370365592884e+05
6.638112774567683227e+05
1.217607501746324706e+05
2.375760182210007042e+05
2.650090877743192483e+06
3.572148346164927352e+05
5.148793080094232573e+05
2.724510361851181369e+05
1.543075950185864640e+05
3.460506950845423271e+05
1.209027459551526845e+05
1.708780216665294429e+05
4.512774419232322252e+05
6.614250590448450530e+05
8.678033876070458209e+05
3.909112848912110203e+05
3.404287087055018055e+05
2.130748089447504375e+06
1.120199237370113842e+06
1.017163622246034909e+06
9.842236203664130298e+05
1.105596828878024644e+04
8.041925940911135403e+05
7.607547433341777651e+04
2.004814419304389157e+05
6.455480181190019939e+05
9.419882704546649475e+05
2.188510505480193387e+04
4.066262047833851539e+05
1.798905795855546312e+05
1.444957146290005418e+06
1.600683195276976912e+05
2.228103425816094503e+06
5.332934520271359943e+05
1.079904489133155730e+05
5.971782556607783772e+05
6.682920363617324037e+05
7.621302747030922910e+04
3.635504559604492388e+05
7.206050742836255813e+05
2.989090699019968743e+05
2.266753635285633936e+04
1.743034799422263168e+06
8.506274781915579224e+05
1.364703769368010398e+05
1.958426923158825957e+05
1.522236954863771389e+05
8.129277892107503430e+04
3.101032967257279088e+05
4.114895869114993257e+05
8.016308762559851166e+05
1.989842282118819887e+06
8.621241235731123015e+05
6.072687574444884376e+04
1.060688704198196065e+05
6.692771163649844239e+05
7.486408891993041616e+05
4.108485494172352628e+04
1.999394654737097735e+05
3.583883404920339235e+05
7.474486328439839417e+05
2.371288997065438016e+05
8.183668476695229765e+05
1.377682573261229263e+05
1.193851310510535957e+06
2.735451465010258253e+05
7.994096780447625788e+05
7.635600819292641245e+05
1.606432469844511070e+05
5.474031384007520683e+04
1.689175903670389962e+05
8.471079954322195845e+05
2.096817002929738082e+05
1.985383358447481878e+05
4.960482063625734881e+05
1.080452244973894674e+06
1.688604011238725390e+06
1.231482287064220000e+05
4.391582919177326257e+05
1.360071611741860164e+06
3.833388402440609061e+05
3.521796495526000945e+04
2.991795142731819215e+04
2.173631478909003781e+05
5.893552044541768555e+04
2.515701643590820095e+04
1.390098925740096252e+06
1.822402567116228747e+05
5.528938160121915862e+05
1.705072935492819815e+05
1.973734420162703900e+05
2.488130873464926146e+06
6.589758423852092819e+05
2.970657137221669473e+04
3.434903393674882827e+05
1.084259337217107182e+06
1.912445904130907729e+05
8.531358103207385866e+05
5.345834206736348569e+05
1.326879691307783360e+05
2.059877423301098461e+05
1.024647476108155824e+05
3.164702092960373193e+04
1.905484406275973015e+05
4.315947592730652541e+05
4.840308253144698683e+05
2.064735459967140632e+05
6.242251491612307727e+05
6.470903626839803474e+04
5.280403466360528255e+05
3.813543293644370511e+06
1.639326560125261603e+05
1.497049407584882865e+05
3.522198360469697218e+04
1.820418036027441558e+05
2.925959678242950467e+05
3.835602870386939612e+05
1.799215731368510460e+05
1.669985920298974263e+06
2.855691057651487645e+06
1.165911437040118035e+05
1.667474608911353280e+05
1.647299514892466599e+06
5.341655078628833144e+04
4.347937334700420615e+05
1.705466659047876892e+05
1.623979373306960333e+05
3.194376297171518672e+04
2.795341791975302040e+05
8.916417228734313976e+05
3.114027404137873091e+05
4.565378158899752307e+05
9.909270459961341112e+04
2.381527938415418903e+05
1.215053672595906537e+05
2.929165349263823009e+05
1.390830519799738249e+05
5.955887395284703234e+05
1.243225313237500377e+06
1.064799616016692162e+05
5.214862353082753252e+05
9.478327209540361946e+04
1.878254814846586669e+05
5.865334795033533592e+05
4.388213396414370509e+05
1.217128036168340041e+05
6.532462056117620086e+05
1.954872236585003848e+05
1.652558768895003595e+05
5.717064224605094641e+05
3.705181442080050241e+06
2.321068233358447440e+06
4.922893850377011113e+05
3.082326636840466410e+06
1.558928869029994166e+04
1.569332088915030472e+06
4.514749436022051377e+05
2.404207926763290016e+05
1.493721705880334834e+06
1.651721639258489013e+06
1.346551125044699293e+05
2.050058263944595237e+05
3.204154803019175888e+05
2.395038892705010367e+05
1.546788540163985745e+05
2.811924825259961071e+05
6.405063090045944555e+05
1.110805900658209343e+06
3.248737192012307700e+06
5.050820052709027659e+05
9.378685583440877963e+05
1.167861002730629116e+05
6.605196391641221708e+05
1.993489761836315156e+05
3.212396023857183172e+05
9.756262769749228028e+04
4.480999866470711422e+05
9.597459951820963761e+05
1.339836810942954617e+05
1.425836693897790683e+05
1.041097427293689689e+06
1.265784484277719603e+05
5.719974647547432221e+06
1.713230337892844691e+05
2.480871830550040249e+04
6.845586312312117661e+04
1.218962688367440831e+06
3.253418578475233167e+06
4.004376752303358080e+04
6.722195967943642754e+05
1.955215922310707101e+05
5.266055897937009577e+05
1.298925038077266508e+05
7.631670165983834304e+05
4.778395454244791763e+05
1.491008307302459842e+06
1.354973164277851349e+06
3.209863588574885391e+06
2.801826631797769223e+05
2.843459775629363721e+05
7.394556620823744452e+05
1.223770887743519386e+06
1.221473607758820988e+06
4.326515076505095349e+05
3.271016930568973185e+05
4.688293536600860534e+05
4.522772590889786952e+05
2.437959584376715065e+04
1.838951194555171067e+06
1.394586587362261198e+05
1.176777505118783592e+05
1.397512069951980375e+05
2.401061665837057808e+05
3.767891404077545158e+05
1.204846685375263332e+05
5.537669393837075913e+05
2.369802392286922550e+05
3.842485115076929214e+05
8.081099758071046381e+04
4.201174616789345746e+05
2.031167320791732054e+05
1.505422832965601701e+06
1.663501740693858359e+06
2.493327446594794455e+05
9.002591029725986300e+05
3.570686638061686972e+04
1.027564032752258645e+05
6.681186057530099060e+05
5.873302101010207552e+05
1.428606041560251033e+05
4.808638018213413889e+05
6.780339148887505289e+05
4.184982495911457227e+05
1.344120455614384497e+06
1.378618880877171876e+06
1.546408056589734508e+06
2.478634998916917539e+04
3.236119077344230609e+05
1.405077563973450800e+06
3.788661183742177673e+05
6.048607308740682201e+05
1.258493095350134652e+06
7.900843565499865217e+05
1.134804210245904280e+06
1.418058851721822284e+06
5.360387028018938145e+05
5.051316329760564840e+05
1.323807442012913816e+05
2.320443102497352229e+05
2.470123952276867640e+05
1.598388626700861496e+05
3.100796228186928056e+04
7.362888783507373882e+05
8.161513423117424827e+05
7.226051272805576446e+05
3.084972609548682813e+05
6.274441882688680198e+05
5.506796212789505953e+05
2.971906181860008510e+05
3.907575339035123034e+04
9.213603027990061091e+05
1.097802338140582433e+06
2.451076432257109554e+05
8.349522862390456430e+04
6.387363343489478575e+05
2.731046096118464484e+05
2.888844989846514000e+04
2.787139289071976673e+05
2.085001829733882041e+05
4.685543441625452397e+04
1.317277239701741608e+06
2.103351772113395273e+05
1.783697552333020722e+05
4.553306007312076399e+05
2.985957457756018848e+05
8.302334299140700023e+04
1.374848773234101711e+06
3.797240860215919674e+05
9.654512771215185057e+04
8.529889112833942054e+05
1.753196010799131182e+05
2.764771992682982236e+05
1.625903029735208023e+06
3.346059181485270383e+05
8.869611591439817566e+05
7.449441170865230961e+05
1.029919596947183949e+06
1.271767040991659997e+04
7.192311765613486059e+05
1.339485117051864509e+05
2.339788263464692573e+05
2.301242128243857529e+06
1.521773879252558690e+05
4.157728065416545141e+05
7.122055556600409327e+05
3.646978851248106221e+05
1.883727470021497284e+05
9.310457554734520090e+04
1.069041472082782711e+05
7.723613838343323441e+05
5.046246805956826429e+05
1.822046927452004747e+05
1.075400745821120916e+06
1.204658580950245814e+05
3.107380346751921461e+05
9.400139801379140699e+05
7.837355059896684252e+05
5.107506936192777357e+05
1.683815662737316452e+05
2.433092786190817060e+04
3.215815714210543083e+05
2.010536309373604308e+04
2.318406989010528778e+05
1.281201858204202494e+06
3.013203619021158665e+05
4.298759207772782975e+04
3.059111816474486841e+05
1.781752303118520183e+06
6.562918069408673327e+05
1.491356138174787629e+06
3.057800409707027720e+05
1.560719748950047186e+06
6.984515690968857380e+05
7.130205436064713285e+04
9.619090216717156582e+05
2.785769867002417450e+05
3.575926223206416238e+06
5.524394116688255453e+05
7.239632681276327930e+05
4.006377148869161028e+05
2.100504727546426293e+05
4.355701634385162033e+05
5.752929902083148481e+05
1.055301217709834891e+05
1.014711538801993447e+05
5.550869899604400853e+05
7.772186770655623695e+04
2.862787111829111236e+05
3.625499534289783915e+05
3.586179033327732468e+05
1.820943827358684503e+06
1.055801742009132140e+05
7.107713120792052941e+05
2.135376018895002082e+06
1.588167059916271828e+05
2.422959784758391907e+05
1.356121194858823437e+05
1.202449109432309342e+05
6.799241122534963069e+05
7.187437578446799889e+05
9.850393234914678033e+04
5.414750461904978147e+05
7.131634998053493910e+05
8.332667722065130947e+05
9.372613166632299544e+05
2.972526034524780116e+05
2.481352539716603642e+05
1.387799195834628481e+05
2.478550749601961070e+04
1.273754705620537279e+06
3.685790741783690755e+05
6.033882593766994978e+04
1.426138879791283747e+06
4.254300745509960689e+05
6.058106058351340471e+05
1.863543659221012203e+05
1.469025534662681748e+05
1.544280158320807095e+05
6.271097421816522256e+05
4.549332356806690805e+05
6.595575940382826375e+05
5.383696142920517741e+04
3.340232552141119413e+02
5.397178230111181038e+05
3.103362398388969596e+05
6.279041483787831385e+04
6.578805738458773703e+03
3.099504008522606455e+04
1.414698982445969013e+05
6.661663193384560873e+04
7.705955775832320796e+04
2.904126303317006677e+05
6.720559108917419799e+05
8.980893247801042162e+04
3.253520013889861293e+05
3.181175720920498716e+05
3.729285085626334767e+05
2.763471378743289970e+05
4.162141721067571780e+05
7.144480802693819860e+05
1.174251991450371634e+03
2.190359495866849087e+06
2.468913609556909068e+05
2.338962759792844299e+05
6.208730049596189056e+05
6.291737798171545146e+05
1.032593038861891182e+04
2.631779219101197668e+05
5.882728655088129453e+05
3.953696318802023598e+04
1.387293335812582227e+05
7.701783336114455014e+05
1.550722958663945610e+05
2.643036891974912141e+05
1.479329185935426503e+06
6.137210031164389802e+05
6.650187266749647679e+05
2.096987189197785046e+05
6.386782612450803863e+05
1.613427731280265725e+05
5.530148336843494326e+05
1.591253641821691417e+05
6.298923172899315832e+05
1.748431598692015104e+05
7.412397717798034428e+05
5.330567496453257278e+06
3.709542067435045610e+05
4.981352019318019738e+05
1.363404309075003024e+06
3.208128861428213713e+04
7.193463974589569261e+04
3.662010868577547953e+05
1.027068506389155664e+05
1.361630016863039637e+05
6.833908383754688548e+05
2.308489095122710296e+03
2.321459712380096898e+05
7.419784077023324789e+05
1.033469130313874484e+05
2.774733043230050826e+05
2.492179584056646563e+05
7.493462976792157860e+05
1.396623213943716837e+06
6.453058227635859512e+05
5.122760194709389179e+04
5.611580495980288106e+04
8.600628309944414068e+05
7.304317460386460880e+04
4.814031070422730409e+05
3.026385179878684576e+05
9.676109999226406217e+04
9.815121145265029045e+05
8.418683616108256392e+05
1.004393740300579579e+06
2.288973813746101805e+05
2.120423814108514052e+05
1.367421700096240500e+06
5.104313194854604080e+05
1.223268216524971416e+06
1.759368460636862728e+05
3.955736515461062081e+05
3.090641663624387584e+05
7.741258343523772201e+05
9.061077162360203511e+04
2.750526671994146425e+06
1.357030105905792443e+05
8.079287637212728150e+05
7.959000307685417647e+04
1.261811326397467405e+06
3.922021100925251376e+05
9.818989877305168193e+05
1.258771057603544556e+06
5.358969121417567367e+05
9.484809477388858795e+05
3.834503401243325206e+05
2.810336375338356011e+05
1.326134250112291193e+05
1.547075727784175891e+06
8.473813063344332622e+05
7.948752275867224671e+05
1.155175906557692681e+06
9.187483393690547673e+05
1.621852479205295676e+05
3.836200697496714070e+06
2.324559046854569751e+05
3.485469072947155219e+05
3.085920943483020179e+06
2.456636868536366092e+05
1.730186797411979060e+05
2.920528493275787332e+05
1.006077795778763480e+06
3.570436313172201626e+05
7.934934272911606240e+04
7.325496201073957491e+04
3.905680053206153389e+04
1.516496983558263746e+05
7.310935713834415656e+05
1.488635115000499354e+05
2.506934258062050794e+05
5.427245144152558642e+05
3.657773641887471313e+05
2.117910237318317406e+06
8.385950978908954421e+05
1.801028788756960421e+05
6.769202260175299598e+05
1.790024008112994954e+06
3.058717959385131253e+05
4.952999810141709168e+05
6.612868949821271235e+04
2.959738544351097662e+05
1.899659068583905464e+05
1.565014961082992377e+05
3.355200816191783088e+04
6.550428408842797216e+04
2.287717936867717362e+05
6.209980281682697823e+05
3.408917300884525175e+05
2.627061390313731390e+05
1.646399888819815242e+05
8.062615175692080811e+04
1.045073460327206529e+06
3.161861473161443719e+05
5.643769231880588923e+05
1.193517478593275649e+06
7.591513923297006113e+04
6.179167751420771237e+05
6.558607822616463818e+04
1.768321273821272189e+06
1.881376712710221764e+05
4.504044963415336679e+05
5.097536017726180726e+05
5.498026746760072419e+05
1.276604153170991776e+05
1.136446878192288204e+04
5.727180930946422741e+05
2.017453302212561830e+05
1.708089879739166063e+05
5.438683664859712007e+04
2.124995023306234216e+05
2.248786201873979007e+05
1.836492380569177447e+06
2.698230253374245876e+04
3.952417857602673466e+05
6.210063498564427573e+04
1.832600176587472437e+06
1.426607849332370388e+05
4.681981434099293547e+05
6.083868621298128710e+04
2.482851921066050127e+05
3.773184891161565320e+05
1.571929621197831584e+05
5.712215538626236957e+04
1.141773420466902200e+06
1.688016626026443555e+04
5.513587571959858760e+05
1.175848778160407674e+06
3.140279486358094728e+05
2.513084825961604656e+05
8.734108444783926243e+05
8.846493871984930011e+05
3.029643559206370992e+04
1.755706733141478151e+06
3.548747605768095818e+05
2.234365785204430576e+05
1.464369955372479490e+04
8.181278694332919258e+03
8.504845868674544618e+05
5.187548035422442626e+04
1.366322734318252187e+05
4.311487272040395765e+05
4.525292246273212368e+05
4.512627122414082405e+05
1.036253881325969240e+06
1.970159388276487298e+05
3.567754642757605761e+06
1.548572049588080263e+05
2.269618911236421845e+05
2.652599569941975060e+05
4.107236018996512867e+05
1.301848439329492394e+05
1.776857962526105985e+05
2.472824429249176465e+05
9.292070357364416122e+05
1.618053778115556808e+06
1.264223296376291401e+05
5.569128930461818818e+05
9.221754132966398029e+05
4.162942866012562299e+05
7.229443263546938542e+05
4.925788287039167481e+05
4.272862878898019553e+05
2.851222215013109380e+05
2.836021683184158173e+05
1.075351418952147942e+05
1.425298691932222573e+05
3.715412764558664639e+05
2.568780297683324665e+06
3.588643968019280001e+05
6.084992360800940514e+04
3.481143207835254725e+05
1.432328815893869614e+05
1.745512990055212576e+05
1.520952691566536378e+05
4.374444727574934368e+05
6.722306699386914261e+05
2.011286213222434453e+05
1.094770880381239840e+05
1.170234829181228997e+05
1.359184994954249123e+05
6.053481344668623933e+04
1.269824488908412168e+06
6.769436294372112025e+05
1.301849888541670662e+05
1.118361742826622212e+06
3.753504431315558031e+05
2.258315107833396760e+05
2.069315817043714051e+05
7.161334310350725427e+05
3.509574278087292332e+05
1.466715905014432210e+05
8.654322831861536251e+05
1.487020939976491267e+06
5.949707565046332311e+05
9.636988081846797140e+05
1.004795201517211855e+06
3.991976355645654257e+04
3.570453621328484151e+05
3.511679381251981831e+05
5.458634887518656906e+05
3.149937825345931924e+05
2.786634658442906220e+05
3.253768679433904472e+05
6.453683248780472786e+04
2.095463399049127940e+06
2.741404892094297102e+05
4.015071612193614710e+05
7.082679083617967553e+05
7.517231060357358365e+04
1.198664154329003999e+06
1.505331522760856897e+06
1.906036942756689386e+05
2.424964784495642409e+06
5.395561517736646347e+05
1.583115921366292750e+05
3.188096595938262995e+06
3.949111507826527231e+05
1.847378156129064155e+05
7.932213910575068439e+04
4.136848140457005939e+05
3.603712030172441737e+05
9.204529957388993353e+04
4.008859591811952996e+05
8.754277952873017057e+04
4.491319815221043536e+05
7.757020456978822767e+04
9.076066157429724990e+04
7.109884369783868897e+04
6.039191731790339109e+05
5.100546436239866889e+05
3.203334633098043851e+05
5.568824192580691306e+04
3.536839803541882429e+05
1.009286622038333211e+06
1.056379543416557135e+06
1.746395419419272803e+05
9.646809574114691932e+05
5.045318260281835683e+05
4.222997095779092342e+04
6.212805397680753958e+04
3.687814885910681332e+05
6.647408433966565644e+05
2.002969025947753107e+05
2.531174914827055181e+05
3.767926809272024548e+05
8.172605834340872243e+05
3.272551213453555247e+05
7.786749874331406318e+04
1.535208712087105669e+05
2.842907003947310150e+05
2.890175518245150452e+05
5.032126737166452949e+04
5.868121561783993384e+05
1.387596524971630133e+05
1.971645916820585553e+05
1.010484702108060243e+06
4.009939115452059923e+04
2.657889935073566623e+06
9.844159657899137528e+04
3.426647080658482155e+05
4.041322622248912230e+05
4.908112070903343847e+05
2.740351438199508004e+06
1.093242654917091364e+06
9.900675112629847717e+04
1.078879686506234066e+04
8.496739306985267904e+05
1.191660166065080324e+06
2.648991052773420815e+05
2.783570785952654842e+04
2.581134076607928146e+05
1.402193227618954843e+05
7.977084154300345108e+04
1.556240767978545045e+06
3.243307971104297903e+05
2.875724777188343578e+05
5.091944626347527374e+05
8.020913990974843036e+05
8.493025621716737805e+04
3.621279080864867195e+06
2.118635393680674897e+05
1.206021680252323858e+05
1.184144425180935941e+05
2.140245311538650421e+05
3.055750100594811956e+05
4.970791765211188467e+05
1.841878161043837026e+05
7.863062491027510259e+05
1.296703248607634800e+06
1.154819187601668993e+06
2.869780250166937476e+05
6.168305563096520491e+05
1.617066252367048059e+06
2.284508938049792778e+06
7.876520517925049644e+05
1.711966769604522560e+05
9.825489437220248510e+04
3.580195482181679690e+05
2.667982394270768389e+06
8.553586862430707552e+05
2.556788487004935087e+04
5.300872551357500488e+05
5.915998947591539945e+03
1.171427404566561745e+05
1.266693798105412163e+06
3.949229887163655949e+05
3.430995657716008718e+05
2.078179963257981581e+05
2.414264846298079938e+05
2.921913108702221871e+04
4.123982091049762676e+05
1.031101877217510017e+06
8.266050482937358902e+04
3.902523907305953908e+05
6.550249615658131370e+04
1.717205863541747676e+05
5.026332509993189160e+04
4.441786125263356371e+05
1.048506628587156738e+05
8.957291734696991625e+04
8.187480740817879268e+04
1.064052176833656995e+05
1.385012739454564289e+05
5.634724521142540034e+05
6.459596388213961618e+05
1.996564598718878406e+05
1.620609130503496563e+05
1.261635366407147609e+06
8.229276595017022919e+04
8.908825378846037202e+05
3.800211360536931898e+05
5.855540260390664480e+04
6.302559323020682670e+06
1.399172756687274086e+05
1.444179905398852134e+05
3.168146185771105811e+05
5.696089596214921039e+04
6.664534219239109661e+05
7.107455755909546278e+05
6.191655986278390512e+06
7.750264644834966166e+05
1.042351903797552804e+06
1.754710309063675813e+06
3.991705541722534690e+04
8.890247690086634830e+05
4.527453143135622668e+04
5.471064931842882652e+05
7.090657010828360217e+04
1.806488445891005103e+05
1.236700153679618670e+05
2.092396077716168074e+05
1.197662287194607547e+06
1.200577037913528693e+04
8.663730257031507790e+05
1.934123992144833319e+05
1.522597156346847536e+06
3.731557452908290434e+05
3.234997875240833499e+06
7.639388957342009235e+04
1.256177533673654980e+05
5.981614108547447249e+05
1.210312515492413077e+05
8.428901627838899731e+04
4.519607873664548388e+05
5.508238675785536907e+04
1.876161513766670600e+06
4.070616624998275656e+05
3.089846125215138454e+04
1.247761665982797858e+05
1.160326703826708253e+06
2.752120973503868445e+05
8.863204270896759408e+04
2.288723116324698494e+05
1.113485807290548400e+05
8.316857521775936475e+05
2.362611706114434492e+04
7.092635422225316870e+04
1.292022451679705409e+05
8.003243324871772202e+05
1.045853301404679805e+05
1.613762695016096113e+05
1.235257865119450435e+05
3.610215411537418258e+05
8.484430609775203629e+04
8.508075635239908297e+04
4.320253817526796483e+05
2.373531663897463877e+05
3.773756912012916873e+05
4.418503992393025546e+05
1.222716034225171898e+05
4.555777346826974281e+03
1.889832063294607215e+05
1.779457250327642541e+05
3.555385417558009794e+04
1.234571786912130774e+05
3.025934640543971211e+06
3.686263824841262540e+05
1.492784512091535908e+04
7.565268880011201836e+05
5.857942555094436975e+05
2.346683201784426346e+05
1.149461345469003078e+06
1.905163209605696378e+06
1.370256817486934306e+05
1.598693068074590061e+06
1.703847784209234524e+05
2.055854733787420671e+06
2.029664080011876067e+06
2.793363148439803990e+04
2.508066040232896339e+05
2.971812731475661349e+04
1.246977199962925166e+06
1.396602508412991301e+05
1.395114168585736770e+05
2.870707162875268841e+05
6.514548047281550243e+05
5.033566060901234596e+04
1.207663728483568411e+06
1.846141556364507414e+06
2.541822306683384522e+05
6.794234987704973901e+05
3.129277582191984402e+05
5.237692276092724642e+05
1.082782944971135876e+05
4.711271106539342436e+05
4.024470471022785059e+05
5.659201111007887084e+04
4.178479745719551574e+05
3.844805306774921482e+05
3.438915358509310754e+05
3.437642823402495706e+05
5.829894366797070252e+05
2.022257951358942082e+06
4.414280331359329633e+06
4.453883183453448582e+05
6.351232043986226199e+05
8.013789748049617629e+04
5.749737077561810293e+04
1.742177263798042259e+05
8.481017634034993825e+05
3.177431329156928114e+05
4.414999993958896994e+03
8.394291516139876330e+04
1.600225045141198789e+05
8.050802425918796798e+05
5.180782701736285235e+05
2.880174244404414785e+05
4.761406314208833646e+04
2.164506324279984983e+05
1.064470700445652474e+06
1.586387087054744596e+06
3.809098429843623308e+05
2.692432104529125500e+05
1.358564678841352579e+05
1.164344556621685158e+06
1.522105423823018791e+05
1.342270183050327469e+06
2.991044058743072310e+04
6.368864399752718164e+05
1.803572000831160112e+05
9.689323524083240191e+05
4.065657920207217685e+05
1.110499134264835157e+06
8.788836928528606950e+04
1.129541887068861834e+05
1.036209399965375342e+05
1.433074033970307501e+05
6.043596950590353226e+05
6.851420712888872949e+05
7.595354657878857688e+04
6.731331766952127218e+05
1.168331392078665085e+06
1.411765282966381870e+06
4.818584563338311273e+05
2.433783728565244935e+06
6.232664319311775034e+05
2.484581803924721316e+05
9.260754282685635553e+04
1.965951001029563122e+04
5.884150450873931550e+04
2.704109824382464867e+05
8.447950746967372252e+05
1.358057040762788092e+05
3.465565371645895764e+06
2.388812187185891089e+05
3.671541527805205260e+04
2.435534914705889532e+05
2.413761711199205602e+05
2.371557001075353939e+06
2.134617329826260917e+06
6.461655990580430807e+04
2.480179662284086924e+06
1.468926362861632137e+06
8.499016529970703414e+04
8.203205311967557645e+04
2.326255935371133382e+05
6.813265591159710893e+05
2.154837238502548542e+06
1.621254078910765820e+05
3.141843057509995197e+04
5.793690080649090232e+05
1.055516513775136118e+05
5.136145508372231852e+05
1.585300779922888032e+05
8.473925501955202781e+05
3.684106907209414057e+06
1.177252572101299884e+05
1.445161573597251670e+06
1.146648435221750755e+06
8.393190503986299736e+05
1.641304915845476789e+05
3.004733873572081793e+05
7.473131177104689414e+05
3.225397784351042937e+05
6.484263700082647847e+05
1.480166706133212429e+05
1.518130007760944136e+05
5.599828459630170837e+05
1.547394636284685112e+05
8.520721590834348171e+04
1.873664970750014472e+05
1.643339883443913131e+05
2.915295079631271306e+06
3.135318476297826041e+06
2.040085971529595845e+05
7.968640974301282549e+05
6.910423981515762862e+05
2.521926599354742502e+05
7.693483528665571939e+05
3.195685677401962457e+05
9.688484904094337253e+05
2.489340758286920027e+05
1.756677809626332019e+06
3.928232933608692256e+05
2.883173057037571562e+05
1.311418122877178714e+06
7.386105107675904874e+05
5.450366968364506029e+05
4.465481937948992709e+04
6.778393237093810458e+05
4.231587013152419822e+05
7.420849054297177645e+04
3.519116130335220951e+05
3.839576900667915470e+05
1.272827917689660389e+05
7.645382607277752832e+05
1.823485227015363635e+05
3.108376015876918100e+05
5.928816637831907719e+05
5.321819617227307754e+05
4.960708488126369775e+05
7.424911951926289476e+04
7.951841493119142251e+05
3.456780821113286074e+05
2.932857859229867347e+06
1.314581116323809605e+06
4.315015131259260233e+05
8.097416211559408111e+05
9.984452271287719486e+05
3.565187405202984228e+05
1.557711644555438310e+06
5.894821529435371049e+05
5.700936694263105746e+05
1.537871252266716328e+05
1.680025348458170483e+05
4.262031028136788518e+05
1.191529570683310740e+06
3.819286947322500055e+05
2.365770208856884565e+05
4.777242131093343050e+04
2.058043964780812676e+05
5.231684047668447020e+05
3.119036977466750541e+05
8.272642405945915962e+05
2.310312814063572660e+04
1.292524677417832863e+05
3.190813264463616651e+05
6.583731774334221845e+05
1.272937704855440417e+06
9.841866861569460889e+04
6.359703492568023503e+05
2.566344063890599937e+05
1.084562698223513435e+05
1.580134668219855521e+05
1.945110414650324965e+06
1.031310297850535018e+06
5.736837382255458215e+04
5.169550607935709879e+06
3.122606073711779318e+05
1.430368256347009912e+06
2.381944707139824051e+06
4.595866186937866150e+05
3.468743830052533885e+05
5.731566235715771327e+05
7.318773278329332243e+04
6.508295473162449343e+04
8.871326006185573060e+05
9.635007980985959293e+05
5.530336411914876662e+05
1.657867009766098927e+05
1.189072328054299578e+05
9.765861508656296646e+05
1.001701465167987335e+05
1.174688062944751699e+06
7.626294170391628286e+05
1.195273521758839779e+05
8.489852232325918158e+04
3.393404197445379570e+06
8.103269490861542290e+05
7.314162933309921063e+05
6.338741248362725601e+05
1.240594655994442292e+06
2.881165516011635191e+05
3.700820996137509355e+05
7.504555291918211151e+05
2.415670012831806162e+04
2.207209397200176492e+06
9.414350346140081820e+04
2.052576413180842646e+05
4.545374440690869960e+04
4.157952998922957340e+04
9.840127718052844284e+05
3.559837609711224650e+04
5.292458353896657172e+03
4.147888113765552989e+05
4.983370515109981410e+06
4.349839496860921499e+05
1.728084861968480982e+05
1.346135660341015609e+05
1.708786791184955742e+06
1.880700344915032620e+05
1.983674934036739432e+04
8.859463032401693636e+04
3.401632180892311735e+05
5.163780941071843845e+05
2.127624706289845519e+06
4.386076517560125212e+05
2.724391805783888558e+05
1.260658857969558798e+06
3.924485676390819135e+05
3.381216098653049557e+05
2.146984433356970112e+04
6.106979556895614369e+05
2.937514668526772875e+05
1.326408960242009256e+06
3.276380112815187895e+05
1.822067513832024415e+05
1.538221613779453910e+05
2.121535347921244393e+05
1.568622292811472435e+05
3.657657855154297431e+05
2.380840846865280182e+05
4.765733648608021758e+04
1.705102971674776869e+06
8.863924845308427757e+04
6.158239863659876573e+04
9.638623884897244861e+05
8.455679192757242708e+04
2.206711925832325942e+05
4.621295555318918778e+05
5.287993337195143104e+05
4.335321048649813165e+05
3.207665310857000295e+05
2.604735606648127578e+04
1.771130868082046276e+06
1.303114965404136805e+06
3.511430496121500037e+05
5.281624101435063640e+05
3.450747108496186789e+06
3.674580231692516827e+05
5.195970580517498311e+05
2.039592781780324003e+05
2.263165310744762246e+05
5.061446091664442210e+05
3.393562427965878509e+06
3.548778132020995487e+06
2.701067152391128242e+06
8.043257257856953656e+05
4.857312807433334528e+05
2.350940249686360476e+05
4.221331226840050076e+05
2.475917857805411797e+06
7.916289237971511902e+05
2.124795438525746576e+06
1.082944088985138806e+06
8.244661545871796552e+05
1.568954100259314582e+05
8.351149154678331979e+04
2.127371800953528873e+04
2.700350590850186534e+06
1.511039388256599777e+05
1.881484521462739212e+05
4.680440813013374573e+05
1.796782577102045761e+05
5.897318675591918873e+05
6.142950373663379578e+05
9.612303217383065494e+05
1.045787863314761897e+06
3.130133968252316117e+05
3.309959240082713077e+05
3.716904229446845129e+05
5.439562071729633026e+05
8.341994453252481762e+05
1.057272841437810799e+06
4.553954189575578202e+05
2.479657275425402258e+04
2.344530215229628608e+06
8.468711755116207059e+05
8.308965697397729673e+04
1.169667273965082131e+05
5.830815191765209893e+05
2.415757354799978901e+06
1.906928251408391807e+05
2.456745335459508642e+05
5.600652414203073131e+05
1.283712577445164934e+05
2.784138386285436354e+04
8.218660588953810511e+05
1.049159346513073979e+05
1.021942470030116267e+06
1.964440402797735995e+06
2.491373410553991853e+05
3.188573882979406975e+06
4.766480449365176610e+05
4.120400740892247995e+05
1.052277335256987717e+06
4.960013165540429181e+05
1.141371364625236252e+06
1.439705531570988533e+05
2.493173342474334640e+05
1.446661499104078684e+05
2.759227842019003219e+04
4.525057528619550285e+05
2.195085130155074003e+05
6.529347594115313404e+04
1.536896324656341691e+06
3.105472535370899714e+05
6.744141318194252672e+05
5.502801716927792877e+05
1.333895959055362619e+05
2.617107821263662772e+05
6.576743574434840411e+04
1.054077000992932590e+06
2.199771224477968935e+05
7.587873843916387705e+04
8.838665304740450811e+05
2.436425258688427275e+05
1.264093899670704501e+06
1.132688518060241040e+05
3.139927590487304769e+04
5.948203809916897444e+05
3.110206252113642404e+05
3.572761678454572102e+05
7.458508833547898103e+05
4.855406473435066640e+06
1.546853869812141347e+05
2.186604766483067069e+05
4.833771584917966975e+05
1.140271371301614818e+04
4.853565669648281182e+05
5.425384632322411053e+05
3.852243971985117241e+04
4.052233685438102111e+05
1.832667901314393966e+05
5.333865900877132080e+05
8.247542094956052024e+05
3.547391092561754340e+04
1.671645005197336432e+05
4.472999315469854046e+05
2.565720469766321476e+05
1.424369396665320091e+05
7.993896244693147019e+05
1.938653106088839471e+06
5.000930268946960568e+05
3.966273699735964183e+05
6.198877857689972734e+05
2.375600196628713515e+06
3.309296364795841509e+05
3.249427012025897857e+05
1.783203055682907871e+05
5.559999278064371319e+05
6.037984482423943700e+05
7.012350734966234304e+05
6.040829260556466761e+04
3.233000935972007937e+04
3.264297055277786567e+05
3.132149226541940589e+05
2.514975186265194789e+05
8.910768134658108465e+04
9.637450554576706782e+04
2.224834501295066730e+03
1.620963221823078929e+05
1.922633279377055296e+05
2.698713672626131214e+06
1.467020644031505100e+06
2.710103260650889715e+05
2.534683614805686229e+05
3.882489554546601721e+05
2.492850833813861245e+05
9.696408303485678334e+04
8.092840383149859263e+05
9.592070681141351815e+04
2.772952124195003998e+05
1.905263149878385011e+05
2.451184909160937532e+05
3.750385057276198640e+05
3.604418101513182744e+06
4.781817736400637659e+05
9.204015150814817753e+04
4.145316367529245908e+05
5.282658197310335527e+04
1.026702020772298332e+06
2.183830511647454696e+05
2.410076256317318766e+05
7.719184486534825992e+05
3.387124386399045470e+05
9.908991732768449001e+05
1.069872284262113739e+06
1.614019629388476314e+05
3.595554198645225260e+05
1.438763045643001096e+05
5.362389553141370416e+05
7.219562117816046521e+04
1.439696861168679316e+05
2.702327352473611245e+05
3.804364582517825183e+05
9.906932633727981010e+05
6.896538150540229981e+04
1.669119994975703012e+05
7.514575041823992506e+05
1.536815805295027792e+06
6.074814331419288646e+04
1.540461922029990819e+05
1.985889552052296058e+05
5.554062325972138933e+04
9.356311868725415843e+04
1.413018882394443208e+05
3.176991439844984561e+05
1.854171159637455130e+05
2.194347125376641925e+05
2.900722419477935764e+05
2.300491784160710871e+06
1.504479358316448343e+05
2.220588574822816372e+04
6.477943403948156629e+05
4.843338068148082122e+06
2.355310329342023004e+06
1.756597877079466416e+05
1.464500922402126598e+05
1.498306694609301048e+05
1.804189480354145926e+05
1.050969918428119272e+06
5.075724929828331224e+05
4.376230480932207429e+05
5.423107253819440957e+05
2.622583968344744644e+05
6.028403668728268240e+05
3.624942067113058292e+05
8.658620548717243946e+04
3.496762335348390043e+06
4.711606636057430878e+05
2.312901452146993252e+05
6.908994291562478757e+05
1.188490633170097833e+06
4.968990281169889495e+05
4.563755802287819097e+05
5.094500827925186604e+05
2.064771975968501647e+05
1.974491349299330614e+05
1.607173948754384182e+05
6.243600120338216657e+05
3.270083387920978130e+05
5.321903305210728431e+05
1.180518451192321023e+06
1.372923682873580256e+05
7.054790878673225234e+04
3.796743927064448362e+05
4.915403089890806586e+05
3.803406336630866863e+05
7.141663222010849859e+04
3.471809399975821725e+05
2.618316072282467212e+05
8.961575432353061624e+05
3.908980886108475388e+05
4.637989543982434407e+04
5.163364346197813866e+05
3.442425112722913618e+05
4.393195867137349560e+05
1.318649536504088028e+05
7.722389658521814272e+05
1.320819735063099324e+04
7.962210964736380265e+04
1.867175846050275723e+06
2.037689744343982602e+05
1.852513252543297596e+06
1.212796080142161809e+06
7.425026421176779550e+05
6.288589140459653572e+04
1.997060889265658916e+05
5.543937907496502157e+05
2.451328711247967440e+05
8.263759710306574125e+05
6.405163949875209946e+05
8.131197312138382113e+05
7.216414723735609732e+04
1.295260266485658794e+05
5.983900344615374925e+05
1.012477461596245557e+05
9.887528346824846230e+05
2.556567468767969112e+05
4.522635322059853206e+04
1.371682209492118564e+06
2.887966124034618260e+05
4.227557020532657625e+05
2.401666013366885309e+05
3.655386140134535381e+05
3.273633728475762182e+05
3.941143067325234733e+04
1.269316186376624246e+05
2.548250485292708909e+05
8.976737804458346218e+05
1.917742483480883297e+06
5.513776205292452360e+05
3.621317345724076731e+05
3.113817218394660857e+06
1.168912937826325797e+05
1.965137111025431426e+06
2.535006740305611675e+04
8.304393291045620572e+05
7.491793028842294589e+05
7.121692005063603865e+05
2.213080328160554345e+05
6.412173493605077965e+05
3.925458640973779839e+05
1.279686717197258025e+06
4.097037147947898484e+05
1.773072218075513374e+06
8.758112303194719134e+05
2.706777955990476767e+05
1.339369527842370735e+05
2.471345478424966277e+05
3.849237647945675999e+06
2.596737672342869337e+05
1.560551794253563858e+05
2.419073860686784610e+05
7.183952408833082300e+05
4.669813923619228444e+04
4.305670937093954533e+06
1.051204053361481638e+05
3.830912882635825663e+05
1.818587873029455543e+06
2.059906237149025546e+06
3.710094369750681799e+05
8.193095905411057174e+04
2.539639697069210233e+05
3.750624286760624032e+06
3.842622986379900249e+05
2.912026744301623548e+05
2.151557175821629062e+05
3.913158091548475204e+05
1.483578836849818937e+06
4.655707109990629833e+05
3.227458983068085508e+05
6.495097840197745245e+05
6.553047098340602824e+05
6.333552326733364025e+05
1.602232034650189569e+06
5.774658434920244617e+05
5.974695831952714361e+05
2.870726417815207387e+05
8.162866101202005520e+05
2.825189276080952841e+05
5.749587820585662121e+04
3.720684335001063300e+04
2.715951087508039200e+05
6.193103328493596200e+04
4.389787250048901187e+05
9.836407591755662579e+05
3.899761619224816095e+05
1.649684928367887624e+06
1.632364880126449279e+05
1.620960491039819026e+05
8.888612973584984429e+05
2.115324523123950930e+05
2.243836107964031980e+05
9.316094201041678025e+04
3.825893074874927988e+05
4.550039741180245182e+05
1.955589335157379101e+05
2.794234084497708827e+05
6.886584177909184946e+05
8.865119485240145586e+05
1.615234694656041393e+05
4.250129913264433271e+05
2.638670918377896887e+05
8.909598664009121421e+04
8.239940560207095405e+04
4.417956334175344091e+05
4.229013156670649187e+05
1.806539170080675976e+05
2.809759808231202187e+05
3.704261864260942675e+05
4.871662568952415022e+05
1.461197891458631493e+05
5.638910510099954263e+04
9.904236733754197485e+04
2.783498935222926084e+05
1.048797997967662988e+06
1.398836735237570945e+06
2.873015824722221587e+05
3.697233690648774500e+05
2.704704468152283807e+05
1.963366111957039917e+06
3.693897234664382413e+05
2.875866810214035650e+04
2.215739877216070308e+05
1.052306807952017116e+05
1.774833606673446484e+05
1.942269402030629863e+05
1.696847986140161520e+05
2.220295158595069661e+05
1.325089740897699492e+06
1.414300035104891052e+06
3.759898438236886432e+04
6.862356110669269692e+05
4.749041627720989636e+05
7.602771457287115481e+03
1.206671748550389428e+06
5.907000928812520579e+05
2.264684762608123710e+05
9.876777759385231184e+04
1.270466327095292043e+06
1.493011543546554458e+05
6.191887179973825114e+05
1.067080411850288976e+06
5.346686366870407946e+05
6.381402585706142709e+05
2.026699637701895263e+05
6.813348539073573193e+05
1.048979524107164070e+04
6.291637086198186735e+05
1.636977414883350721e+06
2.436610804207396868e+05
3.166609451942640007e+05
3.226016205129928421e+05
8.916501327344488527e+04
6.138121062748490367e+05
3.554916688275643974e+05
7.146248489916798426e+05
2.192253323274955619e+05
2.215211596183685760e+05
2.556652957142163723e+04
8.333441582740706508e+04
2.162232459403410321e+05
1.371363042465064209e+05
3.534482838809140376e+05
5.011252264681053202e+04
6.908075840755830286e+05
4.569280889863334596e+04
2.585433327761485416e+05
3.437467568926788517e+05
1.018576609840105870e+06
4.247679812086456805e+05
3.607223889966648130e+04
3.702516323641219642e+05
5.473945898392816307e+05
2.413519140805587522e+05
1.212589131640343257e+05
1.303061801495211403e+05
5.303673684891482117e+05
9.262571322159963893e+04
2.886032524985815864e+06
5.689887263638662262e+04
3.208170465894072549e+04
8.802627913604986388e+05
2.563149934617391409e+03
2.685395915958549085e+04
3.563888800336603890e+05
3.917999941051945207e+05
8.461282611481348285e+05
3.337336532000851003e+05
7.118736258622230962e+05
1.627007525084262306e+05
5.675583867853020784e+05
1.552159547698473616e+05
7.571858413347147871e+05
3.361146715871375054e+05
1.166173481788283680e+06
1.974086633893243852e+05
3.382925347687680041e+05
1.834657150209818210e+05
1.939881821376569336e+06
1.484305425524026796e+05
4.915111258179919096e+05
1.540345664188922965e+05
4.348091437981175841e+04
1.698638707855924731e+05
7.202630898476715665e+05
1.386861394405577739e+05
5.497240009372138884e+05
3.775132146363854408e+05
3.927499767962549231e+05
8.812601189517660532e+05
1.319562473749358614e+05
4.348522015428849845e+05
6.023338863048644998e+04
4.281846820838720305e+05
3.084224327814212302e+04
8.409061263801892346e+04
3.989414826933310833e+05
1.420979045570465038e+06
9.156390613728604512e+04
5.543654260809893021e+05
4.798925695260288776e+05
9.520773530293612566e+04
6.435398015324216103e+05
1.306627220434966730e+06
1.120564510846436751e+05
2.682626320894884411e+05
3.151482997442904161e+05
6.059931872727476293e+05
5.626603059830953862e+04
7.544180120451992843e+04
8.542776116897304310e+05
1.096555132353637164e+05
1.341315151142297313e+06
2.291770512562286749e+05
2.682981943751763902e+05
3.750728976440660190e+05
1.730919890448967053e+05
2.115735738574664574e+06
5.626562436169391731e+04
4.870951233281001332e+05
5.361368825609424384e+05
5.659113881673626602e+05
3.619141933602948848e+04
7.572876284155388021e+03
4.312966195899886079e+05
3.643534686302492628e+05
5.801693418079690309e+04
1.961859426651258545e+05
3.016548253883992438e+05
2.364448399396570167e+05
5.604947250759561546e+06
2.558393883760869037e+06
8.601043901595246280e+04
5.488820640842937864e+05
6.227867881844138028e+05
1.624610306722392561e+05
6.840253326233286643e+05
2.693607131039895467e+05
1.272621710790030658e+06
7.608408319373506820e+05
5.802626411574918893e+04
7.666738767631477676e+05
5.714145680189949926e+05
4.052760453561105533e+05
3.038954499183073058e+05
2.561634942707310620e+04
2.943507110603780020e+05
3.124468594077074435e+06
1.979604450617834227e+05
4.828275614150338515e+04
1.949981888433468703e+05
5.133787652817112757e+03
1.222152832884009928e+06
2.472550115482313849e+05
1.112973817382576410e+06
2.626533458689160179e+05
8.594908895167531446e+05
9.799017791088274680e+05
7.244314336930789286e+05
5.868596258426044369e+05
1.335531858036196092e+06
2.065116861025865073e+05
1.171524410096696811e+05
1.541390059759153752e+06
2.046487599355179700e+05
3.182752470179753145e+05
1.113531898352465796e+05
6.741806437841062434e+05
8.070993306726762967e+04
1.116999667778601142e+05
8.736758816861421801e+05
3.332363862244104967e+05
1.303512032926485408e+06
8.728123227478725603e+05
1.094548558647927566e+05
1.579119617631435860e+06
6.926468898378879530e+05
5.034686094087277306e+05
1.328947841279882414e+05
6.773093186657202023e+04
2.271190568693434470e+05
7.930382341363388114e+05
1.559339913295749808e+06
2.806295785383583279e+05
1.597797026096715126e+04
1.622318867429090315e+05
1.242868763243530557e+05
1.603369429138110427e+05
7.571349705635171849e+05
1.820265300496370473e+05
1.132544090252834372e+06
1.054629095630114607e+05
3.050150954060938238e+04
8.951602484131191159e+05
3.490573493627380813e+05
8.899681963701956556e+04
3.590012869877163903e+05
4.647272982319968287e+04
2.794477531914086081e+06
7.791362029261395801e+05
1.825592210155453999e+06
3.638370889923127252e+05
8.283583101427377551e+04
2.536296084162878979e+05
1.196178186871451035e+05
1.233093069749284768e+05
1.286337819085789379e+05
6.390731934271561913e+05
3.842788155993227847e+05
6.918967448329753825e+04
2.198868859204257387e+04
2.093729603382660571e+04
5.316171617486046162e+05
2.770442607659809291e+05
9.705818791825683729e+04
4.553131838770413306e+05
5.886300837275602389e+05
2.887547579102106101e+04
1.509810225276258134e+05
1.777022926601535873e+06
5.084126253101553884e+05
1.090369308815013355e+05
2.884553968491671840e+05
7.574094655435207533e+05
1.910488821682263864e+06
2.060860124807396496e+05
1.132550555229510879e+06
4.921118987331676180e+04
6.505380489542128053e+05
1.157042363643315621e+06
1.223777457383149071e+06
3.600398043742285809e+05
1.158628787144672358e+06
1.983707812299689976e+05
1.117609346743352507e+05
4.291500950071807601e+05
4.918130057650665985e+05
7.348549385502131190e+05
6.083230027416484663e+05
6.991109578322035959e+05
9.646081042629745789e+05
1.205593197040448285e+05
7.060677871739641996e+05
2.759675571307617938e+05
5.560960332747579087e+05
6.292845639607763587e+04
2.349234000185282493e+05
1.903768572259535315e+06
2.593377119620297744e+05
1.260591295981974545e+05
1.583855052153997240e+05
3.692729839894943871e+05
8.248939264752877352e+04
9.090653176043080748e+04
1.021509041278151097e+06
2.855487392791425809e+05
5.724932651147841243e+05
3.542294072255225619e+05
2.358091914777771453e+05
5.909671011883696337e+04
1.506066386681855329e+04
6.222090076493175002e+05
1.982792341190194711e+05
2.981063013833780424e+05
2.023968791304174112e+06
1.764208222961712454e+05
3.512650058800415718e+05
1.009903291514491430e+06
2.896229851873848820e+05
5.876226277939996216e+05
3.547249444451847812e+05
4.876475361956483684e+05
2.338393159820060246e+05
8.167557420951900713e+04
1.382385231156679802e+05
1.505567066447708057e+06
1.155783931275914190e+06
6.992598911171139916e+05
7.585732552423595916e+04
1.370586034437304479e+05
1.974236435272470699e+05
1.299681087019636470e+05
2.569883763779525761e+05
2.050455778010568247e+04
7.349406092181802960e+05
6.228606626697942847e+05
2.741703963525790605e+05
5.270404028434365755e+05
1.847069527691401076e+06
1.410282881725240150e+05
6.428115169418961741e+05
2.175084059066195332e+05
4.373622292535742163e+05
1.973240186883552524e+05
7.902171198925932404e+05
8.315323835952527588e+04
1.254910604510841658e+06
1.487540446836620395e+05
5.015652719274813717e+04
1.929403273236909590e+05
3.255351547930904781e+05
1.984552915820265189e+05
1.334065287821159582e+05
7.055501898438214557e+05
1.339115210210498655e+06
5.998279876365779201e+05
6.574809453158448450e+05
9.693814494077474228e+04
2.386332419442509035e+03
4.830150944466028886e+04
1.384150788189545347e+04
2.939296101989801507e+06
1.706935066565114306e+06
1.997054668417121982e+06
1.145680555365402251e+06
4.023675492922634352e+06
5.103529533047751756e+05
3.372589604227517848e+05
8.087197654988797149e+05
2.389825694487478177e+05
1.785069635465988249e+05
9.835507799864088884e+04
1.888264051163013210e+05
7.703130549991401494e+04
1.181483593964677770e+06
2.921465034368085908e+05
3.220258109966855263e+05
1.041795074008261319e+06
3.277004138554428937e+05
8.157468631369284121e+05
8.454893961808340100e+04
7.445814901776724728e+05
8.198206702702713665e+04
2.937861361742822919e+05
2.276662463621862116e+05
2.577525092346373422e+05
1.821006409349585301e+05
9.246729496132862987e+05
4.642198431947033532e+04
5.603476627044203924e+05
3.785981560814186814e+05
5.370802732558029675e+04
2.072974157864425215e+05
2.949437898802246782e+05
1.211353312273435586e+05
1.472306663063068991e+05
1.828628555401914928e+05
2.082971661205097917e+04
2.477275690543840756e+05
4.676161803396778123e+04
1.522279279506260995e+06
3.454749951724343118e+05
1.286419109857323812e+06
2.454772670873090683e+05
2.258119223605360894e+05
1.826550282322642452e+05
7.312160607582848752e+05
1.955484800662412308e+05
3.824221923525753664e+05
8.492152239654647419e+05
5.413684062510208460e+05
1.804926050670259574e+05
5.879757219039694173e+05
6.387416965625548037e+05
1.001052241714902775e+05
1.968020523049296389e+04
3.576836630599077325e+05
6.062064982064722572e+05
2.743489378990824916e+05
5.255967877972136484e+05
3.937498075134815299e+05
4.467941068514793296e+05
1.462688309268886514e+05
3.644325832082094857e+05
2.445397907031366776e+05
1.668926990739229077e+05
8.737875641041774361e+04
2.797483071543624392e+05
2.710915528083000099e+05
9.650547822947982058e+04
9.960732427069013938e+05
4.689749814231896889e+05
1.247678168330220040e+06
4.871107027286749217e+05
1.920717657832890691e+05
8.777817902044432703e+05
8.627546466120993136e+04
4.739639721593014547e+05
1.196421729725461773e+05
1.637944731225325377e+05
4.881812411937207071e+04
1.311288153687540442e+06
1.883342118333101505e+06
2.910863376607700484e+05
6.133670375343867345e+05
7.401588346786287148e+05
1.698932108045446221e+06
1.193896296485622413e+06
2.592107400046474766e+06
2.066300575948412006e+05
9.280349219881632962e+03
4.383266570913474425e+05
7.021177371730587038e+04
2.631906508826018311e+06
2.953087383594909916e+05
3.334418617498444655e+04
3.870469895482143620e+05
7.028269389953519567e+04
8.574000415604923619e+05
1.503062588346804550e+05
7.172693621370806359e+05
4.664768736431500292e+05
1.032089481474562344e+05
5.860458400676943129e+05
5.610780751365467440e+05
3.649603169737776625e+05
2.824316505560944206e+05
3.723877115650170163e+04
7.480504462428402621e+05
7.592088017282290384e+05
1.373972225451213599e+05
2.119897287500280072e+05
1.379180277854044980e+05
1.326231011063136626e+06
3.745579221367292339e+05
2.094299959427942522e+05
6.584369178561475128e+05
5.441325124926170101e+05
6.677533849064925453e+05
1.659645954037896590e+06
3.849780946961084846e+05
1.259921353538046358e+06
2.005126279508366948e+06
3.419915623172213236e+04
2.262970626303873491e+06
1.305776800584782031e+05
3.551389360060627223e+05
5.082545634874196257e+05
4.978659085423799697e+05
2.243888508512846020e+05
8.772884658483462408e+05
2.903349549100489821e+05
6.402933705015548185e+04
1.353553735902340151e+06
9.441052106912483578e+04
8.310040769164987432e+04
5.306922253607839812e+05
1.036312070153819514e+06
8.259781824225754826e+04
4.811240382923804224e+06
1.652389870769249508e+06
1.079664699292347068e+06
8.227992548119244166e+05
4.931036311107244692e+05
1.709751719243316038e+05
2.043919953025181894e+05
2.024237009354374837e+06
6.330365544509679603e+04
5.731242981980895856e+05
3.370238621414072259e+04
3.688144207178433426e+05
4.523027970086684218e+05
5.662408401929665706e+04
3.083186760372747085e+05
5.769564195280262502e+05
5.907158174022675958e+05
1.907979494768144214e+05
5.343475846209564479e+05
2.291527758637192310e+05
2.606216765662372112e+06
2.733780284128078492e+05
2.002532413417522039e+05
4.509474346609362401e+05
3.647438766454065917e+05
1.348946392095462215e+03
3.580095079992487445e+05
2.526361197664114297e+05
8.021864847956196172e+05
1.511815760119410115e+05
1.874692408949642049e+04
5.371454488832903007e+04
8.973051237203823985e+04
2.819442642621619627e+06
5.966541122630846221e+05
5.163971663293607417e+05
1.412014860661630752e+06
1.170363601773226168e+06
5.399935619585752720e+05
1.121311556570394459e+05
2.644493802359069698e+06
4.439695489871389873e+04
2.986404549216340529e+05
1.504753516102322901e+05
1.879605935305590901e+04
2.128483867901036574e+05
1.166466662132762722e+05
2.751067673986952650e+04
3.299245646755318157e+05
4.074493861397692672e+04
3.232502976926877163e+05
2.471664165524968121e+05
4.368498901885850355e+05
4.249013426025652443e+05
3.191773894758987008e+05
8.274274345014115097e+05
2.069072538961475366e+05
5.301252848000507802e+05
1.043502635562753072e+06
5.575783949194134912e+05
1.062694390034550102e+06
1.539971415009062621e+05
5.636020433016110910e+05
3.158946254987023422e+05
2.872582722211795044e+05
7.935593238709764555e+05
3.424736358621008112e+05
1.259609536140115932e+06
3.702420763265971909e+05
1.382598193407989165e+05
5.893022450290384004e+05
9.560608772202712134e+04
9.547462830625730567e+05
1.871885863588885870e+06
1.706707152862887015e+05
7.207930027482528239e+05
2.537296501787034795e+06
3.787728785769998212e+05
2.376006542687733890e+05
1.649269268019630108e+05
3.714324653754899045e+05
6.107144567200258607e+05
8.628437120965364738e+04
4.541322225925421808e+05
9.535864408769740257e+05
3.554649175356766500e+04
9.686684520536360797e+05
1.078883016287751088e+05
2.478514775636869948e+06
1.768013221839843027e+05
1.536530512690179748e+05
4.119576897968283738e+05
1.011193011241740664e+06
2.670751584544986952e+06
5.020027325798904640e+05
2.302620733293347585e+05
2.913214762812006520e+05
2.575595358203952492e+04
6.591551895339576004e+04
3.723655465049321356e+04
3.845634967186497670e+04
2.873376137738321559e+05
3.098507981746190926e+05
3.226087388137559406e+06
1.980004830763669685e+06
5.248367988655835507e+04
2.023330877806773642e+05
1.710948838517152763e+05
9.488234370047420962e+05
2.171691376478098391e+05
1.447391536103094695e+06
5.589272192595924716e+05
1.535384801074326097e+05
8.199747378922505732e+02
3.395246939391099731e+05
1.613253383237187983e+06
1.256278811227996135e+06
5.186391084450680501e+04
1.513237859004195489e+05
2.059621194359561196e+06
3.183132687584641390e+05
7.599061899407270539e+04
1.069499811302358517e+06
5.207056158326738660e+04
2.394467724829403218e+06
8.824088862148411572e+05
4.290290047125825076e+05
1.910580114296897082e+06
1.670333300121792417e+05
7.650980970909888856e+05
4.997699912161453394e+05
6.820632374815533403e+05
1.283275874512931798e+06
9.132032942744051106e+05
3.257226331236363621e+05
2.092734881060946209e+05
1.419612940645244438e+06
5.904289191915404081e+04
1.166752650908682030e+06
2.823492329022304621e+06
2.775043741349463235e+05
1.534252727902081097e+06
4.974457731272653327e+05
5.228236313283505151e+05
6.711039526842008345e+05
2.359193646741449265e+04
3.325264076211425709e+05
2.092013501811201277e+05
1.266336656009877799e+06
1.771555655014582677e+06
7.005898500658515841e+05
1.334099026233744225e+05
1.248964898662434862e+05
6.090206883929917822e+05
9.853722633261086885e+05
9.741383741485947976e+05
8.003190427245396131e+04
8.788621584958791500e+05
1.286531021426231368e+06
2.750576440547707607e+05
5.345252193924412131e+04
1.033673160142200068e+05
3.206876138522814144e+05
2.283783266751191113e+06
1.443267904633488215e+05
9.375715272761331871e+05
1.072245718121657846e+05
2.900668171871756786e+05
3.947951537785095861e+05
3.107816113745982293e+05
7.520005898301221896e+05
4.503308745299401198e+04
5.361152891264585778e+05
6.162229514770422829e+05
4.963558692506079096e+05
3.291857797926595667e+05
7.398923894355900120e+05
7.945669562163829105e+05
7.665699916388028068e+05
5.577713549938780488e+05
5.311718893021262484e+05
2.077832332414303673e+05
2.014957513715540757e+06
2.350761504585453949e+05
1.345294972607388918e+05
2.237351729283152672e+05
1.561676681557648117e+05
1.297307744659140917e+04
7.479494793450622819e+04
3.622478645606808714e+05
5.310877527134174306e+04
1.609331855736305079e+04
5.497131828319268534e+05
6.378136344995938707e+05
1.665805284297284670e+05
2.919689403576172190e+05
1.189990181133730221e+05
4.172349138037287630e+05
8.111106755375293687e+03
2.117828776969829574e+06
6.149564469520952553e+05
5.148183165852893144e+05
1.374541956123314332e+06
1.268773476133992808e+05
7.008002490672096610e+05
2.724324785073552281e+06
4.369879214774335735e+06
2.373952047925342049e+05
1.240480902425657026e+06
6.092315785785822663e+05
5.160060482513161332e+03
2.429237333775219449e+05
5.469246465978877386e+05
1.200498061353912053e+05
1.490292261744494317e+05
1.557770285288996238e+05
3.069265832877560169e+05
1.872298749425428978e+05
2.979806887183180079e+05
7.758556157503109425e+05
3.769678899903726688e+03
3.656088588055007858e+05
3.941910669493151945e+05
8.159542706122895470e+05
9.565910995659726905e+05
2.180573884570052847e+06
3.123634569168181624e+06
4.166725285452851094e+05
2.766027425745689543e+05
1.171951701124619867e+05
2.944072770639535738e+05
5.339172806913622189e+05
4.872587596738285356e+04
7.246745188165865839e+05
5.699250194658251712e+05
1.502192625743161188e+06
3.279219030897136545e+05
1.078396863609682303e+06
1.203772280605460110e+05
3.334066164865228930e+05
2.726913977037903969e+05
5.487523186121275648e+05
3.809838502731141634e+05
1.205369918126511402e+04
6.321208422142568452e+04
1.333312398651445110e+05
1.869992367292991257e+05
2.276752093256897293e+06
9.336658322266215691e+04
6.747513340432489058e+05
1.372477572936399956e+05
1.075755230524541112e+05
3.508306377972122282e+05
4.954167668182831840e+05
2.178088928706642764e+05
2.117794879090699833e+06
7.246868272959538444e+04
6.928593941893184092e+04
6.304701410045998637e+05
4.937725794649851159e+05
2.161404956691913772e+06
2.213499957212288573e+05
3.885620839363284758e+05
1.342877164232255600e+05
1.660266565000992559e+05
1.912902139386235503e+06
2.738228684223684832e+05
2.638356099839864182e+05
5.506573573735593818e+05
3.474809320115628361e+04
8.404018207036531530e+05
3.023294128854534938e+05
1.966790324543334136e+05
2.220722235083946143e+05
1.107812005831717252e+05
6.324679986521475948e+05
2.683432473226668313e+06
1.546045954600707046e+05
3.395517819869561354e+05
7.106659561133183888e+04
1.040458691437075031e+06
2.097387525818031572e+05
7.251621067978922511e+05
3.753414324293643585e+05
1.366982746861861378e+05
2.202559586133119010e+05
1.068691128394720377e+06
2.876719340292013949e+05
4.084132997201755643e+05
1.259037532975395297e+05
3.117398789128221106e+05
7.848211934939831262e+05
1.083249003422379610e+05
1.069157979408436950e+05
1.622861802929145517e+06
9.538777320032869466e+04
6.427994499285548955e+03
2.391518404852437088e+05
6.614131733444335987e+04
1.404899308500793995e+05
1.362469846607563959e+05
4.211080643330930616e+05
8.283599948927130026e+04
7.068932269353650045e+05
3.144793523984036408e+06
2.015232905779557186e+05
5.996512991761763114e+05
5.194523650227800244e+05
1.617988558720607834e+05
1.995046118942668545e+05
3.107456991554949200e+05
5.418780571958940709e+05
1.163897387290440965e+05
1.523609839914243785e+05
1.124922724496892653e+06
5.978588741191705049e+04
3.514117413246707292e+05
1.728857308204367757e+06
2.915781321239013341e+05
8.314448212286287162e+04
2.083832444622067269e+05
6.270001202259124257e+05
2.572232246762901195e+05
4.336228823416781612e+06
1.169185102728902275e+05
4.408355874933056766e+05
9.976727724442108592e+04
1.021184412869139342e+05
2.589276995153209718e+05
7.480883926075758645e+05
3.821771983008316602e+05
1.038310941261845437e+05
4.319999886375489878e+05
4.937091231627831003e+05
8.231792639722401509e+05
5.813252652539777337e+05
6.667968357489453629e+05
1.885665839704303537e+06
1.282189450268615183e+05
7.442386288625537418e+05
9.531956159444650984e+04
8.198902791827446781e+05
9.302351845669465547e+03
1.064639196788334288e+06
1.108228314770795405e+06
4.173723156131740543e+05
6.616749000396458541e+03
7.823560546136234188e+05
1.301289930745916063e+05
1.417991316657416057e+06
9.060779033283560420e+04
5.821231896330476593e+04
4.555204144285835209e+05
4.345372308886455721e+05
1.208603334516147006e+05
5.069570421478091157e+05
1.252507892559575121e+05
8.351913495635263389e+05
4.848426263935825409e+04
8.182365312358482042e+05
2.878432268785673659e+05
3.436084529483636725e+05
4.116876860159499338e+05
1.614306158178632904e+05
1.697241144415649978e+04
1.420959736149498785e+05
2.839806610958611127e+05
2.971458953870187397e+05
1.652515714842858506e+04
1.238921626301066950e+06
4.669242565012260457e+04
3.449097070419059601e+05
1.211773303238269436e+05
6.319044301348277077e+04
4.868812242272255244e+05
5.472607063563996926e+05
4.480937397073701140e+05
2.425390957038110122e+06
1.601329383589521167e+05
2.052969907265558140e+05
5.530155378048116836e+04
3.492957339188504266e+05
8.929152370805356186e+05
8.172492618792419089e+05
4.735006665637732367e+05
2.198175041663352749e+05
4.314977698283683276e+04
7.221594015915490454e+05
9.138659909825609066e+05
1.767807696729625575e+06
5.385091686374361161e+05
1.267728086301916919e+05
2.837284772090937477e+05
6.507874098527692258e+05
8.288851302668402204e+05
9.520684720680615283e+04
4.485634592749125295e+04
1.712910929244570725e+05
5.259644490952044725e+05
4.036472158141750842e+05
1.719849128415550338e+06
1.112756205552442465e+06
1.685689561835629167e+06
1.077431753587228559e+04
2.025950202782166307e+05
1.309143683042566954e+04
1.296434206187216565e+06
1.664509563207782412e+04
2.986667337178065791e+05
6.057333022160289111e+05
9.399786165544224204e+05
3.073363326371998410e+05
5.395957394551967736e+05
3.311684973789962241e+05
3.565421218841534108e+06
4.306909462328316877e+05
2.992674883374857600e+05
6.127353401003789622e+05
3.651758181215484510e+05
1.831345416553149116e+05
1.143585297774148930e+05
1.164292214993144618e+06
1.183728229445806937e+06
6.523038276287631597e+05
2.514397138385452563e+05
3.417612354479934584e+04
2.530317559357109712e+05
1.464606073292672518e+05
1.458795102763071482e+05
8.033854997175226454e+05
9.077959291144971503e+05
6.878193559254725697e+05
4.048307800225619576e+05
1.137484930601806263e+05
2.066596284336152603e+05
5.189098467146529001e+05
1.004248958616504911e+06
1.138051454613570822e+06
8.244851226904718205e+05
5.098180660235686228e+05
2.446669356574988633e+05
2.481706217064983211e+05
5.237182739365142770e+05
2.086657444034770015e+05
9.469396125424442289e+04
3.616370858176425827e+04
2.080057909902633633e+06
1.049760671610377758e+05
2.943933403801145323e+04
1.935614648282520939e+05
2.960781011889541405e+05
9.644177733890820527e+05
2.513845908555266447e+06
4.698520025507876999e+05
1.020084953726171079e+05
6.195072250175893714e+04
6.163271442136502592e+05
4.425875537773701362e+05
6.101064097906280076e+05
4.338058037940868417e+03
1.890316665303434420e+05
3.046801282139362302e+05
1.559105895638487302e+06
1.389001717301224708e+05
3.307032921089872834e+05
2.314497284948672459e+05
1.981540008356103499e+05
3.235749835580384824e+05
1.208363331908322405e+06
6.273324951090762625e+05
1.260942320703440637e+05
1.218441616050333832e+05
3.359874411826548167e+05
3.129292104087463580e+06
1.013882535718978033e+05
1.651039411722836376e+05
1.218337324005301809e+06
1.752981817123630317e+05
9.018210923558622017e+04
1.101216752474087756e+06
4.687057118591995095e+05
3.192284817150080344e+05
1.631142532027917914e+06
7.165845625502603070e+04
4.779914515345552354e+05
5.230671639347454184e+05
1.152046623293336481e+06
4.273045334172714502e+05
5.982306270272510592e+05
4.816188006453991693e+04
1.754312496540477150e+05
5.395786556492968230e+05
6.090813439573051874e+05
1.009293283110688208e+06
3.812629312310431851e+05
4.356519272247301415e+05
7.867912141667545075e+05
8.990614574906055350e+04
3.138177345222271106e+04
1.390513357856422954e+05
2.036778112268276163e+05
2.330413709306737874e+05
1.142723346221083484e+05
3.750292675500111072e+05
3.110812350794134545e+05
2.072911837725306686e+05
1.782480729805494484e+05
1.979941734355363296e+05
7.290452942783611361e+05
6.279479543996157590e+05
3.769248756155571318e+05
3.171972248026948364e+04
4.144083015586590627e+05
1.964126766554526403e+05
3.314631815023386735e+05
1.517287749751257070e+05
9.085050770611825865e+05
2.105844703290399048e+05
2.843397596896147588e+05
4.238817261680004885e+05
2.231452846937949653e+05
1.172002357129643933e+05
9.282639060751315264e+04
5.276921502346541733e+06
6.722144237785354489e+05
2.938512934195718262e+05
2.466184216222002869e+05
6.129542875012239674e+05
1.614419209221247816e+06
1.348406685068945226e+05
3.971914586152073462e+05
2.347086595440398378e+04
1.973477870830803586e+05
4.144552673818817129e+05
7.877366068724823417e+05
1.451431754902104614e+06
2.921300141688097501e+05
4.406840635170528549e+05
2.402371594512990559e+05
6.768568921584674390e+05
8.368374752608728595e+05
1.132081228105572518e+06
8.675643971737366519e+04
1.910232657503308728e+05
1.294988004568751669e+06
1.070012614604776725e+06
7.979314467968815006e+05
3.316097250519355293e+05
9.495087462026053108e+05
4.139148316399227042e+04
2.146301876977175561e+04
1.169065689633103088e+06
8.812214092268230161e+04
8.778185506449379027e+05
1.166897143140233966e+05
2.545650727170222090e+05
7.050262076612331439e+05
3.235481623522442300e+06
9.657079692398767220e+05
5.211642898593468592e+06
2.519372565079410851e+05
2.852235957911041100e+06
1.197271392482578958e+05
1.862024244558041682e+05
1.400019077230928931e+06
2.121574725824065972e+05
1.144820994246343180e+05
1.197788961966738716e+05
2.032761795212259458e+05
1.357299443002412328e+06
3.276685531431966810e+05
8.815066292842595431e+04
2.217584519908441580e+05
9.618053458222317277e+05
9.501426518363354262e+04
6.115749222183552338e+05
1.621121850676474423e+03
4.194152955671253585e+04
1.820377368631444915e+04
2.943089270215119468e+05
2.625210285948731471e+05
2.245798963893966866e+05
4.094611750937053148e+04
7.887101182778780640e+04
4.031713453878278960e+04
2.961556329242440406e+05
1.392467464408809901e+05
3.787964357464732602e+06
4.288109172820373788e+05
2.649201722461014870e+05
2.880819741496128263e+05
1.051430153826002264e+06
1.455169159110942564e+05
1.518498406235953094e+06
