3.577089252739677904e+05
3.593950035784187494e+05
8.156434580904096365e+05
9.070883330691211158e+05
6.371948968468011590e+05
7.209853856847609859e+04
1.171714778985659592e+06
3.966335083622669335e+05
1.820264030578647216e+05
4.521095845498186536e+05
4.286371903528830735e+05
1.365938063153960276e+06
1.454571881127004453e+05
3.779459072888155002e+06
5.218769783727074973e+05
1.664577698413208593e+06
7.101303073559069890e+04
4.841387410630198428e+05
8.530384237335756188e+04
3.936393837609487819e+05
1.482107024563356536e+06
4.172355358413989656e+06
3.319648143027624610e+04
2.801111327155766776e+05
1.542289873420597520e+06
1.031634513750937040e+05
1.462657753024207195e+06
5.889735058316563955e+05
7.499819522050035885e+05
1.805017026002699276e+06
1.685248368698408594e+05
1.973387512798711425e+06
4.948241439779317006e+05
2.169641055221509188e+06
2.101100313180008670e+05
3.249436178422720332e+04
1.284384066986907419e+05
5.358736062230266398e+05
2.624857849436480901e+05
4.228181334377102321e+05
9.633785295461982605e+04
3.736053042133289855e+06
9.506806156701670261e+04
2.418955151167056465e+05
3.514630309903600137e+05
4.061019609780365718e+05
1.255062132758917869e+05
1.661805583523962123e+05
3.643361306544410036e+04
1.016008728477805562e+05
9.269086449962806655e+05
5.770761796799285366e+04
6.717422394113842165e+04
3.170708478806299972e+05
7.601370651486671995e+05
5.451889459126018919e+05
3.677184666171836579e+04
7.286202135744635598e+04
2.449908569061755843e+05
2.309479206270276103e+06
1.976629023464338155e+06
8.216722939810863463e+05
5.924347000795522472e+05
9.613996059737661562e+04
5.231533786341725499e+05
8.806790012881669682e+05
7.476813515278823907e+05
1.417137557724236278e+06
1.050244224697925238e+05
4.291189357541398931e+04
1.296301757030839100e+06
1.603238241976710269e+05
3.536982250765321805e+04
9.187570487064102781e+04
1.001775951583855494e+05
2.891188865491551114e+05
2.736198249797988101e+05
3.775480525183482678e+04
5.507787616151745169e+04
4.617788608370933798e+05
2.829881268141195178e+05
1.316373351540599542e+05
1.021575716681263177e+06
1.078300701023996109e+06
4.401970096701371367e+05
1.263881823698083637e+06
1.294227640082511498e+05
2.526468119261896063e+05
1.982952371406392485e+05
8.844857782372371294e+05
8.420230761496592313e+05
1.010687165486776619e+06
7.133277478403371060e+05
3.203159767087180517e+05
5.420215753907104954e+05
2.703284804235329648e+04
7.020846491807753919e+05
2.537717379838866691e+04
4.757932500310686301e+05
1.335901684615842532e+05
3.918193988622197649e+05
8.688102118534450419e+05
3.730628255592680944e+04
1.443969522236495395e+05
2.686348140240366774e+04
6.514436905277182814e+05
9.581032956270013528e+04
1.254104911795358494e+05
9.474133857285350678e+04
7.489620752151367487e+05
9.623777153396687936e+05
9.012305889915252337e+05
9.549236957254096633e+05
4.994416342359503033e+05
6.353185413425090956e+05
9.073272803282469977e+05
1.175100314846507506e+06
8.389373113451294194e+04
7.732296057185369136e+04
8.642721404461750062e+05
2.222343560213182936e+05
2.180107698344492819e+06
1.888228714389674424e+05
1.501695855434729019e+05
9.517133968162373640e+04
2.283813609667460842e+05
1.600837901226216345e+05
3.697574336433398421e+05
1.022483806081721559e+05
1.570121343764695339e+05
1.989298392849814612e+06
7.114509289793281350e+05
5.488178280612467788e+05
1.832843026665599900e+05
5.572855787129829696e+04
2.312705723985881195e+05
5.962756155417243717e+05
1.428076093643642962e+05
9.793988278499103035e+04
3.983880404795170762e+05
1.303476998907208443e+06
2.606469558887945022e+05
4.730254464882735920e+04
1.684329808028856642e+05
4.315550982620984432e+05
1.341400465098494315e+05
6.172111287285566505e+04
1.284205895242638326e+04
2.662210934456802206e+05
1.217162005632804241e+06
5.844638600076526636e+05
2.135882783010776038e+05
6.679736298435366189e+04
1.396708309900408312e+04
6.490454142060589511e+05
8.873977350062584737e+05
6.938168540535223437e+05
2.828926548616772052e+05
1.568153502245467098e+05
3.806788067943879403e+06
2.753437367928612366e+04
5.020477795306445914e+05
2.025029510738518438e+05
5.953322890212022467e+05
4.247221289680397604e+04
4.819926825968791672e+04
3.717396333893636620e+04
4.974145460193979088e+05
2.627872506952028489e+05
2.875983258152126218e+05
1.203377818671502464e+05
8.738377065864841279e+04
5.035871697311031749e+05
6.464756203208818333e+05
4.061384978272652719e+06
4.992107128210131195e+05
8.898953449281572830e+05
2.112554697386846819e+05
1.908452321490425384e+05
6.776108028652911307e+05
2.036655589999316726e+05
5.095422680964833708e+05
3.271468698823929881e+05
1.239293903044359176e+05
4.249657297668293468e+05
5.132708397641745978e+04
7.751311833565826528e+05
3.388803552750919480e+05
6.927888949459366268e+05
7.384404235636653902e+04
2.001199816521259781e+05
1.156338356074422365e+06
1.299553580406174151e+05
2.953935100056070951e+05
1.033761546334253158e+06
3.400832170415947912e+05
8.277001577548813075e+05
5.198583500746477512e+05
2.562890597133015108e+05
3.109454325226795394e+06
5.314629956500043772e+04
2.001259148374281067e+05
4.224934612522567040e+05
1.611641033115980972e+05
7.404409716405934887e+05
1.595085370108766074e+05
2.480374593662250845e+05
2.869206694287171704e+05
6.212056180788980564e+05
2.517575676896807854e+05
5.425863334888609825e+04
4.365089824221402523e+04
3.281131084376506042e+05
3.669390768341315561e+04
6.155171164363106072e+04
1.814484599420417217e+05
1.880027771066199348e+05
8.521272281099266838e+05
8.432972233825859439e+04
1.048020281973642646e+06
3.216699787436280531e+04
3.213082518272652291e+06
1.034977403643226600e+06
5.025527561610172270e+05
5.995266391278282972e+05
6.653841602958929434e+04
2.505428029543365701e+05
9.183245253891396569e+05
1.932102836277434137e+06
3.990729828834649525e+05
7.735189674061705591e+04
8.596202699779097456e+05
3.065182284062779509e+05
1.006429865367834573e+06
5.029624109784932807e+05
6.848706059965135064e+05
2.731295937307206914e+06
3.506129416957464069e+06
3.870112450780249783e+05
1.096096068143948069e+05
2.751027171114445664e+05
3.052856291669355705e+05
5.836944716519153735e+04
9.019427757832440548e+05
2.456353957918930973e+05
5.703416604821465444e+05
1.712002362325721479e+05
4.867270689944791375e+05
1.230712824404600979e+05
3.600552166507819784e+05
7.322932955321008340e+05
2.314103798533800989e+06
1.315794438453892071e+05
5.150758677065023803e+05
9.796059336295149988e+05
5.271621523675210774e+05
4.309295302124402369e+05
4.502680678670056514e+05
3.084981006002887152e+05
3.950178345738874632e+05
2.157973265447200101e+05
1.456261056599586271e+06
1.029540013354676426e+06
2.294946687332713918e+05
3.300875005731217097e+05
8.928812675851235399e+05
1.032710584346731077e+06
6.038675597783613019e+06
1.692302727284197928e+06
5.170923846004082006e+05
1.102032968718586955e+06
6.814576284561319044e+05
1.079702274772424717e+06
3.414337513805727940e+05
7.766457351146242581e+04
9.158524982517775788e+04
5.458801270687157521e+05
2.630220178084840882e+05
3.056106632975184475e+05
6.352154565147238318e+05
2.363261409276249178e+05
1.545663123982499819e+06
2.416382831078002637e+05
2.369399587071390706e+05
2.814247378170141601e+05
9.316848466736628907e+05
2.980071058946716948e+05
4.351578348913464579e+05
1.610245316089982516e+05
3.147140415646729889e+04
3.857347412936745059e+03
5.768498298194769450e+04
5.401511429944325937e+05
5.917839530753436266e+05
3.772013109909760533e+05
2.221219598451697384e+05
8.182899797246122034e+05
1.923367966750613705e+05
3.247742016689903685e+05
2.330489112871018006e+05
1.324190301502648508e+05
1.807050914854976872e+05
1.905041685615600436e+05
4.398137508439254598e+05
4.081828095622672117e+04
2.612383482543326681e+05
5.260395531242575817e+04
6.044108249668915960e+04
1.147288397012504982e+06
2.806499537369526224e+05
1.581182476951696153e+05
1.985041039674627827e+06
4.931816249695418519e+05
1.063117108025049791e+06
2.151532179789774818e+05
1.209188563399322098e+06
1.592410450650827843e+05
2.387357390860362793e+05
2.722144052640331211e+05
3.180486782095408067e+06
4.230107427425433416e+05
3.473088093451206805e+05
4.594918202867012005e+05
1.449070634763785056e+05
6.410595460308896145e+05
9.413806918056244031e+05
4.626623446323056705e+05
2.213974019946978427e+06
1.292470619516613515e+05
4.752211584005853510e+05
1.723608968437668227e+05
1.235497831552882446e+06
3.422583535256498144e+05
9.188250250204484910e+05
1.580065796493664384e+05
1.808956294763489568e+05
9.352542578264073236e+05
3.859750548854322406e+05
8.133745692152283154e+05
1.386132580329274759e+06
5.864316355369595112e+05
2.486538447195642220e+05
2.581193454525145935e+05
2.863142690051782411e+05
3.120730484148579999e+05
1.431942167838241672e+06
1.676639711403806228e+06
7.511492705942111206e+04
5.431012098767104908e+04
4.319863371956563205e+05
2.861341275006043143e+05
3.139074261112885433e+05
1.792690422494593076e+06
3.688716990891107707e+05
1.235349510595099709e+05
1.019989499206660403e+05
1.330545597450969799e+05
2.249961395902858116e+06
3.155207027696345467e+05
3.600490695305316476e+05
1.291892848537607351e+06
4.637333156757029428e+03
7.813647957995058969e+05
1.455886843610907090e+05
3.134292362107982626e+05
6.442676929645592463e+04
4.226255694606511970e+05
7.029570371658157092e+05
1.239801957379726926e+06
7.884249199803321972e+04
8.351454255412883358e+05
4.018942447306730319e+05
3.837553573404623894e+05
3.855913949310895405e+05
7.769790902580848895e+06
2.074817289267252199e+05
5.341893708432749845e+05
7.459184745375932835e+04
2.184445135996333323e+06
2.782197385314316489e+05
6.318878891669557197e+05
6.433245690628427546e+05
3.347026098471073201e+05
1.784437560875124473e+05
1.616938332524758764e+06
2.418803623368272383e+05
1.738262007150501304e+05
1.354284887800923549e+06
4.340740551080269506e+05
3.927081924038498255e+04
4.830829675280387164e+05
8.716074179885076592e+05
1.627486477536007296e+05
1.542067146073697077e+05
4.470650367512014345e+05
5.446344871972290566e+05
1.193746037626538426e+06
4.523356410198609228e+05
1.049813631403829204e+06
4.000076039501930791e+04
5.014541072739135707e+05
1.265034414872056077e+05
1.792949345496022725e+05
2.200570173635544197e+05
6.317578929544268176e+05
7.166245267272039782e+05
1.793045285570998385e+05
2.886602345319867018e+05
1.326034922167539364e+06
1.685729725720225368e+06
4.522762217304400983e+05
5.958530185374101857e+05
3.195303845107011148e+05
3.909369793658179115e+05
8.511314445393265923e+05
7.808625432479525916e+05
2.204686770905533049e+05
5.261923997561987489e+05
2.929726962107098661e+06
3.409580874691035715e+05
8.111860472284982679e+05
1.555526013923624763e+06
5.650229193839156069e+05
4.256027566612770315e+05
4.892168616922016954e+05
2.849768188008269761e+06
1.833695638017483288e+06
5.218444965289804386e+05
6.906514680687513901e+05
3.371926657329659793e+05
3.233914506347564165e+05
1.160182128253433475e+05
9.133974910601294832e+05
1.405981592181738815e+05
3.555745492537570535e+05
2.523072155224216986e+05
1.601734321282368619e+06
1.175479131567990873e+06
4.859229046422413667e+05
1.689246470582827533e+04
2.198617177095345978e+05
6.023962194882215408e+04
6.783163995444254251e+05
8.190249103144450346e+05
1.366697885947624920e+06
2.878688102478520013e+05
1.011973424445487908e+05
4.972631014178852201e+05
1.027963911419035139e+05
3.760368839180759096e+04
2.147555040400878934e+05
1.577641164853428956e+06
1.569563554709872406e+05
5.946638915133583359e+05
3.764049376047042315e+05
3.004206719057697919e+05
8.881838081135925604e+05
1.391494264457295940e+05
8.660865182023071684e+05
1.342220752207001788e+05
7.663363035545748426e+05
7.875431601995424135e+05
1.059378281640677742e+05
3.859808704630270950e+05
2.634732775928323972e+05
1.101650228124387562e+06
3.402980241809870349e+05
8.484432327833835734e+04
2.053517456273963762e+04
1.175468270911727159e+05
4.502959203933804529e+05
4.314820799161789473e+05
7.468475590761252679e+05
2.909698888145413366e+05
8.007666599767474690e+05
2.776939579568189220e+05
1.593862234382684110e+06
3.900572161554192426e+05
2.960168234310530243e+05
4.252528114236731781e+05
1.888607905913403083e+05
2.131671209088136093e+05
5.259857665433437796e+05
1.854188335657322314e+06
2.949190976659011794e+05
1.934495857040735718e+05
5.940106887917054119e+05
5.699038791960068193e+04
4.662162082113130018e+06
2.331066701346145419e+05
8.948468477931712987e+05
7.066061223434656858e+05
4.626219636544499663e+05
1.745960037999048654e+05
1.686329024329960230e+05
6.301226079659654060e+05
3.151116118583888747e+05
2.050097094838129124e+05
4.962870036866975133e+05
3.855820497042316128e+05
2.443029031712559226e+05
1.455061606563500536e+05
3.159418500939287478e+05
1.879095999238054734e+06
1.323434558174466074e+05
1.087436461983855115e+06
2.109516528197541484e+05
2.447323595073106990e+05
7.762560948956600623e+05
8.199739086878189119e+05
1.122455869935204828e+05
2.934403479815614992e+05
1.271311569831459783e+06
2.190198772449618555e+05
3.810742474941596156e+05
2.263286034685470513e+05
1.706264618593085324e+05
3.659143532997380826e+05
2.482601367613979892e+04
7.287568422044730687e+04
1.661454826219848765e+05
1.227827558592496207e+06
1.917846248760397139e+05
1.888791634630390909e+05
3.843618750807929900e+05
1.009087785325616860e+05
1.543852004207345017e+05
4.328767547370691900e+05
1.329118978925597388e+06
1.207590592203740089e+05
4.539764876670015510e+05
5.436121150641083950e+05
4.530201970329135074e+05
3.105506605824870639e+05
6.126685572248089738e+04
2.847542005571650225e+05
3.943582697244499344e+06
7.325891198006265040e+04
8.545166149200500513e+04
8.056728620234217960e+05
1.022926241298497189e+06
8.633749053616066521e+04
9.376667320711613866e+05
3.991598097972960677e+05
1.783492206969338935e+06
4.691585461995545484e+04
6.865860741882869042e+05
4.089921196761049941e+04
1.478175932664314169e+05
1.230351122706258437e+06
3.754513065062275156e+06
2.354590590776104946e+05
2.457947205968341441e+05
4.557742757223144290e+05
1.100185027148201596e+06
1.957631367099971976e+05
1.255576275028633681e+05
2.724913736457862542e+05
7.119295125849440228e+05
4.432949865661521471e+04
2.696608163778536255e+05
9.591054257579332916e+05
4.184469475255901343e+05
3.663851955208372092e+05
1.106101069679008506e+05
3.518114115668070153e+05
3.128932723919329001e+05
3.765157365789669566e+05
4.545647977551000076e+05
8.905265984479616163e+05
6.167419162081559189e+05
2.604881965398845787e+05
4.072675982991279452e+05
2.010035954478960193e+05
1.190713554443708621e+06
6.850242027429944137e+05
1.043390075005767401e+06
4.036991381182104815e+05
2.915220737465303682e+04
1.085849345027577947e+05
2.093218498482022202e+06
6.482897433142827358e+05
2.188799325808404479e+06
6.683056200924560835e+04
1.494205791598366050e+05
1.094397694307636935e+06
1.607046995637381624e+05
5.010513090591339860e+05
3.897781843781820498e+05
2.885828158075720421e+05
5.372491228786039574e+04
4.831595977317795041e+05
1.095761158133074496e+05
1.087582595125814987e+05
2.674055783949851757e+05
1.300262164994855266e+04
2.432452069582036347e+05
3.279179521586548071e+04
7.479993708966826089e+05
2.026582952751559205e+05
1.506104569675444218e+05
1.156528215835868148e+06
1.515406073703569418e+05
2.701041829546178342e+05
4.845572523678642465e+05
3.709390530744600692e+05
1.414579864548885962e+05
1.756716303741666023e+06
1.426014371391009772e+05
4.891458171250210580e+04
8.006456749942539027e+05
4.226344210609573638e+05
3.459486072106332867e+05
1.150364257494324411e+05
4.657170204000331432e+04
4.581215890803999500e+05
2.769361748754166183e+04
1.045237555553470971e+06
7.988793061093189754e+05
2.152340432827935147e+05
2.067378395673588617e+06
1.409078843390262628e+05
7.712048541022805148e+04
4.435655158521228586e+05
1.724545150057336723e+05
3.884082220193704125e+05
1.776888898629548785e+05
7.795516352604940766e+05
2.607583509551841707e+05
1.443385913686493041e+04
7.047793244362340774e+05
5.159762887995150231e+04
5.024108032454527565e+05
4.258516040407599648e+05
7.070915039085510653e+05
2.096805127969379770e+06
7.355362835162434494e+05
4.415977082492311602e+05
4.903041122116453480e+05
1.150260895338000555e+05
5.828352728464007378e+05
5.225055184680271777e+05
5.400596322286499344e+04
8.507377717899884738e+04
2.958075020678709843e+05
2.117514997948244563e+05
6.327214817040025955e+05
5.690483874875854235e+05
7.430687786434162990e+04
8.755216266268976033e+05
3.580520066096702125e+06
9.145457243918375752e+04
5.261385017316999438e+04
9.230356849880902155e+04
7.468784542473222828e+05
7.321707195940380188e+03
1.789136751725571696e+06
1.010180172740579292e+05
6.990545157523297239e+05
1.900576706763859547e+05
1.054339458208617987e+06
1.162391583974068286e+06
4.768168044030317687e+05
1.442424189260666317e+05
4.535154683626838378e+05
8.009610593243926996e+04
2.165442878023938742e+06
7.937135647018814780e+03
2.363008628991815494e+05
5.197722298188298591e+05
8.986081058637002716e+05
1.869871401272402145e+05
8.137706857787151821e+05
9.158906101264925674e+05
1.718583011694262503e+06
6.065897674471729988e+04
1.405380252270951634e+06
2.435325407919758800e+04
1.989342512436463439e+05
4.733715519172646455e+05
2.488168072101702637e+04
2.647245005937900860e+05
3.629866906164705870e+05
1.104068288508208934e+06
4.095350182107634610e+05
5.105655979675676208e+05
5.217883100995638524e+05
1.495585371365271276e+05
5.290898694233668502e+05
2.892230059842782794e+05
5.875356559127726359e+05
3.603462684895875282e+05
3.095112745586570236e+04
2.377941132240460138e+05
1.753063307420376514e+05
2.508607497105124872e+06
2.251787934333740850e+05
1.432009461843016325e+05
1.076447746276560210e+05
4.090697729351273156e+05
1.096725227358604898e+05
1.281507929231753515e+05
2.324562036666141066e+05
2.833965739314228413e+05
4.265178036626480753e+05
5.567997525869158562e+05
3.686744653431492043e+05
2.895646245868059923e+05
1.563921895520212711e+05
4.135099412579745986e+05
7.064500830108052469e+04
8.494636363550785463e+05
2.284433676370139874e+05
1.055977257916208124e+06
3.288600016858222662e+05
4.720269512329884456e+05
6.679931389368913369e+05
5.776810867001143924e+04
8.704683539442640904e+04
1.049174622236887226e+06
5.159101057121173944e+05
4.392229749590940628e+04
1.918648583031924500e+05
7.313114197821326088e+05
1.177311751505786669e+05
1.227683647606220562e+06
5.500245957879101625e+05
1.466146089957887598e+05
6.627371034050555900e+05
3.186287570990131644e+04
8.423545761530747404e+04
1.571226916825575056e+06
4.915773896194211207e+06
4.828012091987239546e+05
7.972302914205717389e+04
1.078160395452498691e+06
1.068698812527952105e+05
5.888483058201324893e+05
1.223042211140282743e+05
4.535928229252998717e+05
1.478848733987445012e+05
4.182723792741305078e+05
2.744388740156507702e+05
1.741509265219124427e+04
4.285598012560103671e+05
3.211022489397810423e+05
6.114866554279871052e+05
3.110087653173243743e+05
4.872747460730939929e+04
8.058508561027652468e+04
1.399037420634926239e+05
2.095714355982866546e+05
2.998410618266953970e+05
8.173968946086697979e+05
6.472166957553624343e+03
6.955628607147950679e+05
3.475543448594859801e+05
7.521260483879833482e+05
3.131199148926094058e+05
6.848113136848939757e+04
1.456967154306409648e+05
2.324615030170215177e+05
1.255161450668359175e+05
5.580044732106982265e+05
5.780835563504081219e+05
1.530007462713556597e+05
8.421457315686224320e+04
1.372817103655006395e+04
3.295232426145393401e+06
1.020067031164360669e+05
6.963116096071552602e+04
1.183510636321418220e+06
9.312565329162164126e+05
1.918088851394056692e+05
1.861940566079139899e+04
3.795072642787735822e+04
1.046672476845481651e+04
6.448226803480464150e+04
9.634838210458955728e+05
2.639630398062434979e+05
2.976128861575970077e+05
4.730397700925974641e+05
3.444115015107916552e+05
3.190778405395261012e+06
6.730703346694160718e+05
1.382535394060808758e+05
1.396792017362467013e+06
2.208997563551765415e+04
1.531266194661362329e+06
1.925055371169954306e+06
1.805745312901192112e+06
2.448555886735344757e+03
2.249887370453653857e+05
9.769732567016580142e+05
3.746828799526346847e+05
1.937633930118944030e+06
3.019898206486910931e+05
8.438236362434462644e+05
2.217511634933052701e+05
5.327105866203161422e+05
8.254364256867986405e+05
1.926290801074600546e+06
2.645596549441191019e+04
2.215970615603131591e+05
6.561370410062028095e+05
6.377417439550126437e+05
1.343392505224791123e+06
9.761423323985424940e+04
1.192980571397588355e+05
3.843902959935881663e+05
3.723151987408825080e+05
6.846404766298577888e+05
6.601979404616377724e+04
6.145537189218417916e+04
7.194858656875563320e+05
1.678779768597398652e+05
1.212704090501161758e+06
8.886958423421462066e+05
4.200043280197527201e+04
2.758294994315561489e+05
1.176385987981755519e+06
6.409370855579711497e+05
4.760514555182133336e+05
6.052653987020693603e+04
2.919695366064686095e+05
3.368818386468859389e+05
1.135738838199057354e+05
1.206121407248970063e+05
1.567222721837694553e+04
1.474869196898547234e+05
1.474346929951217724e+06
7.420470867204695242e+05
6.337756763848952251e+05
2.979212644937618752e+05
2.970817083506741910e+05
1.379766875081096077e+06
2.619105942614592612e+06
4.532831956017492921e+05
4.487043776654212270e+05
5.662501907128981547e+05
3.432801484805515502e+05
1.101551002874159894e+05
1.340261689770597732e+06
6.848944410923185060e+05
7.518406711980790715e+04
1.886149156281405885e+05
6.186555943342638056e+04
5.041707713895646739e+05
5.614031116634446516e+04
2.291750591798350215e+05
3.850323770497094374e+05
4.147930560546703055e+04
6.843884236503173597e+05
4.580441324679723475e+05
4.427605555096759927e+05
1.031734105626014352e+05
3.113163422325016581e+05
1.803947656303538533e+05
1.036084350939606898e+06
1.985366409899201535e+05
2.027075983102362952e+05
2.859510039113474195e+05
1.306741913953902113e+05
7.764742391542129917e+04
3.251949170298003592e+05
2.507363667922503082e+05
2.065619105000204290e+05
5.367103596970529761e+05
7.309100238468441239e+04
1.161077619621401682e+05
3.564032230470301583e+05
6.198527244736892171e+05
6.576197862119844649e+05
2.114705125655775890e+06
3.744144430833889055e+05
1.906711356643874897e+05
4.810726967986456002e+05
3.535965938700865954e+05
2.178126850787036237e+05
3.109037003362923278e+05
6.160515856102230027e+05
1.200744059676991543e+06
3.460957574238738162e+05
2.221138195308358991e+05
1.685384004768174607e+06
6.735497949385773391e+05
1.358136302981917979e+05
3.149041636964525678e+05
3.921509937714110129e+04
2.004751222233459121e+05
1.623471602086491184e+06
1.686036737633521436e+06
3.557238895818995661e+05
3.392593066335875192e+05
1.382558573526745196e+06
2.458214657254836929e+05
4.582268050174418604e+05
1.491541748922616716e+04
1.022375204002222512e+06
4.622995747737727652e+04
2.593955312213705911e+05
4.930289287112439051e+05
1.841492032730647188e+05
1.983669571203337400e+05
1.428643796416236728e+05
5.904802076819406357e+05
1.497690872909585596e+05
2.309421745366167452e+05
7.338709896179690259e+05
6.072032357005601516e+05
2.301532949539640918e+06
2.289479811143387342e+05
2.372977673234882299e+06
8.648809323257198557e+05
2.578030168241847714e+05
3.007051358383113984e+05
1.442984018798329867e+06
2.599498095468663669e+05
4.947786063780848735e+02
1.045598601276958070e+05
3.464326598164267489e+04
3.034557850040084450e+05
4.207972281453212054e+04
1.652830208572140918e+03
1.477514190000555209e+04
1.207847110347518465e+05
1.129885248316339421e+05
1.055099822461767588e+06
3.072676711487830034e+05
1.020969138997003465e+05
1.966525167536763707e+06
3.603429955055938917e+05
1.250726880740444176e+06
4.671742791539029713e+04
1.685257663150828797e+06
3.391814713939487701e+05
6.190940220634809230e+05
2.084586137730141636e+05
6.913035918291237904e+05
3.633214364991873153e+05
3.446741564920484670e+05
3.258585077393000247e+05
4.745683437984895136e+04
1.021750488648902392e+05
7.566628881153452676e+05
1.431643183421775233e+06
1.541446538972229173e+05
3.233203869530229829e+06
7.948917250742759788e+05
3.952139287371478276e+05
9.272880926754239772e+04
3.055480868490157300e+05
2.659247607555933646e+05
1.132206345409939822e+05
8.270550098467156058e+05
4.996706895730213546e+03
3.124550591403938015e+05
7.602899364897286287e+05
1.010494130575579242e+06
1.006470454537770711e+06
2.993579863214560901e+05
1.513336580591891543e+05
5.876389383998011472e+05
1.207509547874561540e+05
3.335719305832023383e+05
2.666137465575642418e+05
2.104579047671169392e+05
1.062453068405970931e+06
6.971095701408192981e+05
2.376166698362763855e+05
1.459655820743479853e+04
6.751181931126392446e+05
4.632654192244366859e+05
5.701408494854284800e+04
3.348741455011517974e+04
4.190013427932786726e+04
2.849462401875784853e+05
3.483463963974793442e+05
1.655402825559640769e+05
1.311081566841272637e+06
1.003713154284621705e+05
6.917980970672261901e+05
4.813442830157656135e+04
5.095346931507030968e+05
2.883233490250596311e+06
1.239508700619690208e+05
2.065590048430078896e+05
2.965764668451814796e+05
2.350302298179201025e+05
3.765131646922015352e+05
5.651541396178150317e+05
3.397642644862802117e+05
1.072776583957382245e+06
2.452868514458648395e+06
7.154412856747479236e+04
8.970924808861166239e+05
2.098429018766215304e+05
6.282345566734634340e+05
1.350170471112814266e+05
7.210944092010540771e+04
2.165752544160575198e+05
6.645580285403032030e+04
1.116983167317036132e+05
3.386308848110446241e+06
6.908180756264179945e+04
7.007068565219662851e+05
2.215539045860040933e+05
1.586988634718565037e+06
3.935267574765762547e+05
1.175356646008829994e+05
4.146281368250720552e+05
1.303980958746044431e+06
1.630544978909508500e+05
1.036251923327160766e+06
4.826771171675564838e+05
2.078620489646886475e+06
7.911542093685356667e+05
1.048120888157919399e+06
4.259966104592300835e+05
6.280476697742822580e+05
6.167295158172311494e+05
5.941173966207803460e+05
1.018273190602832125e+06
1.073880252061915351e+06
3.952546901354751753e+04
7.863811491026591975e+05
1.111587361529999878e+06
5.004259024924705154e+05
2.656879101790103014e+05
6.403074964972716989e+05
9.219029924899742764e+04
3.122099979441903415e+05
1.568999665397487115e+05
1.319387189951973269e+06
9.136029614960941253e+05
1.996564470787135651e+05
1.129043058266755659e+06
1.860205090391315462e+05
2.560434980369475670e+04
5.677676028539142571e+05
2.011229704047961277e+05
7.379665686041858280e+05
1.352905563740201294e+06
1.731855604126708058e+05
1.025237529903495888e+05
2.761354551579047111e+05
3.459634325381357339e+05
9.687085407896662218e+03
7.094348966877433704e+05
1.488359952652367647e+05
1.313951178434171481e+06
2.384084239300858753e+05
1.835047594435524079e+05
3.726500471104100579e+05
1.823178929426854476e+06
2.210381388149132952e+06
6.792300356834693812e+06
7.968724814460377092e+04
5.504042412493401207e+05
2.529338627414152143e+05
3.787254678083874751e+04
4.204825102795943531e+04
8.461942081123219104e+05
3.781036250582688954e+05
2.796607286408610526e+05
1.080629193349071546e+06
5.782754666832795920e+04
3.368188819242988247e+05
1.450362274361521238e+06
5.082601349931957520e+04
8.797228821412075777e+05
1.061765054476359655e+05
8.678584395855401817e+04
6.147929484110156773e+05
1.741826207976916339e+05
7.219442073762492510e+05
6.407872981089615496e+05
1.437289419823036587e+05
7.334293216079842532e+05
1.366778222068369156e+06
4.629507084804822807e+05
2.772860564852200449e+06
9.856076623277067847e+04
3.219079642440713360e+05
2.577180754410675727e+05
3.019265286057777121e+05
1.539686278865751519e+05
5.857834233740722266e+04
1.294303070106311352e+05
4.072157024246501387e+05
3.730419885706610046e+06
5.765556506483562407e+04
5.182353346651222673e+05
2.988161994552770630e+05
1.872784737392033567e+05
4.759356400442868471e+05
7.311117704390587460e+04
6.527582151019677985e+05
1.238871929220656020e+05
1.939166352325623389e+06
6.420219017696216470e+05
7.328891405910179019e+05
6.108933866247319384e+05
1.184745974958896841e+05
1.684663874184563523e+06
2.235434003002361278e+05
9.535620066847093403e+05
4.001550452624695754e+04
1.568936985503109754e+05
3.092722597033230704e+04
4.798405683905678452e+05
8.650198112107421039e+05
1.801085579037836287e+05
4.667149693519562425e+04
6.940992870371966856e+05
6.046793209280127485e+04
1.619362663666124281e+05
3.844069678783309791e+04
6.085424298040176509e+05
1.472716330125132226e+05
6.607483094309453736e+04
1.185709373280852800e+06
2.689408860214723391e+05
4.936541770089247730e+05
3.692783296969014918e+05
1.393564808802912245e+06
3.468099349396835896e+05
2.608997730490110116e+05
1.052095815983429202e+05
2.483978594370720384e+05
3.263763524089945713e+05
8.481000052328909806e+04
4.837812060930427979e+05
1.023631495719548839e+05
3.762188755333264126e+05
1.652089656600447197e+05
2.041002030232158722e+05
6.133577944570686668e+05
1.388770198900318472e+06
5.380241032106131315e+05
8.240889184291427955e+05
3.196164916788635892e+05
9.635286013310983544e+05
4.369650074286894524e+05
3.364331639748860034e+05
4.055651733802100352e+04
1.505579329236069461e+05
1.822112268428692594e+06
1.993722029189977329e+05
3.457628709938171960e+04
5.960428898602104746e+05
2.675870480222642655e+05
5.915666002553752623e+05
2.108136149001023441e+05
2.172963775921070483e+05
2.508875564252470795e+05
9.616918549521798559e+04
1.303794006371410564e+06
4.558909919840679504e+05
6.975272364583178423e+05
7.595580381348931696e+05
6.846002080412585055e+05
5.003692409454964800e+05
9.424937765997059178e+05
1.661532248064354280e+04
1.561458909479503745e+04
2.677354823250930058e+05
3.168156226763690356e+05
1.886281267771549756e+05
5.133933167905880837e+05
8.879283811954157427e+05
4.167062264025775366e+05
2.684037608838565066e+05
5.038590829332948197e+05
6.130725747806832078e+04
3.724087190008521429e+04
3.951960847432060837e+04
7.342743905670176900e+04
2.213206451373926830e+05
4.288081511267871247e+05
5.046699368491880159e+04
6.763260574724937032e+04
3.836674312318468583e+05
3.384007494106593076e+05
6.475318623803366208e+05
7.681171678693142021e+05
6.079170276423238683e+05
1.947000530016259290e+05
2.788184764730579918e+05
3.533709406253793859e+05
2.595202126599106996e+05
3.020156298788497807e+05
1.620579865975196008e+05
1.617305710413451889e+05
2.023642872389308104e+04
1.665921431057504960e+05
2.045957933237681282e+05
2.201301305130775727e+05
3.484038959431629046e+05
3.385708642490490456e+05
4.799057648588597658e+05
1.066314106356502598e+05
2.564000834585233824e+05
2.693438384479291271e+06
4.237817663894631551e+05
3.597889678821781999e+05
3.751912905509059783e+05
3.980232574976999313e+05
4.712884609753489494e+05
1.699751565383796988e+05
1.053507223706546065e+05
1.315605663562543923e+05
4.367121827567940927e+05
2.246766094413875544e+05
5.905908866099799052e+05
6.200941904038297944e+05
1.290158152607069351e+06
1.448095325639102666e+05
3.350736484703772003e+05
8.595611993797749165e+04
4.479015879641937208e+05
4.974630689944768674e+05
7.310161452994731953e+05
5.055030925554456771e+05
2.090363809890438279e+05
5.195512123998408206e+05
2.736347541895864066e+06
5.395167799353885930e+05
1.457942102313902869e+05
2.771856956451790873e+06
3.740254544537253678e+05
1.159057835463738302e+06
2.501855503805766421e+04
3.913764122907856363e+05
3.249463097329859738e+05
5.349784258047676412e+05
1.357363848825745983e+06
2.913303551514574065e+04
2.550636724050310731e+05
1.391744499935659987e+05
1.051500132383246440e+06
7.154935877669313923e+05
2.562607646033084893e+05
1.992077694981335080e+05
5.870730828062981891e+04
1.116529965869915468e+05
6.018289320620642975e+05
6.953411545409214450e+05
1.940443760461307131e+06
3.749352876326179103e+04
1.426607629588400014e+05
9.324210926637644880e+05
8.441153895318376599e+05
7.775875668330238841e+04
1.028063246305528883e+05
2.074475680746570288e+05
5.143288766929098056e+05
5.022004688468023232e+04
5.347636304676796135e+04
4.337668977458026493e+05
4.801967170370629174e+05
7.782344223451307334e+04
1.798379789678709349e+05
3.105543229883845779e+05
8.405305826230566890e+04
4.595074239876985084e+05
6.600012774020660436e+05
5.395367252424609615e+05
5.499976469422921218e+04
1.269912641553348396e+06
3.570547667228171485e+05
2.620403033106765070e+05
1.346986166714828927e+06
2.596376077194404323e+06
8.170800154228438623e+05
1.625411176637530734e+05
3.363450176319985767e+05
1.487425758132094343e+05
5.765833971967324760e+04
1.005660347043924499e+06
4.204544094261076680e+04
4.582806233648068155e+05
2.632637783512379974e+05
7.506094941991808591e+05
1.468904550370228244e+05
6.174664222258608061e+04
3.402835053413334535e+05
1.310021811444467166e+06
1.238674677137618186e+06
2.290161606101419311e+05
7.319550738619366894e+04
3.840027253855091985e+05
2.786727009118305054e+06
1.091450028928380489e+05
5.873922526187616168e+05
4.133236328680547012e+04
2.037178448242895538e+05
8.034993219702769420e+04
3.029590968413328519e+05
8.989458616639238608e+04
6.733143229239886859e+05
4.565287529791976704e+04
2.221899976378240099e+05
2.764877890173065243e+05
3.915410289319962030e+05
3.239660754688490415e+05
4.368350238296208772e+03
9.810716320387114538e+05
6.322415268519014353e+05
6.571089697571296711e+04
1.097761017695997871e+05
1.407093044524028373e+05
1.998377374719957821e+06
7.211776165478165494e+05
5.300878664708930999e+06
1.583828906673647463e+06
1.534567326235238463e+06
8.322384207433604170e+05
3.562673949390910566e+06
5.269189108213372492e+03
2.233295073774190096e+05
2.752613505333504145e+04
5.841801176125798374e+05
1.769104854239362467e+05
8.546764461259786040e+05
4.514263880346528458e+04
6.305014857068859274e+05
6.357601336159944767e+05
6.079931392650107591e+04
5.713962667297504377e+05
3.957045891004268778e+05
3.715885112245122436e+05
2.170461366386182490e+05
2.291791472440240323e+05
1.633211200973478146e+06
5.551026621295993391e+04
1.740155452040168690e+06
3.900297383756843628e+05
4.113829922862646636e+05
2.761395470431836438e+05
6.791337779332519858e+04
6.595364898928542389e+05
7.825232314253664808e+05
1.994244080117503472e+05
5.711291706437915564e+05
3.933402372694633868e+03
1.160094742725422373e+06
1.250856789442943875e+06
7.855272061994612159e+03
1.912608518651833991e+06
4.164822874564491212e+05
1.659901349503590493e+06
5.948282327785128728e+05
3.141990665251984028e+05
7.113780303931453964e+05
7.448103896689311368e+05
3.118281125737045077e+05
5.117328782045694534e+05
1.203793075587209081e+06
4.655293265060124104e+05
6.978916144336477155e+05
3.435919126131126541e+05
1.527181899546952918e+05
7.009595794260377297e+05
6.728510820222131442e+05
3.754302075611065957e+05
6.604201763685257174e+04
1.287327004186409322e+05
2.149682361387887970e+06
1.108884914284231054e+05
5.085482766825849831e+04
3.221529322800809168e+05
1.740563185423314280e+05
2.016774775787557519e+04
7.954742730107704119e+04
2.231515223268971895e+05
2.597667131328020187e+05
2.079858852417820599e+05
1.630942484505985049e+05
3.627864939618706121e+05
4.918721637334955740e+05
2.404210086796389660e+05
5.438351649284502491e+04
4.412791198652768508e+05
1.131516856948710978e+06
7.991348193899913458e+05
3.015287120275920097e+04
1.313026145753087709e+06
1.607890163281733403e+06
1.404266915317109553e+06
2.573175098882465390e+05
9.222018105820685741e+04
4.263744813319643727e+05
1.979599044091212563e+05
1.661743012070541954e+04
4.765721794225563644e+04
6.700416104085679399e+04
1.188812468733967282e+06
2.817075027251131833e+05
1.788965627446901635e+05
5.015757855846913299e+04
5.169151667760828277e+05
2.170471242952886387e+05
4.681336857025830541e+05
1.028315086680429813e+05
1.367278563558423775e+04
2.838585296457723249e+06
3.383407563268381637e+05
2.942032661413832684e+05
1.741719225936087314e+05
1.915071361509983428e+06
8.300027593720628647e+05
2.239994959520193152e+04
8.624529639564624813e+04
6.197086390037809033e+05
3.588258400729877176e+05
1.319600970288966491e+05
2.180350521705448627e+06
3.448617180621347507e+05
4.407607294030145276e+05
2.973698586468191352e+05
4.234589146206345176e+05
1.668729631403327512e+05
9.028571193632635986e+05
7.449529178303164663e+05
1.384609454421496950e+06
1.760835331414265558e+06
1.078247980796277552e+05
5.346671932727615349e+05
5.113831572031746036e+05
7.860348439537151717e+05
2.176405820419571828e+05
8.840853470188284991e+05
5.801364350551584503e+05
2.944902078918446787e+05
5.475121570156993112e+05
2.075717702375361478e+04
8.614161620297217742e+05
1.330911374166751048e+05
2.008434030434724991e+05
8.767159530259806197e+05
6.858496411376449978e+05
1.815503627910191193e+06
2.296054071457539394e+05
2.724518122666620184e+05
1.588890881485770922e+06
3.259606078332220204e+05
2.506050535428125877e+05
4.052523399083332042e+05
2.514577495538833900e+05
1.033007022951013641e+05
5.902535167928193696e+05
2.921998869746412383e+05
9.409954440878808964e+04
1.438534957909417863e+05
1.525658486946343328e+05
2.186333842916055874e+05
1.872093944852874265e+05
1.713427090713637881e+06
5.413490721302291378e+06
2.042627392977234849e+05
5.090984109446542570e+05
1.105244820589030569e+05
4.005251331282886676e+05
1.828936878358791291e+05
4.321400701360155945e+05
9.218128541592360707e+05
8.735653671154333279e+05
9.046484142045797489e+04
9.667223378556909738e+05
4.130390647121464281e+04
7.413974029455709388e+04
1.150123367438895366e+05
2.728107224047515192e+05
2.772929771621819236e+05
1.685945969340525335e+06
1.101179168261427112e+05
1.564958721395501561e+04
6.735306169310673140e+05
1.726171507302646642e+05
8.976405413923705055e+04
1.023498918932161905e+05
3.940043224605660071e+05
3.278068473267040099e+05
4.812097720939787687e+05
6.360737807916379097e+04
3.463865344887386891e+05
6.046762401334079914e+05
3.989466925105009694e+06
5.142248987210803316e+05
1.518054951251094462e+06
3.887159950646286015e+05
3.068773494715746492e+05
1.391825620278789720e+05
2.379797350850971998e+05
6.795770783124575391e+05
2.523179489352764795e+05
2.105228539205200505e+05
3.337353950486112735e+05
1.705344466937677644e+05
3.904955987668046873e+04
1.321528465286072460e+05
1.975082737352226395e+06
2.339261365543185268e+06
6.820009947430719330e+04
2.333895081680664793e+06
4.321324034406114370e+05
6.722719920981681207e+04
8.154990183429379249e+04
2.320709118534592912e+06
7.289641041541703744e+05
8.221259873934026109e+05
3.910830046276427456e+05
2.416134603311326937e+05
2.263116043598847464e+05
4.838804311692091287e+05
6.992363706956922542e+05
3.808633464911366173e+04
6.046297551521917339e+05
3.376553210796851199e+05
1.933440842408818193e+06
4.069472962254178710e+05
1.454402418955664616e+05
3.252088919621087916e+04
1.242667990224284353e+06
2.771824449960325146e+05
8.826359312882692393e+03
2.316560580324994808e+05
1.487484835778128763e+05
1.273406904753272887e+06
5.130739129291638383e+05
1.370018556579907192e+06
3.892191711948800366e+06
5.827678083271012874e+05
7.363013746513872175e+05
6.068810680599417537e+05
6.738710999748327595e+04
1.858218158727532427e+05
6.270576705085118301e+05
8.434054539910155290e+04
1.099015637849124148e+06
8.227654596381618467e+04
1.054728280256425642e+05
2.962834287695335806e+05
4.663206553601306514e+05
1.512746323908611957e+05
6.861708189737441717e+05
5.656023239274945809e+04
2.036554728085198149e+05
6.112076693979374832e+05
6.505579174277739367e+05
4.027958556636266876e+05
7.877186935223194305e+05
1.605596992258188839e+05
4.714334517806085641e+05
3.384281704067539540e+05
7.894344515699681360e+05
7.411712226602415321e+05
8.566320549321747967e+04
1.859630279237868381e+05
1.506407839581311215e+06
1.892959710407199236e+04
1.573152043229758601e+04
7.593572342293576185e+03
9.416593665035540471e+04
7.710994275705735199e+05
7.321160903561331797e+05
8.405485759332854650e+04
2.417691280736240878e+04
2.937805561200056109e+05
2.055220542018346488e+06
2.509507623374508403e+05
2.217680871935834584e+05
4.317753714621667750e+05
3.585382896646072040e+05
1.916491857937129971e+05
1.202945272691187274e+05
1.246704789702123380e+05
2.103542107038577669e+05
1.266790495728545502e+05
2.140833766975017206e+05
6.970636984362342628e+05
3.026806441919801873e+05
3.717892203254050110e+05
1.609451501092241611e+06
1.340691399384713732e+05
3.173865845708032721e+05
5.313639147561830468e+05
1.187281397639764706e+06
7.548557076561235590e+05
4.245818619758132263e+04
1.394295278062219732e+05
2.039145088856522634e+05
6.922801349275200628e+05
3.498967774246050976e+05
1.349094753530285787e+06
4.066838938050456636e+04
2.133213566940622986e+05
1.962894588926936267e+05
3.583884819035553373e+05
2.882618554482710315e+05
2.959385803749063052e+05
1.372504779783265898e+06
7.774915987750474596e+04
2.005519644972727634e+06
7.407088042224092642e+05
7.267008959543941310e+05
6.790402268618525704e+04
3.795881770688908873e+05
2.216174546901929134e+05
4.156758377372415271e+05
2.666858602864679997e+05
5.073658996723720920e+05
1.838128748079249344e+05
2.088919569282939658e+06
3.733499250366449123e+05
1.033712125032153417e+05
5.686144903865552624e+04
1.031114680035253987e+06
1.578831237634667894e+06
6.172096394029384828e+04
1.142881517763686279e+05
3.130171803115847288e+05
6.076141732328899670e+05
9.787735982484095730e+05
1.963171305383254075e+05
8.337991106314869830e+05
2.265125526539619605e+05
7.192546870882418007e+05
1.026010023385990935e+05
3.577148145924271666e+05
1.068166123668960063e+05
1.976910711598429189e+05
4.086633354129082523e+06
8.251811938593946397e+05
1.596563627491855295e+05
2.019533913418994052e+05
3.559757547589481110e+05
7.759345208933345566e+04
9.134844460247227689e+05
2.498033425949244993e+05
1.400222666129607242e+05
2.334200718414521252e+05
5.284650490608235850e+04
5.356065347249059705e+05
9.604887914652080508e+05
1.279139850303413812e+06
1.421258908287537342e+05
1.625186156485897256e+06
8.967131911445141304e+04
1.456521940708964132e+06
4.136928994873438496e+05
1.425472946959645953e+06
1.596033884464797156e+05
1.125372922077216208e+06
4.092218440624681534e+05
6.063192959707112459e+04
4.440718721109577455e+05
2.568287655428191356e+05
4.055256599648418836e+06
4.946975339659404708e+05
1.377104327533953125e+06
1.564545001010337146e+06
2.172860033739201026e+04
3.364410663350140676e+05
3.712000576809512568e+05
7.409728447901185427e+04
2.315670592884901853e+05
2.187755651113953500e+05
4.761744810299585806e+05
2.094878094859557459e+05
4.995942551734807785e+04
2.452850591951904644e+05
4.824565729983259807e+05
3.439551339333641226e+05
2.323626260180944519e+05
1.828563418362150842e+05
1.408690925937204738e+05
8.963136616996406519e+04
1.942012251734619203e+05
5.990815408763268497e+05
1.171106458622040926e+06
8.161417068036725686e+04
1.375996578216922702e+06
2.315707089515960251e+05
8.857172059077843733e+04
7.663949859139712062e+05
2.420426945696409966e+05
4.450152417929285439e+05
6.317505848304338724e+04
3.020291314139517490e+05
5.468693438201603713e+05
4.202825764681712724e+06
2.034278462058733567e+04
3.515964272261520819e+04
3.280484425126627320e+05
8.816170812672909815e+05
7.809270952011422196e+04
1.605105213342776697e+05
6.641866115515996935e+05
5.506354546040899586e+05
8.631508039093422121e+04
1.691738661440543074e+05
3.088389402167125954e+05
4.798086323509645881e+05
2.817292236277297488e+05
2.314677216542364040e+05
4.400232798063242080e+04
1.105711097900833556e+05
6.634717655531456694e+05
1.600057393399972061e+05
4.020077904037090484e+05
4.715755966816490400e+05
2.547203198617156158e+04
8.101695002625684720e+04
4.696752138376134681e+05
2.880942540138665354e+05
5.994640130636738613e+05
1.887217079518914397e+05
7.202641103577145841e+05
6.640594522844407475e+05
3.723407444233470596e+05
1.885333456144835509e+05
1.504467914577296760e+05
1.882535894374147465e+05
1.958191135577523382e+05
2.984272564421984716e+05
6.619856290827485500e+05
7.389670435507618822e+04
6.425839978826907463e+05
4.180316560041788034e+05
3.166397016637408524e+05
1.380954890593623568e+05
3.302538468311065808e+05
1.449610736324892379e+06
5.856869014132027951e+04
3.223395767888837145e+05
4.706099412916454603e+05
4.123590904635972693e+05
1.529257450785974797e+05
6.770368733034147590e+04
1.950636002107645254e+04
4.377705153942402685e+05
2.459372691358369193e+05
1.490212607963029586e+04
9.826287199096224504e+04
4.823939024054335896e+05
1.148445511191391153e+06
9.863211564152954379e+05
2.530233377913035511e+05
5.852305511468515033e+05
9.316861884838022524e+05
9.876069051894369477e+04
7.644121614381422114e+04
6.992050639296445297e+05
5.870103358461147582e+04
2.508441713826500927e+05
3.891037503479930456e+05
8.592033591520186746e+04
6.315662282292026794e+04
1.563881216303151799e+06
2.052570378347462974e+05
3.774203414184954599e+05
2.427412700260309502e+06
2.944122346962278825e+05
7.295910460725540179e+04
2.516207921273400541e+06
1.192938832459052792e+05
1.078275144452054701e+04
1.263014659008274757e+05
1.104725854236370069e+05
7.101205107349915197e+05
1.670586462323312007e+05
5.758062822512736311e+05
1.675413434641257860e+06
1.264684923523628240e+05
1.105083488455638755e+06
5.867594050781141268e+05
8.516302100121106196e+04
5.031892788599250489e+05
2.637025244327716646e+05
1.267532010261743097e+06
1.220634415726135019e+06
2.816129551073753973e+05
9.488361264740067418e+04
5.597937569841915974e+05
1.342996344918147370e+05
4.673928176414675545e+04
1.370073118577472866e+06
1.608161484031415021e+05
1.091312123915261356e+06
1.748099178620956081e+05
5.074947086068151402e+05
2.981453241278616479e+05
4.276903844646195066e+05
2.155113333512524841e+05
2.735660441424170858e+05
4.903773624005829333e+05
1.777029605265558697e+06
4.476041078549580998e+05
1.629858057500866242e+06
6.822031285637300462e+05
1.050020438196600415e+06
2.201614565423770546e+04
3.709595881654740660e+05
4.980090200712433434e+05
5.035458688218500902e+04
1.363193491228597704e+05
8.392556021541581140e+04
1.555452777452883602e+05
5.761878283750933770e+04
1.030773333038910932e+05
5.206128950358516304e+05
1.105347490701133793e+05
1.195279180020571039e+04
5.273923529874898959e+05
5.994701328335425933e+04
5.669452820398056792e+04
3.276408075784886605e+05
1.641639937210962235e+05
4.501243717635492212e+05
3.728242363192997436e+04
6.719362360077213962e+05
1.254701448321095522e+05
6.352799967431382975e+05
5.180683360024774447e+04
3.273225123067586101e+05
5.957881023754412308e+05
3.365466332025078591e+05
4.900408815053481521e+04
2.227547094609798805e+05
5.759800549231594778e+04
1.049810581972385844e+05
2.499896969656150613e+05
2.095579338449145434e+06
3.274223773151891073e+05
5.991826986553265015e+05
2.028454478962856956e+04
3.294413302241870551e+05
1.620790442674992955e+05
1.777535292193899804e+05
2.245219022216945887e+05
1.249912500941693288e+05
1.501710566701999924e+05
1.270735540656717960e+06
9.465575499707381241e+05
2.528527230577806011e+06
5.210209816985915677e+04
2.622304288472878980e+05
1.388683708182248985e+06
5.671132611671808409e+05
1.332861877023111738e+05
7.198428499753307551e+05
5.766873030704905977e+05
1.654954023703259300e+05
7.768692609094230284e+04
5.927113652767919702e+05
1.613240402677471749e+06
8.978565791904035723e+05
5.570597160872030072e+05
5.076094967296567047e+05
1.031478618224056787e+06
4.427514006918679224e+05
3.743795926051873539e+04
1.057108309132918948e+05
1.949261619984206045e+05
7.767735396710997447e+05
1.894014431546775624e+06
4.699373782410889980e+05
9.308239736949020298e+05
1.515771889767909888e+06
4.787436298641841277e+05
3.907862591302802321e+05
2.211820016639553651e+05
9.909670044315034465e+04
8.730718692428739450e+04
2.629175976001960225e+05
3.997054826209084131e+05
2.775583211615968612e+05
8.544861204379826086e+05
3.903782334700171486e+05
1.541339699478477472e+06
1.567236839624897984e+05
2.797519564816752099e+05
1.705706115076652786e+05
1.014679654710686191e+04
8.087187797801174747e+04
1.403995863735666964e+06
1.691728494471147424e+05
2.038274240915858187e+06
7.371362762480257079e+05
1.214645810600781842e+05
2.162980867446098011e+06
5.303019268137756735e+05
3.820789462556429207e+05
6.222791561394896125e+05
4.195537791598323965e+05
4.057900413668502588e+05
8.956417665878406842e+04
1.966248903773228230e+05
6.392174830932817422e+05
4.432142161741172313e+05
1.839439913252588012e+05
1.858741771555210697e+06
6.451638719142202754e+05
1.564945332751264097e+06
1.259728404159988713e+05
6.251032254525523167e+05
1.845653516318770126e+06
4.437345362004929339e+05
1.924394815743760264e+05
7.830226820013886027e+04
2.347074025716247852e+05
3.481008758211148670e+05
6.439687733946583467e+05
2.216440544285335578e+06
4.688034962003032560e+05
1.912003762409358751e+06
1.702703548181855003e+05
1.881376213813823997e+05
1.376146975716707821e+05
1.023377562296460266e+06
7.178832669464648934e+05
9.576534692156016827e+05
2.615709904415253841e+05
6.979433622678688262e+05
3.243529574090516544e+05
1.657626885473462520e+06
2.821386298356104526e+05
1.040404722803333134e+05
1.230749254816247616e+06
5.270430898888770025e+04
7.643283850855153287e+04
2.793542650672220625e+05
3.341605712703845929e+05
1.368324567627095152e+06
9.835949230163451284e+04
2.235830860533015511e+05
6.302399947879072279e+05
1.184200221056628274e+06
1.258721618538628332e+06
5.976623964901576983e+05
3.256794355340562761e+05
7.429219927329910570e+04
1.525778442220879369e+05
4.816621001533171511e+05
4.702166425446568173e+05
3.110245328042258043e+05
7.812126382215124613e+04
4.508699305885856156e+05
1.470857809986736684e+05
2.217618267362334518e+04
8.822647942022760981e+04
1.046214172551065858e+05
7.555907946650216763e+04
1.202873467621147429e+05
1.172427553355689015e+05
7.664071654264919925e+05
8.595383012487516680e+04
1.191725890302538901e+05
4.286100447647139663e+05
3.052638015602013329e+05
9.629545274336121511e+05
2.600968488595244009e+06
1.874012800978538871e+05
3.367200654344386567e+04
3.129966170848821057e+05
1.027902783847269602e+05
3.054130248742688913e+06
1.609805001293318346e+06
2.804376275107326917e+06
1.142109555423769634e+06
1.414311955822063610e+05
2.172216706254486344e+05
1.176150264240021119e+06
2.610543238903540478e+05
3.291499749840226141e+05
3.889398782108419691e+05
5.749022860051613679e+04
1.323337994147621212e+05
8.079302506716194330e+04
3.395578940519227181e+05
3.842185508487960324e+05
1.986438500659388024e+06
4.074358321358259418e+05
1.003293061222384713e+05
1.220170027063303132e+05
3.296293137861156138e+05
5.921140115860781225e+04
1.152748188732114388e+06
5.266109978959130822e+05
4.539487422710632090e+05
5.995389383644421287e+03
1.695655669146863976e+06
3.316775549907452078e+05
4.931101275582831004e+05
6.756365405480092159e+04
1.097249624498204357e+05
1.039741147323765181e+05
2.818726460666669882e+05
1.861960664008712629e+05
1.484754962389057910e+05
1.100446139950266079e+05
9.205174033453215379e+05
4.815569787254500552e+05
5.691763222276003216e+04
1.390170036339251965e+05
4.613624238231791242e+04
8.905488258935249178e+04
5.416349866743569728e+05
1.595781955912050325e+05
4.634995334022500901e+05
2.529609577681610244e+05
4.432371194475149387e+05
2.180585257691960316e+06
2.321820836105703711e+04
1.241528591195950139e+05
7.177797346677490277e+05
1.468840114914799051e+05
1.839006860291972407e+05
2.804673726170021109e+05
1.024093147594183829e+05
2.951209948570879642e+05
9.584285547423514072e+04
6.925886380079784431e+05
9.984710280667445622e+05
6.888580035051953746e+05
3.265780582080947934e+05
1.038448843358635349e+05
5.267511274058317940e+04
1.373802050889917882e+05
2.207535712132266257e+06
9.268523260636253690e+04
5.102283623048042500e+04
1.022857734901705175e+06
1.615386408008999133e+05
1.243350300319425296e+06
4.069444271441133460e+05
3.110941138610913185e+05
7.081956503426111885e+04
2.996362567200115882e+05
9.519612645953129977e+05
1.541084624487612396e+06
9.267704539978511166e+05
2.625950332386746304e+05
7.064014515609008959e+05
1.986481665879290958e+05
4.169323179981301655e+05
4.607356338329400751e+05
2.736543218120869133e+05
6.397629657375625102e+05
2.908115198467471637e+05
5.954058236334520625e+05
1.388798486901078839e+06
2.140440326969368616e+05
2.059611717305478232e+05
3.180694912921912328e+04
2.114881182030763885e+05
1.564844569242561935e+06
3.478968038697205484e+05
1.326395455036260537e+05
2.813706910330866813e+05
5.591332275572788203e+05
4.535405022669787868e+05
1.583957456519595813e+06
9.601853857537742006e+05
5.202633654011305189e+05
1.268346948733526981e+06
1.860902901480428118e+05
2.707933868780921330e+05
1.024874499422877561e+05
5.377156251104859984e+04
7.749648184448642423e+05
5.697921616202761652e+05
8.694059456533013145e+05
3.293664123313244199e+05
3.096381096725052339e+05
1.651570330423089035e+05
1.685915577058008348e+05
6.987775718456301838e+05
4.809812369637128540e+03
1.417304669147378067e+06
3.419270251596852904e+05
7.212328424215176710e+03
4.789174277403128799e+05
2.298489991992757190e+06
8.617955464998255484e+05
2.348723840558753873e+05
2.057792045877020573e+05
1.912136999353494612e+05
8.009927710440671071e+05
4.437789193704730715e+05
6.698388952541209757e+06
2.779210061701825543e+04
2.524609096005256753e+06
5.859523730827172403e+04
4.610305692303604446e+05
1.624670693778290879e+05
2.567756477988462721e+05
3.780806605226225685e+06
6.954633984283216705e+04
9.811151219011834473e+04
5.325025017039384693e+05
5.080978125576549792e+05
5.015960163997384952e+05
2.783400668034748523e+05
2.439488721099817660e+06
1.228485915174846887e+05
7.264789644275656901e+05
7.555998978008413687e+05
1.234571145178825827e+05
1.869306423593642539e+05
2.692958505013457034e+05
4.888472418515718309e+05
5.067400478801411809e+05
1.351344949163791956e+06
3.395507703877868480e+05
8.822865649486801121e+05
6.080014890175203327e+05
5.212784387166678789e+05
7.492604092441627290e+05
1.427783162841968879e+05
2.788990528328485670e+05
2.626498087736248999e+04
2.349693913363206229e+04
7.648053348298771307e+05
3.747462420120237512e+05
4.014732192449626746e+05
7.882362425657934509e+05
6.752940246096373303e+05
1.044209185486625065e+06
2.241718312738018576e+06
1.488164729036781064e+05
9.104984280859539285e+04
9.034374901590593799e+04
1.040704372733050492e+06
6.297793635252236709e+04
3.506758599324023235e+05
7.554035556443368550e+05
1.613693444799834106e+05
2.958011722002607421e+05
7.901932031729065347e+05
1.659728275456155825e+05
7.981184082933968966e+03
1.237769922705701320e+06
2.020201172987201135e+05
4.583244621055475436e+05
1.008418219541186118e+06
1.608459443300476298e+06
8.754493959631107282e+05
9.000908460419582843e+04
1.010580971495371887e+04
2.790512466219372000e+05
1.627262567219189950e+05
1.194950472551671090e+06
5.049802097158138058e+05
2.148400896464394405e+06
3.175841173038391862e+05
1.072396283624271862e+06
3.552609209478835692e+05
7.271290450803447748e+05
1.996020737452128014e+04
2.588679399428660981e+05
2.208246212615625933e+06
5.657062138167638332e+05
4.842459581651077315e+04
2.080081280376227805e+06
8.188645044963821420e+04
1.103973648990070214e+05
1.239924297325073276e+06
1.241156642751305480e+05
5.645346493138800142e+05
7.243791989469596592e+04
2.578518496580075589e+05
4.708309286595326848e+05
1.314346633464426501e+06
3.071033787588330961e+04
1.585661898548328318e+06
1.046492100310420152e+06
2.313421487732599198e+05
4.490582311537852365e+04
1.254222250909451977e+05
1.506217308466433897e+05
1.511346156974679907e+05
8.341933899969692575e+05
3.937773337670342880e+05
1.696767637684251822e+05
1.680334681164881331e+05
1.047114434908332769e+06
8.123519388204377610e+05
3.084023557194106979e+04
4.684731767110875808e+04
5.386529001297769137e+05
5.183401394706649444e+04
9.920784719226497691e+05
2.614898497250701184e+05
3.443197010914125713e+05
6.120894204691507621e+05
1.761810561367878225e+06
1.001896329990539933e+06
2.274504950360813644e+06
4.435044145354524953e+05
1.122853155019624974e+05
5.895183494554314530e+05
1.602074280050369445e+06
1.368190160484591033e+06
5.786846677060311049e+04
4.708661513627123204e+05
1.444990052013455133e+05
1.626119628614569665e+05
1.637426046290854283e+05
1.001766347821476375e+05
1.085415391642944887e+06
6.400176387548699277e+05
3.168382223036190262e+05
6.645248714083897357e+04
2.484820209585546516e+06
3.113518011917615659e+05
2.404482367694358691e+05
3.224659593688638415e+05
1.515711574254156731e+05
1.058332873935671814e+05
6.457244124993458390e+05
3.005727274849175592e+05
9.983068387462939136e+05
8.551400155829383584e+04
5.277665193287071306e+05
1.673926090135284932e+06
2.207823720216165530e+05
4.052635758198098047e+05
5.510375028191332240e+05
1.589669533922306437e+05
2.930913943520524772e+05
2.599694025988373323e+05
3.066584789683757699e+05
9.384771897926388192e+04
9.076959462831691781e+03
4.308583534428576822e+05
2.218289756960590894e+05
1.907134050457523903e+06
9.925345012883322779e+05
5.864767107144721085e+05
3.272512020879517309e+06
2.330009013532083191e+05
6.952982333775135921e+05
7.192535821457977872e+05
2.958883629213193854e+04
2.389677709206584259e+05
2.596173079067547515e+05
9.590340867151856655e+05
6.817645524216782069e+05
6.620664165149980690e+05
2.383719528945645725e+05
2.134340613162970112e+05
2.061558810935013462e+05
1.668122795669938569e+04
6.732051317844398727e+04
9.780854639617726207e+05
1.654915720279210655e+05
1.481359808409505058e+05
3.739342836893695057e+05
7.124316768834009999e+05
3.411561641126087634e+05
1.695186847554244101e+06
1.383453780099150608e+05
1.214155841586422030e+05
1.186189550861673488e+05
3.579991037799962796e+05
1.690766183532580617e+05
3.032225566302335355e+06
9.550685685691301478e+05
3.393925479158492089e+04
2.889987932704298291e+05
4.662730469571120339e+05
3.944617787606079946e+05
2.462018876495416407e+04
1.011456042767588282e+06
1.501660500060003833e+05
3.458970255812084768e+06
1.318427480152635137e+06
6.617911651119221642e+04
1.169252523754058639e+05
4.993876341209209641e+05
5.356782642446504906e+05
2.181419432511463528e+05
2.201583055342814769e+05
1.082374199632487027e+06
5.671217065192608861e+05
3.596780349661852233e+05
2.107154884685825091e+05
2.755688434278302011e+05
2.100180969357556896e+05
8.545045149430757156e+05
1.489550085049283516e+05
3.837658071531139431e+05
1.087441357809294248e+06
8.124426638355453033e+05
4.504975552141490625e+05
4.602947289271923364e+05
1.813632072457832692e+05
3.150730156829296902e+04
1.196292437321172329e+06
1.417533590185960638e+05
1.186697340605154022e+05
1.272568930225395015e+05
9.631791736602064339e+04
3.536820189043746796e+05
3.537596504335893551e+05
5.877942214746805985e+04
1.984563215104112460e+05
6.404650721366637154e+05
7.765745903308429115e+04
4.509959866007455857e+05
1.103708353189749178e+05
4.499927585695604794e+05
1.287528216955690878e+06
8.614828897001834121e+05
1.209351734374579974e+06
1.820035021888577612e+06
1.400302309089333052e+06
7.279084458210100420e+05
4.085170716296266182e+05
5.376892914773967350e+05
2.904713712775119115e+06
4.116072521748020081e+05
7.613862077177168103e+05
3.032701568679774646e+05
1.970973700989410863e+05
1.451326103076820727e+06
2.902276289546721964e+05
1.185714882626486709e+06
2.564898570831668621e+05
3.905704875910799601e+05
2.653281809415000025e+05
3.869229966926054913e+05
2.886041521674144315e+05
7.590508285250364861e+04
4.409443359292844252e+04
3.254467512644960661e+05
5.511578169608376629e+04
2.544292656523575715e+05
9.683086004266791861e+04
2.616026953121262777e+05
5.493712929225605913e+05
8.850382149121302064e+03
3.571062656652118079e+06
9.024239710073203605e+04
3.704208878149110242e+05
2.198069533070489706e+05
4.000906376041859621e+05
4.015694386792309815e+05
1.349817774504944100e+05
1.085899257708910882e+05
2.664096565855870140e+05
1.279084372089831391e+06
9.952004675413584337e+05
4.091353079996365705e+05
1.076725193964360282e+06
1.843125314078412484e+05
4.587938746326523251e+05
2.860397621367178508e+05
1.586022920266618312e+05
1.385596914979739231e+05
3.594491880692592240e+05
1.533972673921464593e+04
7.640772186400101054e+04
1.227794405220597400e+05
1.083661899463887094e+05
3.373545276582905790e+05
2.577680191383155470e+05
1.492838690123184351e+05
9.864768847163188184e+03
2.000455763091660629e+05
5.689069278093726462e+04
4.467374830984523287e+05
3.275928063223268837e+05
2.629178147179542575e+05
8.564243690190275083e+04
7.085396918048175285e+05
8.572836106746448786e+04
4.190628126058741473e+05
1.438585193104643549e+05
2.890335647456129664e+05
8.853626956708253419e+04
2.598489230532969814e+06
4.502584710347781656e+05
2.313353477108110383e+05
6.704197165311562130e+05
2.357153497116403014e+05
2.251908635789163236e+05
9.654825056745057227e+05
7.805566438416243764e+05
1.935148355347730976e+05
2.363494754218984395e+06
1.080498260016998975e+06
1.326132350510725519e+05
2.273050322289385367e+05
1.889040222401406383e+06
1.093036092371457489e+06
1.217912125679465971e+05
1.899025084451122093e+05
2.348255326133415510e+05
1.116125385017288354e+05
6.968274114114290569e+04
9.148562077991890255e+05
9.069300373250657867e+04
8.357186648818769027e+05
1.036996344815106422e+05
2.608257210212976133e+04
1.043575730504687381e+05
1.330776591294836253e+05
3.830571554878957686e+05
1.386980163340280997e+05
1.280834176819554414e+05
3.948274998654288938e+05
1.600720762330420257e+05
5.164644703524907818e+05
1.212926155958843883e+05
1.563525930458176415e+06
1.485410123585716938e+05
2.504142036340738414e+05
1.080466897770752985e+04
2.732034480193034397e+05
2.332876994056951371e+05
2.439150068430409883e+05
1.090339014702688728e+05
1.215084265817183303e+06
6.588451690446294378e+05
2.594370358395414078e+05
6.140597497147526592e+05
6.646268498633732088e+05
1.666915733271631689e+04
3.480245823127527547e+04
1.842007261424217140e+05
1.624860089077067387e+05
1.152139751964963041e+06
6.010977760664247908e+05
4.936805211214576848e+05
2.376839950759506319e+05
2.278856711300841707e+05
2.095764109165226982e+05
1.886511310107873986e+06
8.184797767791860679e+04
8.349368273441279598e+04
7.162574309845599346e+05
3.931814698416570900e+05
4.200901928729282692e+06
4.944768198940782167e+04
1.666839159171969222e+05
2.742486891145855770e+05
3.620140406664825277e+05
1.316330403753052233e+05
1.056034384960534051e+06
2.194704073377515597e+05
4.789096794440957019e+05
4.912936883733478026e+05
1.800284343171757646e+05
3.126660919208566193e+05
8.384824923060517758e+05
1.285071072236867156e+06
1.949272897857480275e+05
5.550940222206584876e+05
3.944946625597278762e+04
2.730258006905841175e+06
5.324806189807719784e+05
5.265339043555359967e+04
2.127447788346486050e+05
2.315481802098308108e+05
1.887884724098176521e+05
5.081973226307763252e+05
4.572681360774555942e+05
1.783457226319983238e+04
2.090604361237792997e+06
3.167932560590193607e+05
4.053635855022188043e+05
2.618670466775881127e+06
1.010471827767765499e+05
1.538529391542091907e+05
1.163185098640976474e+06
7.189718298547222512e+05
3.739425248984490172e+05
3.505733396245000185e+05
1.014306386459914851e+06
1.505592837038572179e+05
3.334372584012113512e+05
6.331970107963124756e+05
1.111713669194453723e+04
1.623258131737685762e+06
3.916778267269456992e+05
3.692825674880939769e+05
1.120426648499267612e+05
2.685026914344136021e+05
9.964129878461176122e+04
2.398228297589919821e+05
2.774617071028394159e+06
5.488886533613486972e+04
5.764484681145873619e+05
9.516082794608788390e+04
3.609478356822472415e+05
3.427060690781639423e+05
2.207258618385690352e+04
8.422590218339660205e+05
7.194977736557801254e+05
3.132892104402001714e+05
8.210885822706469335e+05
1.269101806187756360e+06
1.059356945191046398e+05
1.058735727213704668e+05
8.236061966122238664e+04
3.707299236655661662e+04
3.329784581793090911e+05
2.644570230963436770e+05
2.071530789936869696e+05
7.421393815557542257e+04
2.671275322539815679e+06
2.811905933781452477e+05
2.452559536702104087e+05
9.091984554390398262e+04
2.093038724309941172e+05
1.559552219230707036e+06
1.537540884043270198e+05
1.182440537782753236e+05
2.090332153030133341e+05
8.413449162270961097e+05
2.039562722321254550e+05
4.002623877865753602e+05
9.638252724751967471e+05
7.356775970293680439e+05
4.223583772964745731e+04
1.034527595331789344e+06
4.158446892739447067e+05
1.108512624667753698e+06
5.644744485907784838e+04
2.150320914898466319e+06
2.842700223055914103e+04
3.426406360435723909e+05
2.238103413723855192e+04
5.340089686813117005e+05
6.362907679883857490e+05
4.424217579166341457e+05
1.083624296266740188e+06
4.183906313556402456e+06
1.333837523698457808e+05
3.237639453859686619e+05
1.268878436981938314e+06
3.328691644117136020e+06
6.953815121554618236e+05
1.406373407989125699e+05
2.563370165334891062e+06
6.900983314633237896e+05
1.716481957927975745e+05
2.602596513668764092e+05
6.773929096325599821e+05
2.420047153798751824e+05
3.385344979770587088e+04
1.366825543373190158e+05
3.161243920924902777e+05
1.144142214647541550e+05
5.340066046145061264e+05
4.652458006012596888e+05
9.531883980958291795e+05
8.912180017743050121e+05
7.731230771379899234e+05
9.381449255996636930e+04
7.975083638111363689e+04
5.285523599311173894e+05
3.888749278960234951e+05
3.467153148410608992e+05
2.166341808050921652e+06
8.866219550535917515e+05
2.608215026747790980e+05
3.214420520297720795e+05
2.740070065950536635e+06
1.473251151179577922e+06
4.930164890961784404e+05
5.406228863091186940e+04
3.709595019878370658e+04
1.728005867977115486e+04
1.429785699179106858e+06
8.202393639046992175e+05
5.139410077832125244e+05
1.603576768963847077e+06
1.906451281357037078e+05
7.327430222620011591e+03
2.650781583794445614e+05
5.515828963572928915e+05
1.133297933349231491e+06
2.144528601289841172e+05
7.695903056177124381e+04
3.805507085960636614e+05
2.781035829330134438e+05
9.685581848666850710e+05
1.598477359755775426e+06
1.425859787548912573e+05
6.343970725979962153e+05
8.301470926787327044e+05
1.004427413506130571e+06
2.270100106698792297e+04
8.732966593456765404e+05
4.923728532682262012e+05
4.438297648996576027e+04
9.765476493001204217e+05
2.031081876592883782e+05
8.945435553673024988e+05
2.685908286701125908e+05
1.570426184177667019e+05
8.856095045865666179e+04
2.162782432098893041e+05
7.456432299734350527e+05
2.715895498052373296e+05
2.587003783443192369e+05
2.603217105835556285e+05
3.952292109385727090e+05
7.439849203303056129e+04
1.197207591278173728e+06
5.622203233389234083e+04
3.411192724135842873e+05
1.411632371215706517e+05
5.888329306129156612e+05
1.601256929611144122e+06
1.604913786938525504e+06
3.558696291596342344e+05
4.765396521513375337e+05
1.607851750910994597e+05
4.749201192539269105e+06
6.054445588773577474e+05
1.683574948876445647e+06
1.268610633608531905e+06
8.212451757197226107e+04
6.367602042203820311e+05
4.610965102717858099e+04
3.083513052524883533e+05
2.065547288360012753e+05
3.057188772459606407e+05
7.046307591317042243e+05
3.124330354028602131e+06
4.915289645560485660e+05
3.218136641288115061e+05
2.561600856388313696e+05
1.397326362709710957e+05
2.121735788110897411e+06
1.825653271152191446e+05
8.569937821745626570e+04
2.218916218134467490e+05
1.373264385654254584e+05
1.556745254066057350e+04
4.269220072404789971e+05
1.711828482268836233e+05
4.194483150925340597e+05
1.527924554240073543e+06
3.889881676484244963e+04
2.086641359671820537e+05
1.321028133427366847e+05
3.747634604040766717e+05
1.718287114913820988e+05
1.521707735067021567e+05
1.523944685631260218e+05
1.809942378377546847e+05
2.714451775026026298e+05
3.925470650139934151e+05
2.003404195230695041e+04
2.954147897509189206e+05
4.381654178373500326e+04
3.764834812420805101e+05
5.752541239872841164e+06
2.849926634866798413e+05
3.759978211709836614e+05
2.907199414862146368e+05
1.233017945278828847e+05
2.572298664173885481e+05
7.733868537525954889e+04
6.035374926092963433e+05
2.733766370732193463e+05
1.408942611807143257e+05
2.122693152816325426e+06
9.473388819777994649e+04
9.786657303179684095e+04
2.017216838426575530e+06
1.624203954352127621e+06
1.421028103701250860e+06
4.160864879068381269e+05
2.691844663785634330e+05
1.870202641380155401e+05
1.440065907444275217e+05
7.996980744353812188e+05
1.791265626535456628e+06
4.133840041543292464e+05
3.979912800152038108e+05
9.604852206262407708e+04
1.263395330356367398e+06
2.236970244910744485e+06
4.050931510982692707e+05
4.743402025314508355e+05
1.908003637560097195e+04
1.210883582428995142e+05
1.660872345826923847e+05
1.329494180616301310e+05
1.528816985186407983e+05
9.537771975459101377e+05
2.466690477577831480e+05
1.046884678068269044e+06
4.504494003198988736e+06
2.717813520892089582e+05
4.860957819247249863e+05
2.235477297809719574e+06
5.407706607024294790e+05
6.082729133395407189e+03
1.797597677919523558e+05
4.607405320451222942e+05
1.351175392198683403e+05
5.457924723687717924e+05
3.646934341263587121e+05
2.751691890880119754e+05
3.221979176198519999e+05
1.358168521815512504e+05
1.449628287310666637e+06
5.468632399328897736e+04
1.627178764302647323e+05
2.193108393870394502e+05
4.378064899187174888e+04
2.821864696908368496e+05
1.049065229828951487e+04
1.881463241260392533e+05
3.936061680208580801e+05
2.357334743168665227e+04
3.916573356351369875e+05
3.111032607248168788e+05
6.234445608247257769e+05
4.333407045319020748e+06
7.369454425563230179e+05
1.018059852523550042e+06
3.333703197711147950e+05
4.004057627129977918e+05
1.111409381239997165e+05
3.203532049734187312e+05
1.234114607443272835e+06
7.081583452482359717e+05
1.294767735091284994e+05
1.472722852515372448e+06
1.389573674230976030e+05
2.608860237075942277e+05
1.734157514054046245e+06
8.104080866337740736e+04
2.151918496507228119e+05
1.365795621478380403e+06
1.164035160778278718e+06
1.648448619310428912e+05
5.085559419041750953e+05
5.762147314052729780e+04
3.107457386629369466e+03
1.729298581861550920e+06
1.263730478709277930e+06
8.402236249802236853e+04
1.120864421940282045e+05
4.737488022641016170e+06
3.691571927674191538e+05
1.238239701800315088e+05
5.624278555805953220e+05
3.074589700957615278e+05
2.642082132848934270e+05
1.167343204847311368e+06
8.317344960974168498e+05
2.384342712914048694e+06
3.337998427861038945e+05
1.069636870648010372e+05
2.109223407426210586e+06
2.909874466257854947e+05
3.334621211305489414e+05
1.241574076967659057e+05
2.773477648999177036e+05
6.751024942143056542e+05
1.288627620152476593e+05
2.963194897513538599e+05
2.656456000973673654e+05
1.058201108300264750e+05
5.299469010106411297e+05
3.454356688973735436e+04
1.120124523310102813e+05
6.465809961471099814e+04
2.620038023833633051e+05
2.463918241281323717e+05
2.441376603576389243e+04
8.707820933381437790e+05
7.468268889991963515e+05
3.056349298307904974e+05
3.320501236230892828e+05
8.253618640795490937e+05
1.535493188288827369e+05
3.611098626532002527e+04
5.630849311893554113e+04
1.953176106432466186e+05
7.688733749076456297e+05
8.438065571576645598e+05
2.471836760299396701e+06
1.123902724159084028e+05
6.873807324683913612e+04
7.487571136081045552e+04
3.320576453769700602e+05
1.630961676849691721e+05
1.831287738196231658e+05
1.116362974487452768e+06
4.656003224324958865e+05
1.699897700916980393e+05
3.000883850070048939e+05
3.437000317610860337e+06
2.915725886969428029e+04
8.808171342192164157e+05
1.713684699057939579e+05
5.641442301068224479e+05
1.897746119158206042e+06
6.389899894047870766e+05
4.038854284385686042e+05
1.832101584403809102e+05
8.979280681560017401e+05
1.187912105948183453e+06
1.744606238108024118e+05
8.419875394793992746e+04
2.900302053223507828e+05
3.682812136620480451e+05
1.267056801027053007e+05
8.563683959259751718e+05
1.205666488927196333e+05
5.378490189291525166e+05
5.501492211595760455e+04
4.966451594940754585e+05
1.640755044652149954e+05
9.432780950647123973e+04
1.501612592725432478e+05
1.428516577163529349e+06
1.483597638547513867e+06
3.136869548876785557e+05
4.796824948051701067e+05
4.508116916832626448e+05
1.920897992782962392e+05
3.694380320779166068e+05
3.311354956101942807e+05
3.000256986933214357e+05
3.474142792673635413e+05
5.563194829844486667e+05
1.172708075248509558e+05
2.543478880589942273e+05
1.932593044986884634e+05
9.706185143070028862e+05
2.693526489363127621e+05
1.339892256832729036e+05
1.597875291526608402e+06
9.605832087087063119e+05
4.892787552198193735e+05
3.167925377115481024e+04
1.280074124280839751e+05
2.900573711818532902e+05
8.280022436772766523e+05
2.143919564554822166e+06
9.806029724638474872e+05
1.000073869345573476e+06
2.483373127736389579e+05
3.117589311429941445e+05
6.217574956538846018e+05
7.379708278595280135e+05
8.383170943277366459e+05
3.626831218046916765e+05
4.136962163220930379e+05
9.267575209870485123e+05
3.693510435287187574e+05
2.151688923183815205e+05
1.458403487130906142e+05
4.864637530449037440e+05
3.653805566326689132e+02
6.506932151326044695e+05
2.023302626037858659e+06
8.055952589403137099e+05
1.773997575627966144e+05
2.191057709747702756e+05
5.013377799155618413e+05
9.202980108084090753e+05
1.253582074496447894e+05
5.607591009929777356e+05
2.199826247410180513e+05
3.938893626950347243e+04
1.316992747385240800e+05
1.486850965129613760e+05
4.130217570654607262e+05
1.143333278211484430e+06
3.339379258493221132e+05
1.022627600200900692e+06
4.633586534839549568e+05
1.194844545267682988e+06
2.153158939796486229e+05
1.937646942213805160e+06
9.344064831108539365e+05
1.038294138418473885e+06
4.809821765552049037e+05
1.348709005174525082e+05
2.786684015884593828e+04
3.300818687296329153e+04
9.367027974350150907e+05
1.225098290728300344e+06
1.047141158211468486e+06
2.663011286771838204e+05
2.082849788427360472e+05
9.652097360971154412e+05
1.747220849613748258e+06
6.860590554463375884e+04
