1.670626619381328055e+05
7.955751694977775915e+05
8.007052951657105004e+05
1.163116474637254432e+05
6.629256832359222462e+05
1.456972483819792687e+05
1.273113829805460591e+04
2.560900480368509307e+05
8.674682192404726520e+05
1.628743540370291448e+05
2.801853912228723639e+05
1.415627992095699010e+05
2.924815470817186288e+05
7.929354277029751102e+05
1.515674142916947603e+05
1.459650561567601981e+06
1.352287431814932963e+06
1.076485449472403154e+06
8.022932217632514657e+05
3.367874554591281340e+05
1.910951108351435687e+05
4.475101838041111478e+05
2.071624286931028109e+04
2.017937764841296885e+05
1.153719734821688471e+05
1.472543684296259191e+06
4.267578102853271412e+05
7.301946303272795922e+04
5.964685995078596752e+05
2.703065085921281134e+05
3.692339611164019152e+04
5.974573510195827839e+04
1.966594255731012672e+05
1.013074781475845375e+06
3.354009355169835180e+04
7.378085763617038901e+04
8.183626279617088148e+05
4.243143158252292778e+04
1.061295545818474377e+06
4.071167047552094446e+05
7.048717946498146048e+05
2.461924464601795771e+05
1.325479016927695193e+05
1.304574996762241470e+06
1.117602896469221450e+06
1.674433571290388645e+05
1.223615534611373674e+06
1.088350384120614035e+06
3.485358862810387654e+04
1.799316237513493106e+05
6.469736740536346770e+04
6.877556873723614262e+05
2.236871814416450434e+04
3.690776123822744703e+05
7.716288115269044647e+05
1.507248596627912484e+06
7.303518944015295710e+04
2.332385431356756890e+05
6.083664772473191260e+04
1.086454515613583644e+05
1.149755489262137562e+06
4.019116343446128303e+05
1.113761070845820941e+05
2.482751549045650754e+05
8.198255153681922238e+05
1.012736619614381343e+05
3.574406170726448181e+05
6.418315544892936014e+05
4.789481164893338573e+05
5.429014498493081192e+05
1.204775013655407820e+06
1.390851569408562034e+06
8.539912513852127595e+05
2.480971447939025529e+05
2.906490625785375014e+05
2.972333524882823694e+06
1.003573588301692274e+06
1.052161351021823473e+06
1.158289140409903630e+05
8.530495812193695456e+05
8.263115221624711994e+05
1.092898247346274438e+05
1.024499735003364040e+05
6.972084696017925162e+05
1.223424390230259160e+06
9.450015891992492834e+04
3.818842077453693491e+05
4.097798744045436615e+05
4.783902355497046374e+05
1.005582712639796227e+05
1.951418225521742716e+05
3.043090326167121530e+05
3.950176413794597611e+05
5.285854767323065316e+05
1.737240629397141747e+06
3.003684388476539170e+05
3.891615470655805548e+05
2.768429103193854680e+05
3.756805761063812533e+05
1.027140327509506838e+06
2.673397720877201646e+05
4.621294806351911393e+04
6.705295055280263769e+05
7.782309731059205951e+05
2.760795108616030193e+05
7.335055752019961074e+04
5.932083722662201617e+05
4.737233403826291906e+05
9.867269837819343666e+05
4.296418371987236897e+05
1.180480068837210536e+06
5.378546507823454449e+05
5.573893294668519957e+04
1.180111653842027154e+05
3.127223832832270273e+04
1.009957721147815464e+06
1.040468711026247358e+06
6.880308725667238832e+03
1.182930465589519357e+06
1.735101300126145652e+05
9.936214025045952294e+05
3.049668484485493973e+05
2.820832490302115912e+05
1.245208486560903024e+06
7.197493812256674573e+04
1.505608245893415296e+05
1.668953965567624837e+05
1.376324277277617948e+06
1.982835035951105237e+04
8.347931967391786748e+04
1.547638879959022626e+06
3.276488096166936681e+06
1.313879866407044232e+06
3.007914196582503500e+05
2.967286406012121006e+04
7.525807665181979246e+04
1.940353968425957719e+05
4.276059654123074142e+05
1.086916016583169985e+05
2.418126996216606931e+05
3.239886156324544572e+03
5.405745618009608006e+05
1.292901751720470020e+04
5.950845461191634968e+04
3.973053804317525937e+05
1.172509742799784181e+04
1.788911259783000860e+05
8.429727956540120067e+05
3.423582923338156543e+05
5.278510615300802747e+05
8.390692756692664989e+04
1.308857716048286384e+05
1.498203567528176354e+05
2.163061153884192463e+05
5.793862412000484765e+05
6.889346932414773619e+04
1.602518943501324160e+06
3.901628552470774855e+06
7.889688544207395753e+05
4.221108759832708165e+05
1.057571535948589299e+05
1.246717435664760880e+06
4.725720381046370603e+05
1.302056838934479674e+04
2.096573066059869016e+05
5.123140774858563091e+05
2.301191432263935276e+05
4.570466872249219450e+05
8.158601684598176507e+05
1.750951847999158490e+05
5.247225130249344511e+05
1.166906913016719773e+05
2.651711497058527893e+05
9.140524889082682785e+05
9.490321826302979025e+04
3.414875725144554744e+05
3.324923965728793992e+05
1.064993200282065372e+05
2.003619861230236944e+06
6.992403812475825544e+04
3.973587325747574796e+05
2.514049181715392624e+05
4.561243489626827795e+04
1.208701117821329273e+06
4.754866221017627977e+05
8.327710771887858864e+05
5.343671310009442968e+05
7.814729853863111930e+05
2.292080736011795234e+05
1.662673672620029538e+05
2.804573844175878330e+05
7.841915796752137830e+05
9.238884645834197290e+05
8.617746826685561973e+04
2.299336155463526666e+05
1.739764130386943580e+05
6.885416075744484260e+04
8.292898482023584656e+05
1.418665845118243305e+05
4.121679399386088480e+05
4.310504946383983224e+03
2.582397781949384371e+05
1.868916571415701765e+05
4.235258591495352448e+04
9.805052815404755529e+04
9.998349683287098014e+04
2.752853973897432661e+04
9.831623911118839169e+04
1.130132721924103564e+06
7.108613299371887697e+05
1.404992925860352698e+05
1.454808223452842096e+06
2.147341970015231636e+05
4.413216921709580347e+05
4.499805456103725592e+05
7.933090899688516402e+03
2.002934054261087440e+05
1.471213472782968020e+05
1.492358698121267662e+05
8.476702601424317108e+05
4.304645977787720622e+05
1.740176104836327140e+05
5.848446094665468991e+04
9.410650253202611930e+04
5.034050471747186966e+05
3.620579496903873514e+05
1.091392010992836586e+05
4.523801534802365495e+04
4.743714892613985285e+04
2.652846186740998528e+05
4.655225453451467329e+05
3.880905602744219359e+05
1.007379388577887294e+05
3.710741907720321324e+05
1.605513335771171260e+05
2.160830219587552361e+06
4.356184571972235572e+05
4.352347870132711250e+05
6.906658264349384699e+05
2.076395732815128940e+04
2.631171764636595268e+06
5.955376289113076200e+04
8.859754087619710481e+05
1.183668382731492020e+05
6.094973643113797298e+05
1.320929389965813316e+05
4.403882049669197295e+05
2.312963568139987474e+05
3.699188245943328366e+05
1.899879381846524484e+04
2.869077305986586143e+05
1.845670534853686113e+05
6.246049890764673240e+06
1.003648246460245806e+06
3.067423632752947742e+05
4.465479892399189703e+04
7.199229252009562333e+04
2.016225304897732276e+05
1.802134718601625354e+05
1.867235944892681437e+05
1.312155362300341250e+06
1.347436504226482939e+05
3.522263714149528823e+04
3.452405234972886974e+05
2.738269509485918388e+04
1.582595231590915238e+06
4.012088455608839868e+05
3.252615901465077186e+05
3.040992546575705055e+05
1.254295295188451419e+05
2.376158199949690315e+05
1.917374497201184975e+06
1.154315707741065999e+05
4.804822858502710005e+05
2.558625797689755913e+06
5.106148063114138786e+05
3.175455890545237926e+05
2.204356760320109606e+05
4.640014853809233318e+04
8.080525917611335171e+05
2.844741717847389737e+04
1.894181082810322987e+05
2.637755665785424411e+06
1.742897452446937095e+05
1.074805333654283604e+05
1.664414928261300316e+06
3.416473050433446188e+06
1.619297108083706116e+05
7.834130499928342761e+04
2.738957522704244126e+06
7.727986717041496886e+05
3.542280235097104014e+04
3.785620630666578654e+05
1.001548069581698044e+06
6.475847588236897718e+05
9.557597250684972387e+05
3.878037274961111834e+05
7.210954032117456663e+05
2.128413359827305248e+05
2.053006424566829111e+06
2.001338767859790940e+06
4.374824724367064191e+05
6.205724785435746890e+05
2.621965624658094021e+04
1.170906634082644305e+05
7.298788575686131371e+05
5.091912365444064199e+04
7.027634946150210453e+05
3.487567304490144015e+05
8.967052291408408200e+04
2.014422621206830663e+05
6.830305032941675745e+05
1.393995828831284307e+05
3.742151040825315868e+05
2.674080783084795112e+05
2.081528614539099362e+04
1.017218980433265446e+06
3.528541326411160844e+04
2.739401805901270127e+05
4.462073102335553267e+05
6.621287255931105465e+05
2.411225208878308185e+05
5.376139861632600660e+05
3.323783255145358853e+05
1.457450895645382116e+05
7.160277599971082527e+05
4.314521183789455099e+05
3.990604601846006117e+05
6.509479034352777671e+04
1.111576383199295833e+03
6.891003325483010849e+04
2.348443634407299105e+06
1.124971735268356744e+06
4.477704792163392995e+04
5.943441182856422383e+05
9.627356785643131298e+04
1.851653643991837162e+05
1.459705869271319360e+06
5.520847086136495927e+05
5.862815980759465310e+04
2.708046926961399149e+05
3.915588302921119030e+05
6.973559710513269529e+05
1.826349351614272455e+05
3.289469130020005396e+05
1.069213401353229303e+06
5.328721853778982768e+05
2.113629212729965802e+06
1.826636238817930222e+06
1.216693994959158823e+06
2.671710383817215334e+05
5.250703781512769638e+05
1.093822509801233187e+06
1.424148520520252641e+06
5.899810229725352256e+05
5.028696908858598908e+05
1.417525121390281711e+05
3.251183104097560863e+05
1.093250182827589801e+06
5.671853020929754712e+05
3.757540233782738214e+05
7.565019521926699963e+04
1.026307379763593344e+05
1.385296590694997285e+05
1.847437202459383989e+05
2.152039570450386964e+06
1.164259207241428812e+05
2.314277530206364754e+05
4.002126811383281020e+05
4.733024565322538256e+05
6.710997815173509298e+05
5.173241644893190823e+05
6.614100375325234199e+04
4.128154047856552643e+05
4.611174352612440125e+05
2.595883767532298807e+05
1.065736915554018487e+05
1.777610653726282762e+05
6.254134091322595486e+04
7.464471619192273647e+04
2.537842620187278371e+05
4.161178698849438806e+05
1.397204883564725053e+06
1.689661283223069331e+05
3.315548102551486809e+05
3.004726399073631037e+05
2.361638841688022076e+05
1.169861888300520834e+06
3.792880289303050376e+05
5.234810904819263960e+05
2.389543887697752798e+05
5.643174338870788924e+05
5.255488200612948276e+05
9.156876760886012926e+04
1.316744281796864001e+06
3.313791206147255143e+05
1.952502640465302393e+05
8.112880936871849699e+05
5.049612852375121438e+05
2.743288669077783925e+04
7.130118443837310188e+05
8.587078823054665700e+05
4.020783164187677321e+05
1.577777264130965341e+05
7.531665003876268165e+05
2.976658961363513299e+04
1.259393640045693377e+06
2.707605110806445009e+05
1.521122789107125755e+04
4.956092323642529547e+06
2.959956303868914256e+05
6.257202002285029448e+04
3.926748218636678648e+05
2.199237945331887749e+05
1.240837094649012579e+05
7.631093885250357562e+04
1.226556886186768301e+06
2.813956222629144788e+06
6.660243549616631353e+05
2.417448076372281648e+05
6.576713509006837558e+04
2.905094675766836735e+05
1.244412509561512561e+05
4.018636538281388348e+05
1.707636044299310888e+05
5.024853343300474808e+05
2.137018882660166128e+05
6.292691272423806367e+05
7.273082456124029704e+04
1.537389905174004962e+05
2.926543403971911175e+05
1.317940331773124635e+05
1.106996537404926028e+06
1.140842200364523023e+03
6.771177526928782463e+05
3.738695338002797798e+05
1.823579294076121587e+05
2.710382779138194746e+05
1.494101920364580001e+05
2.376247364655256679e+05
3.845566744789356831e+06
3.799873122906117351e+05
8.512785189056037925e+05
1.578363694163173204e+06
6.914784357541700592e+04
8.005756545636178926e+05
1.544972659152231063e+05
8.649025532213165206e+03
2.821144975408986793e+05
2.225710640687650302e+05
3.655939490500356187e+05
2.575725994754334388e+05
4.098379524238078375e+03
7.144743168290042086e+05
1.574734429930396436e+05
5.231133604231756763e+05
3.376408829328489956e+05
2.360271527381067281e+05
1.662621862328064162e+05
5.352819360259226414e+03
1.024434739958184073e+06
3.752068343377572455e+04
1.447631766805714287e+05
4.685610653819306171e+05
1.449576276772072015e+05
6.367544249152792618e+05
2.993942656323025003e+05
1.585757705169093679e+05
8.032318013251359807e+05
3.518643062548306189e+05
3.493102111486510257e+05
1.016986363632365683e+05
2.248853032605457585e+06
6.193877486594964284e+04
1.940420817765669664e+06
1.032287638820855529e+06
6.257946621611456387e+06
6.574169861131678335e+05
1.741420600487670745e+05
2.603964409789899073e+05
2.288568455220294418e+05
1.270627514244446502e+05
1.158645261451083468e+06
8.647297182531231374e+04
1.596713978331922553e+05
1.566269554127300216e+05
3.875912643946585740e+04
4.483550346479257569e+05
4.814280924247734365e+05
9.797028370844768360e+05
1.589060824963560794e+06
2.576310248311355826e+05
1.139862283251666959e+05
2.378526805551998317e+06
3.682864538921608590e+06
4.066808913667454617e+05
3.217015259921946563e+04
2.843310793714768952e+05
2.795211185641692718e+05
5.222117037024682213e+04
3.135033275497641880e+05
1.736973259226701630e+05
6.455766027082387591e+05
1.246908390758421156e+05
4.181567446481196093e+05
7.658430026266943605e+04
1.474595703451295412e+04
8.027872297835331410e+05
4.478065682411924354e+05
1.483309410102458496e+05
8.161020802021094132e+05
8.086139951051247772e+04
8.478997265768185025e+05
2.510693095376299461e+05
3.533354148543549818e+05
8.835317874133853184e+04
2.723041306531335576e+05
7.302577627529397432e+04
1.445229897254651296e+05
4.918102234124750248e+04
3.582227693316786317e+05
4.345352373641076847e+05
2.728142036009716336e+06
2.388316331691770814e+06
9.380077492520594969e+05
2.353345989100457809e+05
1.096660844845599349e+05
5.423854380962329451e+05
4.658268465067966608e+05
1.761844081568557071e+06
2.759718318398349220e+05
6.340918852312229574e+05
4.209124227220606990e+05
1.077927750183823286e+06
2.986440156391495257e+05
9.268723024154931773e+05
8.510576883546053432e+04
8.220417173246935708e+05
3.898956327164187096e+05
1.593993463521204831e+04
7.753548930459775729e+05
5.083371527771191322e+05
1.871169374154032266e+04
2.548950543083537486e+05
3.490951573035188630e+04
1.082308886711146450e+06
4.576478871668486972e+05
3.899987520055955392e+05
2.648084344041378354e+05
3.474244968044539564e+05
6.765596074787547113e+05
1.220697644583433721e+05
5.851828089826880023e+04
5.661072818964545149e+05
2.223521018128388387e+05
2.474236083641109057e+06
5.770355608641558792e+05
4.071657179900423507e+05
3.581812470145839266e+06
2.885043939258335624e+06
1.058926535357597517e+06
1.007780553258716245e+06
5.550022498406718951e+05
1.202494346672327956e+06
7.664582614636399085e+05
5.640403862970165937e+04
1.241327847439334437e+05
1.485564173971807468e+05
3.197563699736578390e+06
1.467993874679272063e+06
5.263628803747949423e+05
4.200669968900068197e+05
7.565288500495750923e+05
1.857830357375842577e+05
5.578925404618576868e+05
1.047924684823486023e+05
4.255466477758321562e+05
1.908870932027089293e+05
7.434348459971613484e+05
6.668048274682117335e+04
7.259648163919865619e+05
7.851156975267288508e+05
1.061452595549111487e+06
2.843169242573055672e+05
1.706401589803639799e+05
5.510060059639000101e+05
1.925512424619084690e+06
2.889922767333918018e+05
5.331267659093419206e+04
2.002963523040400760e+05
2.796783241162025952e+05
1.709106157099922653e+06
2.093863899738773471e+06
1.906871628985943971e+06
5.561636046725837514e+05
2.450201107862605713e+05
2.591691528928547050e+05
2.394132369819012238e+05
9.716552400992960902e+05
4.341761170072708628e+05
8.605839208044055849e+05
1.266323995021344861e+06
1.826411150445249514e+05
9.089047607480705483e+04
1.663920471386128338e+06
1.824237648439105833e+05
3.813649334306207020e+05
1.150666923283939541e+05
1.786719980835082009e+06
1.312838342985800235e+06
1.154245377354597149e+05
2.259787742931506946e+05
4.626281192281063995e+05
8.430324758438565186e+04
5.152125587235119892e+05
7.652818040784241166e+05
5.512388157388515538e+04
2.601863280317692261e+05
1.655104730659025663e+05
1.477832987747049425e+06
5.237612729129767104e+04
3.393261317677795887e+05
1.249943570377668599e+06
4.639247621893261676e+05
2.015744757559387945e+05
9.493463854821404675e+04
6.579750793267716654e+05
1.891093445080170341e+03
1.718033729243967973e+05
6.410773135854075372e+04
4.350209515087610635e+04
1.259913643253214104e+04
9.799028994655319548e+04
1.310796926066962769e+05
3.781489935981615563e+05
2.343598818087521475e+06
7.565408515521251829e+05
1.277507886803437956e+06
9.182859397181902023e+04
1.477449263711569947e+05
5.666550652451759670e+05
9.016814478225071798e+04
1.756252292373620148e+05
6.041112764873018023e+04
1.465410895954689942e+06
3.220573722524468758e+04
3.781824921307875775e+05
1.221916877722829115e+06
2.277974532074347080e+05
2.378088463051065337e+06
1.630626005754621874e+05
7.042969052945238946e+04
1.310208688647085073e+05
1.798950160955397296e+05
9.388581683924999379e+04
3.820363304531406902e+04
1.317181929794875672e+06
3.237628149567741784e+05
4.226070131359591032e+05
1.218961977430785773e+06
3.903427640750877908e+05
6.699524185436486732e+05
1.183105152966284368e+05
1.812829636717498652e+05
1.257585716856357030e+05
6.148629934231549269e+05
1.737196109282932710e+06
2.932865840249128523e+05
6.022848548694135388e+05
1.100909831139415968e+06
1.133444299694734858e+06
9.458564082777245203e+05
4.045976132889850996e+05
2.295481869264897250e+05
1.576759354329979979e+05
1.963204665548546182e+05
4.646286897388920188e+06
4.470841540622407774e+04
1.258568727867603302e+05
5.512282376381644281e+05
6.333621613505345886e+04
7.117473045365825237e+04
9.855118502597087063e+05
2.156007229639828729e+05
1.365541502349443734e+06
5.374399635528789076e+04
1.172859387964601628e+06
5.039893916564746178e+05
6.926718015275486978e+05
4.599660727446514647e+05
5.472292117325450294e+06
3.723025689229802811e+04
2.884744279773358139e+05
5.003963969346758910e+06
2.414309206825016008e+04
1.359232817413845332e+05
1.823230633541531861e+05
1.759825212050121263e+04
6.363464870890685415e+04
2.443268503174236102e+05
5.599689910024945857e+05
2.356454832941825734e+05
5.967876956872754090e+04
3.704920047093013418e+05
2.239557008501571545e+05
1.359131482567180319e+04
4.741239672753369086e+05
2.596469727467362536e+05
1.846646111175425467e+05
4.801078676145766862e+06
4.189053716379737598e+05
6.352049103410780663e+05
4.430281770193391712e+05
4.113198595006259275e+05
2.249372126461199019e+06
9.373777577890696703e+05
6.828766212193063984e+04
5.253284713694364764e+05
7.023234961919853231e+05
1.720709760886399017e+05
7.078451960901684361e+05
8.945753194453637116e+04
9.980533178838583990e+04
6.956612054784304928e+05
3.159148339619564940e+05
6.778738311319467903e+04
1.139270581884555984e+06
2.567135404181309976e+06
9.176274926292097689e+02
6.660554786024513305e+04
4.393627631399821257e+05
7.331801541646270780e+05
1.672365595834575943e+05
3.802710733140378125e+03
4.766558990427880781e+05
1.763972657215684885e+05
7.039592703317166306e+05
2.433181571752462478e+05
5.307561449253227329e+05
2.447523777241666976e+05
2.647810999100349727e+05
1.173809201120519137e+05
3.662335069560178090e+05
1.459879975463490700e+06
2.020465064624039587e+04
2.323850518377318978e+06
6.376527565977886552e+05
3.665805665101371123e+05
6.312712664465899579e+05
1.469251142461598211e+05
6.883941112249041907e+05
9.746691123953845818e+04
5.549003367274022894e+05
4.436678559031275217e+05
7.104052328132266121e+04
1.013360270776185556e+06
8.676551079483696958e+04
1.558542837692325935e+06
1.508302056016836548e+06
4.365801488148446660e+05
7.638561669364987174e+05
1.590091258419549267e+05
2.228038277576924767e+06
3.824048390203318559e+05
2.923777577289912733e+05
1.898881077039350523e+06
3.117726995271031628e+05
6.793990601244879654e+05
1.249343555783392221e+05
7.804625776402509073e+05
4.376166051278476603e+06
8.027371391115908045e+05
7.099704236974979285e+05
3.660559732273511123e+06
1.044239682174121408e+05
2.147945184218919894e+05
3.743231753754136735e+05
1.530682619815677208e+04
5.741727239354721969e+05
3.600053578843088471e+05
2.690053394586423019e+04
2.937861540420370293e+05
1.531411601840026269e+05
4.177984308638935909e+05
8.740535425100572174e+05
1.733455838094376726e+06
5.506198382848245092e+05
5.226743713716165512e+05
2.432306789608666804e+04
2.555012567327275519e+03
2.497033075896042574e+05
3.216543997905415017e+05
8.178990234374257852e+04
1.702422528448209341e+05
9.763241789115205756e+04
1.438944660828895867e+05
1.379542302578900708e+05
1.838094106776655535e+05
2.378689665605379560e+05
1.974398293194292346e+05
8.940443101129178831e+04
8.615296562194314320e+05
9.040639964510416030e+04
9.326472755518518388e+05
2.263571787357208086e+05
6.675146253123642236e+04
1.286521940327934281e+05
3.397914776558340527e+05
8.058482872318202863e+05
5.209935773390762624e+05
2.682290105888149701e+05
2.173082713860366959e+06
7.888676620682318753e+04
1.664882281140538689e+05
1.085080940063397866e+05
7.976973154700901359e+05
8.988752798850614345e+05
2.340192328593665734e+06
3.724219766179042635e+05
2.515017952141117130e+05
1.012028402684489847e+05
7.160463309940241743e+04
4.352867012448297464e+05
2.105877339267220232e+05
3.505315935884768260e+05
4.221645727947995765e+05
9.541545717527487432e+04
8.002591391128333635e+04
5.746775288894778350e+05
6.570916496514262690e+04
1.695361961215547053e+06
9.851493138627894223e+05
1.983862323499037011e+05
1.692152587715835252e+05
7.152770244517493993e+05
1.569771591815043357e+05
2.550151191369909211e+05
1.174641034210580838e+05
3.262083746916129603e+05
1.987435115616475523e+05
1.170799931493838783e+06
2.125150332972842152e+05
1.303306164640567033e+06
2.020828680203189433e+05
6.292798356588738970e+05
8.260009070775030414e+05
1.608053492994925473e+05
2.537764572123424441e+05
3.838004752447576611e+05
4.742330853017771733e+05
7.381716748247520300e+05
1.806296575300407712e+05
5.788235892669515306e+04
1.812874832757149125e+06
9.396126938688660739e+05
7.422357268384080089e+04
5.076871935578513076e+05
4.349193097903002636e+05
6.986549081024354091e+05
6.091644728164741537e+04
3.965995867129933904e+05
6.465461583330653375e+05
2.739622898025132017e+05
3.111924000854998594e+05
1.929762204680238792e+05
7.537167313673144963e+04
2.139334283340905327e+06
3.895323664485776098e+05
9.112569361878333148e+05
6.747982395490397466e+05
2.274074111687438563e+05
1.126238260261158139e+05
6.289983207454857620e+04
3.261923852129384759e+05
7.881921311004678719e+05
3.691005548662972433e+04
4.595711535905344062e+05
5.942651226066522941e+04
2.018567532969778404e+05
2.427177192762221093e+05
6.373310223549033981e+05
5.204206969003815902e+05
5.078617646680271137e+05
2.147703021959711914e+05
1.792131271949890652e+05
1.376198998392226058e+05
3.636656092795832665e+05
5.829746121704927646e+05
3.077418721656195121e+05
7.339347984696835920e+04
2.660549615275066462e+05
4.418572435566024506e+05
4.495744899756346713e+05
3.089780021192427739e+04
2.468937530384815764e+05
1.205113926722573960e+05
1.985982996701700322e+05
1.325976132904449478e+05
3.698158702910663560e+05
4.180204773004211893e+04
2.428467864248930346e+04
8.109013866086200869e+04
9.309757650699988008e+05
4.005298691780512454e+05
8.416558331123342214e+04
3.476172563586650649e+05
1.490644870947166055e+05
1.160958550465292530e+06
7.333545000841996807e+04
9.013121941142784199e+05
1.277641538935901917e+05
8.870738135094910103e+04
2.527264761972753913e+05
7.192231731690446613e+05
3.384983425807060848e+04
5.601955558877851581e+04
1.578943511593869189e+05
3.359966547308037116e+04
3.146389363321739365e+05
2.777150035653241212e+05
5.320871560363934259e+04
1.333344963636981556e+05
3.371855237232012441e+05
2.557032823690254590e+05
4.344150084938129294e+05
1.586564266167677415e+05
1.130300946033292566e+05
1.243473461371435318e+06
5.641917189729579259e+05
2.262159246929441724e+04
5.918483950627999147e+05
5.099286592251940165e+05
1.555021660916615219e+05
1.511241764459288912e+06
1.200299273027666641e+05
8.895467797154329310e+04
9.973102600667853840e+05
9.303982605517084012e+05
6.649165900999099249e+05
2.661704523656581296e+05
4.177919322505175369e+05
2.948547284606946632e+05
9.821854190534714144e+05
8.571229023298319662e+05
3.831416826938502491e+06
9.353533897758922540e+05
1.616100778814612568e+04
6.307100162951654056e+05
1.237141396824209951e+06
1.618680061706424167e+05
1.071450578527365578e+06
2.212386683919788338e+05
1.029149186310777557e+06
3.449133546184679726e+05
3.437272074972833507e+05
1.429251171792100184e+06
1.063498749994500307e+06
3.321145323471911834e+05
1.242114934656023106e+05
5.166195488382209442e+05
4.683974890999004128e+05
3.800462805913248449e+05
1.992687302253823960e+06
2.908028848087881925e+05
9.569416777547643869e+04
1.018657729459479800e+06
4.981763411281181616e+05
1.666724656360829249e+04
5.521596887813637295e+04
3.198913201156867435e+05
1.054056170730198646e+05
7.371689133505428908e+05
1.039984348567519803e+06
2.540084162819135527e+05
7.082912495344914496e+05
5.804393778594325995e+05
3.751931416334457463e+05
2.323893174766568336e+04
2.821486197804594121e+04
3.784081096708370637e+02
1.467851202806844085e+05
3.572561838436237304e+05
1.124717914580659010e+06
3.052947197695588111e+05
9.006347396616222977e+04
3.401575747410943150e+05
1.299715469384281663e+06
7.961028616519833449e+05
7.191882913046664908e+04
4.030655615823069820e+05
7.803276830155261268e+04
5.253528828556730878e+04
2.950012350753446808e+05
6.395817240122443764e+04
5.007908424694287241e+05
1.265176317534509290e+05
4.435655713403883856e+05
6.107679342786311463e+04
1.111113518902414478e+06
1.254433953218453680e+05
1.107623617278785678e+06
2.433966276197574334e+05
2.864004293178568594e+06
9.817386126731460681e+05
3.014947985202576965e+05
3.330671341385667329e+05
3.323796564493784681e+05
6.482057795670431369e+04
5.936659601442756830e+05
1.210130065255382564e+06
2.408662819125632232e+05
3.354744766041568480e+06
2.108900541069975123e+06
5.770466122955052415e+05
5.080842038718141848e+05
6.552356812642082805e+05
9.733730963431905257e+05
1.287612908351812046e+06
1.507755792673450778e+05
1.673909190165197942e+05
1.035096023102787440e+06
5.410703976094007958e+05
1.197310155198748835e+05
9.659894096504244953e+05
4.512874135877037188e+05
3.513177289271351183e+05
6.257473471301163081e+05
1.363337454944689525e+05
1.408788601364325441e+05
6.919661366532569809e+04
2.260122615517901722e+05
3.517173257233972545e+05
6.446907266262893099e+05
5.786449812247887021e+05
1.751354073333248380e+04
4.187450766141674831e+05
4.418522310075394344e+05
6.172375438598691289e+03
6.449850176538955420e+05
2.756019039815790529e+04
1.040405953098268365e+06
3.859691997653801809e+05
3.283962809647386894e+05
1.391710558947298850e+05
7.816823427306236408e+04
3.049530194196355296e+05
5.376321410477955942e+04
5.413267081673153443e+05
1.283334685027314350e+06
1.576212414294990711e+06
1.052043871507066797e+05
2.412382165131316870e+05
3.872002810189122683e+05
1.205051928040812723e+06
6.754398912494200049e+05
1.055856209706794034e+05
1.602620678224357252e+05
5.322685099864198128e+05
2.007070062664858124e+05
2.288945632630423643e+05
1.796650730854606372e+05
4.289961376382594462e+05
9.088673619614006020e+04
6.676389331755889580e+05
6.015453732528060209e+05
6.229659895719812484e+05
2.215780172102173674e+05
1.583569509395977948e+05
2.801224332445304608e+05
4.437296666479084524e+05
3.173102244087953586e+05
1.793682265846506634e+05
7.506146108518861001e+05
1.476214810879216202e+04
2.943841705955637153e+05
3.200138711364776245e+05
1.046984977641779551e+05
3.597810059294007806e+04
7.920473537556943484e+05
1.251269443707490282e+05
5.671702267927996581e+05
2.720897019140018965e+05
1.917604764021755182e+04
3.854944619195788400e+05
1.026964161020135623e+06
5.915854426169510698e+05
4.201837836241456534e+04
3.404827566672854591e+05
1.701841310470981698e+05
8.827046987947268644e+04
3.045270475942974444e+05
7.232548053227101918e+05
1.301031134781605564e+06
1.214103082999586593e+06
1.547774173198015429e+06
1.834942306487672904e+05
2.638961044552314561e+05
4.811219807536641383e+03
1.337455352696726914e+05
1.725939042984325497e+05
4.697190551378319506e+05
2.624074524774335441e+05
3.289047226048216107e+05
1.980553339682937367e+05
1.946394495596552035e+06
7.223858886129475432e+05
3.871091551747768535e+05
1.921854155760131835e+05
6.597278731650810223e+05
1.208601465917533729e+06
4.303803466032712458e+04
3.513834769798686029e+05
4.874649450308804808e+04
7.335759508304266492e+05
4.315653173206415377e+05
1.082266143656047294e+06
5.486702394759454764e+05
2.638563466294816462e+05
3.276872088055242202e+05
2.585186209164955362e+05
8.317117502256975276e+05
5.176391058396771405e+04
8.040942069638191606e+04
1.657278430031827011e+05
3.579595046748780645e+06
3.617815698291076696e+05
6.715996634538135550e+04
3.125163415045549627e+05
4.539832754631878808e+06
2.759511718088052585e+05
1.687941576063812478e+06
1.557874501643633994e+05
4.603905042210852116e+04
8.357011302272555185e+05
1.383607742796651437e+05
1.687448281945804483e+05
8.307674966301390668e+04
1.097021687985498866e+05
2.918911378608999075e+05
5.950838287139325403e+05
4.006997038681665435e+04
5.288365752085443819e+05
1.633252720162286423e+05
1.014944850751190388e+05
6.203220253018121002e+04
8.202752333950751927e+05
1.287856934642902779e+05
1.495656915492606058e+05
3.326249419872610015e+05
2.882030121286426438e+05
2.584204890836933046e+05
3.200961870003386284e+05
2.117480806030188221e+06
3.556218538823308772e+05
6.006651978543434234e+04
5.795176267689353554e+05
3.591893953492891742e+05
5.073497101722857042e+04
2.390324380706878437e+05
3.880614159897104255e+05
9.021364908176533936e+04
3.577729273598649306e+05
9.192332246605945693e+04
1.157335266117254505e+05
1.589833509250303730e+06
2.693859676112022717e+05
1.355887502285532537e+05
8.724892582028623438e+05
2.826497334318008507e+05
3.707115526808355353e+05
1.201666180339939659e+06
3.908013991102286964e+05
7.093623868341617053e+05
4.348832224108045339e+05
6.017660346734432096e+04
1.137829965898121474e+06
3.213645749275633716e+05
1.791852785927688004e+06
7.891421732619813411e+05
2.715897258731208422e+04
5.080074452943816141e+04
3.137005889174486976e+06
4.572211906179867219e+05
3.531786007280379999e+05
1.790723918657921022e+05
1.245828332610160869e+05
7.911720619698730297e+04
3.955877143692076206e+05
1.787730186804195109e+05
1.188787980518745258e+06
6.392384430398145923e+05
7.379254759578543599e+04
1.303700890826354269e+06
2.928884282568369992e+06
4.290614546847249730e+05
1.533064839439424686e+05
9.889468913569458527e+04
5.661514349715478020e+05
2.387901873404089129e+05
8.493994059560380410e+05
1.887934450325572107e+05
1.308615867893694813e+05
1.829116842133674363e+05
4.081281656350639532e+05
1.213034975467120530e+05
1.388130542778513161e+06
6.924664024199082050e+05
2.408697647412114602e+05
1.907196471086101883e+04
1.788804982431157259e+05
1.948157448710062308e+06
1.364290711876001151e+05
4.027603763436865411e+05
7.182264950683754869e+05
1.460971394685447216e+06
1.007104614201936638e+05
2.963361146742588026e+05
2.001137726671127602e+05
2.327410417843344621e+05
3.888152924771233811e+05
2.521585620817728923e+05
1.457349464528015524e+05
3.070736241125468514e+05
2.702738865284988424e+05
1.085179605547785060e+06
2.395295928987489548e+06
5.714416260563911637e+05
5.158323153765068855e+05
5.538878472502320074e+05
5.344569752552449936e+05
6.574327597830342129e+05
1.784161366839117545e+05
2.484190701376584184e+05
1.021625808679348993e+05
9.100009445525715128e+06
2.380249168525096611e+05
2.445280859939492075e+05
1.241094244205670431e+06
5.948883679169597599e+04
3.473053957252191030e+05
1.773368059206369217e+05
8.221043337307453621e+05
2.162873983012761164e+05
8.596707654347753851e+04
2.886466237775640329e+05
2.601108180539137393e+05
1.038061462224012357e+06
4.889921200525856111e+05
4.920830183946604375e+05
2.343707832074253238e+05
8.382810815802091965e+05
1.150359477412733395e+04
1.899442406927965931e+05
9.389094049563645385e+05
1.376533028036312608e+05
8.458600416529738577e+05
2.828348274266970810e+06
6.861410910580334894e+04
8.355990993585787946e+05
6.393913775636436185e+05
7.180957398242066847e+05
1.006723020650507300e+06
4.944993462377329124e+05
4.400925244658712763e+05
3.525891953016439220e+05
1.587169161247892480e+05
1.943834768293474335e+05
1.232700735521637034e+04
5.391352083940327866e+05
2.128996375673703733e+05
1.445948059566015843e+06
8.499565896525527933e+04
3.029622906397958286e+05
6.730481025217098650e+05
2.193950655488496704e+05
1.178938098704115982e+05
9.706527078570569574e+04
5.683367707068962045e+06
7.094221769850359997e+05
2.216473713817440148e+05
1.960155354684718768e+05
9.623942684922623448e+04
1.352369761677008122e+06
1.069382257576752600e+05
1.220146688284239935e+05
5.143461350988080958e+05
4.575512362847469631e+05
2.617036332275564782e+05
8.464926632703986252e+04
1.035448589456959162e+06
2.649016871032754425e+05
4.872312289012420661e+04
2.402839296510425920e+05
2.764605724007991957e+05
4.348161304325935780e+05
6.518611621977392351e+05
2.227638486219650076e+05
9.483789262746478198e+05
5.195790937882904109e+04
7.568141962164356664e+04
3.878023850568484049e+05
4.580346670448948280e+05
4.492366148934056400e+05
9.836040714803070296e+04
2.715631070045776432e+05
8.732343652716143697e+04
3.952442365151859121e+04
3.161745278560403385e+05
3.764865699459966272e+05
1.753478702242948348e+05
5.214319640459380462e+05
2.568969613391498569e+06
1.095578903554761782e+05
6.745089370902285445e+05
5.695841650659068255e+05
2.786540813507229541e+04
5.639844403578536585e+05
1.158018584143531189e+05
1.307191589301282540e+06
3.472224225829966599e+05
1.043745618280272465e+06
9.436412951117655030e+05
8.615787243098487670e+04
9.304122742379308911e+05
4.259549045106265112e+05
2.096699375025285699e+05
9.695889816339864628e+05
4.395312552358114044e+05
4.336942995393466554e+05
6.943472197077599121e+05
6.443559286694950424e+05
1.521417804741553846e+05
5.328542086007584585e+05
1.436469969797004480e+06
1.179216338307512924e+06
5.652102446776587021e+04
1.921500865104235418e+05
8.429522730519905454e+05
2.593497462802299997e+05
2.735668098538247868e+05
3.901089080133810057e+05
8.309009939688014565e+05
3.323534946983220871e+05
3.309363822587465984e+05
3.725165585107092920e+04
1.776636614612735575e+06
1.930119798112038756e+06
1.057577083028892230e+05
1.018967966345219756e+05
4.738520655521546723e+04
2.130183997109216580e+05
3.167411246022174018e+05
1.129775420573083218e+06
1.424438464797271008e+05
1.386153357813026378e+04
1.333496191660679411e+06
5.704653894299891545e+05
5.578401271089821239e+04
9.072018660040776012e+05
1.393537288302629895e+05
4.585626202577524236e+04
6.345659588145186426e+05
3.082391910666408367e+05
1.205256424244835362e+05
4.725644553668993758e+05
1.155051349670857016e+05
4.938801731030461378e+05
1.232112763580336905e+05
1.167511223728818120e+06
1.809383898908331757e+05
5.792358958513396792e+05
4.364283245596422930e+05
2.188682744242824556e+05
9.640032134915345814e+05
8.886966802007563820e+04
6.655261258892406477e+05
3.119851049877423793e+04
2.302524496288424125e+05
9.993914722216580994e+05
3.967864761832638178e+05
5.655830811163438484e+05
2.642850389363972354e+05
9.748697172994274879e+05
3.257972986325555830e+05
6.454865587325948582e+04
6.224222061706466047e+04
5.463877669037797023e+04
1.316354343245610362e+06
5.055142801824289927e+04
3.570154740165863186e+05
2.615502517792783328e+05
2.186966904772476701e+05
1.581685009790465992e+05
6.945269104939440731e+05
1.416023052185988636e+05
1.320306568736925838e+05
6.802395565423952648e+05
9.379547313118493184e+05
2.854491140546689276e+05
2.186801799305181776e+05
3.960194909375417046e+05
4.796808380472414428e+05
9.166614001881548902e+05
2.003254340273703856e+05
1.196619638812509802e+05
3.250612397535113632e+04
4.107062008779268363e+05
2.457117825525240187e+04
1.195265533180623548e+06
5.440582199847286101e+05
1.549983945144617464e+05
1.466539327068018902e+05
8.239896098794810241e+05
1.723125433210464835e+05
5.284013582853282569e+05
4.554116187480182271e+04
5.161849772875141352e+05
1.319164396443980979e+06
2.327420896977385972e+06
1.986809377132205409e+05
5.436340341325289337e+05
2.614885605255272239e+05
2.983719620702414541e+05
3.268315365620141383e+06
8.146737190960958833e+05
1.717863644463468518e+05
2.840448146855309024e+05
2.223310517922839615e+06
5.099304946330304374e+05
2.612928994519588305e+05
5.823649973986099940e+05
1.350691910139967222e+05
2.911916616132862400e+05
3.565415721944207908e+05
5.261161022723394854e+04
1.160346197874875215e+05
2.936228870283666765e+05
1.005311404976846534e+06
5.766764512304289965e+05
6.223157620412242832e+05
3.436681919430220150e+05
1.733120405709915212e+05
1.852317179227672052e+06
2.534923135057848704e+05
8.628229619940971315e+04
3.974428838240536279e+05
1.030609816855310055e+04
2.126822643962454167e+05
1.138598558431551792e+06
1.552134722109363647e+06
6.912407991599162342e+05
3.921393448950276361e+05
6.386721672556685517e+05
5.611053915320767555e+04
4.632461076837655855e+05
3.516038889954345766e+06
1.182495441359584365e+05
5.491707615427498240e+05
6.179324221855242504e+05
4.876617313561822521e+05
7.389846825096767861e+04
7.243711602757418295e+05
1.855385132597461634e+05
3.865665546394848498e+05
2.381197423289496510e+05
2.927693234150285716e+05
8.056944569299429713e+04
2.572542663468642277e+05
1.046255084006884252e+06
2.022114134581896069e+05
8.187948780041503778e+04
3.093849832517606555e+05
2.282936082421737665e+05
7.877753680984763196e+05
1.430899863803051703e+05
1.079458002715317300e+06
7.295852939965916448e+04
9.767461210775148356e+04
3.161457834586316312e+04
1.961776521561124828e+06
1.380692856437276932e+05
4.114461739389723516e+05
5.772276624671018217e+05
2.510342265334944532e+05
2.791366714058097568e+05
9.159205010902840877e+05
3.416579385753943934e+05
2.648149508781599798e+04
1.971563755599541764e+05
2.103576782443722550e+04
1.078736736365380930e+05
7.496037527689380804e+05
3.577579308438720764e+05
6.154465277017398039e+05
6.661204630316662369e+05
2.081861278837191931e+05
2.947229816754609346e+05
4.597626979376673698e+05
6.716431311344306450e+05
1.544295440800130309e+05
7.648873387293478299e+04
1.806976028150811093e+06
1.192804046513331850e+05
1.764733329413552128e+05
5.313790252234286163e+04
3.255691262470469810e+05
2.515453136783851078e+05
6.036238230630372418e+05
1.985595591403976432e+05
3.695405979065455031e+05
3.853559771202851553e+05
5.328881737475972477e+04
1.335929804082436021e+05
3.141355867156017339e+05
1.276528904317367822e+06
1.357571314774135535e+05
1.712475175149234128e+05
1.587319902966356836e+06
1.890686526002226456e+05
9.562530652082070010e+05
3.971362859371596714e+05
3.000408059602324851e+06
7.773666863855469273e+05
1.634897548363849637e+05
1.045343794538713992e+05
1.662677382395783789e+05
1.054652518480417639e+05
4.471204485777842347e+05
1.040591145424199873e+06
1.226225056144709233e+06
4.408418496711563057e+04
1.657718833292660129e+05
8.874851974052843871e+05
6.931292396921262844e+04
8.052915392414605012e+05
3.319961396232335363e+06
3.872660947058832971e+05
3.460359430098253652e+05
4.178285501865551923e+05
5.226199578731753718e+04
1.518932462948827073e+06
1.092819292463308811e+05
6.315580606009800686e+05
7.825181291947916907e+04
8.380397420882567530e+05
7.502306315070494020e+04
1.187916333781705471e+06
1.108583247392219782e+05
3.039601117591799702e+05
4.991755571145519614e+06
5.629648655816532846e+04
6.549845335472158331e+04
1.939115134057152027e+05
5.210152207204045262e+05
4.109863894774545333e+05
8.016399065165326465e+04
1.163212109368555248e+06
8.513028820898949925e+04
1.430798356772210449e+06
2.951800915278227185e+05
1.915446525654420839e+05
3.967393212537399959e+06
1.742788639644884097e+04
4.689458852933126036e+05
5.235314812078097020e+05
2.138307239683355510e+04
3.328631810159452143e+05
1.477598004392147763e+06
5.034132267188570113e+05
1.844835055216694018e+06
1.709877614864060015e+05
5.018502353688788717e+05
8.961717126086523058e+04
2.403279083174422849e+05
3.339599047597540775e+05
8.018688379220305942e+05
3.226044944799487712e+05
9.104494880884412851e+04
3.535257058514829841e+05
6.433487317435654404e+04
6.159179796941393288e+05
7.004209889575534908e+04
4.693733326943904394e+05
1.510925950134126702e+06
2.304059572525222611e+05
3.557851757467069547e+05
8.051377527837429661e+05
8.873930285109899705e+04
6.626889205174314557e+05
1.354906617406755686e+06
3.654435984842454200e+05
7.530300596769767581e+05
1.446972386404165591e+05
1.673273011210215278e+06
1.367743441929126391e+06
1.291015372738385486e+05
2.476508190061595815e+05
4.857380598657808150e+05
8.684765020742064808e+05
9.391511266471507261e+05
1.310663451014035672e+03
1.544378334724973887e+06
3.052597521722980891e+05
4.884914577098345035e+05
3.631025498759103357e+05
5.550909678760929964e+05
4.122129665499430848e+04
3.827067705115546123e+05
8.152138292865953408e+05
2.703832262785774219e+04
1.297046083809033968e+06
7.796350560704608506e+04
5.079519626970081845e+03
2.428638877181027201e+05
9.148682246270708274e+05
8.174009912944072857e+05
5.943371270527828019e+05
5.722100848706644028e+05
2.540331643335053814e+05
8.938016859909538180e+05
3.705903549091613968e+05
5.466655095478781732e+05
1.485002642771629151e+06
2.960772760944216046e+06
1.915909691632121336e+06
1.697075977678348718e+05
1.537251123186987126e+06
1.940233982881852135e+05
4.532365433242081781e+05
5.709109751246116357e+05
2.266852939187966287e+06
3.105200991456225747e+05
4.559497239806288853e+05
5.502609703529695980e+05
1.892662636300533777e+05
7.560375917034611339e+05
5.346066538270715391e+05
5.648102421999242506e+04
2.437806038072391879e+06
5.314988516677540028e+05
4.193764702943229931e+05
4.354526086045791162e+05
6.685522253989095043e+04
4.638779293267935282e+05
3.191312363256203826e+05
9.964042602637042000e+04
2.304941984008427535e+05
5.195082838626865851e+04
9.281098029216130089e+04
2.557010509746136668e+05
1.095693888935699506e+05
4.290012821628447855e+05
2.034208554060258321e+05
2.468010289820008620e+05
1.003820781470854417e+06
1.428364333469987614e+05
2.556643622084219896e+04
2.937022725603613653e+05
3.259676173827552120e+05
1.079747931158411782e+06
2.602584884016242868e+05
6.271613483032274526e+05
1.334108855816413998e+05
1.839944964838123633e+04
4.549855229510898353e+05
8.352028670384135330e+05
1.900230541056374786e+06
2.411376791356505710e+05
5.356636473993849941e+05
9.736686222526776837e+05
2.407005083408923820e+06
7.142682416043006815e+05
1.952368271338718478e+04
3.300801658459922182e+05
1.673467827612638706e+06
7.613938268730809796e+04
1.774656384260555787e+05
2.305131937963622331e+05
1.496942467655063665e+05
4.856241841697568452e+04
1.300383595959148806e+04
1.043919490888858127e+05
5.425143269554828294e+05
1.682651040353514254e+05
1.533502272236098361e+05
3.811756984968140750e+04
2.082018767065249616e+06
3.889859184076156089e+04
2.377503701281018148e+05
8.603478275522671174e+04
4.872737837311058538e+05
2.454254881440172321e+05
1.907791481847386749e+05
7.779992413259109890e+04
6.240596625394963194e+05
3.933793080615478539e+04
2.980039538113595918e+05
9.496186908803804545e+05
5.316074955855211010e+04
8.183984808192368364e+05
2.172489880164763599e+05
6.760968581800656102e+04
1.053175717140238266e+06
7.944651814810413634e+05
4.808677383449138142e+05
3.041160109885090496e+05
4.464115442691463977e+06
1.189741370434422977e+06
2.938308629100906546e+05
7.187332528847875074e+05
2.355549931750698306e+05
8.586657988631759508e+03
1.400991640485739917e+05
1.276489312912883703e+06
1.001388725574519252e+06
6.996336300694433739e+05
9.669358686663282569e+05
4.705935364635778387e+04
5.039404503787725698e+05
5.323304666727323784e+05
4.945587069430564297e+05
2.374039104107700288e+06
1.661475000024011126e+06
4.178856787030673586e+05
1.154727730432368990e+05
8.346077649103211006e+05
5.139722881859964109e+05
4.040209464445864432e+05
1.270467171107371105e+05
6.656488522888356820e+05
1.069320288908420480e+05
4.413763077079318464e+05
2.850057769572166726e+05
3.899127093422623002e+05
2.085452951256529661e+06
7.708691419899131870e+04
4.097948684126116335e+06
2.428309144547845353e+05
1.868918078046406852e+06
9.476696093296747131e+04
8.314536700678981142e+05
4.033675670238871244e+05
4.866811352164572454e+05
5.484631496402740013e+05
1.248808859006060520e+05
3.451032996571316617e+05
3.347621774515914149e+05
7.521692863962595584e+05
1.912357866122740670e+05
1.299742300325795804e+05
3.896911750299559208e+05
6.265340154604878626e+04
6.662777965024521109e+05
2.459740667709975969e+05
1.342334525108927337e+05
3.253038206226131413e+06
6.263659802069839789e+05
7.164557158570332685e+05
3.873313763960386041e+03
7.387359247412509285e+05
1.956045517600552412e+05
7.179256263292782933e+03
1.895997009751915757e+05
2.173046994079333672e+05
8.682876099700767372e+04
1.592788308969453676e+06
9.096501930787359597e+05
2.341222279766679640e+04
8.243074129056433449e+05
3.678835492044732673e+05
1.282491849294953980e+06
2.214284756825194636e+05
3.748374823661738774e+05
5.590302130609259475e+05
1.936170171473264461e+06
8.693799553050094983e+05
2.240931826115341100e+05
9.996244082280149451e+04
2.911750799455669476e+05
2.390108140387147432e+05
3.208229304606877267e+05
1.129650291262341198e+06
8.002155576564018847e+05
1.684319391286778846e+05
1.725012327726775315e+06
2.313975118600062851e+05
4.922307191713140346e+05
2.652900704707914847e+05
4.784889206485152681e+04
3.771373195165229263e+05
3.019676242980072857e+04
2.160838140425868623e+05
1.354744483779875736e+05
3.987431000420191558e+05
1.753251195998309879e+06
2.684492758145394037e+05
1.637970615379001247e+06
2.150486936405528395e+05
2.997198070326499874e+05
1.296585275858316891e+05
1.275539678269470576e+06
6.241845089680673555e+05
2.004288613228722534e+05
1.864580620209587796e+05
2.639736220544730779e+06
4.433182923443000182e+05
1.350420006224583194e+05
3.586421790680490667e+05
5.116737265805053758e+05
2.638540627433427144e+05
2.356329601464276857e+04
4.927407509871562361e+05
1.983022826330659213e+06
2.022922618344193033e+05
7.850059820046463283e+05
7.666584997613976884e+04
4.218579003051447798e+05
1.042585881526852027e+05
3.751221506903290283e+05
1.121158260147530353e+06
4.376033327307454783e+03
6.663824729001360247e+05
1.968225376033178472e+05
5.513204464657594217e+05
4.261981469834066811e+05
7.518690197097249329e+05
1.504397468861812558e+04
8.262375330170497182e+04
7.751928008783804253e+05
2.080004910676112195e+04
5.382888722242737422e+05
8.220767098682354845e+04
8.370327417488212232e+05
5.476912200951427221e+05
5.176206526445722557e+05
1.112479671210552566e+06
7.066098960161381401e+05
6.974989082802945632e+04
9.265963680644754786e+05
2.178439950466837268e+06
3.048712923405329348e+05
5.172824852218788146e+04
1.953264497176758479e+06
6.864599454875137890e+05
1.348445283783969644e+05
1.164531402173685469e+07
4.745503111480146181e+05
1.536444603531610046e+05
1.534410509747122123e+05
4.953292350197688793e+05
9.058814795052565751e+04
6.332042962022026040e+04
3.277646033360509900e+05
5.954037434243627358e+05
2.582340349574219726e+05
1.233460061517094073e+04
9.229624243688263232e+04
2.081326499055725290e+05
6.372500500945852837e+05
9.573466491096457466e+05
4.865292802271132241e+05
6.130199494187182281e+05
1.030124404275775538e+06
1.931082270520750899e+05
3.161445252771432861e+05
4.578248247003962751e+04
5.649269417466274463e+05
2.320259230815621850e+05
2.793319938546701451e+05
6.362487928008656017e+05
2.288639924031200353e+05
2.589636003548464505e+05
6.274160704612402478e+05
2.692766871251204866e+05
2.747851077055779169e+05
3.453260139600122930e+05
4.701548633714345488e+04
1.926789097697235644e+06
7.344548667284008116e+04
7.483390603177824232e+04
7.066241946061644703e+05
7.753014064899671939e+04
3.918787452642008197e+06
4.828049032834913669e+04
2.062802616778163647e+05
5.726553179537396645e+05
3.820602704046659637e+05
5.426853631287113531e+05
7.617408838754220633e+05
5.590286765069843968e+05
1.923321273822214571e+05
8.274998780714439927e+05
5.816331451253636042e+05
1.818798960190588841e+06
1.877676925811970796e+04
2.027063144331068615e+05
4.328356279431757284e+05
6.342644534968306543e+05
1.868949804504756230e+03
4.182485919222584926e+05
1.933290867685959893e+04
1.302341741418298625e+05
2.174579214610853887e+04
1.305212716815067921e+06
4.977666920770721481e+04
3.111041278286196175e+05
7.034790277767598163e+05
1.666891219829946640e+05
6.128277326033690479e+05
1.134466197688697139e+06
5.620081390102726873e+05
3.404758894711324683e+04
5.443758886272653035e+04
1.413317930610892072e+05
5.850510915898317035e+04
4.603176547150389524e+05
2.720293637589548598e+04
6.463603886777001753e+04
1.604397839591788943e+05
2.890219099290648592e+05
1.305824511465520918e+05
1.419908669694871642e+05
8.516088360697014723e+05
1.704543681857232295e+05
1.013476871638790617e+05
7.659277434627279872e+05
6.135198415487085003e+05
3.348864568236764753e+05
1.776768890931587375e+05
8.061010965449081268e+05
3.719223306069191545e+06
1.224513422989011975e+06
6.111773301624581218e+05
1.011147798591710598e+05
2.709992942127571587e+04
2.883393489108908761e+04
2.189548376584928192e+05
5.032184309038924766e+03
3.465198293785740971e+05
1.558837697150028544e+06
1.611386497984657472e+05
2.838025181891483226e+04
6.231942509886098378e+03
8.999540039866074221e+05
7.360565212046570196e+03
1.816546783321840630e+05
6.495566174915030133e+05
1.672345688895496307e+06
1.251643675528593158e+05
1.062943559416254720e+05
7.992939881510329433e+05
1.364812172831050586e+06
2.298617078462124337e+05
4.471592135551138781e+05
3.337611186913912534e+05
6.388863946384934243e+05
1.524582994448548707e+05
4.677105487356156227e+05
3.963905843557284097e+05
1.892773056983609858e+05
3.279399934999919496e+05
1.857277840374175867e+05
5.151786597961066873e+05
8.285120032148106839e+04
2.107885490467140917e+06
3.147031261713759741e+05
3.261097692901768023e+05
1.270858697969708825e+06
4.060850322626793059e+05
4.547952970519666997e+04
5.336578346038077725e+05
1.667296050522114092e+05
1.915563063006733428e+05
1.383742128574318951e+06
2.722629373732700478e+05
1.118891350142891752e+06
8.905090764589291211e+03
5.232208947830395773e+05
3.972567695839844528e+05
1.004377552349833772e+06
3.943921053368849098e+05
9.241830971526409267e+05
1.333763269124431070e+06
5.514769282947317697e+05
5.322573576848140219e+05
3.399346996526857401e+04
2.419670271656577243e+05
1.957289352592359137e+04
4.460213377793500695e+04
2.291055235271513520e+05
4.567785442609412130e+05
6.204563744199420325e+05
1.692890602202524897e+06
3.230240405724851880e+05
2.402641043728163349e+05
1.842842568944440573e+05
3.347230007736032712e+05
1.337009051329501672e+05
1.725493572001822467e+05
1.174473028121533804e+06
1.087362744646150386e+05
1.387072545686165104e+05
1.166791153900922276e+06
1.829744894222381408e+05
2.175980326770522515e+05
3.535318947730858345e+05
5.789012830249808030e+04
7.729216239464314422e+05
8.815755220289576100e+05
1.006842738048701081e+06
1.254797174364685081e+06
2.936386112859490095e+05
4.300723634805618785e+05
8.051643793725968571e+05
2.262997255018995202e+05
2.767290736922349315e+05
2.369367690428844653e+05
2.556225669805649086e+05
2.835689586763362749e+05
4.856297466179251933e+04
8.307877752821383765e+05
1.008309322508420009e+05
3.331365585991165717e+05
6.150502015080514830e+05
5.373619048520301294e+04
1.253155447762000549e+05
5.350220857564440230e+05
5.012638985171410604e+05
3.540997201499288785e+05
2.799551464142155601e+05
6.390841674085359089e+06
6.555626788440148812e+04
2.116953081140506547e+05
2.542859907518426888e+06
3.776335192757751211e+05
3.369302270852688234e+05
5.206951867392064305e+05
8.136432128424645634e+04
2.832203933219547616e+05
9.280845759797589853e+05
3.599733079545709770e+06
1.217595388681787445e+05
2.709011139976162813e+05
5.029832514350489364e+05
7.787823790144076338e+05
9.291940042123271851e+05
2.307184622312195599e+06
5.905722367774877930e+05
1.473201723816808371e+05
6.341646701619740634e+04
9.366899863876141608e+05
3.757591279858293710e+05
3.048989683814744931e+05
8.611382470954996825e+04
5.373397199850091711e+05
5.402178465096076252e+05
2.074316782532283396e+05
1.602297758917389183e+04
1.523309993236840703e+06
3.910372915155798546e+04
4.751989690231922432e+05
1.161542609586377803e+05
3.072311710817363928e+05
1.343967833160642069e+06
2.673669816386439197e+04
1.599829964530286670e+05
2.276099819625831733e+05
3.625660542328887968e+05
1.312604399162459013e+05
6.319705365346701583e+05
3.603057282191907871e+05
1.234126947313973447e+06
2.762091073030639091e+05
5.978657556659090333e+05
1.858993491256693611e+06
3.762147340047943871e+05
3.237056400647410774e+05
2.575669202535381191e+05
1.583977211684468784e+05
7.350017050127662951e+05
1.701641796198881464e+06
2.959699218316097395e+05
1.049346340668715071e+06
1.430296541677017522e+05
2.581245915389095317e+05
1.309682093600282533e+05
3.982380964002900146e+04
1.415906958313250681e+06
1.704817096027132939e+05
5.183853452785246918e+04
1.660403572941598541e+05
4.542858985332177836e+05
2.079035321895244415e+05
9.112695623008599796e+04
1.825254243576903245e+05
1.593578374944573734e+06
2.013374063023415511e+05
5.125906991340906825e+04
2.666723285461270134e+05
6.982917597543884767e+04
2.610875197317874408e+05
6.989795371602829546e+05
1.248794597457997297e+05
4.424125589098666096e+05
2.675622154519831529e+05
8.368093752219243470e+03
2.281133422416273679e+05
6.964097274422087939e+05
8.831633771402107959e+04
7.363663632668252103e+04
1.222424087731641484e+06
2.338868850656326231e+03
5.035687484555574134e+06
1.455158481119170319e+06
9.363323771983354527e+04
2.446006020733250189e+05
6.585265756626514485e+05
1.105107254007294687e+05
5.740917577141594375e+05
3.378243010931669269e+05
1.511314843001365371e+05
2.470246267620738654e+05
4.163271806242678431e+05
2.957545308227355708e+05
3.075511170242229127e+05
5.753449775170361390e+05
9.075688083085358376e+05
1.135985617134705681e+05
1.370774471126872580e+06
5.773991514212976908e+05
5.192621380283984763e+04
9.059205518862664467e+05
2.274944992867311230e+05
1.962921719951116247e+05
9.963578182423865655e+05
3.437722334799280390e+06
6.933619761275365017e+05
2.484698878463488072e+05
3.958115067811468034e+05
4.588777217408001306e+05
2.108670797368727799e+05
2.155643981881850341e+05
2.745357964104748098e+05
8.147698388357640943e+05
9.608377707895645290e+04
1.317232927421584609e+05
8.279155469843363389e+05
1.285743667320642999e+05
1.351126510693470016e+06
5.514420480431058677e+05
6.860658031355233106e+04
4.575933165677285288e+05
6.282068879705545987e+04
3.891816752079101570e+04
2.386653808237797057e+05
5.719145755537976511e+05
1.042749630918238894e+06
1.026803620384168113e+06
5.981531248222269351e+05
2.865240214747844730e+05
1.006716188453131937e+06
2.505733999932972074e+05
4.021221067303527961e+05
1.118614107161396882e+06
4.560089778216762934e+05
7.303111564429559803e+04
4.061034982995016617e+05
5.807401150911229197e+05
1.108141710506137752e+05
1.704457591471594991e+06
1.423845844574687071e+06
6.152985485879003536e+05
1.457714915469999833e+05
2.716157078896123916e+06
5.068082608579388470e+05
3.681049528931195964e+05
5.053230983145919745e+05
2.632723079343562131e+05
1.044074847352509532e+05
1.852562782779425470e+04
1.527780630814362550e+06
5.146771034605247551e+05
8.392681918600691715e+05
3.992209795946204104e+05
1.017953716269885626e+05
8.661415506476658629e+04
3.965711086075881030e+04
1.153923436932050157e+06
2.542023181497469195e+05
1.223229245261585311e+05
2.167978661761307623e+06
1.972175932375494449e+04
1.023827707640481385e+05
2.451144014703730063e+05
3.388673897905907361e+05
4.117945983270850265e+05
1.770383374903708755e+05
8.703207615176464969e+03
5.340977039224373875e+05
1.627629438338472974e+06
2.532809950904377329e+05
7.759751863341966236e+04
3.487699582448196015e+05
1.258956252814020729e+06
5.007587696497391153e+04
4.294938358842175803e+05
3.597347866662851884e+05
4.291375759676409885e+06
1.634214232375590364e+05
1.368426677168122260e+05
1.349682384775751270e+06
8.098483058021881152e+05
4.413282807438079035e+05
3.422768400461183046e+05
1.611017187917409174e+05
5.794349881887408264e+04
3.423867423929340439e+05
3.143241445558611886e+05
2.483516787428444368e+05
1.249298785735717975e+06
1.574187965515998949e+05
5.040630192773803137e+05
1.046534274452425889e+05
1.902008179741509666e+05
1.321732445668007247e+06
7.352606835887971101e+05
1.603293678802829003e+06
1.931574276579132769e+06
2.028957051563468296e+06
2.903379707013641018e+06
7.043020201872953912e+05
3.433488251674160128e+05
3.025301725872437935e+06
3.969046856587415677e+05
3.403623545143274241e+05
8.211014276529796189e+05
2.029368512119495426e+05
6.139269751792522147e+05
3.642892505093439831e+05
1.629660029176161042e+05
1.549111529454477713e+05
1.084265917279095993e+04
2.251478307063255925e+05
3.149857512989415554e+05
4.315405078282909235e+05
1.101334054734739475e+06
5.988355258434908319e+04
2.262570908874837914e+05
1.959194204814477998e+05
9.540600165494614339e+04
4.986525176173680229e+05
3.642609854023302323e+05
1.195257359425620525e+05
3.399619866055828170e+05
4.719916560456461157e+05
2.174607666967583820e+06
2.625061277930071228e+05
1.530477451641484367e+04
1.875068681622859731e+05
1.235275089852688398e+05
1.541344198862178564e+04
1.706748530421080650e+05
1.944039564987148391e+06
1.240529365772289224e+06
5.499687130933237495e+05
4.984253778405666235e+05
7.895833713188327383e+05
3.219020170138764661e+05
2.327307689121684525e+06
1.447814482489918126e+06
3.026282685784612549e+05
9.662539834323921241e+04
1.082739617685910547e+06
6.837143619679939002e+05
8.762107563168312481e+04
7.013572368424830493e+05
1.058328826571292011e+05
1.323720906304430100e+05
4.007633312729399768e+05
1.020466221041039098e+06
1.276795695880710846e+05
7.272578691813288606e+04
1.936223115322755257e+04
4.996381269809699006e+04
5.394383180364957079e+05
1.712856615119276103e+06
2.386804161042348132e+05
5.386337833530849312e+05
6.332341774610071443e+05
7.196773710854604142e+05
5.917389083918484394e+05
2.675971960157803260e+05
3.800091821146981092e+05
2.920603850041809710e+04
5.641239331423034891e+06
5.422737993586759694e+04
9.572694348226283910e+04
4.668923521624918794e+05
4.390357518290097825e+06
5.011724561379761435e+05
1.299108383705669694e+05
1.681361128984821553e+05
2.217840464524709154e+06
2.628230486722674104e+05
1.038387879622075357e+06
8.967721020588629472e+04
2.561718805721105018e+05
5.741080037123510847e+05
3.833709648361476720e+05
9.426418121053846553e+05
1.364139865817828686e+05
1.326275612378782243e+05
4.484019359687751275e+05
3.034327569627987687e+05
1.508153566417207941e+06
9.176270885724631080e+04
9.818939261380481767e+05
1.180856562040451245e+05
5.230206541035118425e+04
1.302217300939634908e+06
2.482583275503503100e+05
1.132771855748924892e+06
1.347902171995965065e+06
4.517509788780329982e+05
1.389918859253980627e+05
5.305145668806436151e+04
1.412082152216058690e+06
9.617880336679631146e+05
1.782266924423059681e+06
1.441961556689740682e+05
3.146607056785639143e+05
1.177665245340901427e+06
1.133497370334946550e+06
3.741402924807499512e+05
1.071171322783506941e+06
1.150099357653913321e+06
1.559951753310753265e+05
3.000488510838883813e+05
1.226885118375330931e+05
2.871890691312903073e+05
5.829039700006701751e+05
9.420657709325328469e+05
3.876018693024581298e+05
1.437048497853271547e+05
1.728698560399782844e+06
5.681918655975742731e+05
7.061671534618645092e+04
4.192823327373716165e+04
1.553478963338584872e+06
3.022995719626425416e+05
8.300196855650540674e+05
4.522658434204450168e+04
3.133863949220964423e+04
6.633234289423089649e+03
1.004772361775121535e+05
2.567164158239695244e+05
4.048160849960884661e+04
1.115574911162681179e+06
3.818185083785355091e+05
1.085250618951386277e+05
1.737143184832342085e+05
8.737395014820554061e+05
2.588529719161268440e+04
6.057896692248337204e+05
1.194177117521436739e+05
2.173117604231260775e+05
2.331283474536743015e+05
3.825050887637822889e+05
9.345246741189950844e+05
1.779160763662564859e+05
1.945964343194498797e+05
2.934326387896140222e+05
1.096494051645775791e+06
4.208849231922626495e+05
1.338158948988744523e+05
1.203247053403934697e+06
1.731389009923498670e+05
1.987183991782679514e+05
7.585757655639552511e+06
3.010430150957724545e+05
1.422863851717242505e+06
9.981462613845127635e+04
3.790486788064886932e+05
1.911519634280826722e+04
3.018899307750432636e+05
1.655209524072258864e+04
8.098616897371700034e+05
6.946909305441292236e+05
2.405317786210365884e+05
9.589091417824318632e+05
7.656942532024985412e+05
5.130203355742847198e+05
3.428343956688348553e+05
2.373213161960828875e+05
4.274530631873578532e+05
3.219752361693871790e+05
2.074199256892142002e+05
8.922525910628773272e+04
7.524075900206412189e+05
6.243387240980162751e+05
2.063295956487893127e+05
2.363014080716259312e+06
8.818453931531581329e+05
8.741865529956566752e+04
2.903543008817592272e+04
9.986014923263436649e+05
5.853829008503598016e+04
2.521453256279533889e+04
1.281324432536320965e+05
1.266752664089594968e+06
6.444919069234710187e+05
2.089837749899887247e+06
3.692537325355601497e+05
9.262369789778762497e+05
4.649372359210959403e+05
6.341005078366261296e+04
5.045233966954409843e+05
2.934852386019914411e+05
1.711184835825133603e+06
3.065889691885760403e+05
5.921899184085844900e+04
3.464118991317129694e+05
2.826284618772144313e+05
1.112109878205578134e+05
4.524984593523072544e+05
9.004505159900340368e+04
5.484727658520285040e+05
2.323209109331107757e+05
4.898388695526231895e+05
1.539842162247704109e+05
4.017736822306674439e+05
5.274252434440971119e+05
3.124195039421092952e+05
2.302406407397860312e+05
1.933531343256862601e+06
8.337765484748096787e+04
5.481816101858947659e+05
1.391692434004919836e+06
3.199736638118808041e+05
2.155052683669870894e+05
2.979372737495808396e+05
1.084213174065259984e+06
6.715791773505667225e+05
3.329549741676265257e+05
2.764690981041471241e+05
1.549287165852357866e+06
3.224707352363096434e+05
6.006154309284366900e+05
2.029355093007875985e+04
6.814437872968130978e+05
5.827961224962239794e+04
1.101097603967115982e+06
1.103517495835314272e+06
1.564651748130412889e+05
2.582471912251611066e+05
1.037661255069282721e+06
3.341320536390072200e+06
2.931262724729628535e+05
4.729956559188874089e+05
2.441307907067580090e+05
5.304279115885148058e+05
2.196523372203744075e+05
2.091855432252398168e+05
9.405853050426514819e+05
5.786368007187675685e+05
5.965620909815438790e+05
4.090500827198079787e+05
8.590371206413715845e+04
9.981052372764885658e+05
2.121245667879519460e+05
5.883242256308804499e+05
2.537584053292578028e+05
4.743931493337269058e+05
1.523879637121791602e+05
3.359779981094050454e+05
4.713472106087439461e+05
4.440535327087581391e+05
1.082782225364006823e+06
1.891280395133712154e+05
3.350731692019656184e+05
2.261975704003362043e+05
2.848346730121392175e+05
4.618027591253576247e+04
2.202899706829225761e+05
1.577795436534348177e+06
8.899910459867968457e+05
7.907210113943681354e+05
2.737823932526026038e+05
1.017433274427086872e+05
1.934550645794955562e+04
4.723227287481135863e+04
2.354908866396347876e+05
1.110252793669901439e+05
1.956565530787225580e+06
2.787203451416894095e+05
3.187994922001506784e+05
1.168578301162959309e+06
1.660945332044940733e+05
3.909832157459570444e+05
2.072406029581101611e+06
1.190088770211976807e+05
6.931259621776397398e+04
3.909296166844733525e+05
2.490996782717997266e+05
1.027781782006605208e+05
1.888995671616732434e+05
1.514794337666942156e+05
9.069263233869011747e+05
9.430427514069247991e+04
1.523505321625136130e+05
3.390816527414559969e+05
3.450128114710655645e+05
1.230158888767467113e+06
2.866691606968035339e+05
1.334586347589814686e+05
5.837996309333122335e+05
1.127951044495259994e+05
5.502922881026872346e+04
2.898565884871395770e+06
5.452406305718270596e+05
1.124298210977397248e+05
1.469215471492750803e+06
1.413085452525050845e+06
8.447242068630985450e+05
4.688010677488868823e+05
1.505294911408887419e+05
6.088731768081058981e+05
2.098529517928893678e+06
3.086369678185969242e+05
1.869009425012263528e+05
1.292709803123761085e+05
7.012600484859753633e+05
1.096536514363711904e+05
6.551743150151168229e+05
5.334908728648525430e+05
5.419801353246377548e+05
7.841053040053587174e+05
2.670727314169646124e+05
6.402742519031536067e+05
2.014274201746047707e+06
2.477936418814281467e+06
5.508856648375163059e+04
4.020292691218821332e+06
2.602732004540934577e+05
2.691018051698046620e+05
1.304339556991829013e+05
2.553006371724647397e+04
3.080800175425736816e+05
8.030744214527511504e+05
4.280160822607993032e+05
6.239733167562722520e+04
8.830382886657000054e+05
8.835099460412290646e+05
8.207136775591792539e+05
2.765455072031432763e+06
8.159871950157120591e+04
1.843692174501564004e+05
2.989277734890060383e+05
5.035895056998344953e+05
1.742676535119249893e+05
1.851256661498602014e+06
8.547035263755025517e+04
3.165594561638972373e+05
1.417893757649358304e+05
3.917375100060772966e+05
4.662210230541532655e+04
6.264225255683700088e+05
1.635832127109772759e+06
4.041801694160109037e+05
1.703325499640069029e+05
3.927587408633139567e+05
8.136718188749293331e+05
1.072061120442230254e+06
2.237530087918189529e+05
1.338334899666538695e+06
1.832367001871466637e+05
3.026021780963044730e+05
2.512080698972034443e+05
1.289716575257724151e+06
2.376554296925463423e+05
6.059274047925589548e+04
6.588634793814216973e+05
2.477786373271088116e+06
3.160088278756918735e+05
5.196924480817295262e+05
2.899473097887691110e+06
1.578232083743287949e+06
5.579951505399255257e+04
1.857247482151016302e+05
9.416774106164021650e+05
5.593469605903273914e+05
1.806479814158713911e+06
5.704932938046236522e+05
4.585979165138800163e+05
1.956717518833037684e+04
4.392301242563606356e+05
2.717218182542521390e+05
9.494248591936514713e+05
5.690995120812813984e+05
3.196187871003745822e+05
4.598948474670113064e+05
1.605405982462572632e+06
1.648326324412783841e+06
3.279824825963574403e+04
9.616683599068475887e+05
4.082089763143777382e+05
3.880141636953080888e+04
1.376151821047434059e+05
7.499472500776157540e+04
3.914698762795737275e+04
4.143163537855067989e+05
5.377790976202886086e+05
1.100725255769742362e+05
4.870574373515644402e+04
6.049325260121781321e+04
1.309056265276290476e+06
1.287662671067596180e+06
3.910681248579791863e+05
5.308791617972113891e+05
4.649264202164122253e+04
5.902947303280577762e+05
8.160804828408010071e+05
3.458524164921963820e+05
5.891467531760697020e+05
2.961987222936236649e+05
2.309839939260051178e+05
8.474846131139972713e+05
1.603760540949330316e+05
3.322821319775919546e+05
1.075779037005067104e+06
1.808448888860380393e+05
6.941719120471236529e+05
2.140582467702785507e+05
1.100496253835297684e+05
1.465893330981855979e+05
9.058444571342277341e+05
5.262779904309725389e+05
4.191663476840722142e+05
7.083906421223368961e+05
4.265087691545569687e+05
1.229999542694203556e+05
1.354014762202271959e+06
5.236363545772102661e+05
7.455243380824077758e+04
2.847435919204906677e+05
3.334771732391788973e+05
1.882713701784945559e+06
6.527482061734768649e+04
6.636761557381764578e+04
1.251462189838092076e+06
8.669981297888547124e+04
4.663219689338487660e+04
4.088261410763951717e+05
1.706585253225901863e+06
1.655961627714997448e+05
5.688620194977691863e+05
2.234459148838530818e+05
9.064314200128075900e+05
4.333646974264436285e+05
4.773947804764204775e+05
4.012767895537955919e+05
1.135422168513497571e+06
4.143965060935529618e+04
7.068417050151847070e+04
6.955884019083636813e+05
6.511517465580906719e+05
1.559685286303922476e+05
1.174217573729746655e+05
4.787132249839435099e+05
1.208241964937095472e+05
6.441314789576836483e+04
5.641191763950324384e+05
1.998092352795490297e+05
5.730968937410580693e+05
2.609182045115067740e+05
2.820295209288600017e+05
8.347528652514440473e+05
1.170807879764441168e+06
3.557240272966503981e+05
2.796110182860856294e+05
3.541051903269548784e+05
3.771178314293179428e+05
4.296026617598946905e+05
1.754170657004365057e+05
2.986303088150835829e+05
6.410022758137109922e+05
1.571605360453797039e+05
7.254879907942841237e+04
5.711464718927415088e+05
2.463962451429904904e+05
3.653875241301539354e+05
3.735448796730177128e+05
1.332210473681466887e+06
4.056762174148346821e+04
3.885240428863381385e+05
2.449422016657884815e+05
7.318329608032202814e+05
1.297656881937601429e+05
3.357823108699875884e+05
4.703268327221756335e+05
3.215159573765672394e+05
1.004049906078388449e+05
1.648447932425608742e+05
1.999542721144609677e+05
1.037722513886808418e+06
9.222975634459011490e+05
7.631285369358926255e+04
2.476240582945135830e+05
1.398279347728591179e+06
1.067799203997333534e+06
4.160609309137844248e+05
3.227535479211254045e+06
3.649185858952531125e+05
3.534857704914381029e+05
6.858860695932996459e+05
3.623824737025367212e+05
5.922167924591089832e+05
3.470018696562853293e+05
8.360183534599308041e+04
7.782750294762816047e+05
2.366542559214402281e+05
1.309705108389691013e+05
6.519878158424886642e+05
6.478669691952969879e+05
3.859242171886548749e+05
2.923105729987929226e+05
6.436544467430332443e+05
1.033953723620438104e+05
5.609857805968130706e+05
4.494298291757677798e+05
1.851714513640860969e+05
1.852606871474989923e+06
1.397159345399777230e+05
8.995515930488740560e+05
9.831116571065236349e+04
4.778241695148901781e+05
9.451652756360304920e+03
1.030121959680279484e+06
1.424733715026904130e+06
2.748483664643931203e+06
2.192421263582581189e+06
1.155015310798316495e+06
5.412954009463030379e+05
4.111154628134275554e+05
6.720013684537072550e+04
5.381427881438349141e+05
1.034287787724597729e+06
4.297586730257102754e+05
1.781838627887946495e+04
7.022496679650091392e+04
9.865436813150907983e+04
2.049531181515782082e+05
1.028575095254533226e+05
1.285638929321679461e+04
4.288690843319614651e+05
1.713043917816005414e+06
2.600143703577371780e+05
3.756544504268578021e+05
4.323643357500742422e+05
6.067229240849764028e+04
3.117719512528545456e+05
2.407909224383681139e+05
1.217541878857798292e+05
2.172108214098885655e+05
4.196035444375377119e+04
1.050003190814744594e+05
1.539948623870450829e+05
1.748165868432974385e+05
2.537449283346384764e+05
4.013578059163572034e+05
1.628241102105952566e+06
1.240258738742913702e+05
3.163289211398607586e+05
7.971878921859030379e+05
5.129441544284541160e+05
2.283671357034774846e+05
5.070772253347134683e+05
4.442767557849419973e+04
4.396779218124091858e+05
7.124322206791044446e+05
5.485455507832466392e+05
4.911806464016875834e+05
2.186296222110789386e+05
7.586475720286511932e+04
1.473482511410884035e+05
5.802451725919915363e+06
9.072141828801512020e+04
1.758414844883063342e+06
7.916252940192309325e+04
5.418700594893880188e+05
1.747780393761643791e+05
2.127607764585739002e+06
2.807311794013503240e+05
4.306860430116543546e+06
3.705714566773395054e+05
7.904663200398060726e+05
1.271579727714030538e+06
1.696278908992795332e+05
1.964970827072397515e+05
5.511812500526227523e+05
1.207071540292762453e+06
1.559761386813373829e+05
6.188829471889210399e+05
2.408485951637498147e+04
6.852309565364274022e+04
1.273693738274893403e+05
1.435603865921286229e+02
2.941258479831024888e+05
2.424790234802003033e+04
6.217376384207730880e+05
1.740998931966832024e+05
3.214059352942391415e+05
7.852945200565429695e+04
1.018309153962403652e+06
7.096840025473231799e+04
2.692973912303050980e+06
6.618153685832999181e+05
2.362910131193076668e+05
1.543234265538332402e+05
6.471445196938762674e+05
2.819138085488046636e+05
3.150390942698337021e+05
1.375979190659350250e+06
7.532271284298128194e+03
4.492745690362350084e+06
3.085173897376879468e+05
8.321977854809655109e+05
6.326590723459293367e+05
4.270242437405668315e+05
1.212627912111853948e+06
8.288748268699967302e+05
5.996370759463895811e+05
6.648039375945903885e+04
7.171465732663564850e+05
3.743788544968524366e+05
1.056506983119783690e+06
7.754715176424577658e+04
2.541921399616405834e+05
4.222127760443285806e+05
2.431254198420790490e+06
2.528305474457415112e+05
2.091131422220749781e+06
1.095774417055510683e+06
1.076567529972574674e+06
3.050914687622641795e+05
5.362317907740268856e+04
4.498675506329229684e+05
5.723007628067992300e+03
1.132578726252945606e+06
9.643627682898941566e+04
2.073804466220881091e+06
2.371223116726153996e+06
7.254374299949016422e+05
2.289469589863992005e+05
1.743798271018079948e+06
3.073935817498277174e+05
1.820280765881587577e+05
7.733511239811564155e+04
2.023331665306244686e+05
3.223515009834752345e+04
4.715159161277045496e+05
2.166071244976799644e+05
3.115388415594115388e+06
1.350259014555442845e+05
3.624875901751926285e+05
6.784191498553293059e+05
4.347274617179909255e+05
4.278096019812516868e+06
1.212038575305769918e+05
2.695929302021354903e+06
2.524473314459637622e+05
6.806916176112239482e+05
1.741586118355963379e+06
1.646798234721764456e+05
3.395919396353001503e+04
1.745804931327464990e+06
5.617827608381083701e+05
1.836017523765133519e+05
2.145039297791421995e+05
2.476527132526366331e+05
1.943606307183756726e+05
1.433760212061071361e+05
8.800510966518311761e+05
3.519727280719931005e+05
4.950204353696767939e+05
1.129829593375284603e+05
9.526964379197060771e+04
3.199818575251177535e+05
6.254312457995256409e+05
1.552400581656926370e+05
3.874015143017832306e+05
7.846293380647677986e+04
2.234737777895126783e+05
1.669259846348962514e+06
6.506910419515515969e+04
1.001180040020908637e+05
5.970108646879695589e+05
1.236284647111258470e+06
1.535478593445342995e+04
1.680484573483297601e+06
6.188033676728155697e+05
8.866174277977430029e+05
5.326326614408211317e+05
2.126797685571266920e+05
4.611368413153673173e+05
1.119727667902898043e+07
5.232584578867385280e+05
1.437601727428650251e+06
4.038284815218260046e+05
2.889389483068214613e+05
3.078372634538335260e+05
7.075693467470931355e+05
7.941925616294609790e+04
2.617977720918940322e+05
5.064882962840636610e+05
3.003310875537682441e+05
3.810839347120033344e+05
6.571398085371026536e+04
3.762820013412112021e+05
2.509566512700461317e+05
1.383412456416236237e+05
1.866238158891322964e+05
1.632070107636129833e+05
5.491246224632069934e+05
4.033464506808806909e+05
1.891126533556358889e+06
2.201168945617620484e+05
3.007986888027038658e+05
1.130121303187943413e+05
5.295754768356810091e+05
3.459508414430334233e+05
1.176425491509642452e+06
6.883429958697250113e+06
7.276934168808809482e+05
1.440916641104270006e+06
4.066881006843718933e+05
1.106125865875006653e+06
2.162844766742465144e+05
4.591394839562907000e+05
3.045887888460048125e+05
1.442689880034209091e+04
6.663850088745615212e+05
2.449354348860586761e+05
4.250571552184683969e+05
4.262019506834732019e+05
4.403097463364147552e+04
3.026009387003551819e+05
5.871017720115763950e+04
6.350350518713757629e+05
2.672540964595614932e+05
1.470963936461224686e+06
1.218978998263208894e+06
1.107035603283826727e+06
5.022095250327387475e+05
3.038859128794430871e+05
7.103748131193437075e+03
2.143995288696767821e+05
8.052579095336915634e+04
3.617596723963497789e+05
4.196379859694324841e+04
2.555271228635211301e+05
7.034097788237681016e+03
1.825411241632276215e+05
3.037825669187065796e+05
4.159238467946653691e+04
3.904371133294964093e+05
2.473857866476820200e+05
8.373459474918308842e+04
5.216085368250764441e+05
2.029796242577724915e+05
3.675689898627787479e+05
5.003477813556243927e+04
5.910941965943359537e+05
7.505266075173473218e+05
1.020756452625150268e+05
1.265205699916107405e+05
4.476300854856979277e+04
9.933391588343920012e+04
2.673357999851614004e+05
5.397682432854739018e+05
4.007305951157153468e+05
1.677945859944791009e+05
3.815874072162013035e+05
2.979413538772432366e+05
7.158149877958802972e+05
9.939027044943863293e+05
1.090999036592556804e+05
1.137162189334631985e+05
4.057524877975290874e+05
2.072970738162347116e+05
1.445683906214422896e+05
1.952811964232519676e+05
2.535055776355333219e+05
5.866387837461261079e+05
5.942788622425760695e+04
2.814128928767606703e+04
1.197003406678214669e+05
