2.855290705758484546e+05
3.827975993082144996e+05
2.841648045276867342e+05
1.197516603175291093e+05
3.265682324127290049e+05
1.486318812342426390e+05
7.253628810297889868e+05
3.122989881108657573e+05
1.538056383523104305e+05
2.329897886717759829e+05
7.041457733235780615e+05
4.641961491883897106e+05
4.296577473910816479e+05
5.620529299915810116e+05
1.027447859262393613e+05
1.848756901094361674e+05
3.220612677025203011e+05
1.686041207776319934e+05
2.243861197540059802e+05
2.470712346317277988e+05
5.589543261156028602e+05
9.885533838790253503e+05
2.115744703236716668e+04
3.782319097172286711e+05
6.380298251825407351e+04
3.558226694150177645e+05
9.593922121662736172e+05
2.714218951701263722e+04
1.549923712219809182e+06
2.707207686120065773e+04
2.125190314325189320e+04
5.861726442949582124e+05
1.494270428259512642e+06
3.409787703312879894e+05
9.737925644848702941e+05
8.326440808503422886e+03
2.041936443805068964e+06
2.322154447744234640e+05
1.684100199223479140e+05
6.191749234702276299e+05
1.196399369065394625e+06
1.558755413456701790e+05
3.119699539236620767e+05
9.669009053495494882e+05
2.964260465568230720e+05
9.977823584770498564e+05
1.975509652337485168e+05
2.361491253690668673e+05
4.028421590282752295e+05
4.144458000967859698e+04
6.761727416954492219e+04
1.993272875622143038e+05
2.354834339168156963e+06
4.757888579323070735e+04
4.409839157721755095e+06
2.718589213213074836e+05
3.521933729027526570e+05
3.516097540684015257e+05
1.549057206398117414e+05
3.280424516366207972e+05
1.471418789423790877e+05
1.810734724937566090e+06
1.185719415923393826e+05
1.733168501864210702e+05
2.673212288294840837e+05
1.818962849018584704e+06
3.557627101114155957e+05
5.604997187129944796e+05
3.013949570173312095e+05
2.150667277860372851e+05
1.715733921761627309e+06
1.239164845911027864e+06
1.126430943500065710e+06
5.704321357494298718e+04
7.493615684005286312e+04
7.209128164512397489e+05
2.220453284926902561e+05
1.715904874978158841e+04
2.511825007266335597e+05
1.411623049813722027e+05
2.012030286767223151e+05
8.682102036984535516e+04
2.630456839802890318e+05
1.184768058617426548e+06
1.360272309884152375e+06
1.577719599297668319e+05
1.520388053911364696e+05
1.026178654763915692e+05
1.198700520016710274e+06
9.124673125601591542e+06
3.924543997318629408e+05
2.429382930123489641e+05
6.060376863510048715e+05
4.477229778252757969e+05
6.294511431459196319e+04
6.089887932087662630e+05
1.432738185561906314e+06
9.204904269286495037e+03
9.843424445715557085e+05
7.628315450813391944e+05
1.622799470188182895e+05
3.316270043682237738e+05
1.508210007074268768e+06
1.591749840919369017e+05
4.605191105549563508e+04
1.265796045158455236e+05
5.515679218633479904e+05
3.419251652873489656e+05
4.845985993914630671e+04
5.528105750980944140e+05
4.983589160645214724e+05
3.528944970143708051e+05
3.111569636140131042e+05
5.479613627056096448e+05
1.383699245752292336e+05
1.654439839074682677e+06
8.902949459226187901e+04
4.707749231477618450e+05
3.896463904527086765e+06
2.793671769113116316e+05
1.491373516806046478e+06
9.662709070588768227e+05
1.575799698373482679e+05
3.825252614348193310e+04
2.400604361494184923e+04
1.211910272387241945e+06
7.380872424339327263e+05
2.354006887167401146e+05
3.796372830179904122e+05
1.740717097329371609e+05
2.442745466060838953e+05
1.751825004635772202e+05
1.204201455216331124e+04
4.405258067958406173e+05
2.729703430865561822e+05
2.683269828169657267e+05
1.201921330315899104e+06
5.570507831348041072e+05
4.956527792063346133e+05
1.429352189598971745e+06
2.832015260257364716e+05
8.499596424092455709e+04
5.378252427913303254e+05
7.055450193068523658e+05
1.090064288396989927e+06
2.468419608563580841e+05
5.962798626489951275e+05
1.352445576420890866e+05
3.346938917232548120e+05
3.352836419951026619e+04
1.154311975145683246e+05
8.770134897588460008e+05
5.148548536067949608e+05
4.305274968448180007e+05
2.759473714481017087e+05
2.936300717520990293e+05
7.730837767088526161e+05
4.986661214348541689e+05
6.975353930839599343e+05
4.410775222309653764e+05
3.796139378364508739e+05
2.116377679058616341e+05
3.137707770892670844e+06
3.502775065253112116e+05
9.734171497254669666e+05
4.556955125871690689e+05
1.622495159944263578e+05
3.959827380618612515e+05
2.338663769338195270e+05
1.554881080999635160e+06
3.472491313543607248e+05
2.646142736486426438e+05
1.094881791064889869e+06
1.628566834236365394e+05
5.299533636074016104e+05
7.021521190889131976e+05
6.610172891682877671e+05
1.359649610310853459e+05
6.587770818375884555e+05
9.689998417760471348e+05
7.093415819694611710e+05
2.235929084521152254e+05
1.642464943079861114e+06
9.206773280029637681e+04
2.957665721270905342e+05
1.160867955195026938e+06
2.041530527720891114e+05
2.156424792227896687e+05
7.478362338256045477e+05
1.243203781161348306e+05
5.465883108616214304e+04
1.398522083769014862e+05
7.776635723019496072e+05
1.927797908121171058e+05
7.041047557397749042e+05
5.110073166186342132e+05
8.730507725690820953e+05
2.985543839341622777e+06
1.070094030452752195e+05
1.946262066703149176e+05
9.886187340014669462e+04
1.979282987239223439e+05
3.380005102650585468e+05
4.370286456946129329e+05
3.737837524184159120e+05
1.013843604172809166e+06
4.652560848974575056e+05
7.253555212462081108e+05
1.104331578150304966e+06
7.526867680647430825e+04
8.246340251611779968e+04
3.661342500246068812e+04
5.493772793769867858e+05
1.314201290509848914e+05
1.932677102707538579e+05
3.728392096387398778e+05
9.712435924823659007e+05
2.251240562291213064e+04
3.923056182862183778e+04
2.254808383022933849e+05
2.147179819820849807e+05
2.857272550786815827e+03
5.752855929078208283e+05
1.036482010380013526e+05
1.278123137311000843e+06
6.687855651605610736e+06
1.725882999228702392e+05
1.597265629391049501e+06
1.291143417807075748e+05
3.347952772637188435e+06
1.371470588289454754e+05
2.440778708284883178e+05
3.687593684104512795e+04
4.144642784819271183e+05
1.674391856551953824e+05
8.313174946958264336e+05
1.197461499007107224e+06
1.818772138625076332e+05
3.338910791635187343e+05
1.172818107393450337e+05
3.398787860762390774e+05
1.103289913020971231e+06
1.252789174695832888e+06
2.337750543743458911e+04
1.230901213364233961e+06
7.576657436799669813e+04
8.645022116897297092e+05
2.450043464963219885e+05
2.599117587717358838e+05
2.753959762104869005e+05
4.257013244040767313e+04
5.284062144457764225e+05
1.082936028130158666e+05
1.615274205766753992e+06
3.037576732543366961e+05
1.124710525375617726e+05
1.375142143676212523e+06
5.182463528039138328e+04
5.409795341919866769e+04
1.589073231881099055e+05
1.396713395096059423e+06
1.020580524052383495e+06
3.444174813837385154e+05
3.174466794917905703e+06
2.611309280941207544e+05
1.733450363433202438e+05
1.800512293444072420e+05
1.652570809728836408e+06
7.731197973051571171e+04
1.376055569190569513e+05
1.273829849252270942e+05
6.191649737982018996e+04
7.126824041174448212e+04
2.273491361528033449e+05
3.970967921128631860e+04
2.404200818078539451e+05
2.247795829726013180e+05
4.248772307370612543e+04
8.377673218621265842e+05
1.183580858784082520e+05
7.700835965658286586e+05
3.485402030683961930e+05
1.137443750861716835e+05
6.765451597111594165e+05
1.182921415998079116e+06
1.710964756819890172e+05
9.336923954938830575e+05
6.091517438462393329e+04
7.090277730193347670e+05
1.676396876118597866e+05
2.325894279122861335e+05
2.822869483045879751e+05
1.302707984072137151e+04
1.151858122402754147e+06
8.642874905932409456e+05
9.200670749295221176e+05
3.004154312785167713e+05
4.752512754025441245e+05
2.185264307302975212e+05
2.862055007767481729e+05
5.905233182600088185e+05
5.741622766601695912e+05
1.606249016431334312e+05
2.074896231387039297e+05
5.861792222047031100e+04
3.852478587459435803e+05
1.731688806370713573e+05
1.640686371152252832e+05
2.398791784763297073e+03
4.700265197669374174e+04
6.163519641327512218e+05
1.456842341158759700e+04
5.016375127876306651e+05
8.478875101748461020e+04
2.912166704899803735e+05
1.533329712843252855e+04
4.197744801143862423e+05
2.037130800083279901e+05
4.327352063398982864e+05
2.597974843682162173e+05
2.805002918258071804e+04
4.064349100629530149e+05
9.618708341289231612e+03
3.982179847761009005e+05
1.118180526593805989e+06
6.437937082821069052e+05
1.473170289599070791e+06
1.137392165244417265e+05
1.329758555609067902e+06
5.069041353423742112e+05
2.762278311616125866e+05
4.043619903360406170e+05
1.091199129361698870e+06
3.339532317243336001e+05
5.503299383180798031e+05
2.793130386390123167e+05
5.340784307468048064e+05
1.061490773194029927e+06
1.525287439770391502e+05
2.165004591400272038e+05
2.175615154803486657e+05
3.788735457188269356e+05
5.014933711842173361e+05
2.265885750873691577e+05
1.446342453619494336e+06
2.521655541524280270e+05
1.483493081399801653e+06
2.713317990309679953e+04
1.278350423898789799e+06
1.730895798702000466e+05
1.854403509571146278e+05
9.681862370827761479e+05
2.580027605000661220e+06
1.633838933706746611e+05
2.715518820276786108e+06
7.900783735365323082e+04
8.985089689656177070e+05
1.518891980925030657e+05
9.982606878258005017e+05
6.377040104921527673e+05
6.457682279023778392e+05
1.059708567422078195e+05
8.882548757831179537e+05
2.433241154382382229e+05
8.370346059118466219e+05
2.234585192038018431e+05
1.536148592635746347e+06
8.677954608597820625e+05
1.635513558770395815e+06
1.413884132135463879e+05
8.975874686515923822e+05
2.474733371124176483e+05
5.650840746641720179e+05
4.601593404819608550e+05
3.947516170170113328e+05
2.947394729642223101e+05
2.900975376410005265e+05
2.235631543008319859e+05
1.740198939695513691e+05
8.690065208157423185e+05
1.746016778783300659e+06
2.396927822919074970e+04
3.569809001851706998e+05
1.214903246132374625e+05
4.217142291519391583e+05
8.896540662322307981e+03
1.412609484100420377e+05
3.721810964997611009e+05
4.280278284506265773e+05
3.910559900419794139e+05
1.770132185827099311e+05
8.289496560834173579e+05
1.841519711645429255e+06
1.482879321152131772e+06
8.352197763518588908e+04
7.218435041445587995e+05
3.098073299499277491e+06
3.082800436011480633e+05
9.819999451916487305e+04
1.670230559157753596e+05
9.103236222708263667e+05
1.546365342649085505e+05
3.922224679155976628e+05
5.175991464386236476e+04
1.638084008564853284e+05
2.082924367167068121e+05
1.558158461639268498e+05
1.892453580591257778e+05
4.684690153539666208e+05
6.462462351077039057e+04
2.882149674518524553e+05
2.829423101849546656e+05
4.176305355738885119e+05
1.742559594509839953e+05
2.075061898035487626e+06
4.223988203228630300e+04
5.391784460136105772e+05
5.550000510187569307e+04
4.023564275737541611e+05
2.804333938443620224e+06
1.143261345272928011e+05
2.334640869362554222e+05
3.544113089587292634e+05
5.736769162011049921e+05
1.225984192530629371e+05
9.809432049767511489e+04
1.836965014107706258e+06
3.082980040669784066e+05
9.563377063026500400e+05
1.769371653446022246e+05
1.355155995221509656e+05
5.095807149522675318e+05
3.878411779124676832e+05
4.305083068041487422e+04
2.214701683753749530e+05
1.631454494081515586e+05
1.781820188765291823e+04
7.583027826272850507e+04
1.469322104947106563e+05
2.344181424357810756e+05
1.095397641458308208e+05
5.210461952014897834e+05
7.139511006072317250e+05
6.299168569139613828e+04
6.095223882075180154e+04
7.471715797397183487e+05
2.620673551580766216e+05
1.027897051776936569e+05
1.567665796776822535e+05
2.040856299606014800e+05
1.219083760893191677e+06
3.503561132086819853e+05
4.531247179698851542e+05
4.381891898485468118e+05
2.950677793371795560e+05
3.135767442312309286e+05
2.895304829713638755e+05
5.360480769181485521e+05
4.840237858721521916e+05
3.919766176903245650e+04
9.655037693237156782e+04
1.192944629916475969e+05
7.251872221697293571e+04
2.960228642024806468e+05
4.070546421041323338e+05
2.838368564470525831e+06
3.679616148961509462e+05
1.546294725704924203e+05
3.558740854980829754e+05
6.668691515118051029e+04
3.176143184453136637e+05
9.034461856975007104e+05
1.796610165795049688e+05
3.461325522037146729e+05
5.784101902022073773e+04
1.899213461591146770e+05
1.018564957530163811e+06
5.129398636073121452e+05
3.797001066655364120e+05
2.905282705049876677e+04
5.618710964296470629e+05
3.507746785784210078e+06
3.772976864770543762e+05
9.340182822746849852e+05
1.229651500049287133e+05
6.696892601761074038e+05
2.113462282512458041e+06
5.049504156709566596e+05
1.021502888384351245e+05
4.349091201192255830e+05
4.503185195058847894e+05
7.773522209102035267e+05
1.001300477778621425e+05
1.867384167035504361e+05
3.316646271159031312e+04
7.035065627964055166e+05
1.103796363747024909e+06
2.769279324398910976e+05
7.599610140374542680e+05
1.870003328055989405e+05
5.749794252443788573e+05
1.845212217538103287e+05
3.090341919711400988e+05
1.280332678659548983e+06
1.042929514317925496e+05
1.006879548958065134e+05
2.776753895595571375e+05
1.967346653792443103e+05
3.484897921829504194e+05
2.901619729187767953e+05
1.828547730537726893e+05
1.237748697255523148e+05
1.244913878338987852e+05
1.057907394930037204e+06
1.529314289968389494e+05
9.508731758404691936e+04
3.482180022275530500e+05
9.298206862977280980e+04
2.249552757164711365e+05
2.372788254661064129e+05
2.860615995105759241e+06
4.531710190455309930e+05
1.037811916465669172e+06
1.285458107659876987e+05
2.172531410590058367e+05
1.906163672562458669e+05
1.915776742102108619e+04
1.419529115406519268e+05
7.228741299209654971e+04
5.097243304200006532e+05
1.637730624985202739e+05
3.569779958749720245e+05
9.196954881604765542e+05
2.783164031289233244e+05
1.478745350604217034e+06
4.270995409383520600e+05
2.093932913656203891e+05
2.191602041181577079e+05
3.148759104324928485e+05
2.944644259905609651e+05
1.941138471455607505e+05
5.132352017386474763e+05
2.079075090442391811e+05
7.158424749284266727e+04
1.375079232235189411e+05
3.611520092839693534e+05
2.777707415563655668e+05
2.873749692099232925e+05
2.584850418970736500e+05
3.375556006870580022e+05
1.109396298229168169e+05
3.659983422453862295e+04
2.172373960115618829e+05
1.868949369847932598e+06
4.561634946717453422e+05
5.015324841368923080e+04
2.689749362400547252e+05
5.748202068553020945e+05
2.350105617427646066e+05
2.235856761589330854e+05
1.246816600724815653e+05
4.155313326593675301e+05
3.287851464353459305e+05
1.187639341091630049e+06
1.344320551544916118e+06
2.027919572258140543e+05
1.696261584357894899e+05
9.872478656381337714e+03
2.735965491499835625e+05
3.286721811430527596e+05
2.681096674320267630e+05
2.945783885237472598e+06
2.056007452066717087e+05
2.012725894716845651e+05
3.956458033098963206e+05
1.062693711156674428e+06
1.262298148100560211e+05
4.524377320881943218e+06
1.508308125611303549e+05
8.648742436083661160e+05
4.327733714080710779e+05
7.349624020419523586e+05
1.522837209255902562e+06
4.512087828091010451e+05
4.161936915231071762e+05
3.477459784721525502e+05
5.720804470650293297e+03
2.949693319663156872e+05
1.025255850228381110e+06
1.082730695054756507e+05
1.592843512566986319e+05
2.352527918416038447e+05
1.626578739978066878e+05
8.314031775783092598e+04
9.240797555902344175e+05
2.453910790911279619e+05
2.432076160149046627e+05
2.868778413938458543e+05
6.827750707144098124e+04
2.121599081215607002e+05
5.225034413681725709e+04
1.794179723489138269e+04
9.982118914497273508e+05
7.256622059942125343e+05
1.319124899850180082e+05
3.821716401456936728e+06
2.851518297673961497e+05
8.516407863869251742e+04
1.371435462144106859e+05
2.891600317399432606e+04
9.012009380437820801e+04
4.432089870630604128e+04
3.141400397396142362e+05
2.017551073782162566e+05
9.923922265633723873e+04
2.506419505132436461e+04
5.839357907335719792e+05
4.458121237634908175e+05
6.889393917242416646e+05
4.327373443636330776e+05
1.045981880450428725e+05
1.113009389981720131e+06
1.257171429559446260e+05
1.393481139245175757e+06
6.596840535526386229e+05
1.283919406856371352e+05
1.519838832538683899e+06
2.133380292581001413e+05
1.211792996487903292e+05
1.070792359983431641e+06
3.502841874572155648e+05
4.267329248955723597e+05
4.710092239455449162e+05
1.811189841658480000e+05
1.752605501216891222e+06
3.170796631638057297e+05
8.803901816291984869e+05
4.033870797086020466e+05
2.035293165868132201e+05
3.123476929821780068e+05
2.997635672081593424e+06
1.086648963071019098e+05
5.091531146008121432e+05
1.472250778016651457e+05
6.853676211042032810e+05
1.796067558429908706e+06
3.487450863949746708e+05
1.750140161494662752e+05
8.137168680560903158e+04
4.279557106581730186e+05
2.141676635160358273e+05
4.353024942934421706e+05
1.706441831993338710e+05
8.776871361813152907e+05
2.269069701659207058e+05
3.096774974980488187e+05
1.909135226319830166e+06
4.135033724998695776e+06
2.300147739253278123e+05
2.832097387120751082e+05
6.644765890709001724e+03
1.177502156155309785e+05
1.774756810648073151e+05
1.343081135339515284e+06
2.407039637245481717e+05
1.724972820673786919e+05
7.406029365120095899e+05
1.372810779230657266e+06
5.288978908874816261e+05
1.608177550966998679e+05
4.230262271496571484e+05
2.361463859645833436e+05
5.633615703647742048e+05
4.877013379030635697e+05
8.366817666882131016e+04
2.680203993504600367e+05
1.805866316888893489e+05
2.835776158256244962e+05
9.122590948289115913e+05
3.114999746665203129e+05
3.537762504965022672e+05
7.684186212021163374e+04
1.694841914056336740e+06
4.991250976668291842e+05
7.315447623012301046e+05
1.784770726273214910e+06
8.550757878236975521e+05
9.926775246530134464e+05
6.883468317549418134e+04
1.648108434865558287e+06
3.590297815521909506e+05
5.125605514977982384e+05
4.884096069082326721e+05
3.777980647139948560e+05
3.311862713321461924e+05
1.071171007871950045e+06
8.058958093988936162e+05
5.139473214187786216e+05
4.817607352889555623e+05
5.656731387453351635e+05
2.492435497688176401e+05
4.313441778533322213e+04
6.165825895016402937e+05
4.558414336124778492e+05
1.754329964824281342e+05
1.120657873780881288e+06
6.032477407255347352e+05
2.168368708503468661e+05
2.745369113575569936e+05
3.164954358747462393e+05
8.186878636072548106e+05
6.561592697431375273e+05
8.899501246244204231e+04
4.065831102665126091e+05
2.274235245831993234e+04
2.660574912896623719e+05
6.334881253706403077e+05
1.331818707437386271e+06
1.619766626821581158e+05
8.711843635443234816e+05
7.716089223701701267e+05
3.454358456497179577e+04
1.525305310923324723e+05
2.431133493299921101e+05
1.721334359013767971e+05
9.669256297004272928e+05
2.833186423899794463e+06
2.336037763907084009e+05
4.215602948103900417e+05
1.389149404006292461e+05
3.868259611321422854e+05
6.778963528471178142e+04
3.572326765262467670e+05
6.223875857650638791e+05
4.392660876026808401e+05
2.660713787235017400e+06
3.391861732994439080e+05
5.345116224638137501e+05
3.873744046548112528e+05
6.423659796927107964e+05
1.482956044183627237e+06
1.859809975788712327e+05
1.249479067288938240e+05
6.883859012519146199e+04
1.481903962620270067e+04
6.220062041793036042e+05
1.436879671739216195e+06
4.862386783626486431e+04
2.161601307358398917e+05
2.118934041429086123e+06
1.685789305464062840e+06
1.046645628906881786e+06
2.757418621655917959e+05
9.014246801036450779e+05
3.805130017860434600e+05
1.113393876605242622e+04
4.173547052445329609e+04
1.292318858933826676e+06
1.407492372139740328e+05
4.143740979551705532e+05
5.311513969370326959e+06
1.803071346381874464e+05
6.261336097109207185e+05
8.064320114827851066e+05
4.145684959641054738e+05
2.220466654212514404e+05
3.492982813295015367e+05
1.216660589545706753e+06
1.674418411322734784e+06
8.616334753711531812e+04
6.604865991910145385e+04
4.997730626742732129e+05
3.814487846222663298e+06
8.669288790167549159e+05
1.406094822444549645e+05
7.339883189491662197e+05
5.902012376368937112e+04
4.055674261578506557e+05
1.998129077308751876e+05
1.072706862574850675e+06
7.797136391610752617e+04
1.111643573997050058e+06
6.888480595286842436e+05
7.192797961869206047e+05
1.923980519721017452e+06
1.140687847536937043e+05
2.769044024198077386e+05
1.358558113995600143e+05
5.132892241834422748e+04
7.421681769728049403e+05
1.150852939182576083e+05
7.170036072905677138e+05
4.209268815729886410e+05
2.636660122792049078e+05
3.972438046919558547e+05
4.448724000403927639e+05
1.300736027616915060e+06
2.020123498268929543e+06
9.047365098560560727e+05
3.455162307294068160e+05
1.118197272405859549e+06
1.964783013355370844e+06
6.810266238354415400e+05
9.757189236456780054e+04
8.383003379117884906e+05
7.590313305297782063e+04
1.948233471912505411e+04
1.886172671614551509e+05
8.075463813631696394e+05
2.248715866821536794e+06
7.510986351435474353e+05
1.106381312716153916e+05
3.188381776439629029e+05
3.148771665463047684e+05
9.809867816521733766e+05
1.204125727772844548e+05
5.756103975094768219e+06
1.282977065942473710e+06
5.038545750787283177e+05
1.038640045450318605e+06
3.166648585650992463e+05
2.377302421052382560e+05
3.868927988598894444e+05
3.225608743577444693e+05
9.999756906552912551e+04
1.685432860089907772e+05
3.991313492270992720e+05
7.332618245184906118e+04
1.110798193842977518e+06
1.952104621490629506e+05
5.217858366856582143e+04
3.451837175817837124e+04
2.585448076903735346e+05
5.632717589300676482e+05
1.216842610606841743e+06
3.437325597629883559e+05
6.844103428142569028e+05
3.467461553521939786e+05
2.978844594263173640e+05
1.811551172914083814e+06
5.632954346350488486e+05
2.034861708505639341e+06
4.998285182506563142e+05
3.812989353507021442e+05
3.463387772171217948e+05
6.469929427483694599e+04
2.364705166220965621e+05
1.356355999048092635e+05
7.322031405688104860e+04
7.408602467104842653e+05
3.355402317180862883e+05
3.341955468734502792e+05
9.629921150465038372e+05
9.808291156452678842e+04
4.459934657044477062e+05
3.592354463808092987e+05
1.998936039276270021e+05
1.298922268336361012e+05
1.093006703556367574e+05
4.294502823063520191e+04
3.505125369567271555e+05
4.764321270156922401e+05
3.799818073166105896e+05
5.274463382811259944e+05
1.981549565061338653e+05
6.571562299806169176e+04
5.102077555707512511e+04
1.051873910289583029e+06
1.390204733181099640e+06
3.518148094675489119e+05
7.213646094793613302e+05
1.654191273523186974e+05
1.721585227372640802e+05
3.310896864612516365e+05
1.353911328124308260e+06
1.913014589570641692e+05
6.707525416771230521e+05
8.058143895094771869e+05
1.878268340236515040e+06
1.393550964371306181e+05
5.908899885364725487e+05
4.269709872002507327e+05
9.108569873576118844e+05
7.686911659498666995e+04
1.332112262533783214e+06
3.658023931315942900e+05
1.585911496895578166e+05
4.651837249650968006e+05
1.446972100979192415e+06
1.705839710329220688e+05
7.221224861179498475e+02
2.828863666741888737e+05
2.814878375220646267e+05
3.101389025378614315e+04
8.126976595404890832e+05
1.090290403144671291e+05
2.872997728580258627e+04
1.691768400409824098e+05
3.826265070661114296e+05
1.595150027620774228e+06
2.366691743191723363e+05
1.574117433286139567e+05
2.044127790018449305e+05
5.238815043352524663e+04
5.107886217054945882e+04
2.509989042938960716e+06
8.387627659446485341e+05
7.686466987491394393e+05
2.463443889382342459e+05
5.380827370446192799e+05
1.195246402174863761e+05
3.709725712756894063e+05
6.918038302415495855e+04
9.112386322072357871e+05
1.041105005827649613e+06
2.011976380864627208e+04
2.563097684856241394e+05
2.503256268835384399e+06
1.563502565546520986e+06
1.835159545210295473e+05
7.299722795128878206e+05
1.152756956877459015e+05
2.121436256654406607e+05
2.264689688174404364e+04
6.710660956809944764e+04
2.741675541528793401e+05
7.950529671995880781e+05
9.155564432602100715e+04
2.583346988635588787e+05
3.025207941182893410e+04
7.499384686870028963e+04
7.582678152784373378e+05
8.156371585203746799e+05
1.340779620279317896e+05
5.839297656357940286e+05
1.349190406078970409e+05
9.101204036102709360e+05
4.177563688357231440e+05
2.810696078898304258e+05
1.639852677739902167e+06
6.749654005243919091e+05
1.698288345244903583e+06
7.075551472702044994e+05
2.054312890122972196e+06
1.979442286016645667e+05
1.753006051627253764e+05
1.307565285975800798e+05
4.678600611089419108e+05
6.128988936994252435e+04
1.745980876811186026e+05
2.425193545902589103e+05
3.290865992054985254e+05
4.726213890976773109e+05
2.435266271552055608e+06
5.493281898897791980e+05
1.233615147098902147e+06
1.788580603069307748e+06
4.353335410479704151e+05
8.119646648623262299e+05
5.240611342958748573e+05
1.341578115276221943e+05
1.256242609196903883e+06
3.607528971266357694e+05
2.022106206554846140e+06
1.086828380596934439e+05
1.673419837295751320e+06
4.760891039333878085e+06
1.465336289915039379e+05
4.849390594149550889e+05
1.132496267332481453e+06
5.925744667411735281e+05
1.307648800394841237e+06
3.094137453724137740e+05
4.952838690510357264e+05
1.178098807233363856e+06
2.368841808460989268e+05
5.679667531145432731e+05
7.830445490937076975e+05
3.134048672476309730e+04
1.365459244971587032e+05
1.612063263860631560e+05
2.920506776548374910e+05
5.849210199801698764e+04
9.094373436523887794e+05
8.138833283175253309e+05
1.124204878277918760e+05
5.806785035615948727e+05
9.396727120372351492e+05
1.585274417118752608e+05
1.157145984248040913e+05
3.066960697088747402e+05
1.903271997513189272e+05
3.373776959445886314e+05
1.124709695980488090e+06
8.463924494217942993e+04
1.289929702686803066e+05
8.776954316064848099e+05
1.448775659168140031e+06
3.960478536899759783e+05
9.217345463149877032e+05
6.041337036573319929e+05
5.652195446901222458e+05
1.301601646696381504e+06
2.037199306321225362e+06
2.244523418987862533e+05
3.708935095611029537e+05
6.007790422449243488e+04
1.662761167660586070e+06
3.107297968502626754e+05
2.518846974118124053e+05
4.749666481172751519e+05
6.241225535134306847e+04
3.599831753744347370e+05
2.443119050520477176e+05
4.165175453580825124e+05
3.465145234648526530e+05
2.778026433388734586e+05
1.252669862390567432e+05
5.036870100296397577e+05
1.067512954204672678e+04
7.022050813096389174e+04
7.549756458716884663e+04
2.514306138161072158e+05
1.670873669729474932e+05
2.685157681107556564e+05
3.432828359505638946e+05
1.870710938738563709e+04
1.482634696641975781e+06
2.884749647406770382e+05
7.492761871284640802e+04
1.590479048485092353e+05
1.253257417279783404e+06
4.340347851819002972e+04
9.708179812384283869e+05
1.223559182514705899e+05
8.947780914108720608e+05
5.641902509603506187e+05
2.393736131654812780e+05
7.798331313157650875e+05
1.933592794641683286e+05
2.290029417528078193e+05
4.158038700679933390e+04
3.592318289852391899e+04
2.573369520947230048e+05
1.769469588460284576e+05
2.403723112293984450e+05
3.752563262831699685e+05
1.196827659842742374e+06
1.597858185424929543e+05
6.325211017335233046e+05
1.437134804454034893e+05
5.461756484536180506e+05
4.091730666525940760e+05
5.061292401095299865e+05
7.601123354538391577e+05
5.193510475025802152e+05
5.821575403423660900e+05
1.250311617284997366e+06
2.634458714030382107e+05
1.399120447374263545e+06
8.371067420576560544e+05
2.947791532123932848e+05
4.561044543754655169e+05
5.495044252051009098e+05
1.913362604536573170e+06
8.771122558073457330e+05
2.081846326077806880e+05
1.435327042014430044e+05
2.329488505483793560e+05
1.780664261538681341e+06
6.873235729767013108e+05
1.035748585234582075e+06
2.348907199164982419e+06
6.926354810732009355e+05
7.230224813163772924e+05
3.631011685476391576e+05
8.393563266807708715e+04
6.201752446912829764e+05
1.679781708502660913e+05
6.250839094452590216e+05
4.354378427793786395e+05
1.465008346684110293e+05
1.949483590818217781e+05
2.999715966591234319e+06
8.930417550042094663e+05
2.387538601287683414e+05
1.924830713958280976e+05
2.966682837166995159e+05
1.387694912525052205e+06
3.957529290054305457e+05
5.373784184816274792e+05
1.913982163726488361e+05
7.041494423311691498e+05
1.209404467944891192e+06
3.696627013857626007e+05
4.988109391600902309e+05
2.835063046748749912e+05
1.245001686640021857e+06
5.218216543966433965e+05
3.348175536112462869e+05
7.369427755565049592e+05
1.279078431269586086e+06
2.859223647689968348e+05
1.800723402213339286e+05
1.690727994415863068e+05
5.581128594089597027e+04
8.004513978365133516e+04
5.455438820985131897e+05
2.092923285899503389e+05
2.282551938362354995e+05
9.727871785438238876e+05
1.133763577205587208e+05
1.392339805188081926e+06
4.065457011223231093e+05
8.167176893301887903e+05
4.743615654823789373e+06
1.115979970599050634e+06
7.739314970146692940e+04
4.741270681638956885e+05
9.273356105316623143e+03
4.575209207412377582e+05
9.210409091987333959e+05
2.006155455836283509e+06
5.911489626019488787e+05
3.576182948838180164e+04
4.418947229881744715e+05
2.961853614662751788e+05
3.065202173187221633e+05
8.326528720668675378e+05
1.297906317105850758e+05
7.521869792180951918e+05
9.071859491847539321e+05
3.143758101342420559e+05
2.550443028697163099e+05
1.282454280105914077e+05
2.485122487903279543e+05
2.000965434735744726e+06
5.171143522992158250e+04
1.751167542124230240e+05
1.558886725845411886e+06
4.148340289027106483e+05
3.029286695134947513e+04
2.783902869170858758e+05
1.645954242022008984e+05
6.463394959218540462e+05
2.097919150574351079e+05
8.194733184646876762e+05
2.469210808932553045e+05
2.087087422940703400e+05
1.243644449753211229e+05
1.140496956624724669e+06
8.642848625066225650e+05
7.765428871284246270e+04
3.796908492990503437e+05
1.018055168950620719e+05
1.194493969699790468e+05
9.695734779897759436e+05
7.705649708645540522e+04
4.387498846453069127e+05
6.690011612951146672e+05
3.023792186480485252e+05
1.072556626638919988e+05
2.998235541760944179e+05
1.060651443276795326e+05
4.835733322763514007e+05
1.663195856987476815e+06
2.848816144243482966e+06
1.619744461219347068e+04
2.286175912018917152e+05
1.282794277289813763e+05
8.166210611396885943e+05
6.325771882901870413e+04
1.423581440122965432e+05
8.748300556326680817e+05
5.212868393650693470e+05
5.105366759567466797e+05
4.349995099525159458e+05
1.016043512247873150e+05
5.933935054206260247e+04
3.949015131156942225e+05
2.032184561046563322e+05
9.770149852692203422e+04
8.012051323342111427e+05
1.017303751160028274e+06
1.914278873504329938e+06
2.200397004293616861e+06
4.464973120366110234e+05
2.984352782319092657e+05
5.517582148762828438e+05
1.001244298032580176e+06
4.652084204547692789e+05
2.096707153807771974e+05
1.212629891196819721e+06
7.653398566733984626e+04
2.622488892873882316e+06
3.209358332972692006e+04
2.419819648002422415e+06
2.795729201256203814e+05
1.665339255290325964e+05
5.736871410494103329e+05
5.055800139881091309e+04
7.597184849805531558e+05
9.011074313799638767e+05
1.307557846870407695e+06
9.142250082122980384e+05
2.998737735176910646e+05
1.454857136459364847e+05
2.469759966713245667e+05
7.062886967862134334e+05
1.579634170838240534e+05
3.295581713993854355e+05
2.003845647221367399e+05
2.429461813560273004e+04
6.975312477629831992e+05
6.887428179156787519e+04
1.083676528999083675e+05
6.268257218365482913e+03
1.544469651387979975e+05
2.838429538886540686e+05
1.193378927518944489e+06
4.716824595572754042e+05
4.859937187475257670e+05
6.983577098112537351e+04
1.996414112827302597e+05
2.570219219096105953e+05
7.589093975681349402e+05
2.512538106083668827e+05
3.305322880063296179e+05
2.778858732422833331e+06
2.814157336630261852e+05
3.234460386873820680e+05
1.450652625593492703e+05
4.662521673448992806e+04
4.419307881821948104e+05
1.139050344529272290e+06
2.611293805498740403e+04
2.534181945834659040e+06
2.086732960038658348e+05
1.287258263344442094e+05
2.723885008968697512e+05
1.651147378883946221e+06
3.186278346951114945e+05
4.896610822200521943e+05
1.067352442845513142e+05
2.050580503581657831e+05
2.939748786068977322e+06
2.466030426060423488e+05
1.113745237529611681e+06
4.748697012344828545e+04
4.089517748793621431e+05
1.935746938143813459e+05
2.692955764766072389e+05
1.384997252883622423e+05
3.097696871654755669e+05
1.226481077993485815e+05
1.319481974502525292e+06
2.626658424234244158e+05
3.968453092816530261e+05
1.386057056460299063e+05
2.846960526183751062e+05
1.673307864802078402e+05
9.374053142997815739e+05
1.100181025011256803e+06
6.263384924841334578e+05
1.244202936874157313e+05
1.802175582929453230e+05
1.686469936873563565e+05
1.380052959068701020e+05
1.939437081511247205e+06
8.080597030387466657e+04
3.027256781992743490e+05
2.286852256714435644e+05
1.920568815119054052e+05
6.972792965776800702e+04
1.629563284897846752e+05
5.647267548003541742e+04
1.400171171726059692e+05
3.964879857123054098e+05
1.630027543250967865e+05
3.238488155995603302e+05
3.633068588317255490e+04
8.438931533028562553e+05
8.301857621506220312e+04
3.866212976747740759e+05
1.443005164083995915e+05
1.339484055334582925e+06
6.593750308332500572e+04
1.030614251472470351e+05
1.623470666360841424e+05
1.700430774036965158e+05
1.624832882918982301e+06
4.230316457598605775e+05
3.705445406272323453e+05
1.025992094569615088e+06
9.233326439139525173e+05
9.363858024420263246e+04
1.917032430206821300e+05
2.375115211979593732e+05
3.153909328255961649e+06
1.208091186303449562e+06
4.789268563146865927e+05
1.786867796644227637e+05
1.815327326139265497e+05
5.678151588541591773e+05
8.893833827089830302e+05
2.140179580069558870e+05
1.381485938571670267e+05
1.278758358125931816e+06
3.192231001430056058e+05
3.746347836219383171e+05
5.370899481555711245e+05
2.759339088428366449e+04
1.801561843659408332e+05
1.867961812219013518e+05
1.413545505625310179e+05
4.303244376768881921e+05
2.355172183635179244e+05
1.988904704796056903e+05
2.429904181262101338e+05
5.432752166465127375e+05
9.901352732606304926e+04
2.436312239593486083e+04
9.944358547282151994e+04
1.249187220471248962e+06
7.362995352342501283e+05
2.807529665096277677e+04
1.557017251826219435e+05
1.984531665775472939e+05
1.507373565351254074e+05
1.710076442007007543e+06
3.428931482599212322e+05
3.044191829685315024e+05
3.957185690619951580e+06
1.007881635016819579e+06
4.690871270107419696e+04
2.858648710040744045e+05
1.178656029464342864e+05
1.272586886868484435e+05
3.198305012452165131e+06
8.496606217590332380e+04
1.097819255332164932e+06
2.436695636546048627e+04
3.011164195946255932e+05
1.123820038462616736e+06
3.329311914754973259e+05
5.847737607192379655e+05
1.662442699107040185e+06
1.218260710407356382e+05
9.245468630917005939e+05
1.696113436752426205e+06
4.709852534445598722e+05
4.089897287130974000e+05
4.116880225544454152e+04
4.593348006961738574e+05
5.256671331480967347e+05
1.540724760975139798e+05
1.539036715164495399e+05
3.167452807147392537e+06
1.662176696461258398e+05
2.020410182250639889e+06
2.209259992340723693e+05
1.892784688612940663e+05
2.822813741813378292e+05
6.324483040070807328e+05
3.390314576882201072e+04
7.893731781905463431e+05
2.256533729885024484e+06
1.298172551596773992e+05
2.590395338874559384e+05
3.626513177259138902e+05
6.895441008194575261e+04
2.030007948753935343e+05
4.521381070464042714e+05
3.534892729322739178e+05
8.647722845810248982e+05
5.739013796467679786e+05
5.573958962866500224e+04
6.269840840805575717e+05
7.846407767805697222e+04
4.498552336736666621e+05
1.202156895087316370e+05
1.834432626807460038e+05
6.416987621556767408e+04
3.644598583444522694e+06
5.051291283121315064e+05
1.414960716590197291e+06
8.427856946968714474e+05
9.826276620930411154e+05
4.337572425660103909e+05
6.200777636367124505e+05
4.720511914815196651e+05
1.454294746318999678e+05
6.151028084571786458e+05
2.989197984979712055e+05
3.402788134666788392e+05
1.058174629715987947e+06
1.811835456012643408e+05
4.422366088981490582e+06
7.917511738189870957e+05
5.717422435410792241e+05
6.814425812742117560e+05
8.226329624058436602e+05
3.328171244013058604e+05
7.392512426825049333e+05
6.858436264223946491e+05
3.535075618315893807e+05
1.870584618606568838e+05
1.023521442068417789e+06
2.842624416772548575e+05
2.747660083087820676e+05
5.399435773572485232e+03
6.843386721794804907e+04
2.521322770859432407e+06
4.664048592304613558e+05
2.893112454446298943e+04
3.079395466189304134e+05
1.161896026981226867e+06
6.761312084067622200e+05
5.664399438877273496e+04
2.775008453990444075e+06
3.198551133536729612e+05
2.149242624927606957e+05
1.896480020952017221e+05
2.682223351442425628e+05
8.260278316709502542e+04
2.702421345977348974e+05
4.835198170637273579e+05
3.979243853394518956e+05
1.836229705834907363e+05
2.740043727480611415e+05
6.184567842060235562e+05
4.767403368225658778e+05
3.578712995811743895e+05
2.509806406304698612e+05
2.145952974439051468e+05
2.032667364086137095e+05
2.236663584028617479e+05
1.688989056858934346e+05
6.515011208974869223e+05
1.411554967359613627e+06
3.090969754138174467e+05
1.295853934858436463e+06
2.227024979411328211e+06
3.123532544906951371e+05
4.652414616429076414e+05
7.697381795370465843e+05
1.304717293454942555e+05
3.154433100222159992e+05
2.536781115351354820e+05
1.030859794089208481e+04
1.762901896597858868e+05
2.602340287848202570e+05
5.909290602559744148e+05
9.654485048186040949e+05
1.001774350929213804e+06
2.566858448244046886e+06
1.538992068001257721e+06
1.021963374573300971e+05
9.185780378905942198e+05
2.369765801291832759e+05
1.475922290036755148e+05
1.171047015300185594e+05
8.994274917167504318e+05
3.347421894644127460e+05
8.323049491691824514e+05
2.079817451384484593e+05
5.441479270656786393e+05
1.642459833619899873e+05
4.011386429285341292e+05
8.543239026017591823e+05
1.576619161438032461e+05
2.949985333332904847e+05
1.834580533034046530e+05
2.066980532168656646e+05
3.745906739174821414e+05
6.987619812228687806e+05
4.299116506300644251e+05
5.892625260426303612e+03
3.235521258036267682e+04
6.409624258670863928e+05
1.801380052377637548e+04
2.224139244904328370e+05
1.303031754182850011e+06
1.236330615504396555e+05
1.912016878093317500e+05
2.190844323153492878e+05
1.128569458833279350e+05
1.523039018313346198e+06
2.500956505283594015e+05
2.210918393735448772e+05
3.113692771527439472e+05
1.002557240578506608e+05
9.112191655492907739e+04
6.466478436284998897e+05
2.398286491376454651e+05
5.671789678396573290e+05
2.887566988892700057e+06
1.473306800078958739e+06
2.222627830867048469e+05
4.150294983113055932e+05
8.315649084151647985e+05
1.578149497895708191e+05
2.360927012683459034e+05
1.362858585929638939e+05
6.050360643679522909e+05
1.483407022697902750e+06
4.241361571379970992e+05
1.093799815448347799e+05
1.660156959491278743e+06
9.131541943778602872e+05
4.312790262974383077e+05
2.984072556889670668e+05
5.042137169416997931e+05
3.192506914020698750e+05
1.039860798473405186e+06
8.965744599652370671e+05
2.467257573797801451e+05
1.696055752722208155e+06
2.376700439061615616e+06
4.901710084435507888e+05
5.210326648841566639e+05
6.387546829677596688e+05
1.255564359494756354e+05
1.265273001277807867e+06
3.613131503202008083e+06
1.510988202572049049e+05
3.857166803605011082e+05
1.221241800748342182e+06
2.682805162364199292e+06
3.805079223833552096e+05
1.660580797054218710e+05
4.460028610884762602e+05
4.990936530445905519e+05
1.402781179230707930e+05
2.101451368669886433e+05
2.336931252448895539e+05
4.488788951180622098e+05
4.754908307183629950e+04
1.300545499248278211e+05
8.374566839377993019e+05
4.229589406197441858e+05
3.545839109008710366e+05
3.361305031823061872e+05
6.554821894334298559e+05
1.268701657962641184e+05
1.478750483105822350e+05
4.085566019325401867e+05
2.825287420156271546e+05
2.725052450313197915e+05
4.081684410046191770e+05
3.672922147501261788e+05
2.404884045010851230e+06
7.822087656813446665e+04
1.501505586466045352e+05
6.555646830909651180e+04
3.839320582647072733e+05
5.463444245522967540e+05
1.679509219141056237e+05
5.139416603165870038e+04
1.622438099298518209e+05
2.613530388025247084e+05
1.913793113148713019e+06
4.022267309400674421e+06
1.076049862752356334e+06
3.063880917826200020e+05
1.266842540009551682e+06
1.648304195230266778e+06
5.278557614229613682e+05
1.398907541593734641e+05
8.204881582094348269e+05
4.991951249531552312e+05
9.801938449445081642e+04
1.170057540498638700e+05
3.293738615422263683e+04
1.898033875304214889e+06
5.552337120048962533e+05
5.396049607697577449e+05
8.304487421608897857e+05
8.779532482295049704e+04
5.649919355652891682e+04
1.828265109218550206e+05
1.404528547264282533e+05
3.827447577273528441e+05
1.529989941330993781e+06
4.074908988885054132e+05
7.044907652328566473e+04
2.325925073062405572e+05
2.938932937929585110e+06
6.586377527327004354e+05
1.182062312818130106e+07
2.681005378257132252e+05
4.308867621335561853e+05
4.715636738701558206e+05
1.631828569317414076e+05
1.169544283213990711e+05
3.708965323089195299e+05
1.643839148131871596e+06
8.004154108933266252e+04
4.709508746184223564e+05
2.467119307779977680e+05
1.477339850189709396e+05
1.427841217297877010e+05
7.548136673488990346e+04
9.218433138421823969e+05
1.739280352907738998e+05
3.825246389259482385e+05
3.722246431016145507e+05
9.110230990440616151e+05
6.256020398294836923e+04
9.480946811878049630e+04
1.138544022131107980e+06
4.674848346534326993e+04
3.447651698638084345e+05
3.177981655189495068e+05
3.137043846542768297e+05
9.555218969488082221e+05
5.646049445792591199e+06
8.063302988831443945e+05
2.951142845494860085e+05
7.479713497822238132e+05
5.867900821992631536e+05
1.579400351825146645e+05
3.076610844706657808e+05
1.524956888964272512e+05
6.220525198154030368e+05
2.781194007116017165e+05
9.012283668326215411e+04
3.288392170263269218e+05
1.392934733194915811e+06
8.827213332953926874e+04
2.765625613813743694e+05
2.985721952418299625e+05
3.822320784683686798e+05
5.387927310159641638e+04
1.713870545402159623e+05
4.282455445579568623e+05
8.106395336759595375e+04
1.944805421813131252e+05
1.819435938538902556e+05
9.603371050965320319e+04
3.293074235998069053e+05
1.078418561904274859e+06
1.303829017366090993e+05
1.178145642961918842e+06
1.289809798498594610e+05
3.999890185248939088e+05
2.138723172358272714e+05
1.567565850183208473e+06
2.085214401818046754e+05
2.269179107924346172e+05
1.010455852552005381e+05
1.629732680403145496e+05
8.608796782610097434e+05
2.499300368540796917e+05
1.323181736300294288e+05
5.012678431951181847e+05
1.028986739129472262e+05
2.242107558478384453e+05
1.494311334352718666e+06
4.829965551197052118e+05
9.941389385956709157e+04
3.682148665423280327e+05
8.519753682425612351e+04
7.083617802052405896e+05
2.843242444421079708e+05
6.198536254646640737e+05
2.176020115946399746e+05
4.812123585331703362e+04
1.653070964265930234e+05
6.744790739558605710e+05
4.526749162270318629e+04
4.078256546116552199e+05
3.065325565722162137e+05
3.765401710525640374e+04
2.497052496283428336e+05
1.771434718259837828e+05
3.133469363879198791e+05
2.613323678385900857e+05
5.481491585206803866e+05
1.911121334506375424e+05
8.685167556598271476e+05
1.641022953775207861e+05
3.171706803783769719e+05
1.610368074405347696e+06
4.566310107116787112e+05
3.653640888035846001e+04
1.799346241805713216e+05
4.774091674378732569e+05
6.361289038872572128e+05
1.902319820228438475e+05
6.536908857584201032e+05
6.616598567385273054e+05
1.405225253582804289e+05
2.613445851971017546e+05
5.050166380405427772e+05
2.804441861032433808e+05
4.543389460546635091e+05
8.494102410753230797e+05
3.677667344818275888e+05
6.208579927455015713e+05
3.002729704385136138e+05
3.106219452640405507e+05
7.638461152068738011e+04
2.100535662444570626e+05
2.548915258025025250e+05
6.141048407878448779e+04
6.336454245164492168e+05
6.321942900411679875e+04
2.995108509712279192e+05
8.233270730555932096e+04
4.291868066587527283e+05
2.965767843857271364e+05
2.758202478240132914e+05
2.702876911898011167e+04
2.465557523549392354e+05
6.353449589373163180e+05
4.463923178471991559e+05
1.202942451374815078e+06
8.368490888277316117e+04
1.176898735597202089e+06
3.520211281591041945e+06
7.509424054214574862e+05
3.789630042462104466e+05
4.035638181578355725e+05
3.540556806731106481e+05
1.940204798697828955e+05
6.184126660271550645e+04
7.298539405371771427e+05
4.254012587005706155e+05
6.619687417460037977e+04
5.739615056145852577e+04
8.431326430187108926e+05
1.649001320983206097e+04
1.349626191184361931e+06
3.773646294754137634e+05
4.168738358399292920e+05
1.259963927235736046e+05
8.062962556820485042e+04
6.900732004970019916e+05
1.390955162810604088e+06
2.376647833424794022e+06
2.234909777139838479e+04
1.641392513330591901e+05
2.568242928402124671e+05
1.329196328677192505e+05
7.560846156981615350e+05
4.052209285459855455e+05
2.086990115156939719e+05
2.199869809840351809e+06
1.884587033163199201e+06
1.575687741679340834e+05
8.397106512863569660e+05
1.081275217758175277e+05
1.153499556550088164e+05
4.619161890420369455e+05
9.584071320464950986e+04
1.483958391079453286e+06
1.712743084453681484e+06
6.846829988253036281e+05
8.540484628271968104e+05
7.581735550523341226e+04
2.671450086302575655e+05
7.280020393810425885e+05
1.321996392145964084e+06
3.594256271554084960e+05
1.337618627671480412e+06
2.385207236774922640e+05
6.732240576447205967e+04
1.678065878622885328e+06
4.988571985178679461e+05
3.831533669573877705e+05
4.362672356937049772e+05
2.836746585912610753e+05
6.388132995799392229e+05
1.001676458829540643e+05
6.086240399579876103e+05
1.561952273266202246e+05
5.328443480431054486e+05
3.825455115126989549e+05
1.417267876404558541e+06
2.378057301944637438e+05
8.151166496561467648e+04
5.469846498829758493e+05
4.984626776627449435e+05
1.663517297401231946e+06
2.550113518428893585e+05
1.484707260807452025e+06
9.091056212282835986e+03
4.182168396905753616e+04
2.658592685027761618e+05
2.467617444040875882e+06
4.387322973363480414e+05
7.124668115781341912e+05
6.268864639210856985e+05
1.974190438999271428e+05
2.900147853366361232e+05
3.369110102670267224e+05
7.972763336078415159e+04
3.519534612752271350e+05
2.872409120324703981e+05
6.051199811340990709e+05
2.763324057131627342e+05
6.862012565098413324e+04
6.262636332309216959e+04
4.065980417850628146e+05
2.661814542091152980e+05
4.594125520741157379e+04
1.409265029840914300e+06
1.433381635843748227e+05
1.327072274364638841e+06
2.987554648064139183e+05
1.812061423478117649e+04
2.844165083270396106e+06
4.471368031579052913e+05
1.860822789088355785e+05
7.400995136981218820e+04
3.846079394838783192e+05
1.648693175848908504e+04
6.163861604408785934e+05
3.188213552139990963e+06
1.950681330220222939e+06
9.425449315903895767e+05
4.544853398992957227e+04
7.344683129588852171e+05
3.167706218166653998e+05
8.057092754788786988e+04
1.365400881543388125e+06
3.630576526602875092e+05
9.439006632909178734e+04
5.779467778876952361e+05
1.205056305291721364e+05
5.278587866029381985e+05
2.568022656449959613e+05
7.193135684647268499e+04
2.299084016246606479e+05
2.332139629955182900e+05
4.390634079861890059e+05
1.381739049195993925e+06
5.173089799936026102e+05
4.733935228291456006e+05
2.287231685545944201e+05
6.501113488842226798e+05
1.030431727389209904e+06
1.341123356325531204e+05
2.120536325401179784e+05
6.596450942289351588e+03
1.021459204054643924e+05
1.595293558913477755e+05
5.660018940885707270e+05
5.743433375054979842e+04
2.417519475085075828e+05
1.429819567957698891e+05
9.692949268751714844e+05
2.374617664259635378e+06
3.929207855771650793e+05
6.829169138730487321e+05
2.027749040909800096e+05
3.035540664645523648e+05
6.108932943797009648e+04
8.370290119430802297e+05
6.124641510430627386e+04
2.094917099031003600e+05
3.136011873382422345e+04
4.581110041911173612e+05
1.260989286198166665e+05
4.155314052129047341e+05
1.380133438154884789e+05
1.299019286371570488e+05
1.557535146940961946e+06
1.372948758264700416e+06
1.321087098000748665e+05
1.277622979290048825e+06
6.022954037983703427e+06
3.837891445777826593e+05
1.001104841390909860e+06
2.258485120245756116e+06
2.272691132800013584e+05
3.133975211553872796e+05
2.476973265410088061e+05
1.297433614431143505e+05
5.238371914400266251e+05
6.768530339271265257e+04
5.269704791786717251e+05
8.395320378658288391e+05
2.469257931437253865e+04
2.274267793399751827e+05
2.030845486978274421e+05
8.562036650142723229e+05
1.270820318111537024e+06
2.526113622134353209e+05
6.602388681065974524e+05
8.559988633790608728e+05
7.675826106309850002e+04
2.079809337037433215e+04
1.089903945190177910e+04
1.205908318378711818e+06
1.075670033269500593e+06
1.957867797802852001e+05
1.638733197848519485e+05
7.641347821253199072e+04
7.623353381927332375e+05
5.650001964897991857e+05
8.256759984454830410e+05
4.571115567453657277e+05
1.817069468030562275e+05
9.482478929038468050e+05
7.407427275163324084e+05
3.200028197606736212e+05
2.541768870273782231e+05
5.899518838516903343e+05
7.108501054173447192e+05
1.413090754732088244e+05
2.562192667060641106e+05
3.247452137579015922e+06
7.720784037745464593e+04
2.071001426407841209e+05
4.725300618948767078e+05
8.612536706499939319e+05
9.771574730762653053e+05
1.540164126393908868e+06
8.158960231601943087e+04
4.735789188758156379e+05
3.463819847042873735e+05
3.902724558928290935e+04
2.191443515907324327e+05
2.137869195890636474e+05
4.873983522879559314e+04
5.120264325690965052e+05
6.389192481181103503e+05
4.425507146769952669e+04
4.984744971429602592e+05
5.328788492381083779e+04
8.856898971772048390e+04
2.074802889249675500e+05
1.777119275407077512e+05
3.469175708692612243e+05
3.070910134665746009e+05
9.496884429668152006e+04
9.702014383623373578e+04
5.729663338475298951e+04
2.971712006617316976e+06
1.627081358242659771e+05
4.114358500046412810e+05
6.784498940111959819e+05
8.126206538498743903e+05
6.910435635449601104e+05
4.963064935654264409e+05
1.757110636539339030e+05
7.009954290163208498e+05
9.126507314420908224e+05
3.277282725932820234e+06
2.643890697383981897e+05
5.417457614509170526e+04
2.160942488629160507e+05
1.332662911339700513e+05
3.572660757169512799e+05
8.059072836716168094e+05
3.933338776957692462e+05
8.583333597392268712e+05
1.468402812240532076e+05
1.195421660963766626e+05
2.874725177206730004e+05
2.638757272708273376e+05
1.004051191870680894e+06
9.539631220571560334e+03
1.160083004336873302e+06
2.274180431887045852e+05
5.399291039745365269e+05
7.601636825442922418e+04
1.006111123840870860e+05
1.913951842055524467e+05
1.133584618847119273e+05
3.073628069942496251e+06
5.312874499180548810e+03
7.593514168937962968e+05
1.606604790624923480e+05
1.556706027289389400e+06
7.823391019809985301e+04
4.732103604474295280e+05
2.237416077997713350e+06
1.577589670417204034e+05
1.084125571579873096e+06
1.791834994686545979e+05
5.810278753053307300e+05
4.390758168815509416e+05
3.585900605768599198e+05
1.063220054316619178e+06
3.796908284132116009e+06
4.141376082552663283e+05
1.123573773715361953e+06
2.315761660652678402e+05
2.709767483157205279e+05
1.100770560323155805e+05
2.238250916330134030e+06
1.441349500512160594e+05
1.433333780238648178e+06
1.175392368500699959e+05
1.016744237225806224e+06
1.439168810870559246e+05
2.134132499329966377e+05
1.580149671366822731e+05
1.392430640020415594e+05
1.211328992971405823e+05
1.156768038699435303e+06
9.815626520413263643e+04
4.223780868369361269e+05
2.780602116347205592e+05
1.823749760078141408e+05
2.617928051987210056e+05
6.736335478906446369e+05
7.596732395280317869e+05
8.699213759255500045e+05
1.363831750205114949e+05
3.699103951194036636e+05
3.707371790698134573e+05
1.115691617369504675e+05
1.547454169945093745e+05
1.511765403395804169e+05
5.377067000444970472e+04
6.598835713583822362e+05
5.266615003889147192e+05
1.116852641244419152e+06
5.077835115285146458e+04
2.976017935152906575e+05
3.709234848205692833e+04
1.846948715369223850e+06
2.105308311271121202e+05
5.523135664884403013e+03
2.503061552341397910e+05
2.016992780746401986e+05
2.616046270524145104e+06
1.938544718447640480e+05
5.874289703436014861e+03
6.492134700641196105e+04
7.657574659502602299e+04
5.044550015835970407e+05
1.207962167946453847e+05
1.297560282329365582e+05
5.404204626059065959e+03
2.317460300823595317e+05
5.023257324938290403e+05
4.655109154294290929e+05
1.175277399335848168e+05
1.653193498120699951e+05
1.298347603332031576e+05
2.227878576693760697e+05
3.246223832647852832e+05
3.415308531348042889e+05
4.896097451697618817e+05
4.816255344215724035e+05
3.246782882438976667e+05
3.770054585425284313e+04
3.456175125368065783e+05
1.706656230719059240e+05
3.805282701734092552e+05
3.777808256042596186e+05
1.744334351128379058e+05
4.781257507704612217e+05
5.646027860610032221e+05
1.626230329958159127e+05
2.012378838807166612e+05
2.745356784636856537e+04
6.578681923021082766e+05
6.769741690755946911e+04
2.669358054631760460e+05
9.037384028555825353e+04
9.483448511025545304e+04
9.489756512754013238e+04
2.884785606857758830e+05
7.567569140950167784e+05
3.926263321841855650e+05
4.279740437273206771e+05
4.539811970551245031e+04
2.392934676346774504e+05
5.856907336252833484e+05
1.012355084661695058e+06
7.832639058489432791e+05
1.288684882665605837e+05
2.808224136028119829e+05
5.793635571867806138e+05
5.220150528007675894e+04
1.406618788173245033e+06
4.017627951722457656e+05
1.172775525890068238e+05
6.420323625441108597e+05
4.780474950267723761e+05
1.198749726342572598e+06
1.258634561699146725e+05
1.195426341923995933e+05
1.865803623182372830e+05
1.757881814156925539e+05
6.200076260583542753e+05
2.053356003411932616e+05
2.709262069394978462e+05
1.077099394078841899e+06
2.961598882060549804e+05
1.944662439470138168e+06
2.826722881634594523e+05
3.248800535098974360e+05
1.797780777691316325e+05
5.495740969752118690e+05
1.351891218484241050e+06
3.197529921996984049e+05
3.522400976583993062e+06
1.486984087081739679e+06
7.956113844012522895e+04
5.956087148159035132e+04
1.143682597287101526e+05
2.700770539391248603e+05
3.416448186335916398e+05
1.205542211107608637e+04
5.947158141297139227e+05
1.985136919090755400e+05
7.619017511587713379e+05
8.785637056420865702e+04
4.487368090645248885e+05
1.198382961066910531e+06
3.828569300077965017e+05
1.090691100250301097e+05
2.994982071820302517e+05
2.219169062450909405e+05
3.855992392416193034e+05
8.727167946985523449e+05
1.145019791126917116e+06
3.067034793478762731e+05
2.748306030432661646e+05
8.890063213304413948e+05
1.056816448053409113e+06
8.705839791157563741e+04
2.190950881946897716e+05
2.221861078292747843e+05
4.657623764719187166e+05
2.375867784004617424e+05
1.414239226041048532e+06
4.002623457435429445e+05
1.051516986688381992e+06
5.686796396114050876e+05
1.111886384757639753e+05
5.045841919454270392e+05
1.791809856428519415e+05
2.598418068271563970e+05
6.028111771336389938e+05
5.478639731483868090e+05
3.619545144020495936e+05
4.351008755506224697e+05
2.029332334024939453e+06
1.343722410796385375e+05
2.733736197824659757e+05
6.210287241112957709e+05
4.150320463600925286e+05
3.936876080724847270e+05
3.022087478401605040e+05
5.615379916942897398e+04
7.799125513671499211e+05
5.708107740951776505e+05
4.832553267180547700e+05
1.599981447534360923e+05
1.736905256681571773e+05
1.765487271770016814e+05
7.415422970749235537e+04
1.908820240578429657e+05
9.572597286905314832e+04
1.541413158362049144e+05
3.452715552480017650e+05
2.233641303213223291e+05
7.341363310401109629e+04
3.198832960099174525e+05
2.932575891036526809e+04
7.745814246949752560e+05
7.292164853877904534e+04
2.317190989639866457e+05
7.188553782720860327e+05
4.476615436452736321e+04
8.177911299870880321e+05
1.513717798922768561e+05
5.300863986886367202e+05
3.765128980927766534e+05
8.889701627527298406e+05
2.624949825951576349e+05
2.870890982570245396e+05
2.151861480540623888e+05
7.652123137091238750e+05
9.453434373236519750e+05
5.225021071450912859e+05
1.585369800685583614e+05
3.447423452878406970e+05
5.510497941012059891e+04
4.350587397460027714e+05
1.746918942759664496e+05
3.074807526898306096e+05
1.961972592249352601e+05
1.989195472357759718e+05
5.231190899142438429e+05
2.447711817673073674e+05
5.390045219682616153e+04
9.512516692634562787e+04
1.693321377233112871e+05
6.055796935733047576e+04
2.506135390514634491e+05
2.816743217108194367e+05
3.397609695793889463e+06
2.892803567653949722e+05
9.088441177064121002e+05
1.069233390288988827e+06
7.246661801063963212e+05
1.500676886450331949e+05
2.096109287469470873e+05
1.356184386621676676e+05
5.813736973836385878e+05
1.498047120640711219e+05
3.799648686850009835e+05
1.307084886959264753e+06
4.253431182614798890e+05
1.303619485791777697e+05
4.941936065528970794e+05
2.029382067263517063e+06
2.029423900539407972e+06
7.691063554815769021e+04
2.462255059679235565e+05
8.980832734942078823e+05
1.197768053698951262e+05
1.222534117074777372e+06
2.125402289472899574e+05
5.371605663938211510e+05
9.843034817839994503e+04
3.760955037811265211e+05
4.916179781534579233e+05
5.826247659563883208e+05
2.178821744934535527e+05
8.617280354698472656e+05
1.225054979091820132e+05
2.001802313396938844e+05
4.901371423603547155e+05
1.202053542089493567e+05
1.461921027720708516e+05
3.986404104888592265e+05
5.250966893030072970e+04
3.985047793663711636e+05
7.095548123573065095e+04
1.054838988868731249e+05
5.620588049132128799e+04
7.570464740655061905e+04
6.486872066224603914e+05
2.105144836169671325e+05
1.231051573066899087e+06
1.227797515829162876e+05
6.468559425824464997e+05
3.772467597858020454e+05
2.179496226052061655e+06
1.209834836077912623e+05
2.300540124627648620e+05
3.827334062674168963e+05
6.378447864883645670e+05
1.343587092123448383e+06
2.007421541031991947e+05
1.896177098720337963e+06
1.822150603965593735e+06
5.462193270910370629e+05
4.067413647845804808e+05
1.721459558564076142e+05
3.026999367981064133e+06
4.378583097162992926e+05
8.302118514691938180e+05
3.121139067934066406e+05
1.331400822128565982e+06
9.638924791848125169e+05
3.152371629858077504e+05
1.891309996155814442e+05
1.193021013905868633e+06
4.417804278811287368e+05
6.861628701987984823e+05
3.779719486827328219e+05
5.231387893236739183e+04
1.343242147520749422e+05
3.383583816179124406e+05
1.615839058042582765e+05
1.137900176525097108e+06
2.649331771849682991e+04
2.732361216748378938e+05
1.927222203748623433e+05
5.893377034555512946e+05
1.285153511412266380e+05
3.807800719390429440e+05
4.843295641692440840e+05
1.717142270593268331e+06
1.121036727625315252e+05
6.607540027997519355e+05
3.165993588740471168e+05
1.481926350483078277e+05
6.643202544421950588e+05
2.076135023059892119e+05
6.759791365301146288e+04
3.078100972752727102e+05
1.531066271955254488e+06
4.546684962444217526e+05
2.260388270007581159e+05
1.906348441798632848e+04
6.519241640394405840e+04
1.743803849637046806e+05
4.494979344577823649e+05
7.338166905082353391e+06
1.410559311419002770e+05
1.102362987056537531e+06
1.709826888072309375e+05
5.768122025183845835e+04
1.091800406945402268e+06
7.954333716614004516e+04
8.907281237563101968e+03
1.070065670957040740e+06
1.762279252149587555e+05
1.608173516944607836e+05
7.764143926175527740e+05
1.746134058474052872e+05
1.266318266687551077e+05
4.707573581895844545e+05
1.039693494351261324e+05
1.937585267559210304e+06
6.778944675802584970e+05
1.873395726904002368e+05
6.410436250219323119e+04
6.572034387045801850e+05
4.978338458006925066e+05
6.936934589833146892e+05
5.837181569276141818e+04
1.046354741052911966e+06
4.332718911558748914e+03
6.612115107278554933e+04
5.268106597278569825e+05
3.046378303924539359e+05
4.224644879914447083e+05
7.223730762657262385e+05
5.059976957605450880e+05
1.192329682833352999e+05
2.204516887542557437e+06
1.376325647552589653e+05
1.321971749877770199e+05
1.152553403296350036e+06
9.030208142359057674e+05
1.094556395966169890e+06
2.221730476495299488e+06
3.706068847706856905e+05
1.185714066341133293e+05
7.338430006516600261e+05
4.336216285027614504e+04
2.286327781537152187e+05
1.471307595569383702e+05
1.155103452315799892e+06
6.147478635464691324e+05
4.559987930332638207e+05
2.286815469286213338e+05
1.908452927372042323e+06
2.581538436823101249e+06
9.177489047029741050e+04
6.470167992213484831e+05
4.220018513195702690e+05
4.866309509196803556e+05
2.991919274752546698e+04
1.658539430551930564e+05
2.440258904266306781e+05
1.513455228700769367e+05
1.568760918687228695e+05
2.398277628619335010e+05
4.696121178773391875e+04
3.849372378165776900e+04
2.610390754718849785e+05
2.424500239421542210e+05
1.101685035197316465e+05
7.774998760432878044e+04
7.637848138605821878e+05
1.749519645306323364e+05
3.895325072647671914e+05
5.774109962671228459e+03
1.137322596203471039e+05
4.251204922622762970e+05
1.280577096776543913e+05
9.752270986093500687e+04
9.594036432635061210e+05
7.051524041807945468e+04
1.551316639527601656e+06
6.884356461308230646e+05
3.433908419443813618e+05
1.090954078817439877e+05
7.593298939849247690e+05
1.055812665401944891e+06
2.653272681461026659e+05
2.978577127161571989e+05
2.505205336043503485e+04
1.248025921373288613e+06
3.598205635232944624e+05
2.205580611709454097e+05
2.927212995045264252e+05
3.136038171181529178e+05
5.692464294869039441e+05
2.672722819410093944e+05
6.085645537581695244e+05
5.406217511154208332e+05
9.882371877168388164e+04
4.956860705480556935e+05
1.149547738762693771e+05
1.812993632428715937e+05
6.444901743828855688e+05
8.064963226865186880e+04
2.140324619428974693e+05
1.757647124766891357e+05
2.295527866091738455e+06
4.342532896839563036e+05
2.257677055875335354e+06
3.951489213040223811e+06
1.123577971601858968e+06
4.292666525988360518e+05
3.257275549624719133e+04
9.362402767646803986e+05
7.026983462727088481e+05
7.004377968117087148e+05
1.568817002934733639e+06
4.541799761978547322e+05
1.931375641454573488e+05
3.290077916099217255e+05
2.535018888109980035e+05
5.766965118084899150e+05
8.707744475406446145e+04
8.340994721123774070e+03
5.611035457147849957e+05
1.372564515515614185e+05
3.938530892903176718e+05
3.630531975938504911e+05
6.554287008376272570e+04
5.165472503051782027e+06
2.670070290670390241e+06
2.567464707924532704e+05
5.704255616826298647e+05
6.817891797496163053e+05
8.454799980633963423e+04
5.435205701385955326e+05
3.640588180131887086e+06
8.412483565925684525e+04
4.440022678317736136e+05
1.406548654686023947e+05
4.788171096576328273e+04
3.862728847993853036e+06
3.248255571865280581e+04
4.916227601481856545e+05
7.129091313074976206e+05
1.743068698789013550e+06
1.323321877383720421e+05
5.802059230306475365e+04
1.075387069188127498e+05
7.730587419751926791e+04
4.017918972571038175e+05
5.355957871232158504e+05
8.538320103564216697e+04
2.714101888349319343e+05
5.627570893680591835e+05
3.056498656762348255e+05
2.897444334191676535e+04
5.597109330817044247e+04
7.392415473966193385e+05
2.473991823946853401e+05
5.496919661630609771e+05
3.902239707186829182e+05
1.222709651651421300e+05
1.794536529954063881e+05
8.355608601593911590e+04
1.021167375394379487e+06
1.614289089416627212e+04
5.933289689455898770e+04
1.200486341805984557e+05
1.111138090836648131e+06
6.851915309478648123e+04
2.022822640191437094e+05
2.289488555044526700e+06
1.148913757080832031e+06
1.624486450106917764e+05
1.405095259056682407e+05
4.728452402072825935e+05
3.339807254799571092e+04
4.292850041423761286e+05
1.117523964083529077e+06
6.901869361927057616e+05
2.654929580702182138e+05
3.572525801872881129e+05
1.587093122620995855e+05
2.031236104125521844e+06
2.809461822127658888e+04
3.946011094833227689e+05
1.900641036313859222e+05
3.772195537948558922e+05
8.000679313788395666e+04
1.336928130464138812e+05
9.577541516618832247e+04
9.983715559323331108e+05
1.441687457008408674e+05
4.341762058540435974e+05
9.147110379478540272e+05
1.012550165867883712e+06
6.194362089536124404e+04
7.944006847150176764e+05
8.194866921588233672e+05
3.963557342685976764e+05
2.855696276587937027e+05
1.393021006871777063e+05
1.500438463528804714e+05
1.935469091639011367e+03
6.799142038831366226e+05
2.207707308782085602e+05
1.665820244832541721e+04
4.628591108571634977e+05
5.629593485627416521e+05
5.834017399096677545e+05
5.820096816332319286e+05
2.629384638440161361e+05
4.058507105159135535e+05
5.542412612839317881e+05
1.593042094114131760e+05
2.261523498248565476e+06
3.224400287670176476e+05
1.590316040295769053e+05
2.562870489446181164e+05
4.900799395411350997e+04
1.433450449262036127e+05
5.869543177330895560e+05
3.946969287602037191e+06
1.185013095981104561e+05
7.251767081005948130e+05
7.432647114766738378e+04
6.959801563444607891e+05
6.382408766880434705e+05
1.586267501366373035e+05
1.530978861213698983e+05
2.541593020048803010e+05
1.935156683157540683e+05
1.460424525369318901e+06
1.249591035004352016e+05
2.412225881695251155e+05
2.932714850972538115e+05
3.801371967013693065e+05
7.133599839859235799e+05
2.753921511474930448e+05
1.747679530620363541e+06
4.030301477486756630e+04
2.618901779677160084e+05
2.239181248729860818e+05
1.134755014690972166e+06
4.773708355948090903e+05
1.683070841427638661e+05
7.251307752420924371e+05
9.253016408505226718e+05
3.910543555715900584e+04
9.551608245970233111e+05
3.162235929055325221e+06
1.515790926812713500e+06
1.777061107796520519e+05
1.795893775139049976e+05
4.848656881692220340e+05
4.841405811785282276e+04
3.817269793153094361e+05
6.920263245163352985e+04
1.029404557151825749e+06
3.633544854170246981e+05
1.196193035058195237e+06
7.244032844618968666e+05
1.670170162237887853e+05
2.844086764787766151e+05
4.469376228554360569e+05
1.632955928301689855e+05
2.923635892804209143e+05
4.658261524311242974e+05
1.311404841918097343e+06
4.229961298502435675e+05
2.586279421046787756e+05
1.080835768283513898e+05
5.619093010478133801e+05
2.096136625955266063e+05
1.651131371033091273e+05
4.624134398045613198e+05
2.331879188370031770e+06
5.873368689567278489e+04
6.649337891270995606e+05
9.018603888961253688e+05
5.907930212229111930e+05
3.625178467373173335e+05
7.663805549991574662e+04
8.106624039651871499e+03
1.793598071773428237e+05
1.225111511292349780e+06
6.312694191465664189e+05
2.731221669467983302e+05
4.148888344675743720e+05
9.898296390927484026e+05
9.727824916647504142e+04
5.813650690865762299e+05
1.155070077798462444e+05
7.351206751849092543e+05
5.653923175786786014e+05
9.823138371730002109e+05
6.354896834945980663e+04
2.643608617594196112e+05
6.738878152472499060e+05
1.565804893128706608e+05
6.293332212320892140e+05
6.205158399037672207e+05
6.797746308612360153e+05
2.170997501785034256e+05
2.831867509657990304e+05
8.613402011228369083e+05
1.412680467257689219e+06
1.060242111448319629e+06
7.264231774306318257e+05
4.759393063498761621e+05
1.808586518707146170e+05
4.324719807108545501e+04
1.769496522132423124e+05
5.449553679124345072e+05
2.566709062739005894e+05
6.397082736598869087e+04
7.676310286123820697e+04
1.545821532496804430e+05
1.699946662950844737e+06
9.370364367839379702e+05
1.002655070775748231e+06
1.235751869315053569e+06
6.804117846004713792e+05
8.985994496700268937e+05
2.463723207776657364e+05
5.431826565652153658e+04
1.953783305306929688e+05
3.929302091178107075e+05
8.775000202235327743e+04
9.274058645496714234e+03
1.272701267343674408e+05
2.918189459722736501e+05
6.022990837832649704e+05
6.785060976184770698e+04
1.097888093833728461e+06
4.676216419164144318e+05
1.352827208245076239e+06
6.930507114567208337e+05
1.814183551038883161e+05
2.360016902926011535e+05
8.360655443862361135e+05
2.009154887145834800e+05
4.825924031638679444e+05
3.474241278455139254e+05
2.138714392312148120e+05
3.037502045078991796e+05
3.254128030105646467e+05
9.192026891266864259e+05
3.399273553525443422e+05
5.303782213106302079e+05
7.336908074599456741e+05
4.439118123873736709e+06
4.116519281467832043e+05
4.199807258774535512e+03
2.689276528274542070e+05
1.198051114927752205e+05
4.455085273601579684e+04
1.034210145854146569e+06
4.656093483166701044e+05
1.953344222349963617e+06
5.896758309197756462e+05
6.570135670787333511e+05
5.844686030017111916e+05
2.529742095744396094e+06
1.871173103934464161e+05
2.305373109561261081e+05
1.778426134790782118e+06
8.096606226779126155e+04
4.682930265659689321e+05
2.320505298083540692e+05
1.429860827066899219e+05
2.137960945734752808e+06
2.676757505362987285e+05
6.891183044162413571e+05
1.168113188545211888e+05
1.257462167903934605e+05
5.946250568039977952e+04
4.767232625345287961e+05
3.832800752069859882e+05
4.508222435371032916e+05
9.232037936677270336e+05
4.050345627557333792e+05
1.028624366937702725e+05
7.424074056849080371e+05
4.372144353369739110e+04
1.274831090718160121e+05
4.291567632165083778e+05
3.700160747499311128e+03
2.951519598681855714e+05
7.768699814624415012e+05
2.109829580851555802e+05
5.582567886014989926e+04
5.587417723586763022e+05
6.327839350092438981e+05
1.516692994968801038e+06
1.435332790053944918e+05
2.324616161681375932e+06
2.969423718042508117e+05
2.226977623113016307e+05
4.055183988996354747e+05
1.277705927187274792e+05
4.528153641127455980e+06
2.476593666334627778e+05
7.239808338655013358e+05
9.975055788093303272e+04
2.342820519029675052e+05
2.828888746560503569e+04
4.824943949567942764e+04
1.814457853391408571e+05
4.275586296339808614e+05
4.266080892819820438e+05
7.056059960125586076e+04
5.477637837633534800e+05
2.760626885234921938e+05
4.735396315828372462e+04
8.091574275239683921e+05
1.127129365379657131e+06
1.396158338632442756e+06
6.152125154242252029e+04
7.233484773638609331e+05
5.782035547384148958e+04
2.553277909038771468e+05
1.147674672397932882e+05
1.780015801963440026e+04
1.854659597866052354e+05
8.481508778209166485e+04
7.113548814672875451e+05
1.645687823898095230e+05
6.534673381146147149e+05
9.849817649191003511e+03
4.511310766598254850e+04
2.178081236677221896e+05
1.808673937069599924e+04
3.934391157646998181e+05
7.925847863325021463e+05
3.462538018701588153e+05
1.024043907844677597e+05
3.049712704612707603e+05
2.418010354924957210e+05
1.634852410152474651e+06
2.638580550256423885e+05
6.098795308542278362e+05
9.031478820044241147e+05
7.760055700259817240e+04
2.958431474203211474e+04
2.493299582938924432e+05
3.813115153801261913e+05
6.479587923047289951e+05
1.151997159684926504e+06
1.121731249377570930e+05
2.912696616194133530e+05
2.188405579637313494e+05
2.557848332148591056e+06
3.900360577223974396e+05
6.245332028170888225e+04
4.278434042816649890e+05
1.732399988332606736e+05
7.627945983488791389e+05
7.666684939985708334e+05
9.030985416709916899e+04
4.662606845628624433e+04
5.436650230107232928e+05
4.643211479842984118e+05
8.494140807206262834e+05
2.559897516814270057e+05
4.324685750321912346e+05
1.093209625609151844e+05
7.718162561780012911e+05
4.706521879871624988e+05
2.086987407198054716e+05
6.168448175831246190e+05
1.429338649565767992e+04
9.409347849134594435e+05
5.892965165325087728e+05
1.388081739808351966e+06
4.993742820078722434e+04
1.093155048569479957e+06
6.198731835067159263e+05
1.286290031420011801e+05
2.484966152603447263e+05
1.290663934745455190e+05
5.406870756983243627e+05
4.448807005828630281e+03
1.748989427894265391e+05
3.202959438197003677e+06
6.442881748483791016e+05
7.231100774761456996e+05
5.434995499480847502e+05
3.848770801495024352e+04
8.457614692590261984e+04
1.803816885321865848e+05
5.613922848145072348e+05
3.910585426667470601e+05
3.608241314348751621e+04
1.096108097059149732e+05
6.118257844342209864e+05
1.082419973958361428e+06
6.400058630447880132e+05
1.800744530482626869e+05
3.548651101613569190e+05
1.240274394289188240e+04
5.840040841088935849e+04
9.687593593314339523e+04
1.592722758756082330e+05
1.221327229209444631e+05
4.177204433312774927e+04
2.427101676675046328e+06
1.271213774453742197e+06
4.784630895186281123e+04
5.123346539773657569e+05
2.281721585016326979e+06
1.319336115167679032e+06
1.427919224551340158e+05
1.132260836389204196e+05
6.980675236388471676e+05
1.130130721081411612e+05
1.301158876575144241e+06
4.022557680702337530e+05
9.675044293693801155e+05
7.520745678272284567e+05
1.903707674457942776e+05
1.535921595241679752e+05
2.828572334706367692e+05
1.912567511714979308e+06
4.258014642202638788e+04
1.057724974527182785e+05
1.266833994637863652e+05
1.244025125777886133e+05
4.305702622644614166e+04
7.745025619757814566e+05
1.222793737485856051e+06
1.043341591667611385e+06
4.598481499650053593e+04
8.754348488126080483e+05
1.419701955457854201e+05
1.830838727590368595e+06
1.121704178921072278e+06
9.682611108992432128e+04
3.085167658778436598e+05
6.087750408539502678e+04
1.771120429257169017e+05
4.406422709510449786e+05
2.656344174938437209e+04
2.201381351877649140e+05
6.300403697196358116e+05
2.561630467921463060e+04
9.091750825656631787e+04
4.422191288772621192e+05
3.434650971223621164e+05
3.403543430562352296e+05
7.483587492058072239e+05
7.749093143507484347e+05
4.896713187116059125e+05
1.396814756715686817e+05
2.096034678576072678e+06
8.082815893332671840e+05
1.892509013060251527e+04
2.603023173588186910e+05
4.327522251804521075e+05
2.905489548799592885e+05
4.841666478544448619e+05
1.800829072370097492e+04
1.047774219038100098e+06
1.264222360812586267e+05
1.031994724195415183e+05
7.127129681894559180e+05
1.306661963512475268e+04
7.616704268042779295e+05
8.493489119521058456e+04
1.123059575649155013e+05
5.117417123379802797e+05
2.719549389204258332e+05
5.951108444762363797e+05
1.667484274459414301e+05
1.459927865971033752e+05
2.598040463269441971e+05
4.218186396093295771e+05
6.632718987247982295e+05
1.450273924515868071e+06
5.770294088869732805e+05
7.595640562274287222e+05
7.609264316897018580e+05
1.013590409144504229e+06
1.046585721325624181e+05
4.433053748161366093e+05
1.994501267015791265e+06
1.050719309138831450e+06
5.459790502491024090e+05
9.016043005407082383e+05
9.007536548289094935e+04
2.560790688657611026e+05
4.982045289801823092e+05
3.038894127794786473e+05
1.242416856808340090e+05
8.181912655868879519e+05
6.682920542772575573e+04
1.338987723163580755e+06
3.790467768070629099e+05
1.527591445270831930e+06
1.825122584780429956e+06
4.846545856804804644e+05
4.947280567997659091e+05
2.452956234135776758e+05
6.457212800573752611e+04
1.263193438733898103e+06
4.454201845871096011e+05
7.329387080613862490e+05
2.066486856554339756e+05
1.300472391275434347e+05
6.579223739876934560e+05
8.203490560366917634e+04
2.015618699498162605e+05
1.217602730820039753e+06
2.614264665528189216e+05
1.222719636969574960e+06
2.608945196622123331e+04
5.669842431150582852e+05
8.114670936800526688e+05
2.612603021525751683e+05
2.714296092061609379e+05
1.804880829487177543e+05
3.231313470095514785e+06
2.387256207905857882e+05
3.315728101036563748e+04
1.134596343382664782e+05
3.076883500122088008e+05
8.052301574289536802e+04
2.606334141086316085e+05
8.551278133735146548e+04
2.064848984212748746e+03
6.496236587804132141e+05
5.816021211439244216e+05
6.514189432609671348e+04
1.636635586546361679e+06
9.516945539100029273e+05
1.725588629126761516e+05
7.712140118772322312e+05
2.214319386622947786e+04
7.471597272087614692e+04
2.145519913327872753e+06
2.601558444806964544e+05
3.105648988812689786e+05
6.142744278432725696e+05
4.773796268284473335e+05
4.306959067552094930e+05
2.346280195009106537e+05
1.981832410338931732e+04
1.739824606548836455e+05
1.263692517142421799e+06
4.402711344816379715e+05
2.030308060038658004e+04
7.453093033682364876e+03
9.911537360699725104e+04
5.809978307607849129e+05
8.661983743196650175e+05
1.121695068084629485e+06
1.785283648362738895e+05
1.476859966127040389e+05
8.020149498566130642e+05
