4.887896032437430404e+04
1.215832647733091610e+06
3.664195076548882644e+05
1.391702577420370362e+05
2.385264464904874039e+05
1.877520481390595203e+06
3.634348597920422908e+05
3.194811825593536254e+06
7.976995443488958699e+04
1.943394314569112612e+05
6.167192993843831355e+05
1.594256040822952287e+06
5.177904219207632559e+04
1.548878831742481329e+06
6.244330414233000483e+05
1.319471090262562037e+06
1.763309357294987654e+06
3.833565409775989596e+06
1.662263976931070501e+05
1.033804802365801297e+06
8.500974566282976884e+05
4.999121708373518777e+05
4.669132376014839392e+05
1.370001608659420628e+06
1.598352813842206670e+05
2.630260733279824490e+04
2.501946944721792825e+05
1.888626882412408595e+05
4.499297508791263215e+06
1.509751924313087249e+06
3.030546590707883006e+05
3.928226226378770662e+05
4.912681979274635669e+05
1.374795691395345610e+06
3.313477036390118883e+04
2.988492637463538631e+04
2.693575763347360771e+05
1.100192258032537065e+06
6.046345803642954706e+03
3.338403373382550781e+05
1.425737132179658860e+06
3.404217857068413286e+05
7.848036720433693845e+05
5.645030040740423137e+05
7.061801199963408289e+05
6.398567227270673029e+05
1.480704719436815940e+06
4.099462528506648261e+06
7.210895079722405644e+05
5.863068559783516685e+04
5.923128799323716667e+05
1.153279277683249966e+05
8.815399265540525084e+04
3.984698590691325080e+04
9.589193248503149953e+05
5.201702219537393103e+04
1.902958641761470819e+06
1.200568540468038555e+05
4.792681240726613905e+05
1.466012126772274030e+06
5.293989899955464061e+05
7.010505994397343602e+05
4.286541018175727804e+05
7.624293668316319818e+05
3.727212626394278486e+05
8.123211155159543268e+05
3.372768388852803764e+04
3.054783189758865628e+06
3.158971761420404655e+05
4.691149920393740467e+04
1.629947298613180639e+06
5.802120612658249447e+05
3.423920690905186930e+05
5.454079135940223932e+04
1.729404536326544126e+06
4.948438367118047317e+05
5.116742935527119698e+04
1.314807737107540306e+05
1.498283661334164499e+05
1.794752442732557247e+05
4.562379544873832856e+03
1.443169703701934544e+06
3.340242813294501393e+05
5.899367623118545162e+05
3.717426312032864371e+04
1.999991498029919167e+05
1.557648140095686540e+05
5.920303297139852075e+05
6.473868955535447458e+05
6.190847371432096697e+05
8.088676050411020697e+04
5.344384230585977202e+05
2.297121221060198732e+05
9.706149857157411752e+05
7.333604756601202826e+04
9.697999216884149064e+04
2.619307710564479639e+05
3.902789250987855485e+05
1.107102429181173648e+05
2.412488490042573540e+05
4.519376504544845375e+04
4.979573739296326530e+05
8.281492377132128458e+05
5.695133000248618191e+05
2.833462692784270039e+05
6.167780290685560321e+05
4.506376547609314439e+05
8.700193787265551509e+04
1.071345176976558141e+05
4.950639647194680292e+05
6.269434462898785714e+05
1.428796788550668571e+05
3.538044577094164561e+05
1.278370945807994576e+06
3.344466428172119195e+05
2.623359748170328792e+06
9.930105687576268974e+04
1.117133289160055710e+03
7.419232553228683537e+04
7.297407427078409819e+05
4.771274460859297542e+05
3.772581469403663505e+04
8.115358819042141549e+05
3.546905090454142191e+04
8.209927790154812101e+04
7.495405723799543921e+05
5.115636625501197414e+05
1.249455978425930254e+06
4.366091282754945132e+04
1.528954470526704790e+04
4.412060187746367301e+05
4.427360867676362977e+05
1.415502782951251429e+05
1.445866674292972020e+05
9.716582086800533580e+05
2.067877394836129097e+05
3.093282113265531952e+05
1.008747554806320841e+05
1.111779729716246482e+06
5.945542967875597533e+05
9.589706973013469251e+05
3.291363405843247892e+05
1.830393895895047812e+06
2.410665704968031496e+05
1.578459769787419064e+05
2.376467289610825537e+05
6.049583870474488940e+05
7.099195966216269881e+04
3.690322391823945218e+05
2.842422131535969093e+05
5.945915780744219228e+04
5.049769422489100543e+04
1.980440022769907082e+05
1.238145083123211225e+05
1.346239804197050398e+05
5.118366778850211995e+05
3.893156243050962075e+04
1.355993065846612735e+05
1.359116469879517099e+05
1.548487101267520338e+05
2.619811605415457598e+04
9.543288206551957410e+04
3.833227940432017785e+05
4.134886765902066836e+05
1.197317595446765044e+05
2.386019857934055908e+05
1.280527526474536135e+05
2.091147148789726780e+05
3.011278301714438130e+05
1.729450908659861307e+05
1.157670703065456619e+05
2.439906771924705245e+05
3.416249033212143331e+03
3.916491465218779922e+04
7.733970169677846134e+05
1.103686308920479678e+04
2.790020918931446504e+05
4.202829982111251913e+06
3.787777723602551268e+05
2.928264303072900293e+04
1.007297646878025844e+05
2.483366598917533120e+05
3.308212579798618681e+05
2.628250509339971468e+05
4.728262301913924166e+05
1.479880426460007147e+05
2.170798654312535073e+05
9.432891809835504973e+05
1.755503143514497904e+06
7.133519597213899251e+05
1.930925837159774266e+06
1.285191776605602354e+06
1.251514285826397361e+06
1.245482179738543695e+06
9.212327346480617998e+05
1.921245357647255587e+05
4.391253218714629766e+05
3.132397636029281421e+05
1.995337515238858527e+06
6.125753269032882527e+05
7.277209995768184308e+04
1.675805231334535929e+05
8.121046189272515476e+05
4.454743461285035009e+05
1.845405906196733471e+06
8.528734752752067288e+04
2.451148084188796929e+05
8.472075285225495463e+05
2.592143846114889675e+04
4.380414402569626691e+05
2.372400389838841511e+05
9.698771990060079843e+05
3.744386688327673473e+05
1.023346935476558516e+06
3.880135243558564252e+04
1.141089774457235762e+05
5.616329746175959008e+05
2.711940768100591959e+05
1.562962719363137148e+05
4.478174626485186163e+05
8.546890308655353729e+05
1.103358896203678334e+06
7.728670583650856279e+05
3.288918735039812746e+05
2.802891654239158961e+05
2.740134809444233542e+05
2.565701626875065849e+05
5.814019476190907881e+05
2.016192519106882683e+05
1.584746715953191160e+05
1.631839382740471774e+04
3.084561362331853248e+06
1.000786070618170779e+05
2.662044498671258916e+05
3.227844152762986778e+04
2.297758120963410183e+05
5.076739018623312004e+05
6.400273665321518201e+05
4.239323937068311498e+05
5.897308930923357839e+05
4.880153726425145287e+05
3.003875600355430506e+05
4.053537643766773399e+05
1.072630443002433283e+06
4.359978896759139607e+05
3.236635867478920773e+04
4.486559159302160260e+05
1.237701315357137937e+05
1.301755643077193381e+05
2.190120803570031654e+06
3.003879825171640259e+05
9.363765503357279522e+04
5.050582845641889726e+05
8.215663473481914261e+05
6.569384326080132450e+04
1.858004275228926854e+05
5.636125041476295330e+06
9.583896952885438222e+05
2.537371061211877095e+05
2.991156869955608854e+05
1.260014126117274864e+05
3.874238029889441532e+04
2.159130558239716047e+05
3.276259799818721367e+05
4.788514831142399926e+05
7.377478742929925211e+05
6.652668570137218339e+05
1.732403052163747489e+05
8.945935065919365734e+05
1.217426830567230500e+05
4.992764428451477579e+04
4.042787724146837718e+05
1.896730404105517373e+05
3.254539621059574652e+06
1.249576398714362003e+05
1.961186533494434843e+05
2.630193187231526244e+05
3.001975556831502399e+04
8.054623532906360924e+05
1.640201380962207215e+06
6.333575760730921756e+05
4.035612119628348388e+06
2.047190522503150278e+05
1.659669723383273231e+06
4.197978901649543550e+05
4.616475615739676286e+05
2.547311606438837480e+05
2.903173901294332463e+05
2.009419989912069868e+06
2.737779667060808861e+05
1.205169366210375156e+05
2.376802631437300588e+05
3.169184759057239862e+05
4.152782259318039287e+05
1.487369518362133298e+06
2.646927241481170058e+06
5.022106787929292186e+05
6.959302459118894767e+05
2.514374084290576633e+06
5.955388096489300951e+05
1.178855401336621027e+06
3.219125382001678227e+05
2.210832032593411277e+05
3.784662291685457458e+05
3.476151781007256941e+05
7.870623422543841298e+04
4.408181831666550133e+05
6.450696894180723757e+04
2.056401504029282369e+05
1.273423128364055417e+06
2.810680536899852450e+05
5.359361436741555808e+05
1.614385453976746940e+05
4.391076458101078751e+05
4.511318261306972709e+05
1.531018176828979340e+05
8.967842953416833188e+04
2.084527636679107381e+05
3.527619689670342632e+04
8.816080054509617912e+04
1.047428956759984721e+05
3.499259409619166399e+05
5.494196306818142330e+04
9.730709777180191595e+05
2.283339477901774226e+05
7.860638536406436469e+05
2.507935710680042102e+05
1.110942398129140493e+05
2.163688112525919860e+05
4.791213290910985670e+05
2.339037840917785070e+05
2.479024226118219958e+05
1.139294310893549351e+06
2.359698853864415723e+05
7.582222542877472006e+05
1.772654603008296108e+05
4.146242639755644486e+05
1.053971219608278479e+06
1.251009383940930275e+05
3.232585292561171809e+05
1.115344171192160575e+05
9.880677816218176304e+03
1.404758669175933173e+05
3.616115559410392598e+04
2.779373835554481484e+05
4.031015342963137082e+05
1.472593904600702459e+06
4.206034618483489612e+05
6.404009035711013712e+05
1.526975678423008940e+05
8.879348907191442559e+05
1.447361456454459345e+06
9.766153993472750881e+04
2.966501986145596020e+05
2.908475332204664010e+05
3.936140097488017054e+05
6.032926286627418594e+05
1.332269747267790372e+05
2.586789958716003748e+05
5.781023299873870565e+05
1.780186316832349112e+05
6.732377154362811707e+05
2.707736781780407182e+05
5.010288898742104648e+05
7.575236481230208301e+04
1.009468915907964983e+05
1.036765895342196454e+05
2.075836741911459831e+04
2.997867095659307670e+05
3.031196915489283856e+05
4.470846488308388507e+05
3.146442263941810234e+05
3.044451213855020469e+05
2.769144682625221685e+04
3.291743464178231661e+05
1.320585638641708647e+05
1.890287221896664705e+06
9.045393444179336075e+04
1.231848286134883383e+05
2.818477817330934573e+06
1.763023401832073869e+05
7.883644274690480961e+04
1.592141058897728362e+04
7.067900338265900500e+05
2.457959407197766413e+05
3.352180557181909680e+05
9.503402241815881280e+04
1.119523908623823430e+06
1.057100559711908223e+06
1.611843247783401283e+06
1.012728122718868079e+06
6.471279404964592541e+05
3.041882597841531388e+05
2.596124135633725207e+06
5.814137096091554267e+05
9.962750703596153762e+05
1.478728666290951951e+05
2.120388698502834886e+05
7.799342459361017973e+04
1.922880680359127873e+05
2.735783813794853631e+05
5.192056532302198000e+06
4.146346510951262899e+05
3.238793666014394839e+05
2.173408554739346728e+05
1.604308075340624418e+04
2.587612965969424113e+05
1.062675833884689026e+06
4.983214988095657463e+04
2.663126656408537528e+05
8.602158584922483424e+05
5.433017576494807145e+05
1.267026273341284104e+05
4.891449861049689353e+05
4.813032753512536874e+05
2.346689860834435676e+05
2.552271194963800372e+05
4.498238880750455428e+05
7.264968986592842266e+05
1.078678269755513174e+06
9.469791634287235793e+05
6.722772043680084171e+05
8.925248657912900671e+04
2.026716407558540814e+05
2.064295745608525467e+05
6.158146427014648216e+05
7.227540929233951028e+05
8.098162582334422041e+05
2.098875562920355704e+06
7.323491040207308251e+05
7.561721856426028535e+05
1.617535165350644384e+05
2.011970816025988315e+05
3.967116585724916076e+05
4.563622763188299723e+04
1.064055249238570919e+06
5.895628646431125235e+05
5.637192081329213688e+05
6.438427024668821832e+05
1.066189899719025241e+06
6.334540626124076080e+05
1.332444129274332197e+06
1.447783178534166422e+06
2.865561112260175869e+05
1.025834166283492232e+05
3.931037621907509165e+05
1.967285184316307772e+06
4.229471918452857644e+05
6.363002916898929834e+04
4.278221204069262603e+05
8.874822724540955387e+05
1.513401645669936624e+04
2.767490435910289525e+05
4.160323361989819678e+05
5.910669418151277350e+05
3.049941156805167440e+06
3.801200975511513388e+04
4.328455558064510114e+05
2.551056665850124846e+05
1.063081279332419392e+06
7.495704851686899783e+05
1.104706286346642883e+05
3.155357838214859948e+05
7.191609574237881461e+05
5.838018429799767910e+05
3.920831902748927678e+04
3.070942336599960108e+05
6.251664038540218025e+05
7.950122142835087143e+05
1.794795101873363601e+05
5.179254936179067590e+05
1.639216896698865457e+04
1.630736572313877405e+05
3.751868279695498641e+05
3.459233784642712562e+05
2.927073453778531621e+04
5.587871966022163397e+05
8.898071937751360238e+05
4.872532972177775810e+05
1.661481421247310645e+05
1.174782144666849199e+05
3.402590856635100499e+04
1.922036251045458484e+05
4.617186261473115883e+05
5.785310734484520508e+05
3.559770846438489971e+05
6.244000746388622792e+05
2.374063725102335447e+05
9.884122709871343104e+05
1.813197999988490774e+05
6.732633532141812611e+05
9.446032286467469530e+05
5.307665968404045270e+04
1.080530139844270161e+05
9.071944517599710962e+05
1.235066579341843026e+05
2.114261070309417846e+05
8.082869018048967700e+05
7.651870254684604006e+05
5.078281295245011279e+04
3.162487168266354274e+04
1.183746503143727459e+05
3.504725794058637694e+05
7.989152779646271374e+05
2.503879141661277099e+05
6.767882950702564558e+05
4.437822848403505050e+06
1.257697652885360003e+05
4.482935344999207155e+04
4.274889996800467488e+05
3.328807069237472024e+05
7.941527826551556063e+04
2.452891965994218190e+05
2.817770858878567233e+05
7.542696677489106078e+05
2.402898285319166607e+05
6.411895746384192025e+05
3.847216606522146030e+05
3.167291917753791204e+05
4.549800144877670100e+05
3.444727116505740560e+05
9.625660327594331466e+04
1.274736317939332454e+06
9.505895644994733448e+04
1.128209917979986174e+06
4.698507979297349229e+05
2.603069976687587041e+05
1.564234413994514907e+05
1.289680189694363798e+05
2.645013807231430546e+05
1.716021843054801284e+05
6.568059043365163961e+04
2.353800777887698205e+05
8.630833899930810730e+04
2.406257556290235661e+05
2.228087057873742015e+05
2.507206720809306426e+05
1.780921402138577832e+05
3.816191826965939836e+05
2.156060068836163264e+05
3.726238142589235795e+05
2.034020936595456733e+05
1.873655525731781090e+05
9.047429444050003076e+04
1.874629396145878127e+06
1.329895407632211281e+05
3.405066933435053797e+05
3.369317760965640628e+04
9.986478596542279411e+04
7.641106737520040479e+05
1.440143274945638550e+05
1.546114143392145052e+05
1.091346468400083948e+06
1.961838011908296030e+05
3.124726228165503126e+05
7.840455471650969412e+04
1.647040894218972186e+06
3.812720157886055676e+04
1.409627402749586909e+05
1.127467385955077480e+05
1.072094780890793540e+06
3.414359094018831383e+05
1.250468364473460097e+05
1.803940256578142580e+05
7.342378235621185740e+05
9.419570590183971217e+04
2.136625244400262891e+05
4.270254287512948504e+05
2.809208473366243416e+05
1.059651902684529341e+05
6.895787839773946325e+04
8.197146206384737743e+05
5.643701328649796051e+04
4.341596255820203223e+05
2.732748087099578115e+05
6.549766562696424080e+05
3.253168392010345124e+05
2.370422611143755727e+06
8.243110909932856157e+04
3.653636432153307251e+05
3.660800517238284810e+05
8.472592576489985222e+05
4.383116293880331068e+04
4.042807016273348563e+04
4.666027655833989265e+05
5.288081794515758520e+05
1.648338769224978460e+05
5.814571772048675921e+05
9.451829572408476088e+04
2.965809149493057048e+05
1.200569526497603219e+05
3.325204995499922079e+05
2.424774349991917552e+05
2.549175266560479940e+05
9.228545218741695862e+04
1.070265453653437871e+05
2.098043075411277357e+06
1.554302965943720425e+06
4.636528639853773639e+05
4.353644748363570543e+05
7.584419793900487712e+05
7.144098053277129657e+04
4.436152112893206504e+04
1.006711861798988306e+06
2.108048639815217175e+05
5.202877152290846570e+05
6.329967779393758392e+05
1.707675904426961672e+06
1.281794777718901751e+05
4.901771191249384428e+05
1.573621628533676558e+05
1.898298367193731538e+05
1.307675467699966830e+05
5.168379672472031089e+05
1.671830904645848495e+05
8.100477068570451593e+03
3.368421092796519515e+05
4.863502065404551104e+05
3.481524881805986515e+05
4.809560209355696861e+04
1.142487990136837179e+05
3.132156867151017068e+05
9.781581013464034186e+04
4.631511553046214249e+04
1.294245808207944036e+06
1.617241124024382792e+06
3.942153234175561374e+04
3.213239661255669780e+05
3.172000047591777402e+05
3.608580512934583821e+05
2.008980285489197820e+06
3.805663974062668276e+05
2.542679229074106843e+05
7.770181868129523355e+04
5.741793974429578520e+05
3.223212711916902208e+03
1.132551172052683542e+06
6.062506525413529016e+04
1.363115378834202711e+05
5.271119858019496314e+05
6.037544541290333727e+05
3.572111522146114148e+05
4.619436588807102526e+05
2.014473744281804247e+05
1.041730224348314223e+06
5.374885522049025167e+05
3.810185243865767843e+05
8.599573174706532154e+04
1.852967870604056516e+05
1.620100537005689694e+05
4.816696197189764353e+05
1.854631309994088078e+05
2.593744358213494997e+05
3.458463138439993490e+05
1.360270238770450233e+05
1.037029400332339574e+05
6.837436931745338370e+04
3.761706562186516239e+05
1.234610367244645386e+04
5.325080824764191639e+05
2.902824372431922820e+05
2.618239209601184702e+05
3.049079896226146375e+05
5.975974185965354991e+04
5.928210152716679295e+04
6.088214892601799220e+05
3.929127729684404330e+05
3.377251091952169663e+05
3.220270285447390750e+06
6.804124171524248086e+05
2.322363797031992872e+05
4.266046470983973704e+05
2.891219134576743818e+05
6.257335518137106556e+04
2.947484904141273000e+05
8.380546773549860518e+04
2.016140440883705742e+04
6.719165876748795854e+05
5.499296699648443609e+05
1.336311727363128739e+05
4.747102459716494195e+05
6.708100636249509989e+04
8.261519394320480060e+05
5.592454288367269328e+05
1.175903695637327328e+05
1.308342422883296822e+05
1.769691963289339037e+05
1.077898479865041299e+05
1.717318777502991958e+06
3.224609791366929421e+05
5.705711587938313605e+05
1.979476844271905065e+04
1.152147541685747419e+05
1.217524562228495779e+05
4.734792895519908052e+05
2.228256250221193477e+05
3.102857962944408646e+05
7.478477505767687690e+05
3.682110003078838345e+05
5.039587992624650942e+05
5.471203760202036938e+04
1.227268230760709121e+05
2.327122483834262006e+06
1.642241831179553992e+05
6.494782458966434933e+04
1.266687980909012840e+05
1.246036013188324141e+05
4.874000507143262657e+05
1.657459291528470931e+05
1.099008832367659925e+05
4.882393891109452234e+05
6.464303688585981581e+04
1.817771111795891193e+05
8.538607295263976266e+04
5.489625490424070740e+05
9.474725265024654800e+05
5.866331126220482402e+06
1.557745026646786937e+04
4.699489037724865484e+05
2.223355333529590280e+05
3.667940656213451875e+05
1.895442914092543535e+06
5.152498474181489437e+05
6.053168481773592066e+05
6.115479790971140610e+05
4.771708449208001839e+05
2.267951517493055435e+05
8.342020282452809624e+05
1.197584233007248695e+05
2.612735327458875545e+05
6.380808978149264585e+05
1.614405980507553613e+04
1.882578679493670352e+05
2.916897048589316546e+05
1.444205251619761344e+06
4.138064419802232296e+05
6.130552890501777438e+04
4.559198718351852149e+05
1.519773243942024419e+04
3.165051373537597246e+05
1.614091701050868724e+05
2.725083893568500644e+05
1.223102251226218184e+06
4.767220069842949160e+05
2.078174873057290213e+06
3.378461059354819357e+06
3.782147289857133874e+05
8.444921738455812447e+05
1.672620200602993835e+06
1.570757779034257692e+05
4.092490928312751930e+05
7.420266349577601068e+05
1.154943396118812263e+06
4.128081147842039172e+03
6.050848791212299839e+05
6.485605756559580186e+04
6.536394737123477971e+05
5.010290902439897764e+05
7.032489736537676072e+05
1.412956188061449677e+06
1.250442193698494928e+06
3.485153059804070508e+05
4.308236436422436964e+05
4.011454383029586170e+05
2.111046622550073953e+05
1.495903332499276730e+05
3.098626608792479965e+05
4.613671240803215769e+05
1.338020011068106862e+06
2.565792462399952346e+05
3.812398573165851994e+05
1.125211868087875046e+05
1.191232024707895238e+06
1.082729395676738932e+05
3.400140274716821732e+05
1.515041852792903373e+05
1.957360499183781503e+05
2.758261244407300837e+05
1.233653593771249754e+06
5.103447218509035301e+05
3.440528289391301951e+04
3.850045475253069162e+04
1.066291525503347162e+06
7.214040397966234013e+04
2.117674063130959985e+05
4.003116040902672801e+06
1.420813413209826977e+05
1.505461851541093492e+05
3.604157796283815696e+04
4.613078652228505816e+05
6.415876253985733638e+04
1.030207164640406700e+05
3.792742890645532752e+05
3.405663614677360747e+05
3.972591695711116190e+05
2.381366190738512378e+05
1.139038497143422137e+05
2.136932183285907086e+05
1.829221234601997421e+05
3.046804112728663022e+05
1.697979766635510605e+05
4.035741117275573779e+05
3.862032531225223793e+05
2.646662267273464822e+05
7.942085616144363303e+04
3.312753932200212730e+05
3.957453839303884888e+05
1.675605842779283877e+06
5.775471031086745206e+05
3.526568606464232435e+05
7.490984827088940656e+05
4.256071816213316051e+05
3.758429651699435635e+04
4.842348268339501228e+05
8.073877603927901946e+05
2.317467505410150043e+05
4.609861537121434812e+05
3.443852673357824679e+05
5.941903696694138926e+05
2.905073121977375122e+05
1.365258549745761266e+05
2.166336616844609845e+06
1.065073945669017803e+03
1.053686527403997607e+05
7.745193237535300432e+04
1.002730267622756073e+05
4.610636055985358544e+06
9.125765681413059356e+05
1.574862623840445187e+06
1.013898630744308932e+06
2.797674789599769283e+05
1.207733806629540341e+05
3.950558366476671654e+04
1.519837941846707370e+06
5.922789408169058152e+04
1.072304241572873580e+05
5.946494965856897179e+05
1.499754489734718227e+05
2.277774535562306410e+05
2.041718335022595711e+05
2.380436726888962439e+05
2.044658770857598574e+04
4.283655965851998772e+05
6.139354891774317366e+04
5.174900370174583513e+05
1.243400801349590532e+06
4.717605855950248661e+05
1.407157491422200808e+06
2.483892530491775833e+05
1.307606407511648722e+06
6.414646414802899817e+05
4.129814890707266750e+05
7.480152171066502342e+05
9.147117949966704473e+05
9.161922541125237476e+05
2.257146957059247507e+04
4.150704639052941347e+05
6.578672426878394326e+05
2.306017567206850741e+06
1.851898779897439061e+06
1.802172377077167621e+05
4.029752901728139841e+05
1.046972839667642984e+05
5.574625194805441424e+05
4.845024492950601503e+06
1.170625286465672252e+04
2.652407627675747499e+05
6.282476315742214210e+05
4.104696412493895041e+05
2.515469454652301501e+05
8.053985415229979844e+04
6.935597641875845147e+04
1.837939933775111276e+05
8.828183194060786627e+04
1.412276798800975666e+05
2.615188704455647676e+05
1.462944964790160535e+06
1.163590051046759123e+06
2.402508145033605688e+05
3.162822512760352809e+06
6.921148384480153909e+05
9.440797526207378542e+04
3.388147826723651087e+04
4.148098074634736986e+04
7.339957539851131150e+04
2.781867503740340544e+04
4.419434531899047215e+03
1.403753024078417511e+05
7.297756610762616619e+05
6.708343876690027537e+05
2.655623352192795719e+05
7.392420037919302704e+05
2.184076210149825492e+05
3.337413312897182186e+04
5.117261288849566336e+04
1.207606796335408231e+06
7.139400687532247975e+05
1.978683029176211276e+05
1.280928698178909981e+05
1.087630617163373856e+06
5.350689526078397175e+05
8.592327263079201803e+05
1.297165410440980457e+06
2.432438736664799508e+05
2.927527090434804995e+04
1.643063870300666429e+06
4.201652709417514270e+05
9.615954960056212731e+05
1.369011458757850924e+05
4.057475812985103694e+05
1.481987419066962902e+05
3.548375261539548956e+04
8.484882581785763614e+05
1.260392996457472327e+05
2.779171318572980235e+05
1.514375112601291039e+05
9.434130089579449850e+04
4.003413304482338135e+05
1.736650923109699797e+05
3.812793137501777965e+05
5.196627689499172266e+05
8.789506988162847701e+05
7.809134782757298090e+05
1.458532172379203257e+05
7.739231485485347221e+05
7.594826883141056169e+04
2.886505787147695082e+05
2.898508525408037007e+06
5.598955510986001464e+05
2.146025347806280944e+06
4.449130575136218220e+06
2.746532041619666779e+04
2.442123955736446078e+05
6.528941962784130592e+05
5.589700419236753078e+04
6.120338271424810227e+04
1.058027139224796323e+06
2.920439422286038753e+06
8.840669248689311789e+05
4.210638278100299067e+05
1.412078362938388716e+06
6.168047367415101035e+05
8.127816825375426561e+04
2.978148721362537472e+05
1.046613213562141173e+05
3.174443089459258481e+05
2.567769462927762070e+05
1.044303328721078433e+05
2.350236766927293502e+05
1.274774797132501844e+05
3.943399640605780296e+05
1.187305136052557791e+05
3.194154467788257170e+05
3.650457933510073926e+05
1.070923101080294233e+06
1.521848600835191784e+06
9.234477154168651032e+04
8.843891215508933237e+04
9.543505379529057536e+05
8.755975584716543090e+05
4.075352490731755388e+05
1.728987259412624873e+06
4.397269908862317679e+05
1.452918752940477105e+06
3.646849353056050313e+04
5.948024662742913933e+05
2.479329030620446138e+05
6.772736752966488712e+05
1.848484843342394743e+05
1.352210895182317763e+05
3.075840093823743053e+06
7.896989734358245041e+05
1.681586454057313385e+05
3.604488185757731844e+04
6.252295780763367657e+05
1.104329711510831956e+06
9.681894698545806750e+04
1.750465477434749482e+05
6.116394375194948225e+04
1.116309486265790329e+05
5.409765699420268356e+04
1.691986210821023560e+05
1.742725241478938377e+06
3.585238759713118197e+05
9.998441344685136573e+05
6.830061914692941355e+04
1.212539624805291183e+06
2.034991350589812209e+05
6.773908553114534880e+04
3.548773792501132702e+05
1.927323604189141770e+04
2.036046848447766679e+05
8.327638007961651310e+05
3.277838669486739091e+05
4.541698954698556336e+05
1.072844307043013105e+05
3.575065524672149422e+03
4.921252908201006358e+05
8.185707886096219590e+04
1.980912784717864124e+06
8.330975421621011628e+04
3.201716210303421249e+05
4.677228502367649926e+05
7.961719102717729984e+05
3.249010411474814100e+04
2.153965059560312424e+06
1.956612426760111121e+05
3.458145058454095852e+04
8.011847856332567753e+05
1.387696921588229598e+05
6.064805425402648689e+04
1.103879898827572470e+05
7.161804134347168729e+05
3.460371209071541089e+05
7.040636393325123936e+04
1.656726863682948751e+05
9.951758739849715494e+04
1.825069507504474313e+04
1.039069705331902078e+05
1.127383814062876336e+05
7.703339336859910691e+04
1.298060368226630613e+06
5.087502762509111926e+04
1.062874432849059522e+05
1.016142980012485204e+05
6.883135530834289966e+05
2.470044525066047208e+05
3.450761930872917874e+05
9.904560385457519442e+05
3.879098008050017525e+05
3.597712111712000333e+05
4.627655120530570275e+04
6.075294998970129527e+05
4.420790923821437173e+05
2.503088839227892749e+05
2.006228436275009532e+06
5.594563281150365947e+05
4.173287616032972583e+05
1.676352375255574298e+05
8.601648583176909597e+04
7.167316619222369045e+05
5.808635128290133434e+04
2.626778359332705149e+05
6.010630245857884438e+04
4.243716445564979222e+05
4.686779396855972591e+05
8.153416099290896091e+04
2.432406697287416551e+06
3.104422312787097180e+05
1.780354395059649542e+05
1.963125286687359912e+05
1.027208645325809048e+05
1.173570520691959886e+06
1.646002344889142551e+06
1.568604635073913494e+06
1.170963385161773331e+05
4.656243941099143121e+05
2.640791548048183322e+05
1.627573220846070210e+06
1.659393147970926948e+05
3.832392350161397480e+05
7.933023800643697905e+04
2.476663186967700254e+06
2.220955549883117492e+05
5.938722847866370576e+05
8.906653934145874518e+04
2.961397607436706894e+05
1.812815664778294740e+05
1.914838708649920300e+05
1.701173196200901584e+05
5.392219083792567835e+04
6.724132747900396353e+05
7.153522121559588704e+05
4.632695932759463321e+05
1.830449999405787385e+05
6.615054010386280715e+05
1.568994607361567672e+06
9.898299713258050615e+05
2.160697195321072359e+06
6.724222784161063610e+05
2.498833962906150264e+05
3.544626468323682202e+05
2.498845909460551047e+05
3.003445499272353482e+05
1.015044116435125587e+06
2.542478406905865995e+05
8.505779434382986801e+04
1.697243666609741049e+05
6.364044435588339111e+05
3.595738980965036899e+05
3.478985121192030492e+05
1.086162197821132140e+06
1.724121717797562014e+06
2.871626017128647654e+05
3.275531744873208227e+05
6.920781720713453833e+05
8.642811262612571591e+04
2.520869154069205106e+05
5.489739082678614650e+05
1.971448685572073737e+05
1.083966300667650532e+06
1.639514268745709443e+06
6.449693519855627092e+05
3.354140260434195516e+05
5.304570836631783459e+04
2.600532890926524487e+04
5.571037753673261032e+05
1.514415395897450217e+05
3.242214779102219618e+05
3.897988810575572425e+05
4.004253709448556765e+05
7.616728880136538064e+05
1.818033860019732674e+05
1.822191937350941123e+06
2.860736802418315783e+05
2.665095290555235115e+05
3.541118209576916415e+05
3.148339424016504199e+05
5.569938464856485371e+05
8.350022846516759600e+05
2.980861859517018893e+05
1.013773505887516512e+05
1.057074288715391885e+06
2.373431863188248826e+05
5.528235795542027336e+05
1.249166662776937010e+06
1.366269776510762051e+06
8.203023714193940395e+05
2.837001580082903383e+05
1.761184670135594206e+05
1.810958838453789474e+06
4.512124608445944614e+05
9.405696325324957434e+04
8.926890748624468688e+05
4.016678352114028530e+05
5.245275621645796346e+05
1.354838682200546144e+06
4.170047148074660799e+04
4.289497877443145990e+04
1.932926389237008116e+05
2.450905426094131253e+05
2.086022859099763737e+05
1.603858876242931874e+05
3.515471078264939715e+05
2.054867120535961294e+05
6.829108491842158837e+05
7.965266043400494382e+05
7.833755635276531102e+05
4.342198033643156668e+04
1.121324047362856101e+06
2.125181152330033947e+06
1.752981242451879370e+05
2.559419476688775176e+05
1.033017413897953113e+06
1.070822072709066269e+05
5.500936159955316689e+05
3.208322898885078030e+05
2.231794462379511097e+05
9.464545133717395365e+05
7.038948385627741227e+05
5.973873230535549374e+04
1.579727543446211203e+05
6.703240156871583313e+05
1.485591276256977580e+05
1.576818067679457599e+05
3.326308285686003510e+05
1.419333926800250541e+06
1.518426492677210263e+04
7.560833873903726635e+04
9.582950524623808451e+05
1.413184272207813105e+06
3.062313228895364446e+05
2.300821040270660014e+05
1.108136712040694198e+06
1.598112709444956272e+05
4.505743984146367875e+05
2.210336353298889881e+05
2.932862130634164205e+05
1.504801737426243781e+05
3.637281914892276400e+05
6.016717146682166494e+05
4.566603832874338259e+05
5.088414921632810147e+05
3.528832448233647156e+05
1.758936779153558891e+05
7.897260343059299339e+04
1.111749084562938224e+05
4.739199021800293121e+05
6.379748995054810075e+05
8.378216922999144299e+04
6.524085766308229649e+05
1.817601604379519413e+05
5.986539599037709413e+05
3.783944589081820450e+05
1.562127172650951892e+06
2.258560961189165246e+05
7.328630751428577350e+05
5.303920230646930868e+05
1.748913877572055208e+05
2.072320582268055296e+05
1.880569474159793754e+05
9.321549323235804331e+04
3.118091365349767148e+05
3.609290596513807541e+05
1.030716086499177472e+05
1.265964772863336839e+06
1.126738149887124746e+05
3.791953344902308309e+05
1.361237454958769085e+05
3.411424080127158086e+05
3.255889230825908598e+05
1.869997761034027790e+05
7.069612881162863923e+05
7.457713358025798516e+04
3.121761433577869320e+05
2.171885200735107355e+05
2.065786740079176961e+05
6.844415813745332416e+05
1.143255271964312531e+06
2.048552763085628394e+05
2.228189331491703168e+06
2.046794143802031758e+05
4.087691015993384644e+05
1.789800687257892059e+04
3.766541294859336340e+05
9.418811868328530109e+05
4.184854582377870684e+05
3.376355310110735591e+05
1.547396061607713811e+06
6.375941528205041541e+05
5.604118618973285193e+05
9.408282226296859153e+04
2.403066472550797043e+05
3.354994414393143961e+05
9.102975747050688369e+05
9.838061523951182608e+05
1.364830679203042819e+05
6.813028530934837181e+05
1.661083083993450506e+06
3.606978789810831076e+05
5.231624697278752574e+05
6.250983907829370582e+05
1.511576532047192450e+05
6.001027734575259965e+05
7.700870308972487692e+04
1.345144433299491648e+06
7.843617695074951916e+04
1.333116123519045650e+05
5.297293286363445077e+04
4.838960800139492494e+05
8.946580978128474671e+05
6.887619732107064920e+04
6.872606564967067679e+05
9.168851781016653695e+04
8.603816776005063730e+04
1.256817397108976293e+05
3.622251753531007562e+05
6.373912343664022628e+05
5.883037643294807058e+05
1.254459823093022133e+05
3.570776556718184729e+05
4.675639101495087380e+05
8.435275611163051799e+05
3.800467553653633222e+05
3.290129620504831546e+05
2.528112643280631746e+05
2.441774899804640096e+06
6.721419617595648160e+05
2.200000406826940889e+05
9.731133427707456285e+05
5.402291669230252410e+03
6.457779224876195076e+04
1.938544051090193097e+05
1.058573191063802515e+05
1.639577597238452581e+05
1.939205263983850309e+05
2.647279668651763131e+04
2.840136276648947969e+05
1.806881178966188105e+06
1.526767128815880278e+06
3.013942859358645510e+05
6.842569982956250897e+05
4.617662522576367337e+04
7.284154954983454663e+05
1.588216369253072422e+06
6.543004243836551905e+04
1.015183694814673043e+06
5.919313728045026073e+05
9.302469529983283719e+05
2.490611345783346624e+05
4.548585713391314493e+04
3.888652264320736867e+05
4.875274685862919432e+04
3.042045935172628378e+05
1.445427930388183100e+06
5.687992191295815865e+05
1.795711654072313977e+05
2.239844495016193250e+05
8.512207764077116735e+05
5.528656992641219404e+05
4.060407292184080579e+05
3.560092109284579055e+05
1.843201682576363673e+05
6.126372824691591086e+05
3.157975335287626949e+05
4.112155212827490323e+04
1.410319022886062739e+05
5.027492026190206525e+05
1.285467272206973721e+05
5.834028013408707920e+05
7.171359008480362827e+05
2.873704547636010102e+05
1.189301333639003860e+05
2.793265388334155432e+05
2.981643661384980660e+05
2.551313763770209334e+05
2.064977039637955895e+05
2.931056107211068156e+05
6.472389566077732015e+05
8.480525121039068326e+05
1.636548510663041379e+06
6.841499809858066728e+05
1.878260743398799968e+05
1.715552190215635346e+05
9.982888574295666767e+05
1.322720468368247850e+06
8.305694132883220445e+05
9.229052335488937097e+05
2.106274593925949652e+06
3.738688572252607264e+04
4.922278365052555455e+05
4.457477234968849225e+05
6.072551713555691822e+04
1.100547726870562765e+05
3.404956105789401918e+05
6.950501726040092763e+04
2.705201418510938529e+05
7.020353149769354786e+04
4.451895960658127442e+06
3.463884134801786422e+04
1.465347985619080020e+06
2.416487317196917429e+05
1.697366986539629870e+05
1.642602025705398060e+06
4.496447932897149440e+04
1.352504591395795287e+05
6.363833127953913063e+05
1.209726844452532678e+05
3.919335249474929878e+05
4.140221645085519413e+05
6.158316175911022583e+05
3.971284440161590464e+04
1.163016696287473897e+06
3.000793406027871533e+05
3.412022887402417837e+04
9.650210346192202996e+05
3.984426262297532521e+05
5.964084894534730120e+05
2.877207128575306269e+05
3.582770244346243999e+04
1.205649187352978479e+05
5.463751369643555954e+05
2.325195155935691204e+06
1.686147279491408262e+05
2.113978316322343890e+05
3.094367805967269232e+05
4.339284951725053252e+05
5.294360986407491146e+05
1.039097450567535852e+05
1.504278998706659069e+06
9.158103866383657441e+04
2.636972717647791142e+05
9.351189276783149398e+04
6.499612103926106356e+05
1.204167820337803569e+05
7.616734108012515353e+05
6.675456161223923555e+05
3.152736917316234903e+05
8.367639765288389754e+05
8.138362843351167976e+04
4.196085090640683775e+05
1.167704987922835862e+05
5.353977625044214074e+05
6.500248426243818831e+05
7.287637268496996512e+03
3.796749863466612878e+05
1.238726338766063855e+05
3.485326599463841994e+05
2.355688133918171516e+05
6.543078507480451372e+05
4.713106712450429332e+05
1.006765607269032742e+06
2.124133821716363018e+05
3.093663015587060945e+05
2.917642224710699520e+05
8.809971648820053088e+04
2.192075698361094401e+05
4.445710706313369883e+04
4.186726400645713438e+05
2.744731822766027180e+05
1.857410139700813452e+05
1.751279090962160553e+05
6.066290085410808679e+05
1.620286757837341866e+05
5.088306630180624779e+05
1.109515885543817712e+05
1.892576926650563255e+05
1.242323691441622330e+06
1.674841154058853863e+05
1.698975367305853870e+05
2.674762263392512104e+05
8.853139762050141871e+04
3.345861981338361511e+05
2.169804431696277752e+05
4.804529660669871955e+05
4.526372325292194728e+04
2.131701035592142434e+05
2.637143085529393516e+06
1.947804028983518016e+06
2.481591145038383256e+05
2.256028655752675550e+05
7.586640231626281093e+03
4.514887407739393529e+04
5.123149593398158322e+05
1.596301706691508880e+06
7.002088468723060796e+05
9.932712738610114902e+05
1.230300172951007029e+06
6.419402017545915442e+04
2.185252500588491966e+05
4.785191715480111889e+05
1.461117943066374573e+05
2.438303851444267493e+05
5.248671535245430277e+04
4.177052439268798335e+05
2.908797668342620600e+05
3.237165753014432266e+05
4.109676842535019387e+05
7.955614778652703390e+05
9.882034035446842609e+04
5.884359304580411408e+05
7.465253110203948745e+04
4.464267092034978123e+04
1.411309563378074672e+06
2.951648526800797554e+05
1.527344215213120915e+05
3.431220566893465584e+05
6.414203513049603207e+05
5.740604714628487127e+05
4.534714876935051871e+05
3.095812701963681029e+05
7.047197815387856681e+05
5.047237595198491472e+05
4.942404542894557235e+05
1.035776278724166215e+06
1.095137853538387135e+05
1.612266507588343695e+06
8.675413851340454130e+04
1.088107951937673206e+05
3.537744486726158066e+05
4.166809355585553567e+04
1.109494951361056417e+06
6.673633754222893913e+04
3.142658686886390205e+05
1.362037023079483071e+06
1.670490680197608308e+05
1.410509213120527274e+05
2.170220325025747297e+05
1.736111138676510600e+05
2.495061544318996894e+05
1.218861943441497860e+06
2.524370053914841992e+04
2.974213351997238351e+05
7.706915113426442258e+05
3.460353559912056080e+05
1.884279788971625676e+05
1.033061227815892431e+06
5.137608307980411337e+05
7.457896224576022360e+04
1.192279007007639157e+05
1.149820011827010894e+06
1.026676763418844930e+05
8.999778779270070663e+04
2.910413044099365943e+05
5.961382037628015969e+05
3.814977744279566832e+04
1.006578301660900703e+06
4.968662695702159544e+05
1.380859261631359404e+05
1.214816367895974545e+06
8.227319967911071144e+05
1.661532455355551094e+06
1.426416882839519239e+05
2.756601889303806238e+05
1.596609434016139712e+05
1.514280643798486562e+06
4.895264772762698703e+05
3.843096837055087672e+05
6.239010911532295722e+02
3.534570853577847593e+06
7.062314225765721640e+05
3.316676342808114132e+05
1.435301830046863295e+06
6.014157610040979926e+05
1.129662600907107117e+06
1.493054206332304515e+06
2.148754557595983715e+04
4.557935161728353705e+05
4.676476360853393562e+05
2.730585226266726968e+05
2.191770476226856408e+04
2.139833186949249648e+05
5.350681467303787358e+05
3.982092678555455641e+05
1.144105921552139334e+05
1.071655133239565330e+05
7.654929843545690528e+04
4.331354215959729627e+06
5.563751782952306094e+05
1.249548325999395223e+06
2.530556401067356346e+05
1.850887192519011151e+05
1.019559500930760056e+06
7.041836972985582543e+04
1.093031938806985709e+05
6.423315220853532664e+05
1.012541499255429138e+06
1.961896317005524645e+06
5.737512322688521817e+05
4.311149053185139201e+04
1.688837338991107026e+04
2.575910839681632351e+06
4.648541253882844467e+05
3.265311575245209388e+05
6.718667024289955152e+05
4.328693541224151850e+06
1.922872699328274175e+05
8.958056738802517066e+04
1.599664620787773165e+05
4.315343157255307306e+05
7.149967244720560266e+05
3.071395347836715635e+06
2.405197623736654641e+05
4.267953084118266997e+04
8.936732892266678391e+04
4.830600332946230192e+05
4.146485592062409851e+05
1.516142591363201063e+04
1.888861709095302795e+05
3.368693707669774303e+05
2.628492288053950761e+05
2.453692376718512387e+05
5.737747941598504985e+04
5.021143494658313575e+05
1.681539343782753276e+05
5.714080303875568788e+05
4.664066328594137449e+05
2.204165462286876049e+06
1.793724352931474859e+05
1.238136800837701885e+05
9.836781221457584761e+05
7.647297463341915318e+03
8.526100936190886423e+05
1.397787799557969905e+06
2.937882602066227264e+04
1.066380078814110748e+05
3.944226331699199509e+05
1.118084503035856906e+05
8.975679817267830949e+05
2.146099123002705455e+05
4.768515599428646237e+04
2.695125431744985981e+05
2.111345045568020723e+05
3.872790233250927413e+05
2.593902790286486852e+05
3.328081081036489340e+05
3.421344036873069126e+05
3.866755138702243567e+05
4.706827208660749602e+04
4.968317983412107569e+05
5.272953049726549070e+05
3.236093443148293882e+05
6.415041149611157598e+05
1.939347715400845045e+05
2.544478301224728639e+05
1.689129307088743953e+05
2.462288432029045071e+05
2.717463585442548501e+05
1.128259730388853000e+06
2.293711489934390993e+05
1.091575275427681627e+06
1.921001401138505898e+05
1.940669949791162042e+06
2.127757309813011088e+05
3.421360034765797318e+05
1.019717432767475606e+06
6.958847528605503030e+05
1.795676465266432206e+05
2.284071753340544237e+05
2.372573102065969724e+05
4.184231091258809902e+05
1.804341629028840398e+05
1.093814742779404478e+05
2.478849391504292726e+04
1.141226792250540893e+05
1.222395367569091963e+06
1.274207870918984292e+06
1.812586324122487335e+06
3.224776221032152534e+05
1.289983476229646942e+06
3.237122872789374087e+05
2.026962386199606117e+05
5.133231545503895177e+04
1.508407814903210383e+06
1.141735501083544514e+05
3.483614996000043466e+05
3.077502015236810548e+05
3.735564173376845429e+04
2.630313244577380246e+05
8.422137020009839907e+05
5.422447937920602271e+05
1.365431170578042511e+05
2.251298978501273377e+05
1.551189171883653617e+05
5.231588689502039342e+05
6.400460941410363885e+05
1.321442180408247747e+06
2.303165306254135794e+05
6.650149817897417961e+03
3.434140751390705555e+04
2.486823909002099244e+05
1.514450940857066016e+05
7.078191692581529496e+05
1.231825889954763232e+06
1.596208760990063427e+06
6.498363835728495615e+05
1.038975219325403741e+05
1.541623990551217576e+05
4.534522047231857141e+04
1.340183065744908527e+06
3.432702992786237737e+05
9.636859601877382374e+03
7.145665554352459731e+05
6.793622970684858970e+06
2.983172158215696982e+04
5.774400270800683211e+04
7.282911795109068044e+05
5.775080491779061267e+05
1.389197131697918521e+05
1.342446241410188959e+05
5.520149211830666754e+05
6.297251170386805898e+05
2.887743838418066152e+05
2.433191233905183253e+04
8.744245628039324947e+04
1.186632694459539925e+05
2.712773415188816725e+05
3.396669200427687610e+05
8.175571384241785854e+05
6.901008307808999962e+04
1.632702678834660910e+06
1.859269785287498380e+05
3.667328107766149333e+05
1.957564930591638666e+06
8.358073973873730283e+05
5.810886997010189807e+05
2.730453409716176335e+06
5.454515347027579555e+05
3.867346378076177789e+05
4.935162921184173902e+05
1.436938065783962957e+05
5.798341940970884170e+05
3.927787203922985645e+04
4.043243625618962687e+05
4.338481987910591124e+04
5.644465143687900127e+04
4.954962570970500383e+04
1.572290531684824964e+05
3.379693703386507113e+05
1.427600529339321365e+05
1.307820067792572809e+05
1.099672136183664697e+05
2.420837525745989988e+05
2.361474612115045893e+05
1.067919860410632828e+05
2.321870568014718592e+06
5.164636785843537073e+05
2.041406687177583808e+05
1.333920375984183338e+05
6.591398200697448920e+04
9.361798461813601898e+04
5.669426337468948914e+05
1.546106962050068832e+05
3.005294044421735452e+05
8.229904851269671926e+05
1.868852077764962160e+05
1.199620286103691615e+05
3.046059727304934990e+06
1.069226307419511955e+06
1.723279907579533756e+05
2.006150355146653737e+03
4.888710625743311830e+05
7.317651695206003205e+04
1.429166186393914977e+05
9.328920923940999201e+05
8.798359252743230900e+04
3.292232754244456009e+04
5.281850116761528625e+04
3.826649402166018263e+05
1.125125675510823057e+05
2.149798251516948512e+05
9.566033766008580569e+05
9.174709412369286292e+04
7.678036816498452099e+05
6.340921017615913297e+04
2.348038972354452999e+05
9.485028655450342922e+04
2.615334463203223713e+05
3.189541949653445627e+05
8.076876220896106679e+04
4.246604389467365691e+05
9.769525238861471880e+05
3.883959171096971259e+05
5.252306466105814325e+05
3.866760550227451022e+05
1.870839332801638739e+04
3.186318930463251309e+05
2.236729501956651802e+05
1.028993921776699950e+06
1.499068148837541230e+06
1.101306944191329181e+06
5.648887298394959653e+05
2.111299306124453724e+05
2.889577876772787422e+05
1.092039897301628022e+06
2.436544102397507813e+05
2.187489667561480746e+04
1.821632599024584342e+05
1.868622310301343678e+05
1.362629536210796687e+03
1.963940424312404648e+05
2.873673575908375205e+05
1.652346471780334134e+06
8.167755069205722248e+04
2.935351860261523980e+05
2.325050433022429570e+04
3.920870999711276963e+05
5.002313686770510976e+05
1.311223070614324824e+05
8.308950526077442337e+05
3.398318113594278111e+05
1.207740681857168674e+06
1.155615121644101804e+06
1.394799100326072890e+06
1.214938090985977324e+06
8.475376142658472527e+05
5.134327996122058830e+05
3.823062285811166657e+04
2.808782696555809816e+05
3.017475728150429786e+05
8.479737548819347285e+04
2.248953652737692173e+05
1.371234903660416021e+05
4.126113564910461428e+05
1.145090579796552192e+05
5.085920366209354688e+04
1.740425198828780092e+06
3.804616933937862632e+05
2.501720492930653563e+05
4.368439911313928897e+05
4.489189998825162911e+04
2.167015321789220034e+05
1.526860391334601212e+06
1.505902629875873099e+05
1.818203450498923776e+05
7.116270411880574829e+04
1.234275083662011893e+06
2.905633197537136148e+05
6.485887371879714774e+05
9.932386748770923587e+05
1.026429868039467256e+06
8.380034849285602104e+05
1.806726345387024630e+05
2.955005772828598274e+05
2.400530865657981485e+05
8.605959085649836343e+05
1.225379398642354645e+06
4.945524778139357659e+04
5.456164043792166922e+04
3.163602276292751412e+04
3.997981455288922298e+05
1.849108789303505560e+06
2.855845159946579952e+05
1.253651677021410549e+06
8.371015543151173042e+05
2.043636974830513936e+05
3.557886996759498143e+05
2.128045985348056711e+05
1.235694258422193525e+05
7.985330498513457133e+04
8.793689465983823175e+05
8.291833783063071314e+05
3.383879206504760077e+05
3.016708375880658277e+05
1.463238536068774760e+06
2.711334674288540846e+05
3.009383517577825114e+05
1.347998534724748228e+06
7.082029660693299957e+04
1.852311144889323623e+05
2.161023206107332662e+05
5.288673600943397032e+05
4.366536281561370124e+05
3.708983622305799508e+05
9.926517149951198371e+04
7.817003443679907650e+04
7.506397774274065159e+05
7.906743099318300665e+04
1.567880526708709949e+05
1.515289060090527346e+05
7.585813595442423830e+05
6.180583074494995526e+04
2.092598793780612759e+05
4.088700232133665122e+05
6.456347387041432376e+04
9.309144645142703666e+03
1.369015813290369406e+05
2.822626365140349953e+05
1.933239109312506334e+05
2.431684552108126809e+04
8.479699307420739206e+05
3.462623406251075212e+05
9.094712999736357015e+05
1.294949538069580682e+06
1.337894306785316905e+06
6.373229315839606716e+04
2.760767957131632604e+06
3.916341175596081303e+05
2.427846509986667952e+05
3.862732272875967901e+05
3.074207553406254156e+05
1.497856510696368932e+05
6.276840536891755182e+05
6.249848802357312525e+05
1.964203126076002605e+06
7.540885059681264684e+05
2.486334105485634936e+05
2.518758767374724266e+05
7.050021618476414587e+05
1.904157079481026449e+05
3.676909695556386141e+05
7.620506650951714255e+05
3.440998602903030114e+05
1.210389174377787131e+05
5.361277938915771665e+05
1.185439175263636207e+04
7.840297535012540175e+04
1.880955033272956207e+05
2.118730189941718127e+05
2.412505475140821945e+05
1.958969769804973621e+05
1.128748197417188901e+06
6.630976912458245351e+04
5.064157969128112309e+05
9.329083652458202560e+05
2.695613616440143087e+05
1.853900989187311498e+05
1.608757183896875358e+05
4.759899234586717794e+05
8.043068112016457599e+05
4.487154944332735613e+05
1.468510037620565272e+05
1.313618942774994066e+05
2.404651738150951278e+05
1.333224882781008273e+04
9.883864895876629453e+04
1.532987648228150792e+06
3.118780146506095189e+05
3.894484914546606597e+05
2.767229171178864781e+05
5.643703652788803447e+05
6.314238478182577528e+05
1.901568056724546186e+05
3.701781969785973342e+04
1.569813525836673944e+04
6.168111913297367282e+06
2.149799408590355015e+05
1.036955433057251037e+06
1.208914370692395896e+05
5.075727266449998715e+05
9.709177902124069806e+04
7.048650483425856801e+05
4.577032219702390721e+05
6.655082902425801149e+04
5.644737932257652283e+05
5.382991561423989333e+04
2.731009900376795558e+05
1.000933494563426473e+06
1.243569384248974820e+05
4.904046774682920659e+05
4.684844713137215585e+05
6.721932121014862787e+05
6.979682665999217425e+05
1.708357352374265320e+05
4.290875695425776066e+05
6.622163854047996574e+04
1.464395477607993816e+05
3.377474705569118960e+05
1.516426828900002409e+06
1.286424385532051674e+05
1.896356068186344812e+06
6.429770565213807859e+05
2.464372563237461509e+04
2.418146358601685788e+05
1.367357137431906012e+05
4.629609143699822598e+05
5.793666235895681166e+04
1.310446400961072883e+06
2.378272698113725637e+05
3.253039045268477057e+05
3.293330525825055665e+05
1.795519351243101119e+05
7.119238630282858503e+04
8.735598124162531167e+04
1.029098103952139849e+06
1.180978645882392266e+04
3.996712668039851123e+05
2.907980964121050783e+05
1.170043181762147462e+06
4.367989205708159134e+06
2.357316402273293119e+06
2.129949057221125346e+06
4.914652795663389843e+05
8.138453366954894736e+05
1.644444166087611229e+05
6.484980658497307450e+05
2.790658649349192856e+05
2.648333630449380144e+05
1.432547999263745267e+06
3.835383117202165304e+05
6.790837541547928413e+04
7.132093456533658318e+05
4.201767511879188241e+05
7.622526481903755339e+05
1.744464037419237138e+05
1.019597503757090744e+05
6.925144778181824367e+05
7.762079237249803264e+05
3.647902433290429763e+05
3.374973786350096343e+05
1.411906363148131175e+06
1.831724641116093844e+06
9.498514820411275141e+05
2.283777875659244310e+05
1.252539096198043699e+05
1.237519085725477431e+06
3.001470936359762563e+05
2.577386188838557282e+05
5.212999672569781542e+05
7.232255754824620672e+05
2.076921394958534220e+05
7.479749695012541488e+05
4.160719763445628341e+05
2.387788633541117888e+05
6.715399642173906323e+05
5.147851755548585788e+05
3.362687113813225878e+05
1.122583451128523593e+05
7.608388663555459352e+05
8.122966547196856118e+04
7.215022979303108878e+04
2.550913314177394204e+05
4.909974979175738990e+05
1.072386474238010589e+06
8.243278020309099229e+05
3.004236084944497561e+05
3.739793040073063457e+05
1.840627626492125855e+05
2.893544340218026191e+05
1.094382053402402671e+06
2.896225450029656640e+05
7.038966505748424679e+05
4.698433050270177773e+05
1.123242080568489619e+06
2.381314813098109735e+05
2.053780194159418461e+05
3.537410682977427496e+05
8.175134153737558518e+04
1.776293253103431780e+05
1.926380227432071988e+05
4.135534349878524081e+05
1.727183865883375751e+06
1.505326262515765848e+05
2.413901377260143272e+04
1.108157166024473961e+06
2.236291612554161809e+06
9.811878447952640709e+05
2.634763762999514001e+05
1.510296832067389507e+06
1.289319959442725667e+05
2.801555005680420436e+05
2.133400651518435043e+05
1.129459868221350625e+05
8.683443377986501437e+05
4.002225163115612697e+06
1.077396010058108484e+06
4.816872744284783403e+04
3.002169390779190580e+05
2.331265567045621356e+04
1.443857298914762214e+04
5.310323560463149333e+05
4.184265116758015938e+05
2.981283865388744161e+05
1.949819299023315762e+04
5.025379148196494789e+05
6.236826244735762011e+05
2.392046002981895115e+06
9.863725561180191289e+04
9.572240274407040561e+05
7.689747903293244599e+04
5.032910537286835606e+05
1.251223848578226753e+06
7.497561971104687836e+04
4.623239283986355877e+05
8.078548680209687445e+05
1.950711214526532058e+04
1.250111273624856956e+06
1.234495588889541803e+06
2.692195558154665632e+05
2.476221050304114469e+05
2.593752326747963380e+05
1.995356738410338585e+05
9.637624376783036860e+05
1.665029032388606283e+05
1.012805756343186717e+06
6.881503817365908762e+05
1.130732095267979428e+06
1.178271973095014924e+06
4.162631821157097002e+05
6.194991643065141980e+05
8.571952621643936436e+04
9.576561017238509376e+05
1.034858722426063265e+06
2.074183079816749960e+05
9.603007794632771984e+05
1.051273744086937804e+05
8.277284907514617953e+04
1.214205334465378895e+06
7.811459442253304587e+04
3.639403656939999200e+05
4.481012437369240797e+05
4.593703916595719056e+04
1.232160468727658590e+05
2.385824967761813896e+05
6.310738408128165174e+05
4.985805752154794172e+05
2.434433956622479600e+05
1.303121273117747478e+05
2.097259706780421839e+05
4.219960706359236501e+05
9.926053446194069693e+04
1.876970767890896532e+05
4.782036135871873121e+05
1.302028805425921688e+06
6.025822589289946482e+05
1.551507500132855203e+05
1.180901388174799795e+05
1.321478042588687036e+06
3.123144570973563823e+05
3.141921390315059689e+05
2.093757745188820118e+05
9.495729963486354100e+05
7.812703920945034770e+04
7.913944359968962381e+05
1.307871144640963757e+06
4.661938104040229227e+05
8.096390528408557293e+04
5.947215472809811763e+04
1.915289552948763594e+05
6.954586195502679329e+05
1.264236084321988979e+06
4.874447544776544673e+05
5.138145446711303084e+05
1.140397345909632510e+06
1.106402986199688021e+05
4.724515385316343163e+05
1.374709306272353570e+05
2.444701822552012527e+04
2.607576933183285291e+05
2.693533700453366619e+05
1.309092039972680504e+04
6.084552418363451725e+05
1.650362095379187376e+05
1.937810650367557304e+06
1.123795629473067493e+04
1.823963071827004023e+05
7.416432307397582335e+05
1.225513056873706664e+05
9.075065500508587866e+04
7.005761670976021560e+05
3.328568470548714395e+05
1.841913171052934777e+05
1.161902087277022511e+05
1.037591331378180883e+06
6.857017148379427090e+04
1.373691801263340458e+05
2.686654401558582904e+05
3.664512941822224529e+05
2.709474559668974020e+06
2.001691670527287060e+05
1.406153860761253745e+05
4.107348288556376356e+05
6.206815809533564607e+05
2.737676612272094935e+05
2.798803846172575722e+05
6.444537193093611859e+04
9.793115951776767615e+05
4.787337848013644689e+05
7.256139508961721323e+06
3.996563264839723124e+05
7.557746830036340980e+05
1.670395751931228151e+05
3.664420439760676818e+05
2.355281230850904540e+05
9.547610387954191538e+03
2.116793520210573915e+05
1.053680753405003488e+05
2.068691616897069151e+06
7.166561823106248630e+05
3.076320346150817204e+04
2.922503248103636783e+06
1.413958575226571411e+05
7.578428507851544418e+04
6.091988920203758607e+04
2.129858763957488118e+05
2.844333899943220895e+05
1.860414037083338946e+06
5.892781602943929611e+05
5.235563099200007855e+05
2.533547360026561655e+05
4.716905339665134437e+06
8.115445394575297541e+04
1.279016115344612161e+06
2.006224509123955504e+05
3.682558166444637463e+05
2.397086374394674785e+05
2.755865438807233004e+05
1.594064885426648252e+05
1.909011002264614217e+05
8.587280420994511223e+04
5.969738749611445237e+05
6.690427811817101610e+04
3.210072394781131152e+04
1.505128672544290894e+05
1.809530752375010925e+05
7.231561954909658525e+05
1.678709104929296591e+05
3.722554428542814218e+06
1.348933729442183685e+05
6.025734930749434279e+05
7.455380871627449524e+05
4.807470154862881755e+05
7.901982242048061453e+05
2.556500440200425510e+05
6.288936010488964384e+05
5.922356605012720684e+05
2.843722548287837417e+05
3.716026825255085132e+05
1.094550324330739677e+06
5.851851588062157389e+05
1.130098740847219160e+05
1.305896145556422416e+05
7.213710350194887724e+04
1.523918819596349495e+05
8.053893918121296156e+04
1.781217110589772346e+05
5.859578526824554428e+05
5.173307884609479224e+05
4.517278649347919272e+05
2.310370054932107683e+06
6.500192081102182856e+05
3.314009376618412207e+05
4.639359661652334034e+05
2.359755859765644709e+04
1.598025627618446946e+06
1.009557169121914310e+06
8.487693122101598419e+04
2.014208222474324575e+05
2.164469496395704919e+05
7.203775252853053389e+05
1.085764213884169149e+05
5.026234194536285358e+05
1.086178904101630906e+06
3.464260120176452911e+05
7.687952865817294878e+03
2.533481717043750905e+04
2.194006838786459411e+04
4.180955750855742954e+05
2.597146146534607851e+03
9.951246724575599364e+04
8.323129507741979614e+04
6.035162339625894092e+05
7.867325817452769261e+05
9.514732391403762158e+05
1.193813930918496626e+05
9.475976657279755955e+02
1.772886256030863151e+05
4.813136844898347044e+05
7.817911160087287426e+05
2.683982351388516254e+05
8.054737529582461575e+05
8.711143819434846228e+04
1.709914258237992472e+05
3.650038444967265707e+06
3.590867131442276150e+04
3.006921983164949343e+05
1.964483268963156152e+05
1.823473811638022016e+05
2.138948003154457838e+05
1.656673245937643806e+05
1.005964770670293074e+05
5.032327447494573426e+05
1.139189449478470924e+05
4.869787256924461108e+05
1.151145677226224361e+05
3.672338482211232767e+05
7.721451072669459973e+05
8.779402781598670408e+05
2.711357862354946323e+06
6.401748768508684589e+05
1.706199601854915265e+06
1.065619643033658067e+05
1.575476857786002220e+05
2.946242275850627106e+06
5.123491882683390868e+05
6.188061957156194840e+05
2.921440415618421393e+05
7.230300432168123079e+05
3.278745146284382790e+05
2.457657931912331333e+04
9.578029956864997803e+04
4.803342014756387216e+05
4.325198584453966469e+05
1.853301129614108009e+06
1.413107590212527197e+06
2.261712888726681122e+05
9.175294188958768500e+05
4.234313820055737742e+05
7.662017456712311832e+05
5.844506931274120871e+04
1.518112774353430723e+05
4.689435788328275521e+04
1.934094114526889171e+05
4.490441799815236009e+05
1.729615938483358361e+06
1.088895948752309923e+05
8.131999925558260875e+05
4.688999181768642738e+05
1.529678639558368595e+06
2.917197311211967026e+05
2.531514815922370180e+06
5.756873383036301238e+05
1.388926816081175057e+05
8.061380889584915712e+05
2.113554003330981650e+05
4.358776422640537930e+04
2.121323402553833090e+06
2.824291337302502943e+05
3.040796761762223905e+05
1.953515361057857808e+05
8.692139190631186357e+05
4.747397319749237504e+05
3.372305079142344184e+05
3.326784505988138262e+05
4.842108965121766669e+05
5.162109176597444457e+05
8.606584209876811656e+04
1.232309201494127774e+04
4.055063069665777148e+05
4.776881645669214777e+05
5.003140500051001436e+04
1.438264101037399632e+04
1.349809895693224098e+05
3.666099549336872878e+05
2.375069366285680735e+05
4.931092647430948564e+05
3.005138312305692816e+05
3.028483138641129481e+05
1.412013936515709247e+04
1.212295235508372425e+05
4.111748669804620440e+05
3.291347953045079339e+04
4.287583098260995466e+05
5.194644049884904962e+04
6.243897554027694423e+04
1.449764941025463399e+06
3.778884376600020914e+05
6.722636939604999498e+05
3.581824697511562845e+05
9.641234264258328767e+04
2.450977017520394584e+05
8.278064560362199554e+05
3.688498036228534329e+04
4.497373820245919342e+04
3.398908223610660643e+05
3.529129486389719881e+06
7.936554616378461942e+05
1.167878105830554705e+05
1.855434924154161708e+05
4.774701648084877525e+05
6.532762218051759992e+05
3.256949929106501513e+05
2.248648339500608388e+06
2.761524656180124148e+05
2.478840690737554105e+05
2.235469117566983914e+05
5.012080139993183548e+04
6.378717587574400241e+05
1.585939953831912135e+05
2.790385904406000045e+05
7.643941908931510989e+05
1.331980666385186487e+05
7.036325379253063875e+04
3.097037777118305094e+05
1.011007692460860271e+05
3.835787624422251974e+04
4.613749280117438757e+05
1.999676536928906105e+06
1.091728491881923110e+05
2.838361117496610968e+05
1.384852484449310228e+06
1.412928299974862020e+05
1.146163092233246862e+05
1.685613504176159622e+05
2.287441343639093102e+05
2.311535604636006523e+06
1.078129340521773789e+06
6.898698067523798672e+05
2.643386375069581554e+05
2.306037704110783234e+05
9.192379772424377734e+04
2.184772231847082439e+05
5.465034856191696599e+04
9.231611619363677455e+05
5.026642693364373990e+05
3.322810263286282425e+05
1.786926077786407259e+05
1.862544908928432968e+06
1.064243247512332862e+06
3.340434808275008691e+05
1.142607928653017152e+06
7.113242152451130096e+05
7.975977418108472193e+04
3.581290806349584600e+05
8.519250999787088949e+05
1.240487283381436719e+06
3.303502770307214814e+05
9.467126325290766545e+05
8.542580760130870622e+05
3.538416630095258006e+05
2.647647488781021675e+05
3.390538475896871532e+05
2.299998979272935539e+05
7.582576217735248792e+04
5.483986111856577918e+06
1.222994516873309767e+05
2.256740560859014804e+05
3.924783962001733016e+05
2.496167571795082476e+05
5.612231231538425200e+05
3.620716712614771444e+06
6.003748862808740523e+04
3.106564409793062950e+05
1.567011780209744757e+05
5.093182638770513586e+04
1.683974863895406816e+04
4.255903156484363717e+05
3.284808245434158016e+05
3.401848279470610432e+05
1.174052833724824246e+06
4.935992816668479936e+05
4.157405367308896384e+05
9.856407591959122801e+05
9.341814504699637182e+05
7.947899891164579894e+05
1.237839086125376780e+05
5.371732293914471520e+05
2.816270597892572987e+05
4.124115301536414190e+05
8.470616138736990979e+04
3.868529015380427008e+05
1.031675762063174334e+05
1.299145030204609502e+05
3.913775713058189140e+05
2.108769776512975339e+06
5.930662773051749537e+04
4.583870761894331372e+04
1.203873115557572601e+05
5.906591457480445388e+04
4.775770376758083585e+05
4.018767551006978611e+05
2.184599547289317416e+05
2.521170683900417644e+05
6.938350506479096366e+05
4.105081388831260265e+05
6.404425939517091028e+05
2.061085511079399614e+06
5.647656989269548794e+05
1.139835742328165798e+06
1.040813670951628475e+06
6.215353711423308414e+04
6.553179119329607784e+04
2.404033300120293279e+05
2.936478710256712511e+05
1.332041339448610088e+05
1.446026617965143407e+06
2.930733915480438736e+05
1.289489966823678697e+05
1.056295287832592614e+06
1.001632969009103253e+05
3.585251646136370837e+05
3.121691941969094914e+05
4.081794235286516487e+05
9.355917753040083917e+05
2.297323493489305838e+05
1.025538357033623150e+06
2.283012182365389017e+05
1.893047853811469759e+04
3.501831682830777718e+05
2.426171642817189859e+05
5.847680494759483554e+04
3.075675865812310367e+05
9.639680019675802032e+04
3.616144145726488787e+05
5.266519710336665157e+05
6.207153161872433266e+05
1.154837054497522913e+05
6.440921583194885170e+05
3.402960806674881023e+05
1.485716907470627048e+05
1.066854013194143336e+05
4.363260199135969160e+05
3.508442612781187927e+04
4.835775429607419064e+05
1.234074491458444099e+05
3.033131451765830279e+05
7.674468411741476739e+05
1.095655305350631010e+06
8.258249829133554595e+05
3.159586735411890317e+06
1.258132185848982306e+06
7.531009401660365984e+05
5.751792958444655960e+04
1.164362253225158202e+06
1.223594159023636486e+06
1.728427551464431686e+06
7.968327421569036087e+05
1.641498180198807386e+05
1.181616892619822029e+05
5.023925089882817119e+05
1.375958247839325340e+06
2.630578978928503930e+05
1.195044135717296740e+06
7.165247844885875238e+05
6.805233451561082620e+05
9.800781056147217751e+05
2.558011251307114144e+05
2.830218091864213347e+05
7.193417580965629895e+04
2.007957709063809307e+05
1.385118849292980507e+06
1.520903067189695779e+06
8.917430186960466672e+05
1.045804796284054173e+06
2.761666652669433388e+05
4.183792708943173056e+05
6.798118004439237993e+05
2.560175755728571385e+05
3.238546833664578153e+05
1.078361089541286929e+06
8.501795205032784725e+05
1.291339306148599826e+04
1.081555186889762408e+05
5.146280116268889979e+05
6.788133374922623625e+05
8.500798222419968806e+04
1.548893122298986709e+05
5.960075691462956602e+05
8.910552254361829255e+05
7.173832117053477559e+05
1.904561989471657143e+05
8.864865702657289803e+05
1.323899966150285909e+05
1.140015081045145635e+06
2.155395379833640531e+06
3.691869082174047362e+05
2.855229988425396150e+05
7.919463492552209937e+04
3.472586123594670789e+05
2.166348158791558526e+05
2.786207786796463188e+05
7.293769241402898915e+05
1.473465303702504025e+05
1.894315633444197010e+04
4.556231759638057556e+05
3.175649129563482711e+05
2.676416148871630430e+05
1.701591295088884362e+05
2.936428809809936793e+05
1.280326709692267759e+05
2.286061681997700070e+05
2.674167057748457300e+05
7.751602264827478211e+04
7.997146357228474517e+04
1.821895091017967497e+05
5.589111666727541015e+05
5.077179820813210972e+04
1.936475323657284316e+05
1.743373147703878058e+05
4.458851171036239830e+05
1.664063577117964858e+06
2.084910578806961188e+06
1.229852500672613969e+06
1.249973714442878700e+05
1.436360861417689302e+05
2.811347039311337867e+05
1.738851998863001063e+05
2.874723169247705955e+05
1.374737604189633275e+05
8.828147471946376027e+04
3.115764762784815393e+05
2.430623027135578377e+04
5.405824126354636392e+05
2.788449956055185758e+05
6.745192821086528711e+05
1.262116472636009566e+05
5.750797207540291129e+05
7.201160923278431408e+06
1.310391924992692191e+06
9.968426860496026347e+04
5.704873696235397365e+05
6.948634583587030647e+05
6.225545997976504732e+05
1.319677265066466294e+06
2.284367112515697663e+05
5.534141193671674700e+05
2.506709174558844243e+05
6.587680558842963364e+04
2.165148243372238940e+05
7.402839007088809740e+05
1.311377765947382841e+03
1.039433907375919982e+06
1.584764856192225416e+05
2.606220146363944150e+04
9.188691527585160220e+05
1.423655973289041780e+06
8.406047078312252415e+05
9.837338111524853157e+05
6.518445804975840729e+05
5.543492575100414688e+05
4.062172925045625016e+04
6.647722531898457091e+05
5.456426711575612426e+05
1.525174113911643857e+06
1.645887197363503947e+04
1.917370053652803181e+05
7.666928915443803417e+05
6.402682161710110086e+04
6.164713709445062559e+05
1.180774773380075785e+05
2.320613967179419473e+06
6.329055813237093389e+05
1.129289096356373047e+05
6.719126306150422897e+05
1.472055770729667274e+05
2.970308942736839526e+05
1.080847590470868308e+05
4.683705955915247905e+05
8.888258435582793027e+04
3.139549846208958188e+05
1.257190095937855367e+05
5.165096353236362338e+05
3.598017072339595179e+05
5.431482467832987895e+05
1.618912773968456604e+05
3.588842874678466469e+05
2.006597144827055978e+06
4.175216620820218668e+04
1.379070899190514465e+05
2.510364984210556941e+04
9.943079041926456557e+04
1.954123549068113207e+05
1.093319961627338198e+05
1.504336531118162093e+05
8.803333491302024340e+05
5.745291958165629767e+05
3.313768476910672616e+05
2.944226440647650161e+05
5.322176670637673233e+05
6.851422813492784044e+05
4.936531738390001119e+05
1.960880436602345144e+05
3.474051279666648479e+05
1.106917171955396625e+05
8.465865025415825658e+05
7.926789911817623070e+05
2.740704172394407797e+05
4.201113907508846751e+04
1.019677161451876746e+05
2.623121017258754000e+05
3.590545842546370113e+04
4.378028525339625194e+05
9.557724535834122216e+05
3.715760716398594668e+05
8.428423855147592258e+05
4.110967327701143222e+05
3.669298924643637729e+05
3.423769939896724536e+05
1.173346764748193382e+05
6.411419010030303616e+05
5.573501246061432175e+05
4.736470838198767160e+04
1.232658822081089951e+06
1.794798514619540656e+05
1.523232065673211764e+05
9.364695195948205655e+05
1.872810189751858707e+05
1.645532211947290343e+05
2.506838372300938645e+05
2.767394701219500857e+05
5.666295649924028839e+04
9.077840933732247213e+05
2.790171405366194667e+05
6.658182836473167117e+04
6.300323731960664736e+05
1.209278926968685701e+05
1.419650646093744435e+05
8.169593102892461466e+05
1.379164435589789064e+05
4.164311962959602824e+05
1.559712664858575154e+05
3.593611896603568457e+05
2.673070525441078935e+05
3.450706295283708605e+05
3.659514533478092635e+05
8.354517585411242908e+05
4.820481833664089208e+04
1.367594702169018274e+05
3.639562510447386885e+05
8.658384750197078392e+04
2.255370328664523258e+05
1.370009468899992760e+06
8.944659782396034570e+05
2.490782408092363039e+05
8.640581532806782052e+05
9.013427291304586688e+05
8.296953346522719366e+05
1.499704234536371194e+06
1.906841858665325213e+06
2.521822824335460085e+06
1.279943657374529867e+06
2.760110966797712608e+05
2.493934774262013379e+06
4.607782241041543311e+05
3.334929233502445277e+05
9.321803617629229557e+05
4.401402102294701617e+05
2.190678434031333600e+05
2.818070168067024206e+05
6.752170385804397520e+05
3.058140144519917158e+04
1.425820955218306975e+06
9.877050402857582085e+05
5.245659396125679632e+04
7.953491616366836242e+05
7.387047441495849052e+05
1.376844868005475262e+06
3.453583529746560962e+05
2.487563653254394885e+05
1.779826312579342339e+05
5.057853225591572118e+04
8.755078318393761292e+05
3.446881614717991906e+05
8.376938611607049825e+05
8.309208915386795998e+05
4.069559551704861224e+05
1.569299960466321791e+05
2.892686106471899257e+04
9.964118837856294122e+05
4.851462790060123079e+05
1.442861780813100995e+04
6.524294450082826661e+05
1.803849005080199568e+05
6.023311402080853004e+05
5.260719099745365093e+05
1.296602027465683874e+06
1.559317259935976472e+06
2.426135660903875760e+04
1.365128790342717664e+06
2.463543811069057323e+06
1.107734865116394067e+05
2.108281028036134318e+06
5.494970496451829094e+05
1.041114362610310083e+06
4.126435580937696155e+06
1.506081691544693313e+05
6.759575974002692383e+05
3.266579341630412964e+05
3.774926756799513241e+05
4.244235955036482774e+05
1.657631735382259649e+05
9.402102217560779536e+05
4.095958527437197627e+05
1.621498082057537744e+06
4.595089175170360832e+05
3.424216867671827204e+05
1.549074965839672077e+05
1.406239874913112260e+06
1.245917465384609968e+05
2.816040928645003587e+06
7.831967095842662093e+04
2.219124910009643354e+05
2.923570629112810711e+05
1.231228922960898606e+06
7.220810827585230581e+05
1.855971240079707932e+06
4.585610189268067479e+05
8.292923597815297544e+05
5.670063280278339516e+04
1.916478987741032906e+05
6.206425332668693736e+05
1.232461615278033772e+06
1.728199973873316485e+05
1.166026216208686354e+06
3.647257153233449208e+04
1.036306908725445508e+06
1.385493092660729017e+05
7.408436896836351370e+05
7.461797303957554686e+04
3.320815010395485442e+05
3.119661777110316325e+05
1.379683553305776441e+05
2.804947286816406995e+05
9.357931193801960035e+04
2.907459054620458628e+05
1.700410265932502807e+05
7.156070314801993663e+04
7.208758079656620976e+05
2.925562966371678049e+05
3.593459165884518879e+05
1.057549596315457893e+05
2.952836103511168039e+04
1.359467509931224922e+05
9.009398706828402646e+04
3.368978954394005123e+05
6.630186200082906289e+05
6.635728850408928702e+05
9.132680214540009911e+04
1.605455587990642758e+06
7.358576872607580153e+05
5.130578882449500379e+05
2.745323201599270687e+05
4.105982348145823926e+05
3.802688705299497087e+04
3.684965612429497996e+05
1.002546213005061873e+05
1.067411702398149762e+06
2.853015062828750815e+06
1.156593111501295352e+06
2.295801011959532389e+03
1.966697731868349947e+05
1.846659921143759566e+05
4.518577306354137836e+05
1.515897835544477857e+05
1.042713784879135434e+06
4.402612172103738412e+05
3.325856023596632876e+05
4.378188464319912018e+05
2.340511308327575098e+05
3.300935559344261419e+05
5.336809598071388900e+05
2.818478490562748048e+05
2.744964009216721752e+05
2.420453769902978092e+05
3.126891226516257157e+05
3.087785841810602506e+04
1.072888009127228055e+06
6.201227906592687359e+05
3.391312731911801384e+05
6.681842286013087723e+05
2.346612187911882647e+05
4.948723061661303509e+05
2.969980455328379292e+06
6.568716927995571168e+05
2.036996019383987004e+05
7.442949687122908654e+05
5.922240486452935729e+05
2.188640419435597025e+06
3.605648127296919120e+05
6.662307725606957683e+05
2.116846382531836280e+05
8.228160195210099118e+03
1.053582671666982584e+06
1.331170128318943898e+05
3.082679539840595680e+05
7.595883120158578968e+05
4.303252156050968333e+05
2.303102876352921885e+05
5.508169293307944899e+05
3.238250444245670456e+06
2.455594656194050331e+05
1.027233654913390201e+05
3.368053493038433953e+05
5.578236566494884901e+05
6.399924339688597247e+05
6.812493341333456337e+05
4.856763828313809354e+05
9.884428873922419734e+05
3.582998568513455393e+04
3.348761034568505711e+05
4.609443787342024152e+05
2.674124974806210492e+06
7.335675467023167294e+05
3.730398512535568327e+06
2.340249124206240813e+05
1.150193159021958709e+06
1.826806189122159733e+06
1.316533763128594146e+05
6.266200342795107281e+04
6.921808336463437881e+05
9.698350970064577414e+05
1.208283463031027466e+06
1.938825753326033373e+04
3.311191444087115815e+05
2.876482199825393618e+05
2.200737249691186880e+05
3.587245358726019040e+05
3.697762425670998637e+05
8.027228851909192745e+05
6.073850989162850892e+05
1.328575114937241015e+05
8.817073487806349294e+04
8.168536986534669995e+04
3.395931225274273893e+05
6.417724615197917592e+04
9.272132334516808623e+04
1.300452089337048819e+05
1.807653790009098011e+05
1.736710812517195518e+04
3.064211170361284749e+05
2.083397103719419101e+06
2.181245906882711221e+06
3.521668362245205790e+05
2.611356134047715459e+06
4.370721209989486379e+05
4.314504503787818248e+05
2.435600857263125363e+05
2.242769203152355331e+05
1.437725041978215741e+05
5.216561001853337075e+04
5.325490233267428121e+05
2.491060366467524436e+05
4.903324021344226203e+05
1.199150428665371146e+06
1.252911106063286774e+06
4.802177518067087512e+05
1.812351342786744935e+05
2.367558465304774654e+04
3.030178782462243544e+04
2.654884026769169723e+05
1.404997022376055247e+05
1.267222213841526245e+05
1.670835715106496646e+05
4.657295855822801241e+05
9.756019240810658084e+05
1.112734633869749377e+05
3.683289954706170131e+06
2.856280929320338764e+05
1.151010177522041631e+05
7.561957648973173928e+05
4.519985514687944204e+06
1.463761504429520865e+05
4.400045629682169529e+05
2.647819503524638712e+05
1.599911093997330870e+06
4.838655694785507512e+05
1.684494041162357607e+05
3.143409660452964599e+05
5.310022733694717754e+05
1.973409679198238009e+05
6.119392601179950871e+05
1.091631577606762585e+05
4.808998820314170443e+05
1.862458070596445585e+06
7.540200526330566208e+04
3.624911100060094614e+05
5.004982819688870222e+05
1.886624073837604374e+05
2.586728268442839908e+05
2.824684604762921226e+05
9.326106043737051368e+04
3.995560085862557753e+04
4.021117272963093128e+06
6.100143370777516393e+05
1.195108751369753882e+05
5.745508970795036294e+05
2.940655172245161375e+05
5.429676935678592417e+05
8.376601316722210031e+05
1.394096983123306418e+06
4.683461405744638178e+05
3.931145133652267978e+05
1.765393779138909653e+06
5.953179094686147291e+05
2.721373492819102830e+05
4.074077721452251426e+05
3.580427241081871325e+05
1.091599625536562875e+06
4.168299419386870228e+06
2.196851683798209764e+06
9.436412969561848149e+04
5.034305231032129959e+05
1.709006723782456829e+05
1.105571822920595529e+06
1.212986324199082810e+04
5.784607409683773294e+05
1.488849541759456624e+05
4.038220655419178656e+05
8.428051531408050505e+04
1.360701672308033332e+06
4.860613500017340411e+05
5.873343419555926084e+04
2.860524338822062709e+05
1.352725814315070864e+06
1.277908443739767245e+05
1.355786492165721487e+06
6.861828696969626471e+05
5.639136365951692278e+04
5.057252467071275896e+04
2.187366426549039315e+05
3.182220104733919143e+05
3.673749356675809249e+05
1.336349653079234762e+06
6.873678878668583930e+05
2.423408985417760268e+05
4.807308715627192520e+06
7.172254640818345360e+05
7.689676990697684232e+04
2.433868075508855691e+05
2.529454635780987155e+05
1.992444462072557537e+06
2.451738877719687298e+05
3.977310798656433471e+05
7.860273307492288295e+05
8.656687916921493597e+05
1.299648507213505218e+05
6.052138882126798853e+05
2.516354676222844500e+04
4.928427819769909256e+05
1.232558476803439589e+04
5.351529347579585010e+04
1.010582001958486624e+06
1.506620742538847728e+06
2.583218057781342359e+05
1.260350871401863638e+06
1.433997722627389885e+05
2.130007266732893186e+05
2.036607738777708495e+06
1.338048331321874401e+06
1.109449197025916539e+06
1.490269278118407354e+06
7.240949382694844098e+04
4.878529134584410349e+05
1.684496052786743268e+06
1.155363723023158032e+06
5.942536417832876323e+05
3.104692049068310880e+05
