3.776330224995328463e+05
4.810944906560083851e+06
2.620232463458336715e+05
7.973123807717741875e+04
1.238425648956486490e+06
2.714252949690182577e+05
1.494473744513755373e+05
1.388695696486637462e+05
4.383556618050004181e+04
4.179482467107920093e+05
2.529301197417116258e+06
2.404835066635294643e+05
3.128167460066322819e+05
8.416499847182248777e+04
3.747329627770366642e+04
1.127994393151794211e+05
1.436626952634880727e+05
3.588298612580848276e+05
1.202890194836467272e+06
1.527710741247997619e+06
2.462388631066593007e+04
3.306597821295548929e+05
2.943212518714110483e+05
2.948031893620511983e+05
5.749686020029273641e+04
1.656427416574981296e+06
7.968183076001871377e+05
5.941783506755877752e+05
1.345754472018826345e+05
5.790779782493724269e+03
5.021412126521372702e+05
8.117810405825115740e+05
1.421093357771471783e+05
8.698046958842755994e+05
6.429699610993637471e+05
8.473846884769578537e+03
1.315922850807602226e+05
1.296990340643439704e+05
5.426756797909301240e+05
3.490741376993302401e+04
3.512969678650985006e+05
1.149673371691336215e+05
2.335828133387867128e+05
2.382018909062754537e+05
7.197767823693417013e+05
9.598847068437604466e+05
3.789046722845940385e+05
2.667763401319754485e+04
2.365794638838682731e+05
1.081368680779684102e+06
5.624562209068759112e+05
3.430473792324865644e+04
2.311740509214376652e+04
2.329796678002414992e+05
1.358806008049483644e+05
2.211262722972104675e+05
3.136140249494354939e+05
1.261081061086570611e+06
4.163788576940571511e+04
1.425709349938494153e+06
5.422060077169766882e+05
4.049343232052615494e+05
6.518368964433635119e+05
3.388748625377998105e+05
5.057645270839132718e+05
2.288390882360397663e+05
5.299923869176037260e+04
5.983264572941479273e+05
9.418731177198778605e+05
3.725004327623501420e+06
3.013348183773818309e+05
3.299311758480780758e+06
1.685670198751846619e+05
5.310751820358926198e+05
4.655283628667636076e+05
1.414414664341055322e+06
5.120228059215078247e+05
2.706677548158504578e+04
3.400722520672562532e+05
3.104668791057383642e+05
4.540531213340082904e+05
6.051802915269627701e+05
6.640044997001778102e+05
5.141993438277496607e+05
2.043828640434597619e+05
1.724518226908479119e+05
8.007730929780480801e+04
8.366065558112900471e+05
1.296650553243102273e+06
1.157285256013228645e+05
4.541769557866438990e+05
2.663987859268470784e+05
3.171817801829807577e+05
1.888579536444626283e+05
1.371925085885114386e+05
7.262919950747552502e+04
1.793558250327807036e+05
4.071233131080269231e+05
1.063638049273827492e+05
3.885788668561155791e+05
1.163755601127139758e+06
1.992048913768033381e+05
6.862202767910537659e+04
5.788952622078328859e+05
2.311543711987274000e+05
1.880451783660920337e+05
1.928737177035953209e+05
5.369551681018184870e+06
1.935798440879670205e+06
1.682485148527221463e+05
1.011759098026196443e+05
1.302865989558955043e+05
7.950028881899345666e+06
3.376768718638428254e+04
1.994511497288724640e+05
3.682832879162275931e+05
3.823179004529193626e+05
7.955499432764236117e+05
4.615515931958458968e+05
9.072216403857258847e+05
1.221566513715470355e+05
1.977893241283877796e+04
2.735552356971779373e+06
1.709460529291261337e+05
9.098138684815881425e+04
4.400026517967252294e+05
1.299691997841928154e+06
9.614349459431582363e+04
6.373353183469799842e+04
1.232246817870013416e+06
1.087257645347771002e+06
1.562571198862408892e+04
5.915607638019146398e+05
1.225880461611766659e+05
1.381442987660372455e+04
4.737860162812256749e+04
1.103263443105229380e+05
1.739727693092214759e+05
5.493381974860586924e+05
3.880159998053242452e+05
4.144206257748884382e+05
9.991386584277561633e+04
4.348283838671400445e+05
9.798664003258085577e+05
4.885690403940715478e+05
2.843792514183169696e+05
3.499282361267973320e+05
1.155244763737382164e+05
3.533062188514511217e+05
5.486210155174811371e+05
9.817120644340999424e+05
2.811700087085101404e+05
1.148932814071814530e+06
4.246064255285099149e+06
3.968908115520683350e+05
1.253694352239144268e+06
6.466954135051637422e+05
2.878847111095215078e+05
8.046843458678964816e+04
2.922804097340622102e+05
2.544912122423614201e+05
3.962092883259246009e+05
7.792912402304789284e+05
3.078824744338147575e+05
5.646845233133712783e+06
2.608019328617948049e+05
6.168348230405078502e+05
7.658925105841497134e+04
1.145430313650500466e+05
4.392279643990996556e+04
6.871419712142569479e+05
5.123306251749917283e+04
2.297456256661579246e+05
5.215379204716992099e+05
2.873375827690035221e+05
1.785594632280608930e+05
7.445637548051727936e+05
3.465137956143233168e+04
1.224132324816615583e+05
9.964730109036887297e+05
1.635127862066302449e+06
2.086428184277959517e+05
6.699233060814378550e+05
1.639701865667188540e+05
4.524478221312200767e+05
5.068471748747749371e+05
2.729750270569174900e+05
7.862992673493229086e+05
6.478037629420086741e+05
5.038884737619293737e+05
5.505790985494100023e+05
5.179868744060307508e+05
1.285059349417533260e+06
2.325333329321704514e+05
1.790182455856134882e+06
3.504476041651650448e+05
1.584862539305938175e+06
3.645875321530897054e+05
2.617496943197895016e+05
1.448396931596188108e+06
1.502423529274521570e+05
7.867341015779739246e+05
4.235857358884805581e+05
1.679168963856297196e+05
1.796741240109521023e+05
1.152639326645516412e+05
1.885014272683834133e+05
7.659665454640632961e+05
5.546879723436780296e+03
9.964632163903905894e+04
3.983691379661116516e+05
1.614229280818214174e+05
7.027589088283195160e+05
1.954539476880694856e+05
5.987727076498745009e+05
1.963376367650874308e+05
1.788304900934564648e+05
1.887298960948032618e+05
1.165503747769092442e+06
1.017899159921592567e+06
2.697470912405767594e+05
9.141913602731786668e+05
1.779922283615340129e+05
1.544786548725840403e+06
3.278608325971147278e+05
1.554995243832588429e+06
9.907944215916111716e+04
1.073146962163724966e+05
8.525447021219234739e+04
2.838342671743715182e+05
3.319737171277583111e+05
1.576440188194181828e+05
3.573496179925923352e+05
7.803332046453364892e+05
1.406609653589992959e+05
3.350837346227220842e+05
7.674888796636135085e+05
1.432661382474034326e+05
1.659806880632372340e+05
2.911519670561215025e+05
1.888599036047235859e+04
5.397708448757242877e+05
2.493034983792740386e+06
1.303663639787976426e+05
3.271044786145861726e+05
7.141583223194546008e+04
1.095962741382267093e+06
1.927512569678839529e+06
3.563049842004817037e+04
7.431690611932172906e+05
8.171436878089354141e+05
2.360893578853513754e+05
1.209102501928748679e+05
2.709059926421002601e+05
9.116859460692586144e+05
6.766705697340889310e+04
2.390616577102082738e+04
1.094251385557402682e+05
1.290795296808702173e+06
3.091394077582794125e+05
6.556702613975803833e+05
2.181814917836317618e+05
2.908008146369005044e+04
1.442821965653439402e+05
8.944459049717590678e+05
2.896356138475007901e+04
8.377919053217122564e+04
2.118196758830391627e+04
3.724947053826718475e+05
4.265067929239553050e+05
1.874571331565148197e+06
1.318110903909952613e+06
3.417091109483995824e+05
1.617012461007411766e+05
1.252626541599679040e+05
6.414187146763504716e+05
1.104349654137458274e+05
5.769939689039301447e+04
1.211164560284422478e+06
9.853519460125661863e+04
9.558519338385839947e+05
1.402422058448768687e+06
1.881224764466989727e+05
5.175594848515207996e+05
1.783909623353966977e+06
7.911488571886337013e+04
1.940639539215905243e+05
7.537812990712421015e+05
1.971481658220271056e+05
2.298501857857932919e+05
8.083513753864438040e+05
1.031646825397101231e+06
3.411715909971300425e+04
2.098800232319726609e+06
2.961245800712074270e+05
7.152682468373810116e+04
2.294317987941216270e+05
4.712172317741244333e+05
9.279417558969401289e+05
5.169549178753161104e+05
9.124967957003426272e+04
5.030558105692608660e+04
7.586151531085753813e+05
1.448900375374151859e+06
7.318601664927387610e+05
5.028769102419750998e+05
1.001921907553540193e+06
1.503220066641017329e+05
7.633438367392701912e+04
2.635477546782372519e+05
2.074264910497510107e+06
3.567362436286777665e+04
7.028554236089559272e+05
2.949734923832502100e+05
1.976880074537075416e+05
1.495585703048419382e+05
2.258830189092106011e+05
6.924251878798470134e+05
1.669955649557544966e+05
1.917827261389555351e+05
1.788015417281033006e+05
9.046414771837546723e+05
2.085947481689876877e+06
3.586550027635283768e+05
3.133439545680328156e+05
5.556796565621569753e+05
1.512276329383167031e+05
1.180787955142044666e+05
7.205857470570821315e+05
1.282147489062262466e+05
1.752991420150269987e+05
1.615392560064434074e+05
3.523645503011106630e+05
3.557442280532451696e+05
8.583014203679692000e+05
4.776965520942776930e+05
4.426983711893392610e+05
2.479630112167611660e+05
5.784988329223268665e+05
9.861151511215011124e+05
4.194203685684647644e+04
1.918321222710361180e+05
2.340141498945921194e+05
8.888437063160483958e+05
1.313339476077595900e+05
4.134754135386911221e+05
1.332508447259784734e+05
7.206743279321294976e+05
4.879631204985793011e+04
1.448553851797054813e+05
2.341190842004858132e+05
6.323550453356137732e+05
2.217040645719616441e+05
8.414940313887207594e+04
5.827320088889428880e+05
2.635615535028226441e+05
4.828615799171553226e+05
6.270679293774347752e+05
4.095659165936982608e+05
3.962039967305685277e+05
2.670987371460001450e+05
2.288656352183435811e+05
7.823508538843403803e+05
2.977986879560285015e+05
6.353400001015649468e+04
6.646274807980173500e+05
5.135919340776119952e+02
1.446750702160527871e+05
3.474007446327353828e+05
2.597307710475010972e+05
5.237669641260011122e+05
1.724638196764297609e+05
4.011837466106606298e+05
4.835823973636404844e+05
1.358458670402825810e+06
1.165453558297656011e+06
2.299622831205834518e+05
2.439599986513639451e+05
1.513225858006904018e+05
1.026261570694710943e+06
3.080371635740525089e+05
1.218482343178347452e+06
1.154838671251354390e+05
8.267274784551076300e+04
1.177943290383035084e+06
3.498327452975152410e+05
3.437348305739178322e+05
5.217333292475963826e+05
2.831909715178531478e+05
8.094564328489657491e+05
1.036582760282756208e+05
5.869321677628938050e+04
3.415845764400358894e+04
2.084469885692659533e+06
1.517173384094562207e+05
3.376063324640834471e+05
6.359597088636899571e+03
3.748736289008733729e+04
3.013671762885944336e+05
3.927145345883534756e+05
1.179498532231770951e+05
1.567606583836882492e+05
2.591255775733858172e+04
5.845449000562293077e+04
7.324832031476253178e+05
8.542147746940916404e+05
1.203889191978533752e+06
8.204355036804181873e+04
1.102237938157840836e+05
9.130574239179563301e+04
1.283892799519148655e+06
6.780475322233102052e+05
7.362338002299376240e+04
1.694429927673395723e+05
2.951535177848686362e+04
1.335389829866416985e+05
2.038199890972935595e+06
2.691555566767345299e+05
7.569134296028788667e+05
1.538174296553054010e+05
3.632737478310270235e+05
3.017786687653606059e+05
1.233551719049298845e+05
5.028404150705446373e+05
4.523780203043901129e+05
1.587558126873976653e+04
2.153837712314407108e+05
1.364798617478710075e+05
1.979439010644983791e+05
1.945891644107419765e+06
1.405467546520282980e+06
3.444814587457674788e+05
3.840381858872242155e+05
1.862007151489258104e+05
6.381907662250213325e+05
1.936352932173085865e+06
1.463799313556614507e+05
7.070030964521109127e+04
6.757556801286643604e+05
2.805138617487897282e+05
8.273837931037924136e+04
8.893531677409877302e+05
1.821446596366851591e+05
5.974176894756343681e+05
6.220282465869412408e+04
5.191138820061990991e+05
5.765521103746020235e+05
2.603749079673168308e+05
1.257300278139075672e+05
1.682155012682346860e+05
1.124752015864949441e+06
4.745139616799965734e+05
1.777933030167175166e+05
1.397271002224948606e+05
2.284614757512327560e+04
1.486990832672175602e+05
1.188854431274868548e+06
3.061876287926730001e+05
3.695137022965041688e+05
1.383127174364167033e+06
1.189985332077373518e+06
2.321315876016187947e+06
2.495056923179221048e+05
4.226566692549825530e+05
2.928725038175350710e+04
2.033586440331420163e+05
5.123982174729777616e+05
1.914784696694791273e+04
1.918833071274094109e+05
2.931315277029510980e+04
3.500524265558613697e+05
1.189096021714809118e+06
4.069989016015391826e+04
2.007507571562143858e+05
2.813566053603493492e+04
3.639625098390862113e+05
8.192818421325267991e+05
7.593644954762840644e+05
4.315725897095756955e+05
7.870969988829481881e+05
2.563601654490039684e+06
3.313130917843166390e+05
1.471597195602159773e+05
2.926584119396235910e+05
1.561758627426314051e+05
5.241360621393215115e+04
2.739776239222476142e+05
1.868499976314638916e+05
3.175865798609051853e+04
3.894413524042276549e+05
2.357271738082796219e+05
2.087213108658198325e+05
2.055548304827793967e+06
1.218822654272356769e+06
8.406782174061542610e+05
5.234041309918565676e+05
2.575967045058090298e+05
2.767031382977940375e+05
7.889398678050028684e+04
7.235294839054106269e+05
1.377790709004425444e+05
5.816964932519455906e+05
8.119649874562807381e+05
5.452664763816137565e+04
5.546365421315208077e+05
1.067604774683857395e+05
1.073397559386477078e+05
8.454443256268134573e+05
3.208095409891232266e+05
9.998627459298197937e+04
3.013211930233179010e+05
3.846158778457842418e+05
2.549122720972333918e+05
5.175160961382169044e+05
3.087526932524990989e+05
1.595841386744032847e+06
4.677761895250516827e+05
6.651390738224515226e+05
4.363553561436382734e+04
6.232686177588771534e+04
2.191506224883815739e+06
1.176679087071926624e+05
1.433249632603074133e+05
6.299935045735150343e+05
2.603602636611033086e+04
3.548361361091983272e+05
7.135894017902765190e+05
7.223256050004241115e+04
5.278130016382619506e+05
3.808067789068995044e+05
8.399283644477776252e+05
1.741600484181095671e+05
1.314708437852331204e+06
1.502274088853870489e+04
1.255191397864380269e+05
6.846008022765421774e+05
1.444427861149386736e+05
5.121932218556712032e+05
8.069794474874129519e+05
9.140251092719887383e+05
5.106316787750098592e+04
2.402128992961069744e+05
3.986730668530367548e+05
2.496253112625266367e+05
1.643210958868666785e+05
3.071769045790251112e+05
9.187301263300827122e+04
4.974617419809718849e+05
4.173934616981692379e+05
6.461262289062192431e+05
8.047758242132345913e+05
1.934571010478423559e+05
1.426761684184698388e+06
2.854142804094519932e+06
5.508738771960355371e+04
1.574153146635001176e+05
2.175597204832213174e+05
2.647628140877127298e+05
9.073118827725781593e+05
1.019495244780884605e+04
5.634373923617180117e+04
3.045573275336055085e+05
3.238745624444723944e+05
4.240710974685179070e+06
1.313639243812193861e+06
1.391298773814233136e+05
2.454433238782986591e+05
3.062090243624121649e+05
1.111084057751490735e+06
7.146483991172930109e+04
1.675395672523000103e+05
1.037635258080370259e+06
1.216497715713863960e+06
5.495714348579454963e+03
7.661594072085713269e+05
8.934458010386778915e+04
2.402367720410739130e+05
1.268801083223069727e+05
2.530915730437877646e+05
2.900777901771547040e+05
1.459270687572381867e+05
6.143219942753259093e+05
7.469774167274459032e+05
6.293082432593956037e+04
3.306015312181156478e+05
5.258245972735506948e+05
1.153651815488887252e+06
9.354787883178252960e+05
6.416810957077151397e+04
1.081737701935327641e+05
6.193321445429344749e+04
4.083344928504233831e+05
7.770786175701175816e+05
1.393898724910739809e+06
1.485889540798798203e+06
4.243947123464014148e+05
5.789153524112554733e+05
1.132371300159934210e+06
6.142763877470429288e+05
6.517439924004648346e+05
1.333124572392511647e+06
7.044662440060222289e+05
8.593505405634650378e+04
8.770837921628458425e+05
1.829962626420515298e+05
2.220366924098869786e+05
2.187039715234709438e+06
8.621812362789249746e+05
8.671373381437791977e+05
1.432268313788288797e+05
3.998636792307560099e+05
2.595398461251371540e+06
4.311898497753118281e+05
1.502526188339178334e+05
3.171876378907176550e+05
3.851066348264203407e+05
7.983441801975601120e+05
1.335015336825799430e+06
3.586192903222569730e+05
1.916808358979575132e+04
1.023393147771267686e+06
1.107266042468777960e+04
7.406601630510120594e+04
6.915895644231420010e+05
5.818830271802409698e+04
2.065061621052211558e+05
1.409362653970854299e+05
4.321536065153909731e+05
4.328465610426514759e+05
2.911966576216348330e+05
1.485712951476346003e+06
6.099381186221785611e+05
2.070587292176219868e+06
5.693426372070966754e+05
8.493117613270774018e+04
4.020137690319961985e+05
1.936701804638023896e+05
3.969927936239761184e+05
1.075925750645769062e+06
2.091366468297624961e+05
7.201474312090188032e+05
2.282798835183666088e+06
1.673825776094588451e+06
1.517229468616976636e+06
6.425728321605467936e+05
3.151176701934135053e+05
2.513327938755389769e+06
2.083562682413150615e+05
7.751813371275663667e+04
1.372360884376871400e+05
2.228780939595450182e+05
6.631670761467292905e+05
8.720225470308677759e+05
6.271919562190461875e+04
8.793956300277081318e+05
8.777118484930260456e+04
1.256961967328831088e+06
6.505627190902319271e+05
5.957552948740434367e+05
1.994946953623879526e+05
6.851517144776877831e+04
1.288734759553801268e+04
4.449467138221921778e+04
4.348114389218406286e+05
3.723559988961499184e+05
6.125639493728888920e+05
4.775338399874324910e+06
5.917792466584587237e+05
4.132312475660014024e+04
4.945237601836636313e+05
1.872086479052027687e+06
3.459714320464383491e+04
2.341434779165333021e+04
4.078260614491812885e+05
4.504419733866926399e+05
3.262248463328727667e+04
2.343375050354774576e+05
6.237376831183584727e+04
6.771808481905559311e+05
3.774557547842468484e+05
8.558575454788006027e+04
8.375475176552735502e+05
4.786821333145980607e+05
2.504559575552026799e+05
1.055904622720212938e+05
3.829890694142973189e+03
1.029232647348833620e+06
1.652287280657408992e+05
5.288798888589446869e+04
2.618643567717924248e+06
7.539365146543584997e+05
6.490997796610085061e+05
1.412652064801490400e+06
3.109691810041026329e+05
2.184509156120209373e+05
1.427370655080097495e+05
1.222395337350329355e+05
1.029648957393697114e+06
1.855248063593052793e+05
6.836892388641460566e+05
8.439910080306924647e+04
5.269238668732368387e+05
1.084369340767553542e+06
3.837899586220816709e+05
2.283577320946492546e+05
3.675013453913558042e+05
2.182294940835265152e+05
1.491354643673438346e+06
2.277733079506726062e+05
1.214191040447620326e+05
4.865671781712805387e+05
6.004511087194996653e+05
3.045632961781794438e+05
6.319159436702064704e+05
5.608024596201967215e+05
1.020353876972497674e+05
2.562267778039866826e+05
1.883247466253411549e+05
3.003289576940182131e+06
2.987017466382773127e+05
7.000556925613564672e+05
6.972776181237035780e+04
1.532930166795519108e+04
2.728039266962870024e+05
1.911722205173450639e+05
7.851742271536769113e+05
4.685017152662141598e+05
4.508872453541837167e+05
1.656934550884033088e+05
6.031608401226950809e+05
1.144248706027817912e+06
5.474066978355393076e+04
8.377567897288690438e+04
5.083913685093279928e+06
4.815258492305750842e+05
4.100410507613461814e+05
4.230808028280338040e+05
6.310369987551404629e+05
6.806395272861835838e+04
6.808571298180363374e+04
9.197925035025324905e+04
1.228893511937495932e+05
2.867172929926664219e+05
4.293021055405626976e+04
2.282696341831854661e+05
1.087111339085047366e+06
2.287078673329544836e+05
2.564839706862179155e+05
4.597766257120845257e+05
1.802929810075546629e+04
5.434657907632068964e+04
2.648785328027636860e+05
1.823483551809258934e+05
2.014655683172272984e+05
3.539729375139821786e+05
1.178323649809538154e+06
7.969926814434753032e+04
2.427670081074823684e+05
1.805840517557974381e+05
1.964896157203835028e+05
9.252799906229164917e+05
3.196224176247012219e+05
2.193645791405874188e+05
2.190644698224981781e+06
7.007940740887814900e+05
1.965278207841711817e+06
3.360108629717592616e+06
5.258953153811011725e+04
3.336555217456504033e+04
7.210266837519766705e+04
2.392418818204371491e+05
3.571149134981428506e+05
1.827122801994713955e+06
2.736818372236334253e+05
2.772630907002686290e+05
8.589009029432994430e+04
1.077086727883941203e+05
2.509276872260150558e+05
8.527200061636228347e+05
8.563015150064910995e+05
9.571650829166097101e+05
1.867715352131440595e+05
1.835211896270269935e+05
5.190599202916958893e+04
2.414438426959560718e+06
3.679344742633650894e+05
1.816082735785741534e+04
1.003181365419068490e+06
2.289211619683411845e+05
2.598898131470185705e+06
7.373132360527719720e+04
7.450176174657222582e+05
2.140735348178169224e+06
1.885586314305281267e+05
3.297710681675178348e+05
1.225830265976459195e+05
5.870573328166536521e+04
3.624365431962144794e+05
6.226074551377389580e+05
1.577140661376073491e+06
9.496746848003158448e+03
2.128765954923343379e+05
4.196563328705272288e+05
4.495822118002137868e+05
9.782653154106909642e+05
2.398213274835511111e+05
5.982764847349188058e+05
3.319068178957275813e+05
4.068043782427171827e+05
2.367988385441586142e+05
3.448956020295173512e+05
3.640311658391194214e+04
5.586862574365361361e+05
1.251142954575497279e+05
3.699873481394755654e+05
7.298407622283879027e+04
1.528466745677658473e+05
8.618086936911795055e+05
3.292195157729259518e+04
2.825297845516616479e+06
5.220082328094093828e+04
5.752780897523055319e+05
4.388566621523847571e+05
1.968804085137993970e+05
7.523825460909212707e+05
2.608942009339588694e+05
1.906898733440312208e+05
3.667385941521443892e+05
3.110345773230164777e+05
1.401513210830949538e+05
9.110866393368033459e+05
1.697216657565086382e+06
4.716020590333164670e+06
1.323640576256203076e+03
7.275975796007814643e+04
4.987528606840078137e+05
5.901968682580300374e+05
2.694406461927246302e+06
4.240732973492896417e+05
7.007584630295175884e+04
8.519440016036515590e+04
5.940579641059709247e+05
9.165654460873574717e+05
6.944849994991050335e+04
1.848887728094872728e+05
4.013538274629839725e+04
3.851054462204134325e+04
2.111801966347283742e+05
6.321209011853317497e+05
3.529398766869015526e+05
1.065000928169860272e+05
1.427018806185452850e+05
5.846485260953495163e+04
4.829853645791069139e+05
5.467441595211462845e+04
1.159814123973261158e+05
5.215495637756714132e+05
4.528709913363198284e+05
3.122843322580540553e+04
3.772974444508757908e+06
7.962780163607071154e+05
1.242938014247268256e+04
5.991506561926836148e+05
3.256732117623977829e+06
3.702811260901261121e+05
8.273602915532530460e+04
6.934815216603131266e+05
9.130504788619163446e+04
1.523762538723517209e+06
1.241042709739052225e+05
1.243768158961271169e+06
1.871242926263467816e+05
1.791502395966089389e+05
9.173640547509501630e+04
1.383558436896176136e+05
2.559299102185843003e+04
4.043236048228782602e+04
3.635941287780232262e+06
8.007070676649031520e+04
1.206070226679097104e+05
1.922077610723099788e+05
4.396400718409149704e+04
1.509273886100423988e+06
1.802213282491714053e+05
1.286854833687523613e+06
1.574709592424817965e+05
8.151046594768730574e+04
5.161084383567142650e+05
1.494311630435823172e+05
3.166781438629119075e+05
3.621949866235770751e+05
3.760101052376313019e+05
3.536755128275320167e+05
4.162657084349681390e+05
1.264812195289256342e+05
4.140374183581748366e+04
1.033926816144662153e+05
1.731363563016146072e+05
2.943679481605911278e+05
7.323897769211904961e+04
4.955539232274452224e+05
5.038800262434035540e+05
6.954127175216322066e+05
9.714419775547867175e+04
3.091605953088134527e+06
5.251400786407527048e+05
4.652125752601950662e+05
1.292898129775370471e+06
2.808671208885611122e+04
5.752797099411179079e+05
2.020256949736678798e+05
4.018571753636762151e+05
1.714130450033680536e+05
2.154155083068851847e+06
5.531015738927566417e+04
9.119568267051645671e+04
4.641529592402331036e+04
4.465889487918625236e+05
5.619536319430424192e+04
3.896535190119140316e+05
1.599126771842279937e+06
3.006725060554379597e+05
3.585919859108635574e+05
5.601546522142875474e+05
3.691357284267827054e+05
7.422023931648191065e+05
9.011758059504036792e+05
9.638170703376449819e+04
9.956415501610768843e+04
1.477499738438584609e+06
6.682592402889099903e+05
1.654034966753121698e+05
7.724957170465452364e+05
9.864518335232271347e+05
1.096118757179170934e+05
1.625262222458558972e+05
4.697444068058767356e+06
1.088371297580803512e+06
1.275632711226771789e+05
1.966062377265324583e+06
1.127917370310368133e+05
2.464494893367668847e+05
2.397417417105761997e+05
2.823601309588804841e+06
1.214804766048166930e+05
4.920209132869984023e+05
6.883575471121873707e+05
2.681957984438390471e+06
4.860685453921554290e+04
3.822739632332941983e+05
1.256761360308333533e+06
6.145209652062206296e+05
3.994450227672701585e+05
2.302229011216677900e+05
2.422353255546481814e+06
3.213488386716554523e+05
3.165919350996821304e+05
1.318423292867901735e+06
1.478618765174443834e+05
5.524060879996010335e+05
8.106058765206739190e+04
1.010329240238449653e+06
6.132445598260451807e+05
1.007975228840302589e+05
3.957034192923190421e+05
1.012233454580266516e+04
3.223470834775126787e+04
2.511105650724870211e+05
1.572811272744486807e+06
1.202749076854425482e+06
1.095520110136166681e+06
8.321463808991753031e+05
5.383847554863978876e+05
9.342688627741963137e+05
1.749367065482968464e+05
5.243913242860441096e+05
1.061797869373103313e+05
1.939729103293476219e+05
1.414723501725017850e+05
1.943649869435310247e+05
8.074787644226086559e+05
5.590347885513328016e+06
2.350302247719895968e+05
1.032526187241421721e+05
4.403930456532738754e+05
8.382182433598552598e+05
4.866792460204545059e+05
7.400514173280353134e+04
2.272826880149324134e+05
3.972506852775641601e+05
1.808080426413656678e+05
9.052836532123749203e+04
9.868118846922934754e+05
3.292617960579831270e+05
2.119288252392133290e+05
1.913994140531602316e+06
6.649176723511621822e+05
1.132060864647813432e+05
2.367108949125744868e+06
1.090751261412616819e+06
4.239849562596348696e+05
1.847702508857051434e+05
8.049993275009572972e+05
3.052599215825884603e+05
2.604394024259953876e+05
1.702546009225050511e+05
1.991406236485033514e+04
1.881667017161801225e+06
7.686096092247538036e+05
3.670251502864267241e+04
4.941987622768339934e+05
3.108207882627267390e+05
1.174121158219963399e+05
5.704995866393042961e+05
3.424617493752317387e+05
2.996425133177638985e+06
4.847673047875541961e+05
4.624012571993957390e+05
5.558646040337157901e+05
3.332580548225671519e+05
5.434023907626945293e+05
3.963905796692261938e+05
4.014391031889431179e+05
3.478783133033633931e+05
4.772526607215247932e+05
4.194611481285739574e+05
1.429000296364289708e+06
1.446243680769414874e+06
4.454766651600581827e+05
4.421813023536258261e+05
3.945529456905231928e+05
1.791263572247508564e+05
9.230022252520128386e+05
2.154506595538335678e+05
1.815956104136556387e+05
7.877724833722281037e+05
1.746101580338603235e+05
1.745745521498665330e+05
2.097126207183079969e+05
2.618600056591145403e+05
1.899176032949249260e+06
3.568299587054197909e+05
6.033246835999272298e+05
1.459219632850791386e+05
6.037652330236228881e+05
8.772555208031368966e+04
7.742328983583102236e+05
9.773987014697956329e+04
6.585591328440108919e+04
9.724416833333689719e+05
9.596606890657448093e+04
5.424742549817600520e+05
9.703869639678884414e+04
9.299908721866820997e+04
2.444429388076909527e+05
5.776457426276355982e+05
1.365702746817059349e+06
5.287094798877541325e+04
2.988953416044996175e+03
6.627621676676314382e+04
1.790587994408821454e+06
1.111628017951880320e+05
1.172170146039029351e+06
2.889069175182012841e+05
7.236674866841030307e+05
1.041774436573581654e+06
3.149676300095571787e+04
4.648324213716273080e+05
1.425035068701753044e+05
1.707886597568048746e+05
4.020685624453814235e+05
2.338982603309362457e+04
1.413794887004933786e+06
2.238483588191708259e+05
1.022616851907627773e+06
4.156611442370424047e+05
2.461586252829988953e+05
2.346845493846460246e+06
2.768782680398710072e+05
1.893314126521421422e+05
2.190421598274428979e+05
5.943879752912612166e+05
3.031860251451830482e+04
7.496241522990555968e+05
4.026619147530963644e+06
4.702686144303157926e+04
7.192782883861743903e+04
4.002325692698180792e+05
5.869649118947466923e+04
5.432783968507511308e+05
6.851631917183629703e+05
4.842497626065246295e+05
3.112505053391526919e+06
3.735948594575913739e+05
6.683913591229035519e+05
1.453649329612748115e+05
2.852076494423643453e+05
3.646065564095788170e+06
4.978286078453837545e+05
3.276337974807043793e+05
2.154325951492789900e+05
9.483739295920734294e+05
3.272207998895801604e+06
7.583730525974660122e+04
5.287768543893483002e+05
2.051321718221147021e+05
3.582635752868252166e+04
7.243120523244921060e+04
1.076906653175836400e+05
1.612139023925871355e+06
1.555775173835795373e+06
1.807150096705660108e+05
1.858534722524464451e+04
7.208252302043723175e+05
5.032685439387922524e+05
1.181452023237587884e+06
4.235962746519444045e+04
2.596197587373849936e+06
7.102329369136310415e+05
2.216202784858173691e+05
7.114406249568202766e+05
3.295125865533361793e+05
1.389822587114838534e+05
8.565472289135455503e+04
2.655868826724691899e+05
1.794726537547106273e+04
1.006184004805007484e+06
4.469081611821785918e+05
4.368253675722481566e+05
9.827077969612047309e+04
1.428529963221144862e+05
1.376541147113340048e+04
1.270311406483173414e+04
2.733196928706492763e+05
2.252172346197411418e+06
2.008618850049850298e+05
2.767070155018733567e+04
1.014600159662709921e+05
2.616834285639525333e+05
6.912988358973493450e+04
2.981172742537485319e+05
3.736752663143229438e+05
9.191167385681296582e+04
3.706931453954284079e+05
3.134326356384286773e+05
8.142610272774929181e+05
1.085312596340447635e+05
4.803438294920517365e+05
1.059181613993179984e+06
1.165306556966451462e+05
2.480483320550238714e+05
3.445586341189873929e+04
2.239320511928530177e+05
1.967297590785802458e+05
3.370369932103655301e+05
8.672417981764681172e+05
4.256821182231183775e+04
1.347510690570071456e+05
3.947768912988978991e+04
9.994728563584423682e+04
7.432693990159858949e+05
3.292114138883401174e+05
1.766400763290719478e+05
2.052109675760524697e+05
1.774092838358459703e+05
8.620526050789869623e+05
2.606204130794351804e+05
4.653637054285602062e+04
5.866083342485253525e+04
4.177129634073562920e+05
6.212794855975642568e+05
1.070892512208689703e+06
3.836609655417150934e+05
9.742480017320407787e+05
4.559540981043894426e+05
8.856236899867377942e+05
2.084769388248481846e+05
2.162156674799504253e+04
5.461035352667426923e+05
1.176805406388608972e+05
2.006080846016344149e+05
1.077687102106842794e+05
2.817340363136090455e+05
3.560804842366132652e+05
4.293503022643126897e+05
1.197036846721600508e+06
2.687250475586551474e+05
5.343966255112882936e+05
3.667547959798836382e+05
5.037258879553378938e+04
3.818422067977510596e+04
2.402346401934008754e+05
1.005303870476198266e+06
2.004919983285561902e+05
6.290403139055282809e+05
4.150041470748518623e+04
2.558868467779292841e+05
1.901147044208603911e+05
4.090173946096286818e+04
3.055988903343044512e+04
3.283292474614435196e+04
5.901994689345284132e+04
2.087890918317214120e+06
5.066345305040960084e+05
1.396467685636214679e+06
1.935429801915184071e+05
9.664726875674810726e+05
2.659025648518296075e+05
8.338978582925332012e+05
1.734732177348388650e+05
8.479311674282335443e+05
4.966994714028878370e+05
6.712671322906879941e+05
2.909993761557178572e+06
3.732892563853877364e+05
3.883921043773035635e+05
6.927199782727089478e+05
9.785074455173534807e+04
2.309721025653495963e+04
1.087542730718111619e+06
6.059494698885628022e+05
2.828467167746135383e+05
4.750490290302347421e+04
3.200419549287335947e+06
4.675922719609575346e+06
6.766407181466477050e+04
8.447494521994719980e+05
1.653195834808783547e+05
1.417176759124630189e+05
6.399070263291443698e+05
9.797800865576660726e+05
1.048957352847599977e+05
9.532297855533427792e+05
2.933956527119918610e+05
9.708559174677220872e+05
3.254913016225997126e+04
7.644563709195509728e+04
2.461755978825765778e+05
3.249375441654980648e+06
6.210244596040555043e+05
1.526631472843833326e+05
6.694060509501413908e+05
1.214677715950720478e+06
7.847915012395234080e+05
4.094871136950003565e+05
4.797567259082056698e+05
1.065771517999841832e+06
9.343900929448916577e+04
1.029590655794260441e+06
2.888147860507724690e+05
1.579201911561917514e+06
6.938448275800014017e+03
3.977166206548291957e+05
1.950196509316219890e+05
4.090779116555015789e+05
6.750128922135010362e+04
4.635975068514956511e+05
2.559960471067838371e+06
1.309141462172233267e+06
9.961270942192426883e+05
2.617867966139897471e+05
1.589875129721499979e+05
8.925422210436745081e+04
1.694452959526074352e+06
2.725736405246326700e+06
5.164559980567431194e+05
4.704070810839669866e+04
1.302599448329695268e+06
1.820769036721692464e+04
9.532336017786937300e+05
2.557100961510303605e+05
5.801411843418548960e+04
5.120886178133049543e+04
6.650454568325068103e+05
3.145256784992781468e+04
1.936108179470678442e+05
7.871299910887904116e+04
1.683529611137738684e+06
7.255819151030493958e+04
1.280509032743364340e+06
5.244215322045893408e+05
5.121099834154804121e+05
6.365896343651907519e+05
5.331883414839400910e+06
3.230913343414612464e+05
1.531361382210172596e+05
1.936150359610454761e+05
8.530483917395549361e+05
2.170775932168919535e+05
4.195669081310143229e+05
8.203831538735980575e+04
1.627641252884344431e+05
1.381905013111658627e+06
2.111889276388082653e+06
4.652921993965602596e+05
7.907903645391791360e+05
1.128868746166380821e+06
4.846510859304220648e+05
2.464553450731003832e+05
2.461971930233521271e+05
1.662068063597863365e+05
1.047745964770103601e+05
7.265034122238519194e+04
5.446715490481010638e+05
8.797789942567222752e+05
1.436534328414389747e+05
2.191197798886485907e+04
1.911955467542088591e+05
5.771790734230028465e+05
2.260034176456715213e+05
8.782032251613311237e+05
3.906130101861564326e+05
6.176377880513591226e+05
6.927552364647148643e+05
4.092974087306836736e+05
1.313864942760364211e+05
6.605994346665646881e+05
6.389481785029622260e+05
1.464649185308964516e+05
9.895037229405344697e+05
2.211908439950520406e+05
7.457390250284215435e+05
1.397435129027802323e+05
5.223622496544719615e+04
5.047106438147358713e+05
1.196979411133505637e+06
7.251408202134431340e+05
1.313345882106909412e+05
3.004278790010398734e+04
9.977788698148004478e+05
5.886766435385149089e+04
1.445882426573679084e+06
3.132645240200478584e+05
2.376195114864397037e+05
3.288272902172297472e+05
3.314393377030277043e+05
1.231939486287096748e+06
5.181651255098965485e+05
1.586859941965698090e+05
1.411438664373647480e+05
9.076872625727003906e+05
9.268168628333434754e+04
2.739659742214578437e+05
2.997345913260426605e+05
2.354023293727438431e+05
4.515029231384873856e+05
2.545841579058729694e+05
2.213069490663497127e+05
1.553998978860039497e+05
3.746284235536471941e+06
9.076505189094848465e+05
5.882951048056738218e+05
3.581095520950315986e+05
5.680496641127715120e+05
3.277281848728963087e+04
1.999813983270481694e+06
1.514145755192189536e+05
4.576059762877872563e+05
4.515213779367981479e+05
1.028653398919991800e+06
4.519591601638218854e+05
1.340135726225992665e+06
1.600311993583484436e+05
4.106055779320265719e+04
1.079571501223141560e+06
1.140089096072870452e+05
2.147530079318107455e+05
1.517595440824828576e+06
1.974031466415571340e+05
7.848163321477128193e+04
4.775061923926412128e+05
1.920171056087180623e+05
1.555382731616826728e+06
1.049031370369614160e+04
4.017011055324469926e+05
1.265683715608992614e+06
2.584672901360607357e+05
8.139950321414890932e+05
1.812527497847092673e+04
2.230913207083884045e+05
3.022680567054306739e+05
4.090680546196477371e+05
1.178201566232045443e+05
3.794255617169815232e+05
3.828584813099638559e+05
9.992650958796372288e+04
2.159082893135668244e+06
1.466144456563002605e+05
1.006431708048654982e+05
9.145914012966126902e+05
5.408575454497220926e+05
1.254897613915936017e+04
1.605364269237612840e+06
8.018439724880051799e+05
6.897538235922454624e+04
4.575400368991643336e+04
7.705693188199927681e+04
1.632732290974121133e+05
7.458653717226150911e+05
5.549609752136154566e+05
4.405924099593604333e+05
1.441658030836324906e+05
7.640669148062129971e+05
2.881702099110781215e+06
6.361413493550110143e+05
1.337341286603399931e+04
1.898982572757462913e+05
9.329058158514316892e+05
3.943806738715123502e+05
1.701749339164505363e+05
3.737087604785066214e+05
2.796714582883578725e+06
1.622336220601921086e+05
9.206792532820571214e+05
4.577030665215639747e+05
3.841422252930639079e+05
2.607627524848493631e+05
2.305856867798803840e+06
1.454685545602425234e+06
1.172877404208256863e+06
1.085094642351017828e+05
1.102894595225509402e+05
2.281745739776282862e+05
6.351365570619550999e+05
1.344937977518236439e+05
6.959078231098484248e+05
1.820913593568933196e+06
5.523751236756362487e+05
1.247055252221356350e+05
3.152000390506300610e+05
2.680747852100738091e+05
7.001991259128085803e+05
3.562792200442979229e+05
3.420623612872058991e+06
1.353420510009730700e+06
1.208562539250742411e+05
1.644882567313424661e+05
8.016449693180940812e+04
4.096987008037028136e+05
3.754943306359343114e+05
2.736645182350576506e+05
6.239241494201440364e+05
5.875075451528126141e+05
2.898177701823890093e+05
9.371812634419868700e+05
2.421607831174983585e+05
4.805675722665439389e+04
1.613943874255921110e+05
4.813705818315813667e+04
1.918645165834398649e+05
1.098083903252402553e+06
1.271492694194441196e+06
3.695449372978878819e+04
8.212026524279621663e+04
1.616823358087946661e+06
2.833730876348090824e+06
1.280805223367818253e+05
1.471266689920787467e+06
4.498999859476563288e+05
7.745478997650759993e+05
5.419731371968523599e+05
2.122391544936297214e+04
1.613665050253622758e+05
1.498796560835356067e+05
5.799652106162420241e+05
2.662207645266110194e+05
4.676575720600645582e+04
4.833259824564385344e+05
3.545607934712373535e+05
1.689670239076205529e+06
3.459329681473938748e+06
5.381121420480719535e+05
6.285125896460161312e+05
7.882307567397495732e+05
1.784173425639019348e+06
6.971661891927463003e+05
9.760261610701856262e+04
2.214815655348469736e+05
1.016316711213835952e+05
2.077242237996291951e+05
6.472345315865831217e+05
2.568370744277684717e+05
6.295673938130666502e+05
1.174863068457270274e+05
1.096387941883901134e+06
5.100353488322432386e+05
4.935893899483591085e+05
3.436240509447710065e+04
7.117992003596858121e+05
2.199609190322136856e+05
7.680691381723701488e+05
6.154136620424095308e+05
8.512743297839361185e+04
1.018427130176602630e+06
1.793818681870593309e+03
3.731457908108682605e+05
6.473390363317703595e+05
1.254011071794341318e+06
3.925660798052238533e+05
3.651686660754350014e+05
1.265346748833598976e+05
7.705081866053504637e+05
7.401739177238240372e+05
6.652355497000726173e+05
9.907011590723313566e+04
1.766892937230363488e+06
1.021143023005779396e+05
1.159165278487742034e+05
3.267794100843305350e+05
4.427284964343990432e+05
1.186657605746586574e+06
2.061918064543821383e+06
3.979962433818067657e+05
2.091251678574451944e+05
9.365676811196951894e+05
5.282560711661071982e+05
1.691825465102530434e+05
2.582170520214584540e+05
2.389576852928070002e+05
7.408763333471384831e+05
4.504466161594239529e+05
1.075498391721220250e+05
3.845341790737208066e+04
5.773951744015336735e+05
5.627337675763615407e+05
3.371326841467543272e+05
2.097713161657211313e+05
4.847030011725886725e+06
3.172914166962326039e+06
3.854758285781549639e+05
2.419023144799984293e+05
5.596848259582874598e+05
2.070632785116248706e+05
1.508556971386885853e+05
4.320801449034897814e+04
8.267491593082629843e+05
6.170115689657684561e+04
4.630135692055979162e+05
3.765999662532279763e+04
3.129519031024940341e+04
2.449633780773814069e+05
5.324774680414153263e+05
5.264181185978760914e+04
4.401617004420246230e+05
1.358203078244205099e+05
3.435624189841330517e+05
1.719674839334283897e+05
3.682949575555569027e+06
1.620373723041980702e+05
1.051240844581038458e+06
2.165041844271519221e+06
4.688989008540733485e+05
4.584971992373694666e+05
1.603089964680613775e+05
1.109152515748134581e+06
8.824111023986628279e+05
1.900216859508830385e+04
4.631616517728212057e+05
1.201786488638097420e+06
1.767055935744436458e+06
1.120424249041068397e+05
7.559280836674707243e+05
1.223919550364863127e+06
5.806594702544512256e+04
3.739609697336960235e+05
4.338133228139674175e+05
5.009695873039326980e+05
2.315271689943257079e+05
2.405528174255751655e+05
7.637433813478684169e+04
4.886236456003850908e+05
1.430741008577774279e+06
1.584818722561879549e+05
2.465883263700551179e+05
4.310783283329468104e+05
1.026566159503002564e+05
1.874476527591279591e+05
3.878733868208423955e+05
2.700446001315032481e+05
3.825228474421229912e+05
5.383823724323834758e+05
8.348751422598188510e+05
1.663287304160666885e+06
1.301518675688185031e+06
8.556423135598351655e+04
1.016827914865874627e+05
8.111536111264092324e+04
1.394731807002163259e+06
4.451664004145473591e+05
2.002956907794783183e+05
3.397568017304438166e+06
3.621130037845504121e+05
2.121012098193735001e+05
4.258981430757629569e+05
8.911837236250072601e+04
8.603787478194985306e+05
3.721176753110515419e+05
4.435494999898915994e+05
1.196888722488990898e+05
3.253806746491855010e+05
7.472756585864104272e+04
2.385363561595941894e+06
2.185693243124040775e+06
5.785921546002601972e+05
1.104436859591806860e+05
1.108711052844256774e+05
2.069023431554330979e+06
2.404471782011571806e+06
4.228833757770181634e+06
2.601894488575771102e+05
1.633734722866373835e+06
1.608360523035100428e+06
2.950506156080672517e+05
9.628409460763375682e+04
4.674962068520849571e+06
3.706635475671334425e+05
7.398608178154566558e+05
2.648490780750057893e+05
4.313973488308510859e+05
8.444269379550137091e+04
1.531225317650797952e+05
4.042592492480967776e+05
3.071087085740116308e+05
1.710578228380544751e+05
1.428765844965568685e+05
1.544526589025880676e+06
8.505324036777958972e+05
9.292848724731869879e+04
4.434701562429887417e+04
8.404384300220388686e+05
4.132120334025140037e+05
4.787415333434679778e+05
1.704160914641515701e+05
3.877175298595169443e+05
1.067090917306303047e+06
5.378277356053598924e+05
1.094615516784372012e+05
2.901294508863447700e+06
4.370542244467566488e+05
3.301616179218641482e+05
3.927780797776735388e+06
4.946147777861059876e+05
1.981354313882777351e+05
9.580250907128016697e+05
4.337729129625527421e+05
1.922683169388151146e+05
3.242143236545599648e+05
4.229894366323094582e+05
7.033712601557995367e+04
8.335286813112250529e+05
1.831781075092797866e+06
1.314219136928076623e+06
1.780543484904189827e+05
5.372425720020553097e+06
3.044235473160033580e+05
8.644409059764839476e+05
1.110319789975025487e+05
1.396212096874439449e+05
1.591173027532553533e+06
2.272433295890690933e+05
1.054139011352907168e+06
5.339922501951124286e+05
1.342156845213518944e+06
1.326801936841794755e+06
1.024963345982557395e+06
3.666077503899956937e+05
4.584695591535436688e+05
1.703408837395830415e+04
6.027398007108435195e+03
2.810889300818160991e+05
3.600645018708582502e+05
2.329571970434514515e+05
1.320916720914651640e+06
5.851894962776851025e+04
5.283925999684663257e+05
2.655584326414348325e+05
2.494436485125869222e+05
1.910630914907341939e+05
1.209020467361208517e+06
8.450389265335240634e+05
1.124126088036719884e+05
6.956408176954725059e+05
8.039533405805450166e+05
5.645071534442057600e+05
2.299141010617472057e+05
1.267250472856322303e+06
6.261098387128129834e+05
1.352760453321826179e+06
1.727359169860771217e+05
1.745809864388581191e+05
8.655435684272660874e+05
2.453343708460842608e+05
1.403513360009971657e+05
4.083589011445346754e+06
4.213249125622870633e+05
1.403651800234615257e+04
1.542133008852450293e+05
7.134247956229910778e+04
1.870710204310262809e+06
2.565693391562553006e+05
2.098040998447004531e+05
1.653183717745264294e+05
6.345177785163687076e+05
2.200119822568592790e+05
1.121394775361648295e+06
4.856654949178950483e+04
4.947677154871912207e+05
4.650666026279997313e+05
4.507041482547484920e+05
1.960326850828744064e+05
1.371152980834476650e+06
2.394945909339910722e+05
1.063118347095421981e+06
2.419164713807800126e+03
5.980133351036722306e+05
3.497164090995938750e+05
2.663452640026854933e+05
5.892461287442928879e+05
3.330360021607887466e+05
6.031629160180384060e+05
1.069773298591503699e+05
7.282161089596482925e+05
5.693442455350304954e+05
1.634132627186329337e+05
1.571840719462914276e+05
7.853468033446465852e+05
1.725766829010410584e+05
3.845621457706257235e+06
8.079432135683501838e+04
4.765465310167780262e+04
3.457365940766669228e+05
4.313361446174504090e+04
3.086410575113284867e+05
8.507668814118820010e+05
2.936621824226496392e+05
8.251950094871239271e+05
6.069180780085375300e+05
3.602784717716537882e+06
7.867570097593354294e+05
3.818243935489461292e+05
4.990508318215686450e+04
3.277791694657148793e+06
4.487849944660882466e+05
2.992310504390431452e+05
2.155743498627985828e+06
1.961830573946438381e+05
6.110972596311889356e+05
1.351780033857648377e+05
4.079482531710679177e+05
1.728427200914376881e+06
3.148249447771109408e+05
4.674194148634252138e+06
1.645754700681727845e+05
1.195258267309981631e+06
1.987297091789405094e+05
4.577650488678502006e+04
1.459497761344276660e+05
2.523909567773692252e+05
5.362604654524656944e+05
4.601628188792990986e+05
4.479848885055241990e+05
1.909778565775738389e+05
4.186413157250327058e+05
9.829679658835200826e+05
3.789416407317098347e+05
1.049841380088283186e+05
9.103321033713488141e+05
1.714219905751383340e+05
4.765511365539088729e+05
1.198363133639603155e+06
1.871746301123999292e+05
2.268948352075770163e+04
1.099903748042749241e+06
1.153337520200994186e+05
4.131203831321671023e+05
7.545596571237059834e+04
1.073601941094232956e+06
2.827923735134895542e+05
3.477910937689305865e+05
1.021053990088723833e+06
3.227906044909647317e+05
4.657967923328038887e+04
4.914069816283697146e+05
2.448977901482241869e+05
2.984779238195365178e+05
6.962976170461991569e+05
1.532903714072460425e+05
5.179437912315319409e+04
3.860365134752840095e+04
1.984914593570062716e+05
1.254648309105489170e+06
4.902805559550811886e+05
4.542162469759412343e+05
1.252944161875288955e+04
1.554771439074635564e+05
3.476749320427315542e+05
6.907940087229550118e+05
2.651520618346813717e+05
2.894591787730062497e+05
9.218257698798383353e+05
8.913882445206322009e+05
1.352029832784578903e+05
1.352678329689987004e+05
6.241021211724348832e+05
2.507334019362340769e+03
5.173509232347846264e+05
1.531392789879620832e+05
2.659462540599387721e+05
3.024773207746283879e+04
3.291771114163655438e+05
1.004914713744658395e+06
1.531875998259441229e+06
1.218422637623119401e+06
1.268353372421807435e+05
1.539356995156859921e+05
3.092960143783590174e+05
3.621346992931299610e+04
2.625726861682517338e+05
1.394649790015676292e+06
3.736628719176911400e+05
1.248639245447294088e+05
1.933714163285458635e+05
1.338160315489045170e+05
2.323026671001004870e+05
4.689825016007898375e+05
6.634589354017958976e+04
8.985847438608129742e+05
3.845684730188896065e+05
1.020134310853801901e+06
1.251174552381595131e+05
3.235188882005373016e+05
2.365055108756256814e+05
1.987880525650553755e+05
1.900381079073831206e+06
2.148566602795166895e+06
2.362262546495573479e+05
1.315794633180961537e+05
1.972009139747239260e+03
3.626237516130372387e+04
6.294048675275264395e+04
4.115140400561901042e+05
1.233506149767454946e+06
5.114565048591994564e+05
8.921972559407147346e+05
1.061684128973606741e+06
1.207158682102075691e+05
1.490676623738017224e+05
3.380894881764252787e+05
2.562578195228002442e+05
3.098651900162392412e+05
9.820555963782659092e+04
2.670126562055538525e+05
4.765592368594132713e+05
6.779627587642618455e+05
5.537142198712179670e+05
1.169882352970501874e+06
6.880145539931775420e+04
4.661351345992559800e+05
5.807417633472407470e+05
9.640604492524107627e+04
9.850579623387432657e+05
3.088956887765736319e+05
1.455401931654153159e+06
5.303559393708168500e+04
1.473983997066771844e+05
4.960135573576912866e+05
1.175525627879237290e+05
1.713669729744860670e+05
3.676091790593660553e+05
2.780825227458985682e+04
1.313798303871534590e+05
8.580008288769435603e+04
5.544569926866709720e+05
2.360134653625639621e+05
3.366981682635597826e+04
3.031833009347092011e+05
1.293146830545575940e+05
1.152982350761601119e+05
4.437799554686216870e+05
1.912304143307848717e+05
8.413608131088013761e+04
5.785877956712286687e+05
1.581300009477473795e+05
4.603745268287269864e+05
1.027189499317957554e+06
8.064614252006080933e+05
1.439868610636993253e+05
4.201284260303528572e+04
1.194569193827032344e+06
6.686719093317679362e+05
2.754760285151932039e+05
2.104666832485853694e+06
2.707177263192562896e+04
2.320050718944504333e+05
4.608540259178029955e+05
3.636050901144142845e+05
1.629626120005127159e+05
1.326608601871109859e+05
7.423879074175972492e+05
1.649725408596061170e+05
7.518022899514240271e+04
9.065218309469858650e+05
1.650850069600555580e+05
1.686598042992688017e+06
1.187235952538158279e+06
1.045416272115446482e+05
4.598148027424691245e+05
3.661078735657274956e+05
6.610862291506062029e+05
1.583592699218634982e+06
1.142536087283659144e+05
8.429824194440584397e+05
7.634741233192320215e+04
6.380251643376421416e+05
1.109292058774862438e+06
1.697831597351512639e+06
1.305516619702756405e+06
3.121234345196930808e+05
6.061544872488284018e+05
5.539561681741471402e+05
8.769450403688287770e+04
2.618171269498557085e+05
7.846207968990631343e+03
5.010170195360088837e+05
1.068915560230640229e+06
6.334055616672083270e+05
3.995523692837911076e+05
1.374424958904132072e+05
9.288832425273142289e+05
1.037115984526509274e+05
1.005079000835733314e+05
2.964867195846129907e+05
7.814641069629651029e+05
2.764526918435862754e+05
3.132363075266328524e+05
2.137269170051445544e+05
1.986989844821943552e+05
1.932533089040141203e+05
1.440928725074917311e+06
7.642459475001590909e+04
1.087092983474152570e+05
1.826444290722118749e+05
2.787289262673896737e+05
5.078407348736092681e+05
8.214191342715700739e+04
8.433307949999309494e+04
3.363224357231703470e+05
5.529579997152762953e+05
1.976642771084886277e+06
1.925464105188268004e+05
2.612063936135118827e+06
3.214891539200215484e+05
9.112906012161185499e+05
1.257809813360913657e+06
2.180123210306139372e+05
2.469083960002184380e+06
4.993122642576799262e+04
1.903492586706466100e+05
1.908050013705212623e+05
1.833246656844923738e+06
3.902197129081049468e+06
1.909588751847007661e+05
6.140132233820563415e+05
3.174596508772557136e+05
1.947855720914258854e+05
1.953508495511538931e+05
1.027139399832873256e+06
1.970861661383696366e+06
1.839169901789428666e+06
8.389296499703040172e+04
7.997618379520351300e+05
2.963856165444701328e+05
2.347713887558306567e+06
5.420332420789800817e+05
9.880946837471218314e+05
6.848789284739134600e+05
1.262571915979634796e+05
2.961496833377192888e+04
3.415546276302441256e+05
4.364925241490994231e+05
5.358097738216798753e+05
7.076525699002366746e+05
8.502576733768096892e+04
3.371085551904170279e+04
7.700670065975540783e+05
6.679491575824092433e+04
3.505604508217251714e+04
2.008363110441015160e+05
1.120171510022544826e+05
3.381471144437019830e+05
2.489905365559780694e+04
1.904362787453746132e+05
1.013774069907472469e+06
8.534405380928986415e+04
2.769116194175659330e+05
1.581428256066666218e+05
5.405239612974524789e+04
1.509442597668612842e+06
7.292106194044032600e+04
5.013236462122377125e+05
1.437108033126263763e+05
1.424029814316951088e+05
1.281543905439802329e+05
5.891739676170008024e+05
8.872377289284666767e+05
5.738631706995814602e+04
4.975217802394757746e+05
5.719701205884241062e+04
6.623759561199271411e+04
2.717179485290012090e+05
2.583200906159726728e+05
7.666999147943125572e+05
9.491938371434938163e+05
2.158564331768200500e+05
7.660523929804083891e+05
5.892916357812373899e+05
3.211940514656487503e+05
1.104432992897165706e+06
3.576711683621815755e+05
3.172954406630332960e+04
6.191432263907367596e+05
5.015573273337967112e+04
6.206151219342129771e+05
2.142543728716987243e+05
2.268607160399005807e+04
1.594959282042258652e+06
4.564496019516268861e+05
4.789997223860914237e+05
2.648536600503516383e+05
1.231677041337198811e+06
3.672519052512457711e+04
7.683908638825296657e+05
2.324282845763245423e+05
4.503426816507367766e+05
5.012950749361016788e+05
1.399142599595675129e+05
2.465542088851862936e+05
2.428647163163377554e+05
1.853773645207997179e+06
2.528154812591730151e+06
3.852921075194057776e+05
8.988843200993853770e+02
1.002122294712891162e+05
7.644856226509812404e+04
3.340842227902638842e+05
6.582963696159010578e+04
3.266908684865159448e+05
7.973220352951122914e+04
2.028372274016669544e+05
6.815004785118004074e+05
5.730987502849558223e+04
3.566898004020512453e+05
1.151381770436479201e+04
4.532688015914676944e+05
6.803618351613329723e+05
2.821340576919438899e+05
5.752877517094229348e+06
1.220607246604625543e+05
2.041489347027665353e+05
6.050135622056396642e+03
8.293210692310065497e+05
8.056295938661006221e+04
3.542224789653089101e+04
4.124651472421817743e+04
5.692061328079047380e+05
6.614922657001311891e+05
4.896908450350265484e+05
1.834094512351861049e+05
4.822184703517068992e+05
1.326509051088199776e+05
2.643951640012915595e+05
1.074375578277205583e+06
4.705644010251242435e+05
2.737971888846849324e+05
1.895312640484132280e+05
8.077140734481760301e+05
3.259528242274585646e+05
1.508838493983137188e+06
1.236756260705774330e+05
2.431200400879611727e+06
1.183160012596117449e+05
3.516043446707359399e+05
3.461213382422895520e+05
1.389531674925893603e+05
6.276293797831964912e+04
9.778921151542000007e+04
6.872693568835560000e+05
8.991330476725838380e+05
1.978721617265225505e+05
6.639492969231869210e+04
1.729807728055217071e+06
2.154311262814703223e+05
3.163080224398595165e+05
6.961980942635335959e+05
1.946041969598026481e+05
5.756184451147591608e+04
1.289533385707008274e+05
8.607509069905868091e+04
2.064287129195776070e+06
1.364804913153243484e+06
2.991817718286578893e+05
1.247454579185898881e+06
2.316450741925359180e+05
1.025277833644440543e+05
8.777316416071748245e+04
8.148909280839349958e+04
9.833225505945511395e+05
2.607011401108492864e+05
1.525915058068795828e+06
1.017045190193428309e+06
4.215228959773313836e+05
4.613558852376945433e+05
6.640960291663983662e+04
8.668714697400759906e+05
5.836158050019334769e+05
2.067229422156347719e+05
7.488752318916224176e+05
9.068689145599318726e+04
4.946091875753703644e+05
2.187575941235219652e+05
2.513116695135427872e+05
1.046710752929197857e+06
3.481604545149111655e+05
2.219339955255831010e+05
3.898595286001410568e+05
4.718011058884715312e+05
9.432407518793495547e+04
6.500814024972552434e+05
2.385898388566436246e+06
2.194137184599861212e+05
1.111485321563822617e+04
1.047006316130145453e+06
6.378809450713504339e+05
2.610709801304907887e+05
4.398126335338520003e+05
1.316268250025020679e+05
8.958951025186633924e+05
3.293713348324574763e+05
9.746941544172890717e+05
2.689096653852600139e+05
1.803291490636277944e+06
8.314949372596941248e+04
2.461040408711152559e+05
4.483862232762209605e+05
6.553324463130342774e+05
4.548684481772253290e+06
1.537088566631759051e+06
5.224166653760794434e+05
9.516301191510417266e+04
3.504078202945794910e+05
7.564768976490780187e+04
2.556774357634938322e+06
8.842172922173849074e+05
1.321957143637252448e+05
3.919616461348930607e+05
2.939730668103654752e+05
1.061708516538224183e+06
4.405666251279434655e+05
6.111511962879204657e+05
1.812599680857771891e+05
9.002333350095527712e+05
3.760983955974788987e+05
7.442394350757882930e+05
1.103463107119057822e+05
3.587410516954711056e+05
3.990607634093769593e+05
7.655535433972305327e+04
3.794571069057811983e+05
1.070032230123742018e+06
3.178813190070718061e+06
1.222389534483556781e+05
2.313893673526644125e+05
5.147503786448333994e+05
1.181414121873628348e+06
5.776005467825954547e+05
5.666869860407592496e+05
1.301516468874863494e+05
7.123749584543855162e+05
7.451716024905621307e+05
9.954380266097585263e+04
1.450040285522869963e+05
2.927342338147126720e+05
2.355323305397032527e+05
2.139535928551485995e+05
1.340643993318319554e+05
4.872761990542297717e+05
3.550783511610071873e+05
4.369621584800437558e+05
2.269880510411412979e+05
3.612513123182529816e+05
6.348552817319781752e+05
2.324886956961128453e+05
1.718693588867790240e+05
2.076271508960044303e+05
4.902454840375818312e+05
1.053416453943103552e+05
1.021063734897947870e+05
6.400298256042004796e+05
3.156329260478981887e+05
1.728620269024146546e+05
2.580594540042312816e+06
6.314957943638676079e+05
3.412019459605619777e+05
2.406369290619472449e+05
2.900681828330098069e+05
2.704579130069792154e+05
1.676898444962466601e+06
8.235897370552913053e+05
1.733248716459511488e+05
3.511782566479867091e+05
2.076433360095401003e+05
1.481905650981881772e+05
1.372409855033849599e+06
9.923674424608203117e+04
6.404544173574740998e+05
7.624623005609855754e+05
8.827545477674415451e+04
2.452904314699211100e+05
1.913603417253168009e+05
4.734114278370709508e+05
6.790261562678019982e+05
2.497248927756064586e+04
2.394198116623487731e+05
3.169956033896343433e+05
3.493746970252719620e+04
4.726047511496067455e+04
2.973588591252783663e+05
3.391301499976221821e+05
4.576832066948579450e+04
1.351874206754234328e+05
5.527687587522016111e+04
4.591001978877146030e+05
3.703142189052300528e+05
1.216263093034330377e+05
1.151020625456974609e+06
9.111012811518559465e+05
1.126468365533158649e+05
2.922159942122451030e+05
6.939710130306545761e+04
7.480415414097423491e+04
2.906260431268956745e+04
1.580148172586731671e+05
2.408589998939438374e+04
5.558575916523588821e+05
8.194177464583895635e+05
1.720155038255407271e+04
6.831057499542481964e+05
1.532558872660545632e+06
8.914060842557622527e+04
4.285885406127540045e+05
1.818301289695047075e+06
2.341243568204724870e+05
2.875757570016283426e+05
2.236173100721129740e+05
1.531202276288336376e+06
3.171346490659805131e+05
2.137389658666610718e+06
3.571321246768900892e+05
1.151735894731677836e+06
6.613357598172440194e+05
1.025714491880221642e+06
1.750398277727589302e+05
4.862865183500403655e+05
3.701692331156025757e+05
1.370802728780278630e+04
6.017148537531481998e+04
1.605195263385905710e+05
5.188141759954173467e+05
2.300953770185480607e+04
4.020812935065896017e+05
4.094456995709310868e+05
2.088821062640036398e+05
1.973197613323432452e+05
6.798891310293340939e+04
1.054687733386167325e+06
2.093462581054925686e+06
2.022879014591258485e+06
3.419111453869123216e+04
1.243057946926815668e+06
2.340888488132241037e+04
5.724640128817020450e+05
4.745556335092201334e+04
1.288776936962957843e+05
8.651872769363985572e+04
1.068879496720613388e+05
3.183617183347273152e+06
6.782658575864884187e+04
1.382465525977277895e+06
4.895589796856394387e+05
3.055951323953968822e+05
5.804994060106173856e+05
3.821988803284931055e+04
6.194004483506659744e+05
5.436200323709461372e+04
3.465945141708274605e+05
2.781537912625242956e+06
3.275885770355130080e+05
4.210724474923203525e+04
1.454681638676954317e+05
6.738166819530833745e+05
2.249580941027744266e+05
8.382764377051941119e+05
8.120077773219604569e+04
1.074774078786119644e+05
1.182864420372228371e+06
1.616614434351165837e+05
6.564323319356462453e+05
1.690136208175233915e+05
3.624528868729168549e+06
4.981882141599904280e+05
7.404759847399172140e+05
5.475911942246309482e+05
6.410251872728493763e+05
5.121311685144126532e+05
7.295663917342758214e+04
4.010338543243156280e+06
5.305859280835660174e+05
6.766517215069351951e+05
5.380329308242909610e+05
3.181064688920117333e+05
1.358084185357097886e+05
8.996848670745085692e+05
8.189095090907180565e+04
4.584502449700085563e+05
1.489137314938649361e+05
1.131624901715156622e+06
1.552628292478972871e+05
4.873066515245289775e+05
9.173202629635554040e+05
8.584651528125995537e+05
5.012363874470985029e+05
7.422074949550247402e+04
5.330719508922334062e+05
3.960785851982570253e+06
3.339255294302533148e+05
2.194100978885480436e+05
3.106040631866639014e+05
6.274902689908865141e+05
1.511238309611083532e+05
3.957752095617020386e+05
4.069158742003942607e+05
6.200945121160243871e+05
8.916111489628457639e+04
6.311964182914276898e+04
1.287837564257125137e+06
2.161604117253169534e+05
5.991535359323582379e+05
2.099945791043917998e+05
2.609189117003273859e+05
3.969458803583772387e+05
1.129103666170193173e+05
6.120189413957084762e+05
4.449378775183574180e+05
1.002714709571267129e+06
2.235337993871945364e+05
1.341536743001759169e+05
1.330663987289787503e+06
5.960075731624185573e+05
2.936931093821633840e+05
1.039436821996328072e+05
2.915134786863405607e+05
1.679290293958950497e+05
3.720982743286333425e+04
3.232583509167243028e+04
2.487124119663059828e+05
5.853558182985360036e+05
9.631582086520063458e+05
1.418861543759898341e+05
5.937921199251342332e+05
1.921734032563716639e+06
9.696857789213425713e+04
4.311216790015627630e+05
5.566910753772536991e+05
1.547390655630608671e+05
1.378749877732119523e+06
9.264640097816013440e+04
1.347837010042204929e+05
1.088941665186078055e+06
2.210805142048822599e+05
4.845421472683581669e+04
1.337769679295880022e+06
2.942967657870361290e+04
1.707666304853084497e+06
1.397716635454810690e+06
8.651421400771464687e+05
2.683593736008090898e+06
1.988808521633133932e+04
7.919736924637570337e+04
2.045525171448667534e+05
1.445693722329718294e+05
8.445755675526269479e+05
5.246820715104562260e+04
1.958641183052682551e+06
1.086710407743790885e+06
6.934101140269986354e+05
1.228450398279634537e+05
3.099633338895029156e+05
1.898444682925005327e+05
8.659645026362259523e+04
1.809474755600332748e+06
1.499345192439744016e+06
2.197256258940788102e+05
2.601394434068365372e+05
2.506516270608735213e+05
8.503136968809746031e+04
4.721220741261253133e+05
1.892857856986661209e+05
1.805383947024103720e+06
9.488371785360825015e+04
5.002827458569611772e+05
3.918311427589271916e+05
3.790131161902883468e+04
1.417249378648443380e+06
6.618136749734857585e+04
6.614808257066553051e+04
1.914293785151093907e+05
1.006699761404657329e+05
1.057760529143148800e+06
4.000611784373073024e+05
2.259996516822346312e+05
1.375939710166825913e+06
5.767364294264401542e+05
1.754421195646687411e+06
2.365306527291758975e+05
1.737184348773946986e+05
3.836953878410457983e+05
4.583361059648134396e+05
8.657454246007328038e+04
2.072568207950642391e+05
1.752019434546121629e+05
6.737896499560689554e+05
3.484788478857797454e+05
1.636691083772488928e+05
1.017401406497216551e+06
1.829642290712845570e+05
1.469576917968213558e+06
6.522480125077706180e+04
6.020294438122182619e+05
1.500256467810150352e+05
7.542181284911651164e+05
1.086689564993814420e+05
3.274484210798673797e+06
6.123616831441150280e+05
1.680430160358707653e+06
8.998263600773778744e+05
7.322396151168823708e+05
1.390388073757434322e+05
4.065570180312792305e+06
7.231085967426610296e+04
1.775935957312081009e+05
1.099732625488409540e+06
5.641906677008916158e+05
1.380543469542989624e+05
7.123641210732865147e+04
4.063752067714081495e+05
7.731604643389025005e+05
7.539323415198347357e+04
6.062296143612888409e+05
6.331244899290280591e+04
4.567386144372156123e+05
9.047245041985264106e+04
2.597254020760567219e+05
5.746258720685182925e+04
4.084217981710537570e+05
5.694468645718634070e+04
3.776526662413043086e+05
4.253955443148671184e+05
4.112766099655305152e+04
1.931143022451395518e+05
1.520792719400501577e+06
2.225589361495799851e+06
1.067236640579315834e+06
6.320834533179318532e+05
1.853562850094571768e+05
3.854113066083500162e+05
3.021461016535537055e+04
5.199603193599717924e+05
3.167852531519000331e+04
1.350422357042236021e+06
2.947811589543267619e+05
1.483746853173938580e+06
1.096979435942203738e+06
2.209390926417060837e+05
1.249422668339262716e+06
2.810011827526320703e+05
1.017070898378700222e+05
6.851744403080438497e+05
1.515281993442274397e+05
3.270752345932307653e+05
1.722178993707327638e+06
6.166475699836827116e+05
2.243422085208308999e+05
2.470192629711485642e+05
1.476244381509291998e+05
7.381637665230642597e+03
6.939883509797292063e+05
5.389257349870285252e+05
1.430831773465297301e+05
1.553937958517524181e+06
3.486897027189725777e+05
1.696309669426411157e+06
6.557737735275138402e+04
1.348517988704853342e+05
6.432787361258185701e+05
4.333592045480915694e+05
6.706281138172943611e+05
1.081489901854525786e+06
4.373451365302537397e+02
4.439128931258235243e+05
3.884416634961926320e+04
2.356346963355401531e+05
1.539866558425754542e+06
1.594945440746132517e+05
2.677150869392323657e+05
7.515612666510744020e+04
3.869245754864763585e+05
1.505521221607590851e+05
2.598457811404612847e+06
3.100472644224145915e+05
5.861958207521100849e+04
3.906644537359028473e+05
8.247324091609572060e+05
1.395483880715889682e+05
1.212790233800834685e+05
6.147842880764078582e+05
3.000194087781629059e+05
2.896185769619059283e+06
1.534934448574076174e+06
4.553952865927652456e+05
7.399388252980675315e+05
3.249623377835517749e+04
2.150036805211596948e+05
6.266879001032169908e+05
6.920300983254326275e+05
2.671241910429672571e+05
3.975380284162633325e+04
1.900312871541514469e+05
1.484962639894681051e+06
2.834571835949738976e+06
2.669661743375359219e+05
2.280480847937341314e+05
6.983787612716745352e+05
3.670848525849240832e+04
6.029210748427514918e+05
1.679108393966500880e+06
1.965250778747825825e+05
1.709905353205309482e+06
5.159037277755212854e+05
4.399028319643948344e+05
7.142706506604418973e+04
5.986590278331394074e+05
2.082910958801254164e+05
1.513806955044163915e+05
1.947759790762517659e+05
3.406046825726293609e+05
2.060340471727574186e+05
3.789057683005431318e+05
1.237744908506412758e+06
3.650732475357837393e+05
1.085314218818529771e+05
1.647681814540998894e+05
1.208941869845725829e+06
3.780436416255930089e+05
3.136355562790702563e+06
6.561549221161479363e+05
3.687435882784296409e+05
1.066158400849500438e+06
2.871937793121203431e+05
9.638427708999381866e+04
1.572363086339669535e+05
1.172310972171534086e+06
7.210320330815741327e+05
1.148098905423153337e+05
1.266975241818777751e+06
4.085172895694980252e+04
3.768560428435057984e+05
3.197995934369349270e+05
1.037248166003872320e+05
9.859813242248499591e+04
5.681787928982150042e+05
8.197514043698846945e+04
1.379309417160975281e+06
5.900784366666835267e+05
3.085056772850890411e+05
1.257986515744052886e+05
1.755527726520393044e+05
3.196153446204462307e+04
3.881048313104297267e+05
4.349633549725799821e+05
3.044419878588937572e+05
4.914755464752468979e+05
1.343277240809711511e+05
3.996908010938308202e+06
5.395948033088631200e+04
1.889182786753094115e+05
8.171200166592271999e+05
1.710621550168340327e+05
7.601686295006511500e+05
8.452452524644862860e+05
2.437357033782047220e+05
8.574428437339109951e+04
2.752858234748116229e+05
9.166048208689194871e+04
6.142506119192999322e+05
9.913859458990830171e+04
3.206576558348655817e+05
2.529823072493447398e+05
1.462683687572799623e+06
2.177318193462799827e+05
1.790085191842898203e+05
5.997438460935165494e+04
7.187380484358774265e+05
1.534810274826948880e+05
9.846987562097323826e+05
6.533191697749260347e+05
1.244101862387924193e+05
1.939372520759885956e+05
8.745177524731911253e+05
5.441994257355084846e+04
1.388897753091217310e+05
2.732055246665371815e+05
1.182477062060122611e+06
2.023179906336847227e+06
9.726663792491385539e+04
4.546702479764050076e+04
2.922837078932694276e+05
2.313696915530882776e+06
2.243948117123476113e+05
4.454998346516373567e+05
5.672782034884269815e+05
8.615878191217791755e+05
7.894381372193112038e+05
1.533916066460049246e+06
7.822316318782448070e+05
2.569597146269207296e+05
3.225797653129760874e+05
5.224771574507952319e+05
1.370537806231579976e+06
3.953673361748604220e+05
2.220587989460873359e+05
2.186236469484869158e+05
6.157324588265075581e+05
1.201170702164997783e+05
1.025298136165407021e+06
1.598258553064492997e+06
1.648246336093790887e+05
7.217601269010920078e+05
9.507103386402869364e+05
3.291568716311649769e+05
5.153574808805471985e+05
5.245262781722912332e+05
4.242761816377412470e+04
2.187825230211179587e+05
5.282309712229784345e+05
1.088650091297877254e+06
5.639226114407773130e+05
7.300886897648203558e+03
5.901283136969147017e+05
8.008233859915530775e+05
1.606693782846456394e+06
4.404419904838442453e+05
2.832374155510230921e+05
3.978917325706466218e+05
1.027820914285954495e+05
9.439802699296775972e+05
8.989148135291021317e+05
7.981045447500522714e+05
1.730597844208627357e+05
1.094527876943911193e+06
5.688840399964239914e+05
3.903756519464352168e+05
5.696833545271927724e+05
7.793971588962672977e+05
8.177782681555199088e+04
1.199948022206520545e+05
2.673621578583149312e+04
7.748350222162912542e+04
3.131142488600247307e+05
1.455282109851905378e+06
5.337288262206079671e+05
2.780107740005798987e+05
1.176620229395532660e+05
1.418234841053054202e+06
6.026065456787077710e+05
3.877646960034219956e+04
4.824775354033521144e+05
1.291655683920734591e+05
5.720556814951308770e+05
1.515163943311214971e+05
8.278106672698170587e+04
7.321773307234888198e+05
1.355197603489831090e+05
3.502559381547579542e+05
2.527562615219166037e+05
7.473777547361498000e+05
1.730101612090741110e+05
2.894397731029225979e+05
5.333702402858723508e+04
5.224494397257574019e+05
2.143746094290905748e+05
1.080405921396053018e+05
3.247272182111365255e+05
7.762708554342592834e+04
1.491794484821517253e+05
1.012028119908583612e+05
1.193420753898101160e+06
1.244762376949251397e+06
1.063163826981856488e+06
3.749073770018409414e+04
1.993916188793547044e+05
5.071514097088433336e+05
3.051732317689861520e+05
8.185663941698957933e+05
5.315639036635169759e+05
6.046327993616244057e+05
2.391940800571500731e+05
5.289905759275320452e+04
3.696609936586493131e+04
1.086248735879405867e+06
7.860773502858255524e+05
2.048789477343491511e+06
4.844639455633784528e+05
1.409734514510692097e+05
6.478407749681545829e+04
1.863524243749839661e+05
1.261306057098937308e+05
1.009264904214518727e+06
5.572081681853552582e+05
5.146178587367990986e+05
6.839285529239817988e+05
4.628876261775881721e+04
6.686320791761626606e+04
3.036235486329754931e+05
4.925393010596367531e+05
8.675555775965780776e+04
1.071303385347270640e+06
2.702866702161181456e+04
8.713046742939405143e+06
5.128070124112694757e+05
2.123452148395406548e+05
3.220281055289921933e+05
3.028713929595144582e+05
1.270298199656217330e+05
8.454650418773222482e+05
6.073112011837138562e+05
1.624189389045214048e+06
2.437487434342652559e+05
2.827210304185590576e+04
8.320176101018737245e+04
7.243470369712101528e+05
3.233867396969791153e+05
1.161160980869806139e+06
6.982421225079907163e+04
3.414671915097674355e+06
1.602561684408771107e+06
3.057768560048173531e+05
1.488449593162379642e+04
2.304036285448831622e+05
8.168224194962107504e+03
5.962549515514671803e+05
6.494410251266010891e+04
3.045097911315743695e+05
9.744475628831674112e+04
4.026208012684514397e+05
5.793092249264885904e+05
2.197528287424136361e+05
2.335597607604071673e+05
3.284413193929732661e+05
1.820498718757095921e+05
9.777791177379701985e+05
8.416035536840415443e+04
3.001687104001559783e+05
3.359616160503270803e+05
2.813943078374000033e+05
5.029587681582719088e+05
1.880280714720499003e+06
2.046456193350174290e+05
9.330226570123192505e+04
1.808080740731468541e+05
3.003845642241594032e+05
4.563165118374963291e+06
1.196232066856099525e+06
5.062632683569925575e+04
3.059176382889729575e+05
1.683236405885263812e+05
5.035055381654592929e+05
5.061862828076928272e+05
1.596033410123107315e+05
5.809132990536137950e+05
2.692298873798993882e+05
1.835102446882982331e+05
4.232214618076911429e+05
3.841659902738615638e+05
4.118139238592317561e+05
1.597792301738474816e+04
1.979726011041943275e+05
1.944170335524521768e+06
1.049146284738037735e+06
1.154683914570331806e+06
4.522968579423158080e+05
6.099017873406920116e+05
4.918760233886227361e+05
4.618359942534143338e+05
3.591931780492495745e+05
2.635769780523943482e+05
2.593757897992975995e+04
4.099646739254259155e+05
7.225256074836940970e+05
9.772218152284227835e+04
2.224692820889737923e+06
1.172919745866993180e+05
3.452873510635512066e+05
9.714872342330558458e+05
9.888855896877936320e+05
5.675725745762414299e+05
2.319103699435530580e+05
6.121823808207162656e+05
8.745339531745206332e+05
2.432030461189567286e+05
4.559341153233666555e+05
2.114026579429857666e+05
4.176222106959899538e+05
3.201560962524675298e+06
6.262854951566657110e+04
1.157550000233346364e+05
3.950763623364320374e+05
1.648795309366459958e+06
2.456446762380278087e+05
6.241031090542514576e+05
5.680149827787558752e+04
4.454045267729550833e+05
5.246792029339071596e+05
6.525425964660136960e+05
1.074438760778182419e+06
1.793100087965145940e+05
1.061334074431862216e+06
8.998944752442507888e+04
5.639341217280623969e+05
5.658558692493024282e+05
7.919269854587646842e+04
6.296201374711793615e+05
1.132662532092192909e+06
3.642845661819603411e+05
2.430888301253990212e+05
1.650892198254363029e+05
2.838511405748787802e+05
1.990635634029375215e+05
1.094000716427266307e+05
7.150442257668550592e+05
2.623448728592991247e+05
3.244272895557878073e+05
4.959665747528905922e+04
1.165156202308614447e+05
8.249123570125467377e+05
6.497974893036347348e+05
1.087163419188945700e+05
1.283582058780164371e+05
4.262552285179811297e+05
2.725933967946885969e+05
2.026034819903315220e+05
2.935967020566790015e+05
6.382308466253177903e+04
1.066827146276303974e+05
8.040872165770750726e+05
4.695478649672474712e+06
2.006071706343725600e+04
1.858982496032729396e+05
4.838026206197626307e+05
2.024878226913609542e+05
1.280334836077279615e+05
1.376587647628914565e+05
1.906128816428762220e+05
1.336442990384836681e+06
2.158660927007894032e+06
8.465744263729685917e+05
1.074452713810715824e+06
6.711327037841371493e+05
2.109577790538702393e+05
1.210926810220242915e+05
7.635840358598365856e+04
3.369411874481358973e+04
7.440409568827466574e+05
5.812752564601195045e+05
6.299454409979283810e+05
5.107156601506159641e+05
4.038587854411596782e+05
2.384507993205644598e+05
1.211941905304613319e+05
1.151157086222713348e+06
1.604880277842750074e+05
1.471537447236537118e+05
5.061872334773286129e+05
5.916568106127195642e+04
3.162577207690602518e+05
1.668362488340969430e+06
4.431492271895646118e+06
8.824877849176346790e+05
5.850883119225302653e+04
2.174032570360682148e+05
2.404507148043368943e+06
4.023210675630802289e+05
3.421874550031882827e+05
2.699176546789834392e+05
5.588873881377875805e+05
4.973806860857165157e+04
4.284135606943848688e+04
1.705381507393594366e+06
3.531001782278063474e+05
3.615790706231447984e+05
1.331784030850758427e+05
1.337519446653999621e+05
9.308682629739070544e+05
2.533138620988640760e+05
8.633662686773393070e+05
8.739461549885387649e+04
3.572129822865361348e+05
2.733829729694113485e+05
6.904618390695410781e+05
5.399930564135641325e+05
4.800767909078061348e+05
1.172096680329696508e+06
8.038825559659224236e+05
1.263983641749203962e+05
6.964939554191831267e+05
5.311994158001663163e+05
3.115340814944428857e+05
7.587483511794731021e+05
1.080001682723812293e+06
5.090232057558590168e+04
3.448092033168312628e+05
4.118605108643115382e+05
2.659310449178664712e+05
1.940444789313603251e+05
1.254322550551515742e+05
5.009381584472326795e+05
2.393165640272223391e+05
5.030838278458049754e+05
7.684125268254049297e+04
2.446632252654798212e+05
4.793307814059380908e+05
2.857643953721503494e+05
3.562763992054787232e+05
3.687422476191906026e+04
1.650862616642919020e+05
3.378495576483826735e+05
1.304894606816341402e+06
1.889653469312403467e+05
4.633734111700982321e+05
1.745207829973312910e+05
3.443248877961556427e+05
3.527867038016730658e+04
6.447616830409764079e+05
1.266794464732491360e+04
1.979577642889886629e+05
1.947014740351981600e+05
