6.373534417809351580e+05
2.836294872790559311e+05
1.801617614957287908e+06
5.255656193054824835e+05
1.944386615462475922e+06
1.836190592712473299e+05
1.427315255075385503e+05
3.487388125961537007e+05
1.769198097148357483e+05
3.856478185976208188e+05
1.218573831902060891e+06
6.492572390079490142e+05
1.883054506838769012e+05
2.092699254146107996e+05
4.226622371836056845e+04
1.042756767153472523e+06
1.507279915100366576e+06
1.641562413408478315e+05
2.142164658077742497e+05
1.047643807827454759e+06
1.446567305740576936e+06
1.067492306323768804e+06
1.825830039701557253e+06
3.471091484088281140e+04
1.193087078225642617e+05
1.335305598964646633e+05
5.282731373501449125e+05
6.458210706449611462e+04
3.770218594560994097e+04
2.572386328709193040e+05
6.447800705807402264e+05
3.277788884759781067e+05
7.683405173199649435e+05
5.197671863134084851e+05
7.835963172191919293e+05
4.824895008114917437e+05
1.924964862955216959e+05
4.411108572777393420e+04
8.268199691529548727e+05
1.794168504195709247e+05
2.955494676956968615e+05
1.428210145141861401e+06
2.598624095354859601e+05
5.659491100538965547e+05
3.307256947680200683e+05
1.850767437106334837e+05
5.765059468384098182e+03
1.973293774517179700e+06
9.213975675399349711e+04
2.443225864482517354e+06
8.915351386365300277e+05
1.773987166458558931e+05
1.401857315769413952e+06
4.934752884630298649e+04
3.572005687794476398e+05
3.985409381871024380e+05
6.160598784714762587e+05
4.267988185189021751e+05
5.337721433377681387e+04
3.842957078618901960e+03
1.256688150183237740e+05
2.928599191793015780e+04
5.455226693737639289e+04
1.780081955504528305e+05
1.571104907007717993e+05
3.453677664272197289e+05
9.981524266885358375e+05
8.195003970544957556e+05
9.289722140025065746e+05
1.749104943427881459e+06
1.005464383364822250e+06
5.707889023484113568e+04
9.297526915521146730e+05
2.838624878398854635e+05
2.351694282688056992e+05
6.417055198062822456e+05
3.122471222320158267e+05
6.162145342207718641e+05
6.815676639894368418e+04
9.343933594056366928e+03
1.589957758003751223e+05
3.277698173202181351e+05
5.961503786241158377e+05
4.136843363322184887e+05
3.754461437714584637e+06
1.908593604612511117e+05
6.068053057835113723e+05
2.371015909480033442e+06
1.596364029775667877e+05
1.764956117332740687e+06
1.168215324626246933e+06
6.466754502261786256e+05
2.709438021867053467e+05
5.997920974998040765e+04
4.497746853035450913e+05
2.763408311580270529e+05
4.967389921197318472e+04
1.351801884944544581e+05
5.697839787176976824e+04
9.031020125118151191e+04
1.188373930121488665e+05
6.835235463603684912e+05
1.212102336641806760e+05
4.337768758136736229e+06
3.622889079456665786e+05
5.613876727608366637e+05
1.671720083084586804e+04
6.474487580014552805e+04
5.965691423069387383e+04
3.306114223779351451e+05
9.048718946197654586e+05
2.385753634746767057e+05
4.585253073730692267e+04
3.263182760243778466e+05
7.528538841746067628e+05
3.740058940256831120e+05
3.256261853066405165e+05
4.649416493495394825e+05
2.168832309564956231e+05
5.218887242175909705e+03
1.745980099899242632e+06
1.074689163899460342e+06
3.525542936696250690e+05
1.224424396729847795e+05
6.622650148512352025e+05
7.978542784073397343e+04
1.726981283672383288e+05
1.087388791651062667e+06
1.547134244419244060e+05
2.644372053157248884e+05
7.807231767764373217e+04
1.896028860241614166e+05
5.749176509950169129e+05
7.484402207253281085e+04
1.885164236703741772e+05
3.246204129794694018e+04
2.339683719357060734e+06
3.192223577335710870e+05
3.148270926083395025e+05
1.530114161426523933e+05
6.925987435140298912e+05
7.234271946858651936e+05
4.391152321655756095e+05
2.569817832497929339e+05
2.599498807271342666e+05
3.147761840768512338e+05
4.877415484200713690e+05
1.020933204267471738e+05
1.407443105219234712e+05
9.581658553141098237e+05
1.400685930597436090e+05
7.408963294500302291e+05
1.707087766484892654e+03
7.287328276502565714e+05
5.746021797576831887e+05
1.282212454947248625e+05
4.230350260371429031e+05
2.158859717856224452e+05
4.462268723153187893e+05
3.018264626745558926e+05
1.029993228678921441e+05
4.630448841542899609e+05
2.454699856983561476e+05
2.654185339467704180e+05
1.073643406225757208e+06
2.796165641760806320e+05
2.116433210688680410e+05
2.479087567239032069e+05
7.532390457612865430e+04
9.633481085289107868e+05
1.971694981623616768e+05
4.203681414132986683e+05
1.205421530092368601e+06
2.610863053181149007e+05
2.974830551581492764e+05
6.489628892309925286e+05
3.690213326433474431e+05
9.965712313397659454e+04
1.117342129694438481e+05
4.551055152425539563e+04
4.494241872438490973e+05
1.441229850438702386e+06
6.845816837702818157e+04
2.479105038076539859e+04
3.848827324033490731e+05
1.159610238479814259e+06
9.142377527544547047e+04
2.751493232429514173e+05
1.004961982174709992e+05
1.401207252031581884e+05
4.388903014781646198e+04
5.974703068045955297e+04
9.231009611446568742e+05
2.727008011241035536e+06
2.449313750747503655e+05
9.060316073495552409e+05
5.784597383597573935e+04
1.238471608428068430e+05
1.677811565921919537e+05
1.889520672527412535e+05
1.642690720422622690e+05
3.578499073330808897e+05
6.230832199886988383e+05
4.058322887357583968e+05
1.027087521181123739e+05
9.254599995005772216e+05
7.466587941997303278e+04
3.716675211990009411e+05
8.871025347902596695e+05
8.697701402093800716e+05
5.035221955793851521e+04
5.854398117709739599e+05
7.378191345336020458e+05
7.494339665279884357e+05
2.205424871015377576e+05
2.292935056834380666e+05
7.045359438693607226e+05
6.803135463060729671e+05
6.775131211624074786e+04
1.374379544959157007e+06
6.688087495124175912e+05
2.271704108203393116e+04
3.859785138829100470e+04
4.104062007937816670e+05
1.601012093480032927e+05
1.455813082756671822e+06
4.643518819912830077e+04
7.408776702244735789e+05
1.129343267310959520e+06
7.030354265455515124e+05
1.671061601181507285e+05
4.000645061523666955e+05
7.880219784398465708e+04
1.530805686617511674e+05
5.059668966016425984e+05
1.874374596717281675e+05
3.991999405425203731e+05
3.337008062574578216e+05
5.744777250362427440e+05
6.887575358856215607e+05
1.645336378821851977e+05
1.713464402713019226e+05
4.884433259941835422e+05
2.091099144967743778e+05
1.716350841100574180e+05
3.461619772629269573e+04
2.144173960224760231e+06
2.235585335749907244e+05
3.225522056254895288e+05
4.267321635951580247e+05
2.746342650800950360e+05
5.231717047683440614e+04
2.722528783494130475e+05
1.839991309525321471e+06
2.141060660019610950e+05
4.601446006553400075e+05
1.155794227356391260e+06
4.772078486686265678e+05
5.141317605170574825e+04
2.073134819741467072e+05
4.354702501374264830e+05
2.054340660941099050e+05
2.078046214974842442e+05
1.870433240070790998e+04
1.201063718933918863e+05
6.665542592320186668e+04
1.342720162467138725e+05
1.015973700667269877e+05
3.719056719413410174e+05
1.306938590347278398e+06
4.589178053858727217e+05
2.780405224205678096e+05
3.751181739069404284e+04
6.555624121753461659e+05
4.336268421504841535e+05
7.944436220522297663e+04
1.435641488297622709e+05
5.726088683252626652e+04
1.953534061156027892e+05
4.236216168339896249e+05
7.859487669650261523e+04
6.422689419620798435e+05
2.186864922012668976e+05
2.230347836938269029e+05
1.721418558397935703e+06
5.061280858515962609e+04
1.723502362382980937e+05
8.995587972188493586e+04
4.319389210345947504e+04
1.556023555594012607e+06
4.874021092849915731e+05
6.641487476940609049e+05
1.755861438902103691e+05
4.786820505339398369e+04
6.891238150231142063e+05
2.912658655625113752e+05
7.917993794999946840e+04
1.724783411574081983e+05
7.079536044710691203e+04
3.138003587725094985e+05
2.815997367586320615e+05
2.331779662838272634e+05
4.796242612673968893e+02
2.981353933385223499e+05
5.980371324190646410e+05
5.331143699598994572e+05
5.146504647598088923e+04
7.698114487104389991e+04
2.793407870798440126e+04
7.601659377344034147e+05
2.330104606137360446e+06
1.518836234065280296e+06
1.558320904702587577e+05
8.335721062727001263e+05
1.620306950583014986e+05
6.572247231150764273e+05
8.712841835363475548e+04
1.566129573755153979e+05
2.726700350777463755e+05
1.140022223860645900e+06
3.106857767897926969e+05
9.049576136418738170e+05
1.797733666691134451e+06
2.428291689375234128e+05
2.308594131780202151e+05
3.171115228823025827e+05
7.761335665732645430e+05
6.460119037566975458e+05
2.540713501447378076e+05
6.756591166814251337e+05
1.379692870210946421e+05
2.960222289367399062e+05
8.191452680984202016e+04
1.250007998007237329e+05
5.091061845699687838e+05
1.962000071869455860e+05
1.442819934336630977e+05
7.154333594172874291e+04
4.946426956667288323e+05
4.494752829560143437e+04
1.901579153238552622e+06
3.382485221830182127e+05
1.686936741008175013e+05
1.566185078484976257e+05
4.169293275314600323e+05
2.490294167475402064e+05
5.194604428326383932e+05
2.235798419066237286e+06
7.452059391859286698e+05
1.851140800774066884e+05
1.971936050078505359e+05
3.718591834572191001e+05
2.445556979231048026e+05
5.841190340773011558e+05
8.595000338890148560e+05
1.592901440504458733e+05
3.749406098131927429e+05
2.012585076168807864e+05
1.535732177340491326e+05
4.862857251634250279e+05
1.242330998540842265e+05
2.062971056580129953e+05
2.463142867402247211e+05
2.294976206227218208e+05
3.674403399121016264e+05
1.746279209137155849e+05
7.459274464750416519e+04
7.437699763066614978e+05
6.616925591726471903e+05
8.641664375563660869e+05
2.676758963887467398e+05
1.931591862527875695e+06
3.811211378759607673e+06
1.243193847576414002e+06
4.304776998939779587e+05
4.723305295446831733e+05
1.319995775258374633e+06
1.497890782152325846e+06
3.149138130542823928e+05
1.661580844763969071e+05
1.559380573590681597e+05
8.501485261882181512e+05
1.165754594118109962e+05
1.101896190469534922e+05
2.818085294442107435e+06
5.384171320459177514e+04
2.790554624081630664e+03
1.053166327559519268e+05
6.129380555233704945e+04
9.171684296521779615e+05
4.776303375867766445e+05
1.867124699330550502e+05
1.474872580829603830e+06
3.138693575226500980e+05
3.819226677967666183e+05
1.100262105179668404e+06
2.196230627860224340e+05
3.868943405283270986e+05
1.077288602828740550e+05
1.350230027727325214e+06
3.272222294335021870e+05
1.615483767582009896e+05
2.222707166497423779e+06
6.651664822800249094e+05
2.560787312723821669e+05
3.365472813794554531e+04
1.786570516354535357e+05
1.167038282703966368e+06
7.687254796376243758e+04
4.791610527026876225e+05
2.688481485289109987e+05
6.502437533466641326e+05
8.192894199651392410e+05
7.302550327100869035e+05
9.377490541006575804e+05
2.513956976138231985e+05
6.325838530380448792e+05
2.096255890982801793e+05
6.674992189170078200e+04
3.519332903159840498e+05
6.346830024567273213e+05
7.909202690765700536e+05
5.950427717598102754e+05
9.060523479356383905e+05
3.179015633331347490e+05
6.203592630232014926e+05
1.610529909877328028e+05
5.448030252851463156e+05
5.081908264935275656e+05
7.135148201163241174e+05
1.044666196246495965e+05
7.732357625377582153e+05
1.094433414683401817e+06
4.516871686000716873e+06
8.430766552005970152e+05
4.520572071983778733e+05
1.673031885759067722e+06
2.265544248626244662e+05
3.403623190333171515e+05
2.996844460161378607e+06
3.227583604864597437e+05
2.044177977798351203e+05
6.254047452303001191e+05
5.525616036712420173e+05
3.546839473570272094e+05
2.321683588295284426e+05
2.145797064070096530e+04
1.494655228681047738e+05
1.414069002099817619e+06
1.438850696605649428e+05
1.426438484293124871e+06
2.350475969025477389e+04
3.586862537382725350e+03
5.262263666785525857e+04
2.870498084191209055e+05
3.311615103141034488e+05
2.206553143414083170e+05
1.189982150648159673e+06
5.354817214321364881e+05
1.446614119835634716e+06
8.725205306932875828e+04
1.307851117873674259e+06
1.250657762283135526e+05
8.592601409109082306e+05
5.174466448732134304e+05
2.262839835060323821e+05
5.876020043280987302e+05
5.468153775771838846e+05
1.409169124378316337e+05
1.486689108716490155e+05
7.992532088536706287e+05
4.532421295390455052e+05
1.932938907017136225e+05
4.777406326373015181e+05
2.976877746788369259e+05
1.776019816629911307e+06
1.297558074930488801e+05
5.989714981884191511e+05
3.245235446142487228e+06
5.785855548933030150e+03
3.687952969335310045e+05
1.423239926601700485e+06
2.342868863197032770e+05
5.846569096124975476e+04
2.256698167738441553e+05
2.685375365177025087e+06
1.594366171981770545e+06
2.947731047953244415e+05
1.385535773717129778e+05
3.058214511416520691e+05
8.255678920142992865e+05
1.227232720787291910e+05
2.204926013231727120e+05
1.960611553560174943e+05
5.608216785758284386e+05
7.629132674829981988e+05
4.890323255654551031e+04
2.756659304385969299e+05
1.817005218639312312e+06
5.994657487015688093e+05
3.928810732986266376e+05
8.956205935610181186e+05
1.456761281772832153e+05
6.978984868175070733e+05
2.530644609133538324e+05
2.197830461861796502e+05
6.392733579934261506e+05
7.860231571347458521e+05
1.446730426188812591e+06
2.554402013879640726e+05
4.976123251462509506e+05
2.536440815666693379e+05
1.843909783435811114e+05
6.079838382524704793e+05
4.160517954610146990e+04
8.954320116964248009e+05
1.641734932781030657e+05
1.873684791620913893e+04
4.373023915636496531e+04
6.344088799422187731e+05
3.502138703364725370e+04
1.769226912101593043e+05
7.391792402795929229e+05
7.773769933236016659e+05
1.486347656390046468e+05
9.205814054648992606e+05
4.504458247116110870e+05
1.119246091678913217e+06
1.183644075445263297e+05
2.966961760020170477e+05
3.664994977958970238e+06
3.472270382511212956e+05
1.682410314341271005e+05
2.289005212626829743e+05
6.318181005161131034e+05
1.477997372998318751e+05
3.218901268723542453e+05
1.905784279414898774e+05
3.325817976363032358e+05
1.112161853844974423e+06
5.752121097283268318e+04
3.535541151809644070e+05
1.586240635319568974e+05
1.006559031578613212e+06
5.133417766321261879e+05
2.117624438789068372e+05
3.585942624925232376e+05
5.161810949019938125e+05
4.732286369634323055e+05
8.294335186299763154e+05
3.420632017759103328e+05
1.093607790899560088e+06
6.191984993314028252e+05
6.053465224986948306e+05
8.780980130828379188e+05
7.545337578243956668e+05
7.907360201002629765e+03
2.433912262195519172e+06
3.224430263092273890e+04
5.073685934978905134e+05
5.477421925727487542e+05
3.473571914344878169e+05
3.004469693818693631e+05
2.800114648205521517e+05
6.704067537708905002e+04
2.109471234921342984e+05
2.088287059144879458e+05
2.494607268390314712e+05
1.067932681784101624e+04
1.314819762139728118e+05
4.053834906435023877e+05
7.528477339879692532e+06
6.210122106241636211e+05
2.695666805151656154e+05
5.519829546319113433e+04
3.864920817747179535e+05
1.282284397193519981e+05
1.520115620569161911e+04
3.781584955095677869e+05
6.275613457505150000e+05
9.222236298841406824e+05
3.047738636775308405e+05
2.901705244105483507e+04
7.290603104411364766e+05
2.189826247321264236e+05
3.915300301304196910e+04
5.403486423323005438e+05
3.174386762780929566e+05
9.090492803369539324e+05
2.915586940365934279e+05
4.024137143199735438e+05
5.567179037510217167e+05
8.784199280236255436e+04
2.823796887456353288e+05
1.335812270468311617e+05
5.264091513275939506e+05
1.804766118518104777e+05
1.482399198190134666e+04
1.477582601752596674e+06
2.703980241223535500e+06
3.568307107945074793e+06
1.984777961852780310e+06
1.385907571702273272e+05
7.101780336200984893e+05
5.465400916110489052e+05
1.679278761313392606e+05
4.739043406862196280e+05
5.077508794455323368e+05
4.341465242409815546e+05
3.580462626450867392e+05
3.790950075192056829e+05
7.978178311305532698e+05
1.100720637928903452e+05
1.866736503114510924e+04
8.264598620405606925e+04
3.164481004841952818e+05
3.604942850613248884e+05
1.208029665729864035e+06
4.945450220698495978e+05
5.231633952403952571e+04
5.430488454339655436e+04
2.172434699115615804e+05
1.278414887261505937e+05
5.581990639868239668e+03
4.818816807739513752e+04
2.070375620869185368e+05
5.584007821102547459e+05
4.848392682897634804e+05
7.853204032127758255e+05
2.400695057843192481e+05
8.443421165779156145e+05
9.364934425237405812e+05
8.381658777355893981e+05
2.144161101315699634e+05
5.621345686851964565e+05
4.773953635643279995e+05
1.231729949921922671e+05
3.773546748173098895e+05
7.786527229466442950e+05
5.457426819753252203e+05
1.429110032229239587e+06
3.565718294806540944e+05
1.437199653127421334e+04
3.544654546273691813e+05
3.650957423790919129e+05
3.367759734593519242e+05
6.827840355166731169e+05
3.109202798582945252e+05
1.156500856433551089e+05
3.434575578507319442e+05
3.322827441973640234e+05
8.578717348081895034e+04
4.954737696319919196e+05
6.425034413197237882e+04
5.261022587044448592e+05
7.450094086664218921e+05
1.882473943388759857e+06
2.908839469449504395e+05
4.958431829922439647e+05
1.639895896057030186e+05
2.975054945795837324e+06
8.191044038238878129e+05
2.038807937872548355e+05
1.785232838314167457e+05
6.303939418117700552e+04
3.682815350656306255e+05
2.827353882149361074e+06
1.576730349458724377e+05
1.686873166964346892e+05
6.990058939877069788e+05
8.567521273838903289e+04
9.390573701187224651e+04
9.300613213824543636e+05
3.430729306771195261e+05
8.639465973048053274e+04
7.386346445299772313e+04
3.729707854627082124e+05
4.902351013973202498e+04
3.425584192902288050e+05
1.289941821479573147e+06
1.309150752711193636e+05
2.737690731664490886e+05
5.501781242557037622e+05
4.161537960000894382e+05
4.888595769344922155e+05
3.092687139840057353e+04
7.128210608810739359e+05
6.943402835579016246e+05
1.272400994866433321e+06
2.998992393093626015e+05
6.413011461811937392e+06
1.905375591774416098e+05
1.609600909628112859e+05
3.008115965307205915e+05
1.138974350779808825e+06
3.193566962837473839e+05
4.155129811191281769e+05
2.094658781148610287e+05
1.291897345853815787e+05
6.473953652577857720e+05
3.341611851446131244e+06
4.489052823972951737e+05
1.549298150976375444e+06
3.248151792426701286e+05
6.895322316388946492e+05
3.961923530675539514e+05
6.944750665000855224e+05
5.918303282489097910e+05
8.558203311340313405e+06
4.514040445643776911e+05
2.066298354311174189e+05
2.346048375126870233e+05
8.483719779296440538e+05
9.824973795329843415e+05
1.009386103430854389e+06
3.234779762823834899e+05
5.352262202507362963e+04
1.024256694429703173e+06
1.258745252367564972e+05
8.687069315980168758e+05
5.837416805808639619e+05
1.223818698971614009e+06
1.675795156246101251e+05
4.279071454461282119e+05
2.570685315046377073e+05
1.173902322459129937e+05
2.482631212072756607e+05
4.087871842203116976e+05
2.081440064424780139e+05
1.340054656002682750e+05
8.364705054014420602e+05
3.913969078572714934e+05
7.908370265705821803e+05
4.390212672227970324e+05
1.549872392198939575e+06
1.538295117492886493e+05
3.975805102009255206e+05
4.675804956685038051e+05
7.654378263386769686e+04
1.175752590688380878e+05
2.106757152001493087e+05
7.885418162468781520e+04
3.134361822181272437e+05
9.807990046106940135e+05
7.785363001716452418e+05
6.253423687312997645e+05
1.994960327313962334e+05
1.534223256543034804e+05
8.174168216230476974e+05
2.585057020873545844e+05
6.484751650959989638e+04
3.948180851956168190e+05
3.458337304644032847e+05
1.052407112545889104e+06
2.413824914332265325e+05
3.484972858211850398e+05
7.330311007386499550e+05
2.730076961198558274e+04
1.283325540388795489e+05
2.316903320294036821e+05
1.751296400025913317e+05
2.909473690541365650e+05
1.656792707913378836e+05
3.024004948359487462e+05
9.424078033207863336e+05
9.844371701891508419e+05
5.462897160849274369e+05
1.515969260921270179e+05
4.069502328190227854e+05
1.236055306251516886e+05
1.358674647254597396e+06
1.461365032063521678e+06
2.491539229148580635e+05
7.380868108920907835e+05
2.818488928767212783e+05
1.769368321160663618e+06
9.081955904449198861e+05
4.015610967955947854e+05
2.239744681970603124e+05
2.298878717427916359e+06
5.943348490764521994e+05
5.997250195524224546e+05
1.995279196311366512e+06
1.773739136412882362e+05
1.022106794323517825e+06
2.580457268712531077e+05
3.981688459968986572e+05
9.293981300429406110e+04
6.405245160734381061e+05
2.238292479243148991e+05
2.734907762641262263e+06
1.939368985110778012e+05
1.602027523928758455e+05
9.007729683895901544e+05
9.961664704777506995e+04
5.911944233447210863e+05
5.690790949683580548e+05
6.538445377875668928e+05
4.159997600300108024e+04
1.871083623372743896e+05
7.887847597240311734e+04
1.355333562757477048e+05
1.568231686623264104e+05
5.971546171453993156e+04
2.727564557709334185e+05
2.087640857038083195e+05
4.719216477852392563e+04
6.171284432515969966e+05
6.841383755753147125e+04
1.004484369657900534e+05
1.653236693659597659e+05
6.978642139985710382e+05
1.590004414844668063e+05
2.993151791837031487e+05
8.030032781916948443e+04
2.731734978084199829e+05
3.530815098672878776e+03
2.466385411926037923e+05
8.193903506911182194e+04
3.716054509161536698e+05
3.211447044532406726e+05
1.853343672837009071e+05
5.386868130761115026e+04
5.137870802226106753e+05
6.245855944137306651e+05
1.364438259003295563e+06
2.371239076546950673e+04
8.648718427226842614e+05
2.336208173223398917e+05
6.624893008504487574e+06
6.463919163434956863e+04
2.797507396539871115e+05
6.824873848419784335e+05
1.496602006145714317e+06
1.766955493293250329e+05
2.402248260404433531e+05
1.984446768262284168e+05
4.047776574414682545e+04
4.072785737081024563e+05
5.477001509304909996e+04
5.464647030033027986e+05
4.063021709458305268e+05
1.147838983837857610e+06
2.398570366579472902e+05
1.071161405502035341e+05
6.369254933928511309e+04
1.549828783229009714e+05
2.564530150727596134e+06
3.821551373635234631e+04
5.722960252208609600e+05
4.167718622331513325e+05
1.689034788960485253e+06
5.801376779245816870e+05
1.739007849834859837e+06
5.792174466810763261e+04
3.210518542147691187e+04
3.235709915788300714e+04
3.573370769034457044e+05
2.454112429279823846e+05
3.090458299061057623e+06
9.185046682706862921e+05
1.031402282455979439e+05
3.821495013892173884e+05
8.265370250100746052e+05
1.023625317463188258e+05
6.268301100847726048e+04
2.718278538370757014e+05
1.293213168840738072e+05
4.952661917671831907e+04
4.035304163174740825e+04
8.449911392790863465e+04
2.071069223672250053e+06
4.425424777129164897e+06
3.108108380893767389e+04
3.343929637743175263e+05
1.234477797711576335e+06
9.211960438479218283e+04
1.949072060861341190e+06
6.802962130507010734e+05
1.113636542278164707e+05
6.256863266121265478e+05
2.041791562504638685e+06
1.724080166578530800e+06
3.498369718189023435e+06
6.578578972388665425e+05
3.107052545428964659e+05
1.564175020727937575e+06
4.098391144786631921e+05
1.151537649947146274e+05
9.926953986680794333e+04
6.700386900985734246e+04
6.760782011301456951e+05
1.838526062980488408e+06
1.691133665759902215e+06
2.315462409730667714e+05
1.992527268675863743e+05
1.117489803767310368e+05
2.374416346457540058e+05
7.324929008368193172e+05
2.066861273105787113e+05
1.266367839461291442e+06
5.364798231874774210e+05
1.124234484967622411e+05
2.514259011177649663e+05
2.785468657617634744e+05
1.231314760270262195e+04
2.076349002678811667e+05
2.060547645154588099e+05
3.092207511133057997e+05
6.068172506217934191e+06
9.524886344674252905e+04
3.610965396030318225e+05
1.018535561060718726e+06
7.727892165031222394e+05
8.230742675679117383e+04
4.450978816382273799e+05
9.872912995993792720e+03
1.651608241274361499e+05
5.853749601373253390e+05
5.514306137364689494e+05
8.556981773886080191e+04
3.230475620427709655e+05
1.355296863838397898e+06
1.526269002363671898e+05
1.382280354306404188e+05
1.093757901379025308e+06
1.250823540130327223e+06
1.468531522839642421e+05
5.944536794180428842e+05
4.789691437285387656e+04
1.165027107472404838e+06
3.000236074864214752e+05
1.051233692764088046e+06
1.008483698542703874e+06
6.330522010494825372e+04
9.183821421570917591e+05
4.526638114360781619e+05
3.620884915783100296e+05
3.672443161424085032e+06
5.035679895200901665e+05
4.168364488924641628e+05
2.847926124954850529e+05
1.469342886768559983e+05
1.105727596924317535e+06
8.548453680584531685e+04
2.344011909826178162e+05
3.834716237530571379e+04
1.052556479951419606e+05
2.471712518478317652e+05
9.016444888845115202e+03
5.466659606698573043e+04
4.265179605903379270e+05
2.395725362133584858e+05
1.467598238693352789e+06
6.092488349465394858e+05
1.775549941002082778e+05
1.215818979632345727e+06
5.882264065221613273e+05
1.357779052218552679e+05
3.176578141919249319e+05
5.853386329805981368e+05
1.315228178980057419e+05
2.868542580635932973e+05
9.899171399406380951e+05
1.655097598522180051e+05
2.369445542930535739e+05
9.269487554518624675e+05
1.199942130595572293e+06
8.296282218775455840e+04
4.210329226146523142e+05
2.722956218046829454e+05
8.305541780787190655e+05
2.143640298136395577e+05
2.313768870005613659e+06
3.046980066226798808e+05
6.851662511452296167e+04
5.703292857823562808e+05
6.718442246796651743e+05
4.367132390036900179e+05
1.743928870163793617e+05
1.724398612330653996e+05
1.775438790004905022e+05
5.114102325628213584e+05
9.598732574903160275e+04
1.689910028705782490e+06
1.832592205954409437e+06
5.955824769702022895e+05
8.600872853331321676e+04
3.335779200872971560e+05
3.206304977306420333e+05
1.527849134907906118e+05
3.605204785110763623e+05
3.397343075750884018e+05
3.875353361416763160e+06
9.004860483392527094e+05
4.375591913586961455e+05
5.459823825800397899e+05
7.344868712465367935e+03
5.873846249103281880e+05
7.020548045472842641e+05
2.561444382618263189e+05
2.329247315021676186e+05
3.656936375821759575e+05
2.871525009379061521e+05
9.405973147074766457e+05
1.180041015762631432e+05
1.172125477097174444e+05
1.956763668301188955e+04
8.771970205513976980e+05
2.031136964033577824e+06
4.145099863279183774e+04
7.718792105574597372e+04
6.780643672073513735e+05
2.000873768267299980e+06
5.071415241641694447e+05
3.650945430546464631e+05
2.980300389904967160e+05
3.411925728304295335e+05
4.284277985053082928e+06
3.781435726189959678e+05
4.379516506000649184e+06
2.821496178558289539e+05
1.376137050264324294e+06
4.485941039876477793e+06
4.682444259866612992e+04
1.681236870606461598e+05
2.456024588268641382e+06
1.459751207785673905e+05
1.010008086772048846e+06
1.083191830295484251e+05
8.898756961188076530e+05
1.831506151056111412e+04
6.267076680304913316e+05
6.000040744170510879e+04
4.418083562582522864e+05
1.696853313293826941e+05
1.127898334480997873e+06
1.031528848226072732e+05
5.272623954049744643e+06
2.049287337373551913e+06
1.915382434739812452e+05
2.236008316637480166e+06
2.668002760286560515e+05
1.210930836542368401e+06
2.481946908819487362e+04
2.093300836635540938e+06
1.720480663704710896e+05
2.864971921266604331e+05
1.599758710264424153e+05
1.971405805957812816e+06
2.002550041483246488e+06
9.267249325284706720e+04
8.567176026816597441e+05
9.825939566104678670e+05
4.090908022740286833e+04
7.048299562743006973e+05
5.181582621240660083e+05
2.755074675346755539e+05
6.884882011704071192e+05
6.371486208357418654e+05
2.008673925202088431e+05
4.126041423655868275e+05
1.280000475935822586e+06
1.097946785062633688e+06
1.775553950450289121e+05
3.112172849534124180e+04
5.455320223140908638e+05
2.077731473038312979e+05
2.207620941433816915e+04
4.538890319232386537e+04
5.036731801250249147e+06
2.890786605296231573e+04
2.194009305778505513e+05
5.966513558947012643e+04
9.089860018100546440e+05
1.161785310330058564e+04
2.315637469209800940e+06
7.384819454680499621e+05
2.931675184616593760e+05
6.288634003976002568e+05
1.422689668144499010e+05
1.103658227892617229e+06
3.789055141557575203e+06
1.970065683713377221e+05
4.874280777049324824e+05
5.733298023149281507e+05
2.049038854720374802e+06
1.383261801298255159e+05
4.532328754841054906e+05
1.404478995339387329e+05
6.014746455910024088e+04
2.790801185856697150e+06
7.955827691417801543e+04
5.226847609790701536e+05
3.000061264961452223e+06
1.949166345328021562e+05
8.795684791910820641e+05
1.924363947238877299e+05
1.732151620125737390e+05
1.670943203488857398e+04
3.376264967952552252e+04
2.643237107032202766e+05
8.645073908430672018e+05
6.875696827120630769e+05
3.936283220266032149e+05
1.305122916555734846e+05
4.571246583421053947e+05
2.109871765289108444e+05
1.346696362569768913e+06
1.139568670886646287e+05
7.218347727912272094e+05
5.283334582207522908e+04
2.789805803721960168e+06
9.658769943741755560e+05
5.308248099786875537e+04
2.419760404201837810e+04
1.935295458743359777e+05
5.535866572353176307e+05
4.680596166542061837e+04
1.769328727589350310e+05
1.938526743110819370e+05
1.714338436922678966e+03
1.906777943561575958e+05
6.663451543590753572e+05
2.828146258325085975e+06
2.241649651317099924e+05
2.755943153030362446e+05
3.939258759168204851e+05
1.486543890527637850e+05
1.349390187982496864e+05
4.600455429646450211e+05
6.491542212551048724e+05
1.132161753677418892e+04
1.673225282031756360e+05
6.456917169020405272e+05
3.988935242612703005e+05
3.913713146986885113e+05
5.087983939604975603e+04
3.971831866843485739e+06
3.844243568323891377e+05
3.718662270450868527e+05
1.062452578473098809e+06
6.025047886276917998e+05
9.569456174391250825e+05
5.508654450926418649e+05
2.936513143516655546e+05
1.880001901647400518e+05
1.382701933508124785e+05
8.489711073580027733e+04
8.262990672274008102e+04
2.051066987915872887e+05
1.008844159474995336e+06
9.786531515303964261e+04
1.248380791154080769e+06
5.889573065387463430e+04
8.915356888270899653e+05
1.319547997810310044e+05
2.144534905359947006e+05
2.454785658891113708e+05
3.936149891913004685e+05
5.208726890648400877e+05
5.851272567855025409e+05
4.239253421516542585e+04
1.864801334003148659e+05
1.756296196479309583e+05
8.068922493247778621e+05
9.415650903319532517e+04
7.162372408793440554e+05
2.085756023062593886e+05
7.458104405813580379e+05
5.682915592442435445e+05
1.244252814930657623e+06
7.181173389983485686e+05
7.068691451113959774e+05
2.176499073046489793e+05
5.893039902843148448e+05
2.009504168586539454e+05
6.658036753522271465e+04
4.077908130313717411e+05
1.519604842551279580e+06
4.519399057578404900e+05
3.058516613569738911e+04
1.304820859527247230e+05
2.564501060824471642e+05
2.107830701146675565e+05
9.635570329877511831e+05
4.587466140034958953e+05
6.606673836246896535e+05
3.959107455532011227e+04
2.088696596888646600e+05
3.523578068696834962e+05
4.117125252541324007e+05
5.715860973483077250e+05
1.803888869994383713e+05
1.772148711180413608e+06
8.622894297851515003e+05
1.431289660382665170e+05
8.979329588104741415e+05
2.608609852669971995e+06
1.312605958713418338e+06
8.049873136203081231e+04
9.589753290079213912e+05
2.063127156789008062e+06
1.286811236847908731e+05
7.938718585575852776e+05
3.803115020921163377e+05
7.666937405916712305e+04
1.703809452038548770e+05
5.028112230682792724e+05
2.537735618757859338e+05
1.002429751570465392e+06
3.776351131791596417e+05
1.854524996826498536e+05
4.893858021767524770e+05
9.519163139944752911e+05
2.363121144793209387e+05
7.899087618183742743e+05
3.819407902819301671e+04
9.226484753283452301e+04
3.044609439533060067e+05
2.345020882416082080e+06
6.326234599319668632e+04
5.808970477105708560e+05
8.194818873912042181e+04
6.425239924826300557e+04
1.103732825732214609e+06
2.736262414155454462e+04
5.273330433016451076e+06
3.702235811288525583e+05
4.166034402770941961e+05
8.740982424524545786e+04
1.816745124918299727e+06
1.068282525879886467e+06
1.056884866829157108e+06
6.649425029926178977e+05
4.781903487234440981e+05
1.252306471585913328e+06
3.911791608301618835e+05
1.517198517083347833e+05
2.025830817122376175e+05
2.885482415526658297e+05
1.319373720501098433e+05
3.186659959614604013e+05
4.324680766611655417e+04
1.252227130208515329e+06
1.790237434089524322e+05
1.099109896560869645e+06
1.122486104325488704e+05
4.885419875369521324e+05
9.833982169357152889e+05
6.869805131725325482e+05
4.842546765794303501e+05
1.315042833648933331e+06
3.881102974286366254e+06
1.837622628195692087e+05
1.899922026944054058e+06
3.647310301635704469e+06
1.847142749847834930e+05
7.952854814314703690e+05
2.724260512383673922e+05
5.945762752534982283e+05
2.599703318178623449e+05
9.165224771579043008e+05
2.956136466926001594e+05
1.662425096707629564e+05
3.924788532975697424e+06
5.655587166026175255e+05
1.581848037083308911e+06
2.354818442441603838e+04
1.216913799558979808e+05
2.532594583255694015e+05
1.363768060736857122e+06
4.767338994526650058e+05
1.283355427610812942e+06
1.794882895529986126e+06
2.322811609462617489e+05
4.356390466872580000e+05
2.621802322487189667e+05
1.279444871747836005e+06
8.728659724244610697e+04
4.533414268835452967e+05
9.059101489949033130e+05
1.566383931988029799e+05
3.425450558728574542e+05
6.624352803407857427e+05
9.027471735843872011e+04
2.595488770292265108e+05
1.739199278319299628e+05
4.923535822921434883e+05
2.504360539346901642e+05
3.298897564020793070e+05
4.145997704378896160e+05
6.417835987622132525e+05
2.594165071262310958e+05
3.990565847954900528e+04
4.609601728705397109e+05
6.045299266085218405e+05
2.127223061640982341e+05
9.835513417564409610e+04
2.480307231669834582e+05
1.142840237432784343e+05
2.012054080026613155e+04
1.554024520641466137e+06
1.244879608283125330e+06
6.029794021552086342e+05
2.146055938063291833e+05
2.591353427850884327e+04
5.330159905079229502e+05
9.225837605309623759e+05
2.102052604529009201e+06
8.227348122901151655e+05
4.256991750140641816e+05
2.843263870378112188e+05
8.489663873994009919e+03
1.283062532456413144e+06
5.287847610033662990e+06
1.193370630311160930e+05
5.417673315718305530e+05
7.270638351138029248e+04
2.327013166014453163e+05
6.639166533132901532e+04
5.866833427225730848e+05
6.515592648383908672e+05
1.560398647179303516e+05
3.416087049092751695e+05
1.073659281925195828e+06
5.477127978147699032e+05
2.185920676364171319e+06
3.558024246454454260e+05
2.197068507952229411e+05
1.778017125768752885e+05
2.003097688751449459e+05
2.740794551223623566e+05
6.720876226373726968e+05
1.208560518960352965e+04
2.351643055746649625e+05
2.166290362762206350e+05
8.804972040353303310e+05
1.025884349384190718e+05
1.181271000510754529e+06
2.110205999974775841e+04
1.723206989689490365e+04
4.652318954693935229e+05
8.849796042031646939e+05
2.789664988532770076e+05
8.349454410433155717e+05
1.124347258628692216e+05
1.608288217218762147e+05
1.128647391101657646e+06
1.649232846942637349e+06
1.393353039682843024e+06
1.104006572835604165e+05
4.347943063725921093e+05
4.357159674503265996e+05
1.516551393388708588e+06
7.839202153844443092e+04
1.713047889818378026e+05
3.152442946793629089e+05
2.893764748594432021e+05
2.506992055944504100e+05
1.413534289037128910e+05
4.211198272979210597e+05
3.509642553382964688e+05
2.419052142878615996e+05
1.065232164765943016e+05
1.507362941590929404e+05
1.421764758535372675e+05
5.541796664569643326e+05
3.462026277928464424e+03
5.046516345445130137e+05
6.788115138580246130e+05
7.291005560653118882e+05
5.165365811403858243e+05
9.072809023188697756e+04
9.666044367567225127e+05
4.378537640762898955e+05
1.904275640717865899e+06
7.039383165277859371e+04
4.478597414572032285e+05
1.005181033895885339e+06
5.877955952492934885e+05
1.283830611451467266e+05
3.420685565107617294e+05
1.201378311341459630e+05
1.340709804003206045e+04
1.222950490445502801e+06
2.816495346034042886e+05
5.548579336552112363e+05
1.926796268052032974e+04
1.062207484672858845e+04
1.335268147720752459e+05
3.251088704009745270e+05
1.372915635272316867e+05
4.905626489307018928e+05
1.747549125936012249e+06
1.125128955641551409e+06
5.820428411400708137e+05
8.592233418220885796e+05
6.061812226851072628e+05
7.780689397814930417e+05
2.312943235753487679e+05
2.780108125446032500e+05
4.651266236656946130e+05
8.364202331648135441e+04
1.169123974848276703e+05
6.461262803603712237e+05
1.061108130484231078e+05
1.422165308072344633e+06
2.347030070224930241e+05
1.278022230922901537e+06
5.074452803397030220e+04
1.568884646892124787e+06
4.198129904931942001e+05
3.525843453226793208e+05
5.578184909610900795e+05
1.285817091654186952e+05
2.034004451462061552e+05
1.004212610961564496e+05
1.564222420060313074e+06
4.859990523974071257e+05
2.175364487115473486e+06
1.352856317486090120e+05
3.824014227768792189e+05
7.809859376324999612e+05
1.646656473731700971e+05
1.152276556193333818e+05
4.247739803758979542e+04
2.123909229286539776e+05
4.032389816759338719e+05
5.171787459980632411e+05
2.186444129125119362e+05
2.574915201308963296e+05
2.350598497105087154e+05
6.993242298624169780e+05
3.804664582295683795e+05
5.252038217743338319e+05
1.300520521603973350e+06
2.699282986380423536e+05
2.124440983067258785e+05
4.953346759773529135e+06
3.831296074236540589e+05
1.226501139910751954e+06
1.102160245982423367e+05
2.353945453386002046e+05
6.600827341928696260e+05
4.798089466812081519e+05
4.165985841882915702e+05
1.748646362631245574e+05
4.354519180881713401e+05
8.232269497346201388e+04
7.358332972512684064e+05
1.634707373581962020e+05
1.493399920304285130e+06
5.295291428425179765e+04
2.063329163617286831e+06
4.729727363483089721e+05
1.840951126967428136e+05
4.921159179898611619e+05
1.168114495619368099e+05
2.015791862726797583e+06
4.858102985597724910e+05
3.261439527978568804e+05
5.065782398151335074e+05
5.341779460903991276e+04
1.810123469852025446e+05
3.539573458236102480e+06
6.057553645766433328e+05
4.422979706060737371e+05
5.625738397613323759e+05
2.162505078412640840e+06
9.687676753354333341e+05
1.621430506778431591e+05
8.174058104327204637e+05
4.841270858370203641e+05
1.551442156800365483e+05
4.605448815399082378e+06
7.016874103793035029e+05
9.158953724560036790e+04
2.476391787441396446e+05
8.804327100172679638e+05
4.262702099931130069e+05
1.972073798656891449e+05
3.766916604790322017e+05
5.969076409788334277e+05
8.893454359451886266e+05
1.560773305884933507e+05
6.359748679547065403e+05
1.254041006218495022e+05
4.388373568065009895e+05
2.397143094442982692e+05
7.775875630111535429e+04
2.665145911691595102e+05
8.571514582786288520e+04
8.784397647902428871e+05
1.600367324531999417e+06
2.001855299952443238e+04
1.633601953270019032e+06
1.777064589871608652e+06
1.010909865104525234e+05
2.588790900212794077e+05
3.271419311185991974e+05
1.386223897068811930e+05
3.117528605576491100e+04
1.783515671362144174e+06
9.950412679983051494e+05
1.533418806712805526e+05
2.326109883571481041e+05
1.244006783233211376e+06
7.912079894870085409e+05
3.449650701149614179e+05
8.978135426320625993e+04
4.829478401997093461e+05
2.031254799316716148e+06
3.837416336369949568e+04
1.308372743384386646e+06
3.543585146207248908e+05
4.740914977596719400e+05
3.803537082486808649e+05
2.397015860660821199e+05
1.071843832388689509e+06
7.459358272257495264e+04
1.767464224789501750e+05
7.417937496599800943e+04
6.515123865796251630e+04
4.456688741959746112e+05
1.885733032425191777e+05
6.665663408051322040e+04
3.342875078261153540e+05
1.071678677001221105e+06
4.526558343290129560e+05
6.547071891606061399e+04
1.513025930559432600e+05
2.332424770724710252e+05
7.769186421498927521e+05
5.407799468438504846e+04
8.490669030857449397e+05
4.708001743609145633e+05
9.391207565571789164e+05
1.499918442533792695e+05
1.794410356768920319e+05
5.576447810369184008e+05
1.452417875326580601e+06
5.644761959469205467e+05
1.605047833310712012e+05
1.130018971402792493e+06
2.451440256573413499e+05
3.253234230976343970e+05
2.449790082572612446e+05
1.172744110006059200e+05
2.060530248045227781e+05
1.898959502263698960e+05
4.163073385615324951e+05
2.320513081845606794e+05
2.175724438648615615e+05
2.039956101736683340e+05
5.002505079254250159e+05
4.595818478789473884e+05
1.023990053939801728e+05
1.292336296372797369e+04
1.326207039324805140e+06
4.679582969995815074e+05
4.796349101624836912e+05
1.591365700015770853e+05
4.312028266291884356e+05
1.639671943139627576e+06
4.241239704127764526e+03
2.401420009412499785e+05
1.108340394687332911e+06
2.792741071733032004e+05
8.366533878549958172e+04
2.039177378766309121e+05
3.357708156086153758e+04
2.027910949790259183e+05
7.233408968304808950e+05
4.252261053516863467e+04
4.406213498674855218e+05
5.660817339036668418e+05
3.257158044085406000e+05
1.967329511196990788e+05
8.024185633102188585e+05
8.151884303217979614e+05
6.681693881209632673e+04
9.418766193560078973e+05
7.419247673931111349e+05
3.685307704720919137e+05
2.589478354672237299e+06
1.612108533756075194e+06
7.667848582786924671e+05
2.522037422384830643e+04
3.521261808776240796e+05
2.150482525625892740e+05
8.105081602120038588e+05
2.182195626161722757e+05
2.920062768573112553e+05
1.586429626854920294e+06
3.596143451876156032e+05
3.225984370981514221e+05
5.382622741198440781e+05
7.951957179797547869e+05
5.703827849884702591e+05
1.195779094676943962e+06
4.395270523566963966e+05
8.152462115063748206e+04
1.110908107362152659e+05
1.583050327969838918e+03
2.414953738251948089e+05
6.659756924884518958e+04
1.255476886643553851e+06
4.059972594333007582e+05
4.383250405986724218e+04
5.747414068639770994e+04
3.066060061858971138e+06
4.947225937350609456e+04
4.257181329193089157e+06
1.242363663698717428e+05
3.949448182938380050e+05
7.765824920072560417e+03
1.258707289529508707e+05
8.888966038719413336e+05
3.249136469723545015e+05
1.764016091512686107e+05
4.772207777184805018e+05
1.273326138466623088e+05
1.101154709083745023e+06
1.337482299125294376e+05
2.393195758574858482e+05
3.018764744740268216e+05
2.163725903029175824e+05
4.187635567364303279e+05
1.472910542355410289e+05
3.289541120432895696e+04
2.693927230358540328e+04
5.591167877716299845e+05
4.406960485132603906e+06
1.209656477818756830e+05
4.711205003086134675e+05
6.518011336884598713e+05
1.493806871628178982e+06
9.863244295277154306e+05
1.821739692555709509e+06
7.899026526216766797e+04
4.733002211734101875e+05
3.649852886897146818e+05
1.939703402609962272e+06
2.715943893242432387e+05
2.270587380098534341e+05
6.298515017846262781e+05
4.572998054077605484e+05
3.524446385888570221e+05
7.881830753082875162e+05
1.729044858621103223e+06
3.738520055195000023e+05
2.400258844976682449e+05
5.500079342708952026e+05
6.674846583609504160e+05
3.773147374338619411e+05
4.815324990223071072e+05
4.485387918456870830e+05
9.473560223761378438e+04
6.879210016225498402e+05
6.911090519645746099e+05
2.011861402264130302e+05
2.290479687240560073e+06
2.603870076798368536e+05
1.716922292003194161e+05
5.060632026576077333e+05
1.067266207449964568e+05
4.584964198552981543e+04
2.039846331582672196e+06
3.653694333666078746e+05
2.424011881473003014e+05
3.534767101312337909e+06
2.991538893926631135e+04
2.891995036293839803e+05
3.384549837460091803e+05
3.467237425998735125e+05
2.821876420130121551e+04
1.794996666110108199e+05
1.858889265354776289e+06
9.335373082497784635e+05
1.554597729861353291e+06
6.083913665122975595e+06
2.825285456101154559e+05
1.257575588674069149e+05
4.312091558613972302e+04
8.274856132047658321e+05
2.730992963696280640e+04
1.256938592894344911e+05
1.172245040687667497e+05
5.551729615533706965e+05
8.421002026350426604e+04
1.063052218731253961e+05
2.288257295318566321e+05
1.906564888950968452e+05
9.655049564175723353e+05
6.776779623939606827e+05
7.453915196476567071e+05
5.796034784570186166e+05
1.496827587788472010e+05
4.111045569301861105e+05
6.021907461847013328e+05
1.012761454980130540e+06
2.610474895230286347e+05
5.027014459252734669e+05
4.468291117284451611e+05
1.794700849848221056e+06
1.044355910346546443e+05
4.855152448628592305e+06
3.689267795996586792e+05
1.987578297791910882e+05
4.426190589718428091e+05
1.094977651213077130e+06
9.339517506526599173e+05
6.939695110401931452e+05
5.059625447739558294e+05
4.781947836410073214e+05
5.146193431545533822e+05
3.841474782243070658e+05
1.681460582351624616e+05
1.015911817520422745e+06
3.020161954977276619e+05
1.995892583707778831e+05
1.588409241065624868e+06
2.556942788114659925e+04
1.533737419359527994e+06
9.772728227926623076e+05
3.211289488683708478e+05
1.018767258767247666e+06
7.889130818728967279e+04
2.446428150631289172e+05
1.749707317557531933e+05
2.053150433230545314e+05
8.734946483562367503e+05
1.145285504548123805e+06
1.232676231210600527e+05
1.122184233907449525e+05
4.918142081748849596e+05
5.034107431473439210e+05
8.413539426186085911e+05
7.216356373929830443e+04
3.235339823786912602e+05
4.668691946054098080e+05
3.476434252389260801e+05
5.412763910812480754e+04
9.049875237974409247e+05
8.090733113133058650e+05
1.618498453672493342e+05
3.783117510774398106e+05
9.485436793039672775e+05
1.794367174243385671e+05
7.656715236483304761e+05
1.608346799987642094e+06
1.626409757401306415e+05
1.444565586142795510e+05
3.208971249164472683e+05
2.943218637001429452e+05
1.604414257373464643e+05
1.012463688858782174e+06
1.635586104074121104e+05
7.165388417224009754e+05
4.307915613708555611e+04
1.050136428269674536e+06
1.237869246861788852e+05
1.925077423247970000e+05
4.182265976001009112e+05
6.120024286217556801e+05
6.605871125745514291e+04
1.913036459295306704e+05
1.270998571702488000e+06
3.430105839235226158e+05
1.782543383707953399e+04
1.024568639124122215e+06
5.439153692420922453e+05
6.690089457489864435e+05
3.569394532171761384e+05
8.205490452479443047e+05
2.948548247011842905e+05
8.242128784130683925e+04
1.630936508215547947e+05
2.564573251275551505e+06
9.276764741617037216e+05
3.558489143172769109e+05
2.354786957229281543e+05
2.406755804565933940e+05
1.745859597114381148e+06
5.904815775958188897e+04
1.540862670230246149e+05
4.457992813726807799e+04
9.641052478300382791e+04
2.059909968461055541e+05
6.184826416436303407e+05
3.300751377882128145e+04
6.560051000127594452e+05
2.061081083150383492e+05
3.038200107453484670e+05
5.052282378437992156e+04
1.363892214369769499e+05
1.294700718705056061e+05
2.886103323325276142e+05
1.226477265396041330e+06
1.017616996768491110e+06
4.486408115187175281e+04
2.575799744607828688e+04
7.263596685346851591e+05
3.449404312298127916e+05
7.616623354076236137e+04
1.685110146449367458e+05
2.486319857248216576e+05
1.014024606747866259e+06
2.045872290456842165e+05
7.492863432512211148e+05
4.580943038327864488e+05
1.258206709041967770e+03
8.719110681424461072e+05
8.961842472931914963e+05
9.206714883607187949e+04
1.169245938698055033e+04
4.590884048973990721e+05
5.117611101414424047e+04
6.992577971615938004e+05
6.756721993818212068e+05
1.363051460461586539e+05
1.159561328584943985e+05
5.147685385793373571e+05
3.343113956147600547e+05
4.066348518309667706e+05
3.003162550554472909e+04
3.794865026661457960e+05
3.654499980546711013e+05
1.575505824695027666e+06
1.522741613067250873e+05
1.025667929183278175e+05
5.100929695438175695e+05
1.850799271538574249e+04
1.634290795344274957e+05
7.304135505912260851e+05
4.281063452187368530e+05
5.154638400750965811e+05
8.880999828258773778e+05
3.712953468952458352e+05
1.456739603801749181e+06
8.232310881566569442e+05
4.864350585345437139e+04
2.570288111408344470e+06
6.352118016831956629e+04
5.308113135548471473e+04
2.406283715662607574e+04
3.099037696803533472e+05
1.356973693379081669e+05
1.627536955114487791e+05
4.699250678560751840e+05
9.400176710890213144e+04
9.652372471502955304e+05
7.460263127057128586e+05
2.454252608283736627e+05
6.531639961590807652e+05
2.979709743661493529e+06
6.019736572205460398e+05
8.166139754070343042e+04
1.370467348513876204e+05
1.851378039580114651e+06
8.843666832375589292e+05
6.384630539325702004e+06
4.543213262330364669e+05
5.099623114794284920e+05
4.430662322742064716e+05
3.402052296515464550e+05
6.640116204811191419e+05
8.255477896955069446e+04
8.932675153743718984e+05
3.958621387894934160e+05
5.849841549008470029e+05
1.015943002195102599e+05
7.885868394693799783e+05
1.934794487362199579e+05
7.158748009348291089e+04
5.901504616755249117e+03
2.125395791799793369e+05
1.930322831410827057e+05
2.414499063561314251e+06
2.555975058874821407e+05
1.149043706519298255e+06
2.370040283719020081e+05
3.720213329526774760e+04
3.649056457267644000e+05
3.315295715892434237e+05
6.305925103641086025e+04
3.629416600148603320e+05
1.234177408728654962e+06
1.110993947029418487e+05
8.249983820039503917e+04
8.766962321631782106e+04
2.754458167319715954e+06
2.682060365486561786e+05
9.033454192565768026e+05
7.416403708146429562e+04
5.958740813012912404e+05
8.595753176195988199e+05
1.596894339632450137e+06
1.828782368419993727e+05
1.700466414797568228e+06
3.632942163533279672e+05
4.982632963949061814e+05
2.012470750142922334e+05
2.055063407246588322e+05
3.263086295375790214e+05
1.841372324566654395e+06
1.148391156229563203e+05
6.224731113494460005e+05
1.000167788717931253e+05
7.630726261528785108e+05
1.458469323962567723e+05
5.188517911973898299e+04
2.515511676346999127e+06
3.662911515142397839e+05
1.928336377986336011e+05
1.433083401823051507e+06
3.846575679914112698e+04
4.987329182661702507e+05
2.137947130052007851e+05
5.652383106565305497e+05
2.342403012139211351e+05
1.458999953827275313e+05
3.549341817877272115e+04
4.761639968556281383e+04
4.548600733818836306e+04
3.026353489121049060e+05
3.097349153772756108e+05
9.207253845373388322e+04
2.511960381682992738e+05
1.243280513771848782e+05
4.884639447484168923e+05
5.806449149734375533e+05
5.091707500586240203e+05
2.052336741753314273e+05
1.460108097251735628e+06
1.624995467869047716e+05
1.777442185162825917e+05
7.183495675361291505e+05
3.876865432637370541e+05
5.077851343713962706e+05
6.892020463796590921e+05
4.934924196261302131e+04
1.340694626703420654e+05
8.354780104252490855e+04
6.197758072110600770e+05
1.169026146797106630e+05
1.393050414398151624e+05
1.603913697988405183e+05
4.789078901750053628e+05
1.474023300359001732e+05
2.530422787354407832e+06
2.151152025803990662e+06
4.904484750843518414e+05
9.127296301980491262e+05
7.106877958675273694e+05
1.555443330783407437e+06
2.594597701157364645e+05
1.176114552716546459e+06
1.112944359267724911e+06
4.220096706581666949e+05
4.607111809317293591e+03
8.780496997515605472e+04
7.610023283577355323e+05
1.007694305091734277e+05
1.668948909170900006e+05
6.551383678480496164e+05
6.112680605230327928e+05
6.261981366066779010e+05
6.304389089871206088e+05
1.369594010859936941e+06
1.695849219974918233e+05
1.586907768784941291e+05
6.729319215680680238e+06
5.394138116276847431e+05
3.418039857710490469e+04
8.922642094819440972e+05
1.994553917820408940e+06
1.562125846961754141e+06
5.644931635383449029e+05
1.112515059622478671e+06
8.074449734131313162e+05
1.280273698485920904e+05
1.021647165595856641e+05
1.569736090335474815e+06
1.647058744418989227e+05
1.722155038256233558e+06
3.916220062204626156e+05
1.370037420475826948e+05
4.309848073460411979e+05
2.631843132092039101e+06
2.007840795016763266e+06
2.376106479479077097e+05
6.391754875560494838e+05
9.980966910736741265e+05
1.775144759114017710e+06
1.772204871516326384e+05
3.181026454909064923e+05
6.600612368366323062e+04
1.330268059725741390e+06
9.698000419477550167e+03
9.210466887563668424e+05
3.135942953149632085e+05
4.286305457624807605e+05
3.594139420919818222e+05
1.913531193334212294e+06
1.220909880438914115e+05
4.741118186606189120e+05
1.041257193762990501e+05
8.901775719480400439e+05
2.244513245646595606e+05
1.138166295042169077e+05
3.348905171611983329e+06
4.626039477927010157e+05
1.112455979531477904e+06
6.181548459935699793e+04
6.605594609986911528e+05
4.849417610245912801e+05
4.658558811553118285e+05
2.625743783111082739e+05
3.428234178639049642e+05
4.857524166653225548e+05
2.932293733482057694e+06
1.205252524184479989e+05
1.121486668587430846e+06
2.224411003063640674e+05
1.262922900848655263e+05
2.276114003419990477e+05
2.153311798753192998e+05
1.767049628555228468e+06
1.648956339535301377e+05
4.996242045445070253e+05
3.659299902269699378e+05
1.245737636957208597e+05
2.623127502362016821e+05
1.602415049502740439e+05
1.076714285626368073e+05
1.583954722374929406e+05
1.122999322406422812e+06
2.402479532937028271e+05
2.503262820132769994e+05
1.171347055308208335e+06
6.698456527296357090e+05
2.730397854661641177e+05
1.289719366406994232e+05
1.933006728978393367e+05
1.390819523355173878e+05
2.996040943713244982e+06
2.383347457753299677e+05
3.347117848584926687e+06
1.249210097469195491e+06
6.784043529646134702e+05
1.246159797717364272e+06
4.671341259562683408e+05
1.121270331199437380e+06
2.126322224372136698e+05
2.399606919359221589e+06
6.387054485280402005e+06
3.700928690740440506e+05
5.374437911712286295e+05
1.920770525376818608e+06
3.205589587271711789e+05
2.709231839319692226e+05
3.285677369538053172e+05
7.251937807765922043e+05
5.893049262089759577e+04
9.605455069863200188e+05
1.413372033465888118e+06
1.564396517258382170e+06
8.769589834207548993e+05
6.454677901740571542e+04
1.996356723207630857e+05
4.629580320592451608e+04
2.787379235619153478e+05
2.286761326395780270e+04
6.088894134441992501e+05
4.348138737991062226e+05
3.161434724924264592e+05
3.391307296467692358e+05
1.612787960982271470e+05
3.350785772047416540e+05
3.026975163690611371e+05
3.661418032542093715e+04
6.907890886635626666e+05
6.254340641092624719e+04
7.140239176860225387e+06
8.603045863508958428e+04
8.387466096193633275e+05
2.051463290983400657e+05
1.238343708884785650e+06
4.453959569656996173e+05
1.114241087436700240e+06
2.475278892586460279e+05
9.810479038945828797e+05
3.192001243287402031e+04
2.057327262545462698e+06
1.106783769527116383e+05
3.168809925776846940e+05
1.430611586069331388e+05
2.003447689382309327e+05
2.752361777281460236e+05
3.044589469394114567e+05
7.797704748565835180e+05
8.969116230852126610e+05
1.401577231217649765e+06
2.304005598327741900e+05
5.366860492836833000e+05
1.212764518853953196e+05
1.101131282541670371e+05
1.765100297489555378e+05
3.842480537600840325e+05
9.773301187588168250e+04
1.651179431657127570e+05
6.566677644591798307e+05
3.773507893533589086e+05
6.846932410113023070e+04
1.947881990106383164e+05
2.268036745078253094e+06
2.469736370120303764e+04
2.485640263939638098e+05
3.943941187818987528e+05
1.137670512590675389e+04
2.014720728452958865e+05
7.876150408370544028e+04
1.056824638475746848e+06
1.468325097839641850e+06
2.274939309432282753e+05
6.631114974492100009e+04
3.002371201566100586e+06
8.020566757767639356e+05
4.430443760399890016e+05
1.884152729207621815e+04
1.324223056110442303e+04
1.852658881149104564e+05
1.348725343561116024e+05
1.693145596747496456e+05
1.806657756429586734e+05
6.880001926842874382e+05
5.328464260208565247e+04
3.048482206174622406e+05
6.364775419864048308e+04
5.853279325789060676e+05
3.560858584117536666e+05
1.314255541173713282e+05
1.603992689236715378e+05
1.612164703467377229e+06
5.835243782828664407e+05
3.680676262213529117e+04
1.119501801362296101e+05
2.678054535752408556e+05
4.329595023393036099e+05
4.390896730845402635e+04
1.613028210542621382e+05
1.133444051278441766e+05
3.115173506517608766e+05
1.256687146201505820e+05
9.016920328703595442e+04
5.560959583097492578e+05
1.023519889833153138e+05
1.841514009205998154e+06
3.134756253874945105e+04
2.934142467807988214e+04
1.209997346109653299e+05
1.680101146396202967e+05
8.825023907653479546e+04
2.733420525944926776e+06
1.078246435914836824e+06
5.945185310518949991e+05
2.679403666541096754e+03
6.421749792761169374e+05
1.144068804245959967e+06
1.283324395688456570e+05
4.751521441994007328e+05
5.130431300399557949e+04
3.938745843237128429e+04
8.186719162699705339e+04
7.733694771407409280e+04
3.570125841014419711e+04
2.671754286435924951e+04
3.550011459442549967e+05
2.147762558323942591e+06
7.042916429976376239e+05
1.097793570723025914e+05
2.630817653665093239e+06
6.575163809220558032e+05
5.178868879260210815e+04
5.408472733290796168e+05
3.535003910537766060e+05
7.193980404247540282e+05
4.140491109842460137e+05
4.650601433299171040e+05
5.915937478775519412e+05
6.074756948616915615e+05
7.177207204467817210e+05
4.868382962355096242e+05
3.340987027539281407e+05
7.301357444473817013e+05
1.087819845348406234e+05
3.084570824125448707e+05
1.308175185873046052e+06
2.929811833214511862e+05
5.469900875309696130e+04
1.693034982408461292e+04
4.077856538826048491e+05
1.298083549842660141e+05
3.759385012755929492e+05
1.797945582087671501e+05
1.977532379446838459e+05
5.238168019448567793e+04
3.100166278649580781e+05
1.607266023922477325e+05
5.447307076369411079e+05
5.593406787330339284e+04
1.310559597218355048e+05
3.004458369769725250e+05
4.767023125206748373e+05
1.166497414184398716e+06
4.780923454949836596e+05
5.886300411174191395e+05
4.224958854465854820e+05
5.007586347775791073e+05
1.396935960307797883e+06
3.452264275029997225e+05
2.424408336195720185e+05
5.326865492768967524e+05
4.787412563759776531e+05
8.847926371149573242e+04
2.735055545567024383e+05
1.396140122304248391e+06
1.939708636000256520e+05
6.314674024545929860e+05
5.315719457589280501e+04
9.700856382447607757e+04
4.575311650738162571e+05
1.470759369601377752e+06
6.432959935267557157e+05
1.749074370555737987e+05
1.576012360541693342e+05
5.556867572532533086e+04
3.294524005770247895e+05
8.678811628087071003e+05
2.360224994093941350e+05
5.499082633967581933e+04
3.155842430447303341e+05
1.608263632052776869e+06
7.952781208976624766e+05
4.261611679905949472e+02
7.251840994357985910e+05
6.079083946385404124e+04
8.471118124355560576e+04
1.734234657785435411e+04
1.180854543356125243e+06
5.434955988663557218e+05
6.595858124392101308e+05
2.030385938167418353e+05
5.813695485883386573e+05
4.385122228393336991e+05
7.956223156180663500e+04
2.450271770825820204e+04
3.482435394471097388e+05
5.828833817549414234e+05
8.550356378952895757e+05
1.224226173786829459e+06
1.215933100368789019e+04
1.489438604512079037e+05
1.811965777990744973e+05
2.113254461048455269e+05
7.002384692754461139e+04
2.937390369241116568e+05
1.716421124982442125e+05
3.935892961270660453e+04
1.122456146240714239e+06
1.067115246483998635e+05
2.427001725859040394e+06
1.865937111421097943e+05
7.472374879564016010e+04
3.544885421351445839e+05
2.808710676525921444e+05
2.046025943539415253e+06
1.355720057422550861e+06
5.335123140787006123e+05
2.701863595439920900e+05
8.348647619235183811e+05
8.324501388914738782e+05
5.201348332725572254e+04
6.680063648421058897e+05
2.451467537890803942e+05
4.789994089996526600e+05
4.436707698193496326e+05
9.939854425006462261e+05
2.673264224681709311e+05
1.663377241479405784e+05
8.032051183345018653e+05
4.783685470232971711e+05
2.739161211676965468e+05
2.227512110014077916e+05
1.302369688269188773e+05
4.162463794794651330e+05
6.669633123775708373e+04
1.713371790198737581e+05
3.226731613514956553e+05
1.388115311466874118e+04
3.543430462308672722e+05
7.374117374491580995e+05
1.941706382753956132e+05
6.015045519920805236e+05
5.635570071670950856e+05
3.685018725498234562e+04
8.558563906073315302e+05
8.032060539711076672e+03
2.031171648788534512e+05
5.330436357895241963e+04
1.649142007626138802e+05
2.877160429242914543e+05
2.891037059695491917e+04
1.999136690340612840e+05
2.033642360415471776e+05
1.219533537521820253e+05
8.426341474622491514e+05
7.098710271830311103e+04
5.492140434040080290e+05
3.912983033491009846e+05
4.647724299932650174e+05
6.508839851310651284e+05
1.001932567058455897e+05
1.494771686084780085e+05
1.347727539874574577e+05
3.254873186527077924e+05
4.620903015991249122e+05
6.548486300246168394e+05
1.129356358606368070e+06
2.638816426498210058e+05
1.895473885405662877e+05
2.671372904845732264e+05
5.762854960946177598e+05
4.413651982744004345e+05
3.164106335016720113e+05
1.389934921307365876e+05
3.538916033961564302e+06
4.469880355505738407e+05
2.711916908647908713e+05
1.779947069775749114e+05
1.982715162334304769e+06
2.243518574832968414e+06
6.155312801188820740e+05
6.073295541565042222e+05
7.294357288426494924e+05
6.768119942351677455e+05
7.682207453283668729e+05
1.281104732455056801e+05
5.324376685741640395e+05
9.673539708224375499e+04
2.191516671417544130e+05
2.187564174319036538e+05
9.244926036703878781e+05
3.651866599505845224e+05
7.317093732754474040e+05
2.504628364832311403e+06
2.126059656632425031e+05
9.963692365408097394e+05
2.781069811429342953e+05
8.286471906709951581e+05
5.339922988976552151e+05
9.485381869396036200e+04
1.192751240855940123e+05
7.852742563115576049e+05
3.315984893294412759e+05
7.078335440772367874e+05
2.634947334048749763e+05
3.807667234189227456e+05
9.317954447317960148e+04
1.487407086222526268e+05
4.278245733923385269e+05
4.056257268854744616e+05
3.073181726592787891e+05
1.228555861569445842e+05
5.023689748638663441e+05
1.328756386958470393e+05
1.405050573498171521e+06
2.474246956861877698e+05
1.162653708479963097e+05
7.035026774937853916e+05
1.053270089367038599e+05
4.665168963861377561e+05
1.153446625893817254e+05
1.000434600263403117e+05
1.549914658676468069e+06
8.718279596625853446e+04
3.522391232051169500e+05
4.889172449169015163e+05
5.429397364345801761e+05
2.517552836520962883e+06
1.054336919925683876e+06
1.692151513764316915e+06
4.563093136442629475e+04
7.270917142692378548e+04
8.592889016538385767e+05
1.926714640767377568e+05
3.695503905689699459e+05
2.211525423518116004e+05
7.000531362384775421e+05
4.991051224633451056e+04
9.289904710207789904e+05
2.162047933193468198e+05
1.474089272209696937e+05
3.224429009531390038e+05
1.059503582760943973e+05
4.887552222596657812e+05
7.133713508146227105e+05
2.308803883348164149e+06
1.204328457484412065e+05
2.281383934878130094e+05
5.644093410183300730e+05
2.297481910000459291e+06
8.421764243055277038e+05
6.177663162242432591e+05
6.113277497894403059e+05
3.861029652868371923e+06
6.342284978441570420e+05
2.016375766853977111e+05
8.874060121490855818e+04
8.872091822346276604e+05
1.056542028107237711e+05
6.359187513444465731e+04
1.104550659419910982e+06
3.939756672439601389e+05
5.164437472893976956e+05
3.586608646027127543e+04
6.142731171375663253e+05
5.779889043115234235e+05
2.792429971363205696e+05
9.752440034721842676e+04
5.352226188488348853e+05
1.324808435185541399e+06
1.235207430542199581e+05
1.504267450336809561e+05
2.970657107855798095e+05
1.706151071757090394e+05
7.626299812853593612e+05
3.343173303959611803e+05
5.269103888516186998e+04
4.416530461325001670e+04
7.923673162846242776e+05
3.799730527549299877e+05
4.013198346067691455e+04
1.880082820905047469e+06
3.220662027650877135e+05
6.780206950091036269e+05
1.491123959229897591e+05
5.229647543584401137e+05
3.273424336492323200e+05
9.713860455392283620e+05
1.916495208095856651e+05
4.869517623539562337e+05
2.444541020385209995e+05
3.511902001085953787e+06
3.119996810817151563e+05
2.970743096470683347e+06
1.440803324069605733e+05
2.292410889362809830e+05
7.221808003941016505e+05
6.192205065974189201e+05
4.221432605435216799e+06
3.310437770129202981e+05
2.181115629298887681e+06
1.720144322785386350e+06
6.703651023855779786e+05
1.394794779773190094e+05
2.537214243151955015e+05
7.276455641856763978e+05
1.615648213623625634e+05
6.993526763766372460e+04
8.127236234362556133e+05
9.110175581697450252e+05
4.462079927129671560e+05
3.700438570549812866e+05
2.319109680200874573e+04
5.918387645538942888e+05
4.245320980988886207e+06
2.834823278401553398e+05
4.782518647122737602e+05
3.151867968598002335e+05
1.584813221907475672e+05
3.379650583400322357e+05
1.113201814418744761e+06
3.137102320134132751e+05
6.023341532730819745e+04
2.190281749371793121e+05
6.464898031451001298e+05
5.557014725277542602e+05
2.197872251978057611e+05
3.093035889305790886e+06
2.311824810058861622e+05
5.156051375165078207e+04
2.109244767155488080e+05
5.096349830481954268e+04
4.559143963689086377e+04
1.620978576354972785e+06
6.568991803029889707e+05
3.143563219874897623e+05
2.501174997765662847e+05
1.203755894354892953e+05
8.335739130345542799e+04
2.135528255390058039e+05
2.459812409914646763e+06
3.247673410128513933e+05
3.897564027429915150e+05
1.237612792195261281e+05
2.009263553687112581e+05
1.744163486250802816e+05
6.443089667338246363e+04
5.122248902646309580e+04
1.473010827937068418e+06
9.627232652433047770e+04
2.727349485477253911e+05
4.458594052256529685e+05
5.201262603156433324e+05
1.297497399417439476e+06
1.483164812942379504e+05
1.655401464046399051e+05
1.342177632091196137e+05
2.102795775753184571e+05
3.445990886145824334e+05
1.364386355900447816e+06
2.623345266068314086e+05
1.775974946901575022e+05
3.752211085497202002e+05
1.036484576488120132e+06
1.073111207440621947e+05
1.462154598780669039e+05
1.637183830851682251e+04
1.287118401797630941e+04
1.638920457819167525e+06
4.312194858381539234e+05
1.035393227536202758e+06
6.490257458576108329e+05
6.574630867149253027e+04
4.664988960712683620e+05
2.020505668002724997e+05
5.161592835374621063e+04
3.198071609395823907e+06
1.142579822992232221e+05
7.872142163844548631e+05
9.649118767882880056e+05
3.408875844536669319e+05
9.549975174594718264e+05
3.896518020149994991e+05
1.355454868078504456e+06
8.183825702100043418e+04
1.828544774538703263e+06
1.374580377154810587e+06
4.685923038949089823e+05
2.738101575273787021e+05
2.325316073910886917e+04
3.640268572126029176e+05
9.690833969899370568e+05
1.216926054509486770e+06
2.095870845822897099e+05
1.979163189472578932e+06
6.922878785313600383e+04
9.666930980880382413e+04
1.063085439446946373e+06
6.079970227033316623e+05
2.435327995348844270e+05
5.091573983554657898e+05
3.370771382114825305e+06
8.896771103352330101e+04
2.209280755289180088e+05
8.021583720687531168e+05
1.908621583553237724e+05
1.900204836232958187e+05
1.626399166101518786e+06
2.546799901613401307e+05
3.949119344954551198e+05
8.921573217747405579e+04
3.097678965859828168e+05
4.756830867874306859e+05
4.625517759456099157e+04
7.304829745994722180e+04
6.377280709196398966e+05
1.308993042625311762e+06
4.144626607161645370e+04
1.658391093667006353e+05
4.274887843377965328e+04
2.466880155588840134e+05
3.012451361293720081e+06
2.487418108313939301e+05
4.642098796655541082e+04
1.052144987984557374e+05
7.615411746080743615e+05
1.287381111725382041e+06
7.731009206351722241e+03
3.662889005417852895e+05
8.868723756676079574e+03
2.155533643582433928e+06
1.015543817856696260e+05
5.539953060643647041e+04
3.382308979716190370e+05
2.253452119372530433e+05
5.232096585892464645e+04
1.896968578919944994e+05
1.293923217643226671e+05
3.773408322390163667e+05
1.448063591309764306e+05
8.118282185121600924e+04
2.881372967097533401e+05
1.584088791736729676e+06
1.044035358529765363e+05
7.342088948975608218e+05
1.022164376965345698e+06
9.943584249373589410e+05
5.410022407537836116e+05
6.076402829595725052e+05
1.467487863815975143e+05
5.432943492520784494e+05
5.374502533186868095e+04
4.905562847838280722e+05
9.301831006201509445e+04
1.454506989104178210e+05
1.608558927631792903e+05
4.188544538632811746e+05
4.055677522988253040e+05
3.829524202169870841e+05
1.327050981571066193e+06
4.484215206750942161e+05
2.327793637815070397e+05
1.189644839048587251e+06
3.760060976839389186e+05
8.185861735366203357e+05
1.984716075882295147e+06
1.437871421796748182e+05
5.016134220965390559e+05
4.811919718988714740e+05
2.837208437991740539e+03
8.578601172814797610e+04
1.016519619930697954e+05
1.253105285601165087e+05
1.310744065038675617e+05
7.315086138477011118e+05
1.168293499928826059e+05
6.158522546248846920e+05
6.055054932553048711e+05
3.073785376486636233e+05
6.889284375729694730e+05
1.185209534340744867e+05
6.946023298818874173e+05
9.664248117064805701e+05
7.854795330409241142e+05
1.822915798231189256e+05
6.481996393403123366e+05
1.759803090971022903e+05
4.293473068629959016e+04
5.294074940632253420e+05
5.994116657136608846e+05
7.599564161272264319e+05
1.584626734327789629e+06
2.577840945840516069e+05
9.959458844250897528e+04
2.941696041528755450e+05
1.386137207922378147e+05
8.140163620252874680e+05
7.505938434215995949e+05
6.560244068378612865e+05
4.995261626469928160e+04
7.019764059687433764e+05
1.726333598438112240e+05
7.498249523422975326e+05
1.594222763751035382e+05
1.367498653332067421e+06
5.708109921988429269e+05
3.216902443550759344e+05
4.946425323481315281e+05
7.486069129716092721e+04
5.615511839012020209e+04
6.918447627670173533e+05
3.053663573801258462e+05
6.971741936614530277e+04
1.066837815969157265e+06
4.455945151310665096e+04
5.507806578528380487e+05
2.996611696571625653e+05
3.559532940057083033e+05
8.341287825608797139e+05
2.784885391117167310e+05
9.922485754662228283e+04
4.406004270474302029e+04
7.518321114015312924e+04
3.442290827361049596e+05
4.972727835306621273e+05
6.608343674523352820e+04
1.872099553756750654e+06
6.912834226778145239e+04
2.165487560808939816e+04
4.672871781225910527e+05
1.761719017260419903e+06
1.500884176536615938e+06
1.310386159644543222e+05
3.036293712553139267e+04
8.489414296675600344e+05
1.307286398117208882e+05
4.604124379862729693e+05
1.142356264024803881e+06
1.212717603626405034e+05
2.646980097402619431e+05
2.064628871696597489e+05
1.138711935979088739e+05
1.143620182301178374e+03
3.229508834781737532e+05
1.709374003121713875e+06
1.450864091825813521e+05
9.590190835094705690e+05
1.112781932409996080e+05
5.318024322322615189e+05
1.213895466610206931e+05
6.868424104030905291e+05
6.314310747332744068e+05
5.203586805268442840e+05
5.867373099792742141e+04
3.891108335822589579e+05
1.462656564638014534e+05
3.703681939045215840e+05
5.514829506026503077e+04
3.638502299761790782e+05
2.091968780128850194e+05
9.059555480108913034e+05
4.434802690293300548e+05
2.413848033604965080e+06
1.356627021260784750e+04
3.192930226536958362e+05
6.708509707156440709e+04
3.313629344189264812e+05
3.284938829120909795e+05
9.282785128208123206e+04
1.673337547359585369e+04
2.084724544547600381e+05
8.129240171899301931e+05
3.080770570176001056e+05
3.335161867152469931e+05
5.680158916188275907e+05
2.320517657955124741e+05
2.456491316465875425e+05
4.336410710515365936e+05
1.983727609572045330e+05
3.581901621081501362e+05
7.012924340510407637e+04
2.070947041069246479e+05
7.309515074353796990e+03
1.401297674853455741e+06
1.014895314508354022e+04
3.261806687058279058e+05
5.914921639923428884e+05
1.955652741306973621e+05
3.291741117275228258e+06
1.888582444058926776e+05
1.348378180500541057e+05
2.405764303524960997e+05
3.211793396511416649e+05
8.728604872821712634e+05
7.253951052704869071e+05
3.329523132813861594e+04
1.601550636195085244e+05
2.806111173736302881e+05
1.004528887274303008e+06
9.091182337939239806e+05
3.359978486180501641e+05
2.466951303468823608e+05
8.155127801475324668e+05
2.867946493276982801e+05
2.238808163415429008e+05
3.754000634288569563e+05
5.090880149217763683e+05
6.451107073471126932e+04
4.628948230846119259e+04
1.453765810064946418e+05
1.370166124060748261e+05
9.479033107476921577e+04
7.037447797422364820e+05
1.232546973971820436e+06
8.228956183167103445e+05
1.363074212787049182e+05
5.580849607475004159e+05
1.934364616888515302e+05
2.237308021682180406e+05
3.083404717225260101e+05
1.987964327651670901e+05
1.231793988798623672e+06
2.329558854244953181e+03
7.114534036821435438e+04
3.832340675242265570e+05
2.847127260347063420e+05
5.993943494560494582e+04
8.137651086602626601e+05
9.457454444647663040e+05
1.940935492482927220e+05
1.535954234403140144e+05
7.881067740892821457e+05
5.071418690162904095e+05
2.472728370318156085e+05
6.748055903969705105e+05
1.141580844686494238e+05
5.251748911880936939e+05
9.166197808361166390e+05
4.208484189725139877e+05
8.414692490792175522e+05
1.395715755443754606e+05
8.730217357836939627e+05
2.663127102483195486e+05
7.029068946062416944e+04
7.113600962915382115e+05
1.585797945994986454e+06
8.363099533609261562e+04
2.421220535408078693e+06
1.023635217031042557e+06
3.709250772808661568e+05
9.426944227446666919e+05
2.457240452137281827e+05
1.279269363889682340e+06
1.496249747426734539e+05
6.828840966849631513e+04
2.932045159581213375e+05
5.335239106916364835e+04
7.116743871131463675e+04
8.668193846538388243e+03
1.435100106718392810e+06
1.113820910340038594e+06
6.117146265218536137e+05
2.605355901225747948e+04
1.219583728164692875e+06
2.334339446203446423e+05
2.660178295372647699e+05
2.874765454738656990e+06
1.209590953268336831e+06
8.742729549623196945e+05
5.554908203477386851e+05
2.450873399673067033e+05
3.698415218999010394e+05
6.191017507734829560e+05
5.431211318878884194e+05
2.455393076367636968e+05
3.797875913981730700e+05
2.026988361769502226e+05
3.261790801219856949e+05
4.170480608247581404e+05
7.795668572698938660e+06
9.341049939901245525e+05
8.549005542671447620e+04
6.591947032916789176e+05
2.101931601400071231e+05
9.790954925142574357e+05
5.236131018304001191e+04
5.343755606669444387e+04
7.918955713696010644e+05
6.768362042235226836e+05
4.004012206668034778e+05
6.616790077752361540e+05
9.544013918423528085e+05
3.349036107391463884e+04
1.293704414665086893e+06
3.488291894775679102e+05
5.893333869581599174e+03
7.611835395488182548e+05
1.060843522009405278e+05
7.591524069774579257e+05
8.969141371288445080e+05
4.781307437904234976e+06
6.119389854750607628e+05
6.563691495133582794e+04
1.743331423201431520e+06
8.606363699248620833e+04
1.515286272788920614e+05
6.350558609898289433e+05
1.087109566687121522e+06
1.701373808121023758e+05
1.444838689531624084e+06
7.027835794732142240e+05
2.172938532182434574e+05
1.364827319153171265e+05
4.822284643783499487e+05
2.843624425215920433e+06
1.298947176171364408e+05
1.976895228650259742e+04
3.652649138509941986e+04
5.615915997322041076e+05
3.225615934248931706e+06
5.587628261076651979e+05
2.787736434624459944e+05
2.739523327148622368e+06
6.164744872708834009e+04
1.060719139918200090e+05
2.328732229143162840e+05
2.964592001121250214e+05
8.261434526214002108e+04
1.759556547099878371e+05
1.287087799124880461e+06
5.957241645552742993e+05
2.845803317355957115e+05
8.650109222552251304e+05
6.014979693976218114e+05
9.896460380318650277e+04
2.306155657904385298e+05
1.132593504840268433e+05
3.562302356350153568e+05
1.762488067873178516e+05
3.448209389822190860e+05
1.044251079352140659e+06
6.402620060518253740e+04
1.449074284600997344e+05
5.212259250546619296e+05
1.164773839232902537e+05
4.779854634418344940e+05
3.805457721902015037e+05
2.043862641107004310e+05
5.646655749746011570e+05
3.364081366566033685e+05
1.440680364011705678e+05
4.102270559586542076e+05
6.154727662841116544e+05
1.501625705836601264e+05
2.651530969231227209e+04
4.120173443853892968e+05
9.350075635914661689e+05
3.280968400499638519e+05
9.897701153393660206e+04
7.075283124497428071e+05
1.178933002429677639e+06
