7.977404773287636926e+05
7.606871925512314192e+04
6.751777408478908474e+05
1.710825004991952563e+06
2.564370259445074480e+05
3.870401740398046968e+04
1.561034851190016838e+06
1.618652530993562541e+05
1.080727584701100131e+06
8.517619485645145178e+05
1.454421633263883123e+05
1.205104631870531477e+06
5.305408973909635097e+05
1.841396646287985786e+05
1.868597632403711323e+05
1.346566290055224963e+05
3.047424975546192145e+05
3.203389945065222128e+04
1.436673996791172831e+05
3.374859615615465445e+05
3.447470358677490149e+05
7.346745084956662322e+04
7.680445378687321499e+04
3.739639210486678348e+04
3.375639319822964026e+05
2.130634066652816255e+05
1.745824485618744511e+05
1.340777502820691094e+06
1.242708332457991055e+05
3.254249599072496640e+05
3.691921142628286616e+05
2.128387073427285999e+06
4.691025539698080393e+05
1.257424733131814050e+06
1.265431283109735814e+05
6.081463000402783509e+05
1.062272552045566030e+06
6.994559961153905606e+05
7.053702130508363480e+05
4.769672949928974733e+06
1.440591530482048169e+06
1.728801858391259739e+05
1.074442344569798792e+06
6.282666403607730899e+04
6.350162180313921999e+05
1.450033832520244410e+06
1.555134066169957223e+05
2.685014692499189987e+05
3.198599347178123426e+05
3.972355202316413634e+05
1.105508998604695953e+05
2.864435380380427232e+05
3.017344861221764404e+03
2.411452608263184957e+05
5.768480009277111385e+05
2.089183542818910209e+05
4.412793058280869154e+05
7.838025034651257738e+04
2.429707507883224753e+05
1.417143163271239609e+05
6.260249340651561943e+04
5.152780491760175792e+05
2.747626398319970031e+04
3.908332246413705288e+05
2.102366715046591125e+06
1.530820373539556749e+06
2.998119424745186116e+05
3.155069535773097537e+06
6.116238883761697798e+04
1.958061345640932268e+05
5.394313580869714497e+05
4.707157697069357964e+05
1.784477879776988993e+05
3.652724215630110120e+05
3.637220764331790269e+05
7.041614553657482611e+05
2.081433458312277449e+06
1.477327696753019118e+05
2.786548767293075216e+05
2.120586333182630595e+06
1.224153705208621977e+05
2.793810069108390599e+05
1.153674995704786386e+06
2.466621828590841615e+05
1.921259246307389403e+05
1.486217288307970448e+05
2.562863272852789378e+05
7.793223276233625074e+04
1.147084040697272576e+04
1.164120519883803645e+05
6.173057826719264267e+05
1.533063033173196018e+05
2.079021066834478697e+05
2.250924040078771941e+05
1.571991552985803282e+05
1.879197469727372809e+05
3.969810497556034825e+05
9.388334588515192736e+05
2.513601973135542939e+05
3.450885579265379929e+05
2.096565254577070940e+06
1.320259994316823722e+05
3.556416107318598661e+05
1.992734510805100203e+06
4.690053539678332163e+05
9.864360875515053049e+05
7.699260996629077708e+05
5.033297544607737655e+04
1.198644517704179510e+06
3.189588471594881848e+05
3.240744484242440085e+05
2.401200453430345806e+05
1.634406396700359881e+06
7.093955477029796457e+05
4.756386251605945290e+05
1.370041869026135246e+05
4.371276247256497736e+05
6.481782887887135148e+05
4.135437389705224778e+05
3.104350069626691402e+04
1.139349429922286421e+06
3.861010698064697208e+05
1.793010237813510757e+05
2.011900081543781853e+05
6.636304115087137325e+05
5.080215623537368374e+05
7.312447483182973519e+04
1.774629828652871365e+05
2.319295865495427861e+05
7.390172057410498383e+05
3.384033400419182726e+05
3.846584251581875142e+05
6.629831484143686248e+05
3.960009095488815365e+04
3.357228945106877363e+05
9.168652582339555956e+05
5.525969674871641910e+05
2.056464912174268975e+05
2.277460569651782280e+05
3.042750728724597720e+05
5.215921799002707121e+05
3.477807956515214755e+05
3.707932043589226669e+04
4.216940589245216688e+05
7.426270926469437545e+05
9.144712502131053770e+04
4.549917232767155510e+05
1.125807280585057102e+06
7.047759224194117123e+05
7.292527250544920098e+05
9.542266045218911022e+05
1.808542014892013394e+05
1.158079064487926080e+05
3.983393019207673147e+06
6.610433609225908003e+04
4.218430388711451087e+04
1.616266496690305648e+06
6.515277197100068443e+05
2.303240071865696227e+05
1.224955875926402077e+05
2.796034726426526904e+05
5.119697247880991927e+04
3.492440661700913683e+06
1.324632042196293594e+06
9.017871127323878463e+05
6.308694093924242770e+05
5.933629010029239580e+05
4.155529143875801819e+05
3.878545053580615786e+05
1.780799297329716152e+06
7.891510384404266952e+05
1.163623441255260695e+05
1.013663268727962713e+05
2.741437703269713093e+05
1.784421180422074103e+05
7.771027016354107764e+05
2.051772221471648954e+05
6.252331717108038720e+05
7.289819663320337422e+05
1.573487979868812952e+06
1.444699811316341802e+05
5.030331765829163603e+06
5.044918918404285796e+04
3.206116763312715339e+05
2.125333321322455304e+05
1.370566172757144785e+06
8.776005290953397052e+05
5.222835647660084651e+05
8.070885588901527808e+04
3.506797439589890564e+04
2.791504298120792373e+04
2.520745176853544079e+06
1.682220931460306165e+05
2.322805360098094970e+05
3.026356423862352967e+05
1.157309021466190316e+05
4.415662076561915455e+05
1.537367806424932496e+05
7.189518743336765328e+04
3.701031169501821860e+05
9.393547804741028813e+04
2.994493536025801441e+05
1.847846897503535729e+05
7.844046446049304213e+05
2.794582488999305060e+05
5.138469562372239307e+04
1.179539093691501301e+06
1.565454708447412821e+06
8.310451818012922304e+05
2.196955300885400735e+06
1.440986602945212275e+06
1.964724205126557266e+06
3.684679380168655189e+05
6.607239023244542768e+05
6.489172593981393147e+05
3.396966096606355859e+05
2.080363905066722305e+06
1.584536046789466927e+05
5.304676816272181459e+05
5.176182219789645751e+04
3.451773921506294282e+05
1.935415137650183460e+05
9.586959334743726067e+05
7.830564723505523580e+04
5.504172337094391696e+04
8.212824252613119315e+05
1.790686679428335628e+05
6.569023801427538274e+04
1.246689700472420373e+05
5.221374781616435503e+05
1.875735992761576199e+04
1.068564331046887528e+05
2.034472751133448037e+05
4.196000953603328089e+05
6.180803766198138474e+05
2.074896885061068169e+05
1.971396185103611788e+05
4.310815438062813482e+05
1.238259259636854986e+06
7.364507272773473524e+05
1.661554099174740724e+06
6.032395516153456410e+05
1.201456708281386178e+06
1.052520250523922266e+06
1.496599469606016064e+06
3.807132593807717320e+06
1.696453528914026101e+05
1.177633198720292421e+06
1.132646600956721231e+05
5.587849774334469112e+04
1.155022412182570901e+06
8.384809348351319204e+04
3.433633986389241909e+04
2.568923446190997027e+06
1.960997472035491664e+05
1.010740225228771305e+05
1.690391220664328430e+06
1.619505499338375812e+05
3.597294671533759101e+05
1.002288386156196066e+05
1.445755973331018118e+06
1.868387033013452776e+06
5.661897584244228201e+05
5.888855385703255888e+05
6.016913579414145788e+05
9.111054187249162933e+05
2.947730850183732691e+05
6.046703340034994762e+05
5.524803605401985114e+05
1.321438459543428384e+06
1.450825168343377300e+05
7.837507058690324193e+05
6.384715226827543229e+05
9.091863951337382605e+04
6.171004882690617815e+05
4.580440864540066832e+04
3.652778584416402155e+05
1.079145930778737675e+05
2.367692233546459829e+04
9.391632423946980853e+05
6.815779599218519870e+05
6.643121919893668382e+04
3.729922637850180618e+05
8.911879199065690627e+05
7.261336226801563753e+05
3.864541567789217806e+05
2.423627606332358846e+05
1.791800482620554103e+05
1.552950241075612372e+06
1.529793359334496199e+05
1.144842851074178616e+05
3.927674240017731208e+05
5.665158331704828743e+04
3.386041602207560791e+05
2.088158544551554369e+05
1.684954344518014695e+05
2.394183989968901442e+05
2.273530567526363484e+03
4.425591994201311027e+05
1.098400573970408295e+05
1.492698362698290730e+05
3.670456652784677572e+05
2.464453436449178553e+05
9.571956470985058695e+05
4.161954647094320389e+05
3.788189729002942331e+05
2.364536758394521894e+05
5.271242936584008858e+05
1.892362434199608397e+05
1.087899144331756514e+06
2.584762088570715568e+05
4.628166800602642470e+05
1.503051952790563519e+05
6.934054791445441078e+05
5.341308652253878536e+05
3.080293806314368267e+05
2.486558588034450368e+05
7.331429376523856263e+03
1.701145418648887717e+05
1.224195969192194985e+06
1.994348797514161852e+05
1.418977987795071967e+05
1.685090673152614618e+05
2.257111785069546750e+04
9.796638250628770329e+05
2.070924275799251045e+05
1.831507755965636752e+05
4.861702058411551116e+04
3.015562886670861044e+05
1.812894061927344301e+05
4.647371861005581450e+05
4.104185476380342152e+05
5.250623438282265852e+04
8.159545580844433280e+05
3.961967199191551481e+04
6.272184892878426472e+05
3.327818297997883637e+05
2.886533197151704808e+05
3.395001011212461744e+05
4.277430545012538205e+05
3.761436802559754869e+04
9.401773998625061358e+04
7.530814167780876160e+05
3.589877132928830688e+05
1.633841007077680842e+05
3.801558121785991243e+05
1.405901517727504834e+05
8.374872055041717831e+05
6.919420398324354028e+04
6.065491821766080102e+05
1.562259262590678700e+05
9.405955998261076456e+04
1.617281019956884556e+05
3.649779265255571809e+05
1.709473712080499972e+05
6.667622440149320755e+05
1.222441235596425249e+05
1.750986079580774531e+05
1.430815238096926478e+05
1.777572895364964788e+05
1.770584359464831883e+06
4.672842275616013649e+04
2.701345188982990803e+05
4.338330925134203862e+05
3.068458227875775774e+05
1.551743256202687335e+05
7.006203275222983211e+05
4.735162302340840688e+05
3.370627023107641726e+05
3.589749302210099995e+05
6.547984796953521436e+05
6.295927885826760030e+04
2.466534268180993386e+05
6.154205638584348344e+04
3.942361843662419706e+05
1.285183638049790316e+05
2.216310940272566804e+05
2.582412223433226463e+05
1.047335530044361658e+05
1.585523835404900019e+05
1.217060967749585543e+05
3.587967124040003982e+05
1.035448804902962176e+06
8.142910156151003903e+05
9.461775070289857103e+04
4.616559246559308667e+04
1.715758241105081397e+05
8.756561578678800724e+05
2.648991547943480546e+05
2.419492295247928996e+05
1.700209374481848208e+06
5.543295726011566585e+05
5.498747374237667536e+05
6.067385659957525320e+06
2.489939355151816853e+05
1.062340475536864687e+05
2.448578974266209116e+05
3.060686265417429968e+04
1.681248161529881181e+05
1.391922844527640264e+05
2.347973458550292416e+05
2.873475423781123827e+05
1.292059217127972079e+05
3.538330411138377385e+05
5.341222604327803856e+04
3.526137565762104350e+05
3.152572845904625719e+05
3.662549129413783085e+05
1.049217502772770531e+05
9.651435792853895691e+04
1.287838572325706336e+05
8.189108251465720125e+06
5.004607410230117239e+04
1.570402435802995227e+06
1.465742776183638256e+06
1.264362632104608230e+06
1.352172593261368165e+05
7.035346798034007661e+05
9.735715332998534432e+05
2.919696607570699998e+05
4.471184567838488729e+05
8.068364598884212319e+05
1.149471652275857050e+05
1.572794234760468593e+06
1.822263555283334339e+06
6.520651881446733023e+04
4.190182768854978349e+03
4.058021497391330777e+05
1.229178180626102985e+05
2.937627566564464360e+05
4.099006503935547516e+04
2.373733858476512600e+06
1.201392813992356059e+04
1.322631821746992646e+06
1.045682728451730683e+06
2.896228595300876186e+05
3.004808797164380550e+06
3.721569345717304968e+05
1.963962632675587884e+04
4.731896088664333220e+05
2.389598582455814758e+05
3.567164343997470569e+05
4.659703953512498410e+05
2.157678095512359505e+04
6.345171296236795606e+05
1.256480315860312432e+06
1.151154077245092485e+06
1.170464010515557369e+06
7.737306735397177981e+05
2.403427355592219465e+04
3.190298510008120211e+05
1.263656955829286162e+05
2.795672592350312625e+05
6.185392719378189649e+05
1.183256032079877186e+05
6.026850523177582072e+05
3.542447649622526485e+06
3.865907925830266904e+06
1.663909387202547165e+06
9.576064504886709983e+03
7.553311807451507775e+04
3.171689419598843670e+05
1.373323010321241454e+05
9.265239521264556097e+05
6.112466712861711858e+05
5.909093309352895012e+05
3.544347562084828387e+05
2.498584285616443376e+05
1.477597278402837110e+05
5.431844241702707222e+04
2.208848633243074291e+05
5.475093955418151745e+04
3.715040511676297174e+05
2.549199316198095330e+05
6.868941047963510209e+04
1.457024761082659825e+05
3.022738139200083970e+04
1.798394147321688943e+05
1.368082465069864702e+05
4.484303085206334363e+05
3.069036640864005312e+05
3.090769142833891790e+06
4.918750272550321533e+05
2.990316244489539531e+05
5.380539914023102756e+04
1.164150220053811092e+06
1.793954876423252863e+05
9.512646902471386420e+04
4.649979805854739971e+04
1.377449735490210878e+05
4.353639948038653529e+04
2.233890577763800044e+06
1.599529796833255095e+05
9.535491637665183516e+05
2.036371585222814756e+05
2.996184460712397122e+05
3.879721931889128173e+05
1.277704287708930206e+06
4.228333397282283840e+04
8.698009539285684878e+04
1.108879429729326395e+06
3.789212804003378842e+05
3.754639069381159788e+04
6.852674207178207580e+05
1.112326161888326751e+06
2.163538519825728610e+06
1.538420873741629475e+05
1.440855751327602658e+06
1.320433474414002150e+06
3.558704923888112535e+04
1.758602449234249798e+04
4.289823238914284157e+05
1.916644842600021220e+05
6.376913186443542363e+05
5.977566814869436203e+05
1.458978672365362581e+05
9.845686700461163418e+05
2.096166966180305462e+05
6.786109164335876703e+05
4.267199003763474757e+05
9.323140392450715881e+05
1.169668735255650099e+05
2.093345713489527581e+06
3.254031316711528925e+05
6.586654451964130567e+04
2.950343518748501810e+04
8.468906407328973291e+05
1.119644706242772372e+05
1.309486591713714413e+06
2.094408716214348970e+05
6.510489791548509384e+05
3.224491562003007275e+05
1.806390815791386121e+05
1.058306966635652352e+06
1.559074133348386094e+05
7.356824113608599873e+04
1.513296148586525349e+06
2.813280348263211199e+05
1.969327732464643777e+05
8.665665471985256299e+05
7.821347698908359744e+05
8.087802365960725001e+04
1.351084029443969252e+06
2.087711772168164025e+05
5.102378186639142223e+04
7.221478401325110462e+04
3.653138115244393121e+05
3.161256377643341548e+05
4.692651376483053900e+05
1.603268926658770302e+06
9.845365724435211159e+05
4.242774078865936608e+05
1.255367372146842245e+05
1.409259349162459141e+06
1.262251315332422964e+05
6.545666695749840001e+05
7.803654511385707883e+04
1.021328709842635435e+05
3.237406058687621262e+05
7.191447268877688330e+05
1.893710866203749320e+05
7.329997774038619827e+05
3.780864092562799342e+05
1.033319498785026954e+05
3.267010843468693201e+05
2.690552171856087516e+05
2.970943410166215035e+05
1.338886780613187293e+05
1.915396731418093259e+05
3.134105357355776941e+05
8.409489718835550593e+04
8.856788156173299067e+05
3.676188710242682137e+05
5.742401381471682544e+04
3.151123259724485106e+05
1.751535048414324119e+05
3.250234994984626537e+05
1.331673824719430122e+05
2.046920094648620870e+05
1.447884074348822702e+06
7.551533838243549690e+05
2.255288539602625533e+05
5.941137701421183301e+05
2.707613128702056129e+05
1.117262730645398842e+05
4.895465790199933108e+05
4.864114122038815985e+05
1.109763839893086348e+06
2.168660619049502537e+06
4.432466469455783372e+05
7.153156243489581393e+05
1.095189931647251506e+05
4.550624745475019881e+04
2.307700422539172228e+06
8.137083199805681361e+05
1.805047054910355073e+05
5.179088487263606658e+04
1.123561402570646256e+06
9.860773890846936265e+05
2.210468361234758340e+05
1.670543174388906220e+06
3.347265964035641809e+04
8.931342838641953422e+05
8.422676263832073892e+04
4.627214237193859881e+05
2.692028328585336567e+05
7.365541969801475352e+04
1.278328151283339394e+05
4.752689389223625767e+05
1.600184372431090160e+05
7.647389599153687013e+05
2.514082823597619135e+05
6.799236610359705519e+05
4.773036296735877404e+05
4.349758577819087659e+05
3.097032497485394124e+05
4.648252106770386454e+05
6.862608270205132430e+04
5.541767626810770016e+05
6.958097282556662103e+05
3.632298000922576175e+05
2.861732967933581676e+05
1.855638313171993010e+06
5.229902958350086237e+02
8.019598307120745303e+05
7.991920858983737417e+05
4.144837978554856963e+05
4.461393319097270141e+05
1.644600760229198495e+05
2.951924802643039729e+05
1.031262686477793177e+05
7.357106108446061844e+05
2.457784003829397261e+06
1.536786239982083498e+05
1.209896017469615676e+06
7.320950012033827079e+04
7.956173898522463787e+03
3.864818146840282716e+05
5.914694855109533528e+05
4.115423335165381432e+05
4.431431276555550285e+05
1.057378934273203922e+05
1.694718414757049322e+04
1.390381798678226478e+05
4.636389773805663572e+05
1.732134354057294549e+05
7.571826788036681246e+05
1.255495554736768536e+05
7.748892082837270573e+05
3.807254463312799344e+05
1.702310523812922882e+06
1.127604709176790668e+06
6.056711438616146334e+05
5.677349496832383738e+04
5.332451756115811877e+05
3.888357404020169633e+05
5.490826279769471148e+05
2.558214176965094521e+05
8.059085944655055646e+05
1.236701876047139085e+05
5.456289705968530616e+05
4.992222684207336861e+05
2.893371113868186949e+05
2.483478631857649889e+05
2.093629796890697617e+05
3.019339240881499136e+05
7.560536846782456851e+05
6.328417724363588786e+04
8.802979151351819746e+04
5.567576939397905953e+05
1.154626797717171721e+06
3.743585248489681166e+06
2.357433210911829956e+06
8.220962081022936036e+04
3.825370152821567026e+05
1.004826842832481198e+05
4.204130954564538551e+05
3.110743350943018449e+05
3.005619362214506837e+05
7.052830888427776517e+05
1.740463040699455887e+05
4.545607572509571328e+05
5.731791518557163363e+04
1.023740407473720988e+05
1.629652382280847058e+06
5.773026112829694757e+05
3.362208323602474411e+05
1.718733338130817865e+05
5.121435697192056105e+05
4.471294047251155280e+04
4.424465920159886009e+05
3.154224898475399823e+05
4.363850642430841108e+05
1.975404525968892034e+06
1.175425137588769285e+05
1.056973861168880481e+06
9.264407426372527843e+05
8.702380563550570514e+05
4.011774939482917544e+05
1.826760986571233661e+05
2.072639304669331992e+06
1.968409374228665256e+05
3.757869560101818759e+06
1.651933009067622188e+05
1.841111439549361821e+05
5.273422946697976440e+05
5.754182861544500338e+05
1.403497847995586228e+06
1.419811114767908584e+06
2.404414495125435642e+05
4.483071503353634762e+04
4.462555625270607998e+05
7.072518169849370606e+05
3.029097811535280780e+05
3.910077588165314519e+05
1.445865965808400069e+05
3.029271115995105938e+05
3.233608888248821604e+05
2.322833171526239021e+05
1.600252586992017226e+06
5.384825936896551866e+05
2.884759976374476100e+05
1.122192923662473448e+06
2.346641665535624197e+05
3.399099084518197342e+05
2.333830979803843366e+05
8.657903770831317524e+04
1.070514099054837570e+05
2.128569484308999672e+05
1.989991415880496497e+05
6.847693666996358661e+05
2.208341191786123090e+05
5.063934997080359608e+05
1.475524600585493026e+06
1.373506998703716090e+05
1.572804512032181374e+05
2.687161315272291540e+05
2.059383508004015021e+05
1.043906327863552142e+06
3.485699207302171853e+05
1.853648798164527630e+06
4.951706762370559736e+05
3.630005547471986210e+04
9.753923611983837327e+05
1.333568135258249240e+05
4.578551659301937907e+05
2.056673520301357203e+05
7.336322692383281537e+04
3.104383922726599849e+04
4.236509513223066460e+05
2.671068360053498182e+05
1.960119788456421578e+06
2.461887917866208300e+05
2.045294415211791638e+05
3.071707270026267041e+06
3.301692569692341494e+05
3.406944607748260605e+05
6.618261228946157498e+05
1.501772711031919171e+05
5.506339153317557648e+05
7.284896868132596137e+04
1.242841860284500523e+06
2.505599924198756926e+05
1.550460042038208921e+05
5.510729034320159553e+04
2.200896307470332540e+05
2.002709132251095725e+05
2.045320472288453486e+06
2.921135787329686806e+06
2.598130421244274767e+05
1.320611838661755435e+06
2.122560345859738532e+06
6.876291075716887135e+05
4.019175243315869011e+04
3.340073378955839435e+05
2.376322418726332486e+06
1.419825984100849135e+06
2.402717370738492464e+05
2.148572618103582645e+05
4.782348901163118426e+05
2.008814045540126099e+05
8.084331574050723575e+05
2.006006706291377195e+05
1.101528898799983872e+05
7.295707212394577255e+03
3.898633947238341440e+06
2.304752708716202527e+06
1.340240617619909346e+06
4.842547967171706259e+05
4.359135935900373734e+05
7.435026916637569957e+04
2.048098285474861332e+05
3.026407837086632571e+04
8.502902444713804871e+05
4.715633753832953516e+05
4.214180386829939089e+05
2.539927437239481951e+05
1.005300094786279369e+05
7.597140542255775072e+05
2.012225852807446499e+05
3.684502523853949388e+05
2.479101252407973516e+05
1.284979088419096479e+04
6.658751419656323560e+04
3.627989950532261864e+05
6.827972662720325752e+04
2.932400826507634483e+05
1.759437250656178512e+05
6.248643390176397515e+05
2.896677727960212505e+05
9.751880409611185314e+04
3.398067827415093197e+05
3.968686501762155676e+05
5.677158868269721279e+05
8.562400551708027488e+05
8.941292799723191420e+05
1.207680734782075975e+06
2.471980552050885744e+05
1.557536993866886012e+06
5.436921382339852862e+05
1.904089408803930855e+05
7.181936760514667258e+05
5.138979317364504677e+05
2.101046935799459752e+05
7.116585758469055872e+04
4.116044314875659766e+05
6.077598660320391646e+05
2.953686293792545912e+05
3.537959328077283571e+05
1.810353434676268662e+05
2.739927969984599040e+05
8.435012703167548170e+04
2.995101594957950059e+06
1.193224182668146532e+05
7.313693799046473578e+04
2.664915358281387598e+05
3.590619856537120068e+05
5.708067483505633427e+05
4.754145669331770041e+05
1.992308211109596596e+05
9.936333651528107002e+05
1.634294842550687899e+05
2.492908769574808321e+04
1.884593993280674040e+05
1.269205352206242678e+05
3.400655489154435927e+05
4.396644956078069663e+04
3.344815811467358144e+05
6.401943480500468286e+05
9.707263868460337108e+04
2.763540863500141422e+05
1.041055579301021644e+05
7.867692238255187403e+05
1.762819257091745036e+06
6.498317386696077301e+04
4.024313549766687211e+05
1.252033735949868715e+05
2.662345132453574333e+05
4.908693312412000960e+05
1.660033887411910575e+06
1.298633967460575950e+05
3.418393313750188827e+04
1.163595206580426602e+05
1.703757049299539533e+06
7.973906096348491265e+05
8.518452133662882261e+05
5.542051450396492146e+05
2.060676496833843121e+05
3.214477935145263909e+05
1.983132916312301822e+05
4.964902511880511302e+05
4.003141438781961915e+05
1.144002732029746403e+05
1.908976912065677752e+05
2.990586618219874217e+05
1.335052933923847741e+05
6.067587947694605682e+05
1.018973578145790088e+05
8.716485959423893364e+05
6.252558509634601651e+05
4.778501822741015931e+05
1.325224285244189086e+05
2.386360041761778702e+05
3.364378769423397607e+05
4.124966109143509530e+05
2.229371032900568680e+05
3.322189301424959558e+05
3.298761721366464626e+05
4.346725712108375155e+05
7.871053368912413134e+04
7.175002822641624371e+05
6.529821197391705209e+04
9.045256854939015466e+04
8.894898800397001905e+05
6.496677085624967003e+05
4.431497903954272624e+05
1.443784630326227925e+05
2.426713422764823772e+06
8.686663448312733090e+05
2.029178020641418989e+05
4.452686495430718642e+05
2.206146976950045791e+04
5.566759589896138059e+05
5.163318161768447608e+05
3.879297301074450952e+05
2.276924394820585730e+05
1.490646947872819728e+05
2.082568448207363486e+06
1.254851345252470928e+05
2.576373675935091451e+05
1.571956157851995376e+05
1.637169908649188001e+05
2.535335106007157301e+05
7.031901520078381873e+04
2.570946096233504068e+05
3.590275745217100484e+04
8.084468643652086612e+05
4.222833636434320360e+05
4.195217456338035845e+04
1.166327803573829122e+06
2.917042710224562325e+05
1.519660053721817094e+05
1.631383525221967837e+06
7.254045147781409323e+05
1.674998247906059492e+06
3.841029424704766134e+05
1.993158901717500703e+05
4.215880237938837381e+05
2.879282947107226355e+05
4.965191436907275784e+04
5.750998740216039732e+04
4.773978765686008846e+05
4.242955879933169927e+05
2.536334386086384475e+05
6.708357394050215371e+05
2.946720819277868140e+05
5.214180259631615132e+06
3.703897252386955661e+05
9.834748421864463016e+05
1.926053770576764655e+05
6.267212461422233609e+05
7.589904737844056217e+05
3.508738812091969885e+05
3.150044989540008246e+05
7.279434672830135969e+04
1.482831616210978427e+04
8.801465990819899598e+05
1.233790968540792383e+05
2.828021801433045766e+05
2.294628877144635771e+05
2.085389276919977274e+05
8.253208491158067482e+05
9.963802940412549651e+04
1.164911929150234937e+05
5.825567628928028280e+05
1.701103003162714012e+05
3.476176537263483042e+05
1.176177420364173828e+06
3.488440763073717244e+05
6.165144219331778586e+05
4.684526501268128632e+05
1.368739258378704311e+06
5.919230769627534319e+05
1.191001404832212866e+05
2.007458867826876813e+05
2.401014843157827272e+05
4.031756754052484030e+04
8.276996503638607101e+04
2.107538819620230352e+05
8.162829713289112260e+04
2.402603021380725550e+05
1.052206726360701025e+06
2.245867768879326759e+05
6.451251045323342987e+04
3.162822107615042478e+05
8.069780324489300838e+05
8.123949270570385852e+04
4.273330937290452421e+05
1.472567793284045474e+05
2.691227812035196694e+05
1.787005415868829470e+06
9.417968360145076877e+05
3.237143258395528537e+05
3.431550097118339618e+05
2.404637110100783408e+06
1.410488785664672905e+05
3.055330430931057199e+05
6.216718836367863696e+04
1.478506251150569879e+05
2.189526121007578622e+05
8.778025717855292605e+05
8.146973499644869007e+05
1.550455445458803326e+06
1.131908471950460807e+05
3.381273711396667059e+05
9.381980115854121745e+06
8.419806851797857089e+05
3.616181836608587764e+05
7.534012918390831910e+05
1.853183508903276233e+05
2.119551105492837087e+05
4.929253318357113167e+05
3.186413372937513632e+05
1.015134858835058367e+04
7.961106444797286531e+05
2.386770442573496257e+04
4.320896754556809901e+05
6.411299765525962721e+04
7.022008682260526984e+04
1.430278051406113431e+06
1.330171706010358175e+06
1.298644527400763764e+05
5.781825172882086918e+04
2.313091470112124516e+05
3.052101557531884755e+05
5.719691205719218124e+05
1.348823627915300895e+06
8.797300395294694463e+05
1.978472650734198687e+05
5.741903371870976407e+05
8.843072463758786398e+03
1.709161379619414802e+05
1.726953125734902860e+05
1.444914224284587661e+06
1.106393873200845672e+06
1.182792429602813208e+06
5.918182831310188631e+05
9.165520619994412118e+04
2.014944252639501938e+05
1.196767437631118664e+05
2.590793646866021445e+05
3.087575131511376821e+05
1.360436336489928945e+05
4.042322122727690148e+05
3.267875368245494974e+04
1.488366760894808685e+05
1.254050866024323041e+05
1.578650733799247537e+05
9.477726125231764745e+05
1.218515786087145680e+05
1.305651848397449823e+06
2.882806444510213259e+04
4.803955090020560892e+05
1.547174632930976622e+04
3.501087353802509460e+04
3.056547472512840759e+05
1.142201612320314307e+05
5.314094218587084906e+05
2.188698753766609821e+06
2.918131401188665768e+04
4.484548117925040424e+04
2.315609773612408026e+05
6.304211797072385671e+05
2.433133629913583281e+05
4.427300788555269246e+05
2.103640141408672207e+05
2.237798047715740104e+05
2.129442903492084239e+06
6.302233342011169298e+05
2.118912546108803363e+05
3.539433905701443437e+05
6.682403729341338621e+05
2.247769054096866748e+05
5.373757703064638190e+04
1.772030474230713909e+06
7.476701717917491915e+05
2.084199117880106496e+04
1.004386530871499912e+06
6.752274341092940886e+05
2.944841670763342991e+05
4.031258397721102810e+05
1.461827230744119734e+05
5.281251628599355463e+05
3.076868109040897689e+05
4.561286960071779322e+04
3.194567281463363324e+05
3.228528295659300638e+05
1.274622097157977696e+05
4.444756422437601723e+05
6.466637463971264660e+05
8.219643272218113998e+04
4.605189265671509318e+06
1.179362795377980365e+05
2.237024200148254458e+05
8.493482933373434935e+05
2.397203528949022802e+04
1.442908586723539047e+06
3.209901111413522158e+05
5.013881803349629045e+05
2.070763202040157630e+05
1.544819693723332311e+05
3.828887910851442139e+05
6.776291512778880133e+04
1.364958795833144395e+05
9.781876585051497677e+05
2.332569591820261441e+06
1.800934603381911293e+05
4.383507721829451039e+05
1.834245509464896459e+05
1.616728734888256586e+05
1.156492005427635304e+05
8.833598923034101026e+05
4.942901896627247879e+03
6.009044605979986954e+05
8.293783895952135208e+04
8.706780090192767966e+04
1.883779055699525168e+06
2.759074999830128509e+05
1.038607004984437837e+06
2.012739675944661722e+05
6.713313474086079805e+04
1.493119557409320842e+05
1.074886224245683523e+06
3.237040251394082443e+05
2.648781228282469092e+05
1.068742823216470191e+06
1.307729629725483013e+06
6.255647123362538696e+04
5.717048876093586296e+04
6.007405145230323542e+05
2.062028639417970044e+04
1.789208341148213949e+05
2.143969508107024594e+05
3.077698034300478175e+06
1.422824099426597822e+05
3.863782691200367408e+05
4.198103409237313317e+05
6.610190683191462886e+05
2.714359149465418304e+05
1.382231948783389060e+06
1.734250453277726774e+05
1.542451874135305698e+05
1.031982874047995079e+06
9.002995053253681399e+05
1.061687801126229344e+06
2.422333020229414979e+05
1.750696000240742578e+05
1.018758868304968055e+05
3.515427325824974105e+05
3.056060580364243651e+04
1.772223293324992992e+05
8.900340339399137883e+04
1.229070559494577756e+05
1.997911125345126726e+06
1.426967369443457574e+06
4.746523908244728227e+05
5.269414324435321032e+04
1.781177146237631794e+06
3.096609036606629961e+05
3.818132274089784478e+05
1.870572878910192230e+05
2.597744596302633581e+05
2.203544776076053735e+06
1.147981275960010709e+06
4.854948394076806726e+05
1.751340709112360200e+05
1.575563920236343693e+05
9.741826678066217573e+05
4.612731044565005577e+05
2.963571124671574798e+05
3.590989937800631742e+05
4.377029949574460625e+05
4.162558749802162638e+05
8.484482132678485941e+05
2.291811368529079191e+05
1.039697500458928116e+05
2.587156939519736334e+05
1.940097950592467096e+05
3.286874477392772678e+05
1.527939283847675833e+05
1.299100602406571619e+06
6.166301094931393891e+04
5.794583343249986647e+05
5.446057714942893945e+05
3.830824591315159923e+05
7.557296608679620549e+05
1.131445995885912998e+05
6.167339044392955257e+05
1.971437263941709243e+05
9.316831855517384829e+05
9.301237160562959034e+05
2.137896059714290313e+05
4.964090453062761662e+04
8.415043400343626854e+04
9.828353300900005270e+05
4.612462508116954705e+05
3.138267098646297818e+05
1.327255495563739212e+06
1.273688883562166739e+05
1.789800960455313325e+05
3.851717876883201534e+05
2.105794457551278174e+05
1.229977327776077145e+05
1.192893452192354482e+06
2.394506993064736482e+06
3.757375160069605499e+03
1.118849340540802339e+06
2.172920538631976233e+05
1.768873602410831954e+05
2.953528734536308330e+05
5.930582530752054299e+04
2.226504823742996959e+05
1.510133230384208728e+05
7.976343777723774547e+05
1.316449970960830804e+06
3.227591502645108849e+05
7.332572223593316739e+05
3.654449805270956131e+05
1.079193203256159031e+05
3.130701689636802184e+05
4.465436501640173083e+04
2.688894830412155134e+05
1.303588717256584350e+05
7.863806220836031716e+05
1.645034865611552377e+05
5.135559447075662320e+04
4.214248810368069826e+04
3.850019334727819078e+05
1.260128406731524155e+05
5.404924650285288226e+05
5.476576388366307365e+05
8.247569420331676956e+05
3.446167023768301588e+05
9.824814421879383735e+05
3.901926138995753136e+05
6.110830640928853536e+05
1.506132657208496239e+05
3.467334014682159759e+05
1.056457310219009087e+05
4.267782482068563811e+06
1.624017796100077452e+06
8.049715632246121531e+05
3.397560002446697908e+05
2.162154919518399984e+06
6.405162420426221797e+05
1.853232559078177728e+05
1.006279243435351411e+06
9.777421435909997672e+05
2.004834131671372335e+06
2.095099345015447179e+05
6.773386049830028787e+05
2.517401431224593034e+04
2.176527845734302537e+05
2.938468312548996182e+05
7.740682222101859224e+04
1.852650821656815242e+05
5.339116416372074746e+05
9.466715150546596851e+05
1.721813470271341037e+06
1.598916858502066461e+05
4.624001913486840749e+03
2.759362884232866927e+05
7.630387408234379836e+04
2.380136114424951083e+05
1.545927307714301569e+05
1.627200730754516087e+06
5.905741898645168403e+05
5.543339461005382473e+05
1.941128302460317733e+06
7.054338420921516372e+05
2.425548785430880962e+05
1.107374901425626012e+05
4.149359132320696372e+05
3.101535799414278590e+05
1.369902410555964336e+06
2.419545009665547987e+05
6.104313670348927844e+05
5.051546684630254749e+05
2.457318057061026804e+06
2.769233181227757013e+05
2.926121572685653518e+04
1.057725178610089206e+05
4.303428837028410053e+05
1.210309665007488002e+04
1.301282560670272214e+05
7.609132274512691656e+05
4.213935162278337521e+04
1.007810926247650408e+06
1.494454288221265888e+05
2.597823303319104016e+05
8.980369597999827238e+05
4.618258923064731644e+05
1.625021048491404799e+05
1.737967775517435977e+06
7.806432225781278685e+05
1.290196411731599364e+06
3.945036353843321558e+05
2.402871503472143959e+05
7.805221183788260678e+05
1.180400577826024237e+05
1.695683437860566482e+05
2.068833277539027622e+05
6.859620358693076996e+05
3.506789878901023767e+05
2.183308273668613983e+05
5.297191031010258012e+05
6.234709888418044429e+05
1.288848769215571228e+05
3.598296587792884093e+05
1.490431687684851931e+05
1.802619668057949821e+04
1.180973664005829953e+06
1.302681141122860601e+06
7.242275209465873195e+05
8.350889813001687871e+05
4.810511559787027654e+05
5.295090674513787962e+05
1.036091686048373231e+05
4.828696877544174204e+05
9.409528224137389043e+04
1.807630664766946284e+05
6.453847444577032002e+05
2.459012439710689941e+05
9.644148825570277404e+04
5.245432598463889735e+04
1.345347021356302546e+06
3.620142200710963225e+05
1.873013881155690760e+05
1.431910638183660631e+05
3.664392069107540301e+05
1.600544006627519266e+05
7.834913022656961111e+05
3.391290192234038259e+05
2.801620779816776048e+05
7.298983505753692240e+06
8.721914951193562956e+03
1.271653516511500638e+05
8.895521678597616265e+05
5.201865953152952716e+04
1.741288573197988444e+05
2.633174811126323417e+06
7.943302230128740193e+05
1.302054112702894781e+05
5.664312442473099800e+05
1.282707183117567794e+06
6.500414037063498981e+05
2.193163047598603647e+06
1.655298242238759121e+05
4.122187093196090427e+05
1.263938828937767539e+05
9.793494190032783081e+04
4.551831491947206086e+05
9.969344292331053875e+05
1.051545646745675476e+05
1.634856646318632738e+04
7.190593897582772188e+05
7.257919162478484213e+05
2.941701097610145807e+05
6.234041972772732843e+05
1.401507032174929627e+05
1.281009407030985749e+05
1.087268664558650489e+05
1.799412437695450499e+05
1.730090878592593945e+05
8.828425430518414360e+05
9.461191405082882557e+04
2.864795798880908173e+06
2.035727622216365125e+05
2.504459373145228717e+06
4.101175630835221091e+04
1.305981253985760035e+06
4.708408901721242582e+05
7.373284488042000157e+04
6.707700688321290363e+04
5.477338007794772275e+05
6.563313685413120547e+05
5.756793334509822307e+05
2.510498780317988421e+05
1.978469452475152502e+05
1.968142952260734455e+05
3.155358868828909472e+05
1.506207847177156073e+05
7.270324165379392798e+04
1.872916827875941817e+05
2.583297395894981164e+05
6.905875659014773191e+03
4.137929540308545256e+04
1.150107270118386485e+06
8.872942795735421532e+04
1.103105122014573572e+05
3.698608206318716984e+05
1.108554371549703646e+06
4.704672989339260384e+05
1.361497816650677123e+05
3.254055543799437582e+06
1.237033937059449498e+06
1.614514023710828624e+05
3.577847529217974516e+05
3.204794558265468222e+05
3.606211552284575882e+05
1.268153777657675964e+05
1.071869706274257740e+06
2.450389267641646438e+05
6.251353728687260300e+05
3.851147900659859297e+05
1.038442941629622830e+06
5.172127012950542266e+05
1.125261227085363207e+05
1.356427834258698625e+06
3.992681256656893529e+05
2.116163835059396515e+05
3.531389714687417145e+05
1.135599281249176944e+06
7.692536832640289504e+04
1.514060111659809481e+05
2.490906125222450646e+04
4.321845172479089233e+05
7.218317736417865672e+04
3.747944871351603651e+05
8.103307314269713243e+04
1.233216226403276050e+04
4.117296171571522136e+05
2.654902659726666752e+05
1.143502802729504416e+06
3.242145475076644798e+05
8.218853921836546215e+04
4.212049424765402218e+05
4.742657668901804718e+05
2.686284878240856342e+05
7.706893110421706224e+05
4.076172413384498097e+06
8.457344965963705909e+05
3.553917465117929387e+05
3.926882095856551896e+05
3.677520530130651896e+05
1.340174189980649156e+06
1.561488085318757221e+05
2.250993567616105720e+05
4.209971990876581403e+05
4.792440384707433404e+05
8.404691778330525849e+05
4.668034467710198078e+04
1.440151499438469997e+06
7.391919215066138713e+04
4.056321627620222716e+04
4.253603465751163312e+05
1.226526333987462800e+06
3.208822390159628412e+04
3.898110489974849042e+05
2.169808033372115460e+05
8.178145029348420212e+04
3.827108680609472794e+05
6.465708619380071759e+05
5.124683235293859616e+05
1.296386921252319589e+05
7.157360843301108107e+05
3.762000166420945607e+04
6.132758337200272363e+05
4.145991951398145175e+05
7.766726957406917354e+05
2.509718459526199440e+05
2.529676105146068730e+05
1.817773555745175574e+06
4.396583680239021778e+05
4.647307096717356471e+05
2.027196435245761240e+05
9.180280128803136176e+04
7.738833569447793707e+04
3.623044862969265523e+04
4.719388871369760600e+05
2.136496276686525438e+06
4.698837907261772198e+05
4.567661647372890264e+06
1.397733666542061655e+04
2.410519707666411996e+05
3.500240879551463877e+05
1.567730619585142413e+05
1.058086690011513274e+05
1.173073811251167353e+05
5.692551842829339439e+05
1.756540717709953606e+05
1.797518324979210156e+05
1.380108910974168684e+05
6.102145700910970336e+05
1.093049097116089833e+05
3.625770581231743563e+05
4.008822474137667450e+05
1.888679543467219628e+05
2.759384966533745755e+05
1.793507587819168402e+05
3.260750019749021158e+05
7.981701841358920501e+04
6.894101299780419795e+05
3.086511020141223562e+05
3.424826285783469793e+05
2.449670731581302825e+05
1.732053937649106665e+05
1.855310941641071695e+05
1.106382457472866081e+05
3.234764357404498733e+05
8.024364676305416506e+05
2.178529731616274803e+05
9.870141744876591838e+04
4.751930587747479440e+05
8.609858585297867830e+04
1.170692284694250673e+06
1.178157745657556690e+06
4.071328306306622108e+04
4.070942967640598654e+05
2.474999737331864599e+05
5.975539698527406290e+04
2.238646363228232658e+05
3.662721909331955248e+05
1.146133596619058226e+05
1.854948978380337940e+05
6.375208806988734286e+05
1.210364366924762726e+05
1.729162159796303313e+05
1.369352603335674212e+05
4.708455676863697590e+05
7.980531222875940148e+04
1.552588371189438272e+06
2.328761812657381815e+05
4.264149492970819119e+05
9.680432630185539892e+04
2.104712709715413803e+05
2.359441209034679458e+06
1.093013743794132024e+06
1.530657406365199713e+06
1.440722834587109683e+05
1.021691557328265626e+06
1.817423132753179525e+05
2.617235000100839825e+05
1.639501190133854281e+06
3.866778030530359247e+05
2.204827576393083436e+05
9.247548287928350037e+05
5.936027169211261207e+05
8.036196542929942952e+05
8.476986308988886885e+05
4.977187226178959827e+05
1.740665784507017524e+05
1.256131124958774453e+05
6.929313212176391389e+05
6.290287045973801287e+05
1.632118589778980277e+04
9.758299309734276903e+04
1.502548755348382052e+06
6.376986498158321483e+05
6.119842690687521826e+04
4.156956353264588397e+05
2.402596232879614981e+05
1.514237691926863743e+06
1.186196949742014520e+06
3.168017196465568850e+05
2.091439006369670678e+05
1.858722200235678756e+05
5.778808234769564297e+04
9.995420241472495254e+05
3.431993011825029971e+05
3.639921486340888659e+05
1.422535389831260363e+04
3.040086824958517682e+05
1.585895940873917425e+05
1.006106925110856100e+05
3.828648417985607521e+05
4.935313335396690527e+05
3.553684679055343149e+05
9.838872948755272664e+05
3.043924103086567266e+04
7.685999252946682100e+04
2.308578677271003369e+06
1.393515601623770781e+05
4.783354506677323952e+05
3.567434737175986520e+05
1.219610514493323280e+05
1.302781882502362598e+06
1.610513386767522665e+06
6.055532014107683208e+05
3.158931242677777773e+05
1.694974137264338206e+05
1.351605472443157807e+06
3.947156525536247646e+05
6.607678189812717392e+03
4.956325904015406850e+05
1.396736058677965775e+06
6.856902211452190531e+05
9.744921315694879740e+05
1.971472182667854649e+05
4.949643739908537827e+04
7.767217610829278128e+05
3.022515910701160901e+05
1.844099827892335597e+06
1.166051649761850713e+05
2.626109130952098058e+05
7.954246070888133254e+05
2.560686678106301988e+05
1.957559968948922586e+06
3.521838593371876632e+05
6.050455670600823360e+05
1.048818120273661043e+05
7.522348123068139830e+04
8.009207773588808777e+04
6.084953012308627367e+05
3.113431929715959268e+04
1.978606834851468448e+05
1.506260324333058437e+06
8.231836539453543082e+04
8.082816467468843621e+04
1.173161340130882600e+05
1.229548643632521125e+05
7.736614391252624337e+05
2.994396412382091512e+05
2.698041703475581016e+05
1.157502514669350930e+05
4.236921774981583003e+05
9.718163338644041214e+05
9.817215195673675044e+04
5.282626859438287793e+05
2.863212521301846718e+05
1.497692866457754513e+06
1.137545196480371058e+06
1.066274654568837141e+05
1.231788113856324344e+05
6.889008438518821495e+05
1.235224671153468626e+04
1.851526880073234206e+05
3.014662933695744723e+05
1.087921680106813088e+06
5.810582593339816958e+04
1.755743131305946736e+06
7.387743425212937291e+04
2.020804756743544713e+06
6.454966387047016760e+05
1.941041358636732912e+05
1.099009397376623703e+06
3.532650982824379462e+05
1.565149168446165975e+06
4.307586117516610784e+02
9.933515343412330549e+04
8.597292624519320088e+04
1.124317788269749843e+06
1.344053778075720882e+06
1.707155214667190332e+06
5.377010108305119211e+05
7.218368512921026559e+04
2.833591123806898831e+05
7.826913456156525062e+05
1.612861311126302753e+05
6.545378321370620979e+05
9.635731672159666196e+05
4.730932324484924902e+05
7.435391981979442760e+06
1.681074741346856172e+04
1.404481620174878626e+05
7.600843860469060019e+05
1.085462024530056660e+05
4.826630648378417245e+05
1.432927854321110062e+06
2.325886824279041030e+05
4.743569297164187883e+05
8.444778398606934352e+05
4.165588613078506314e+05
1.121087147962728515e+06
2.256655964339633938e+05
3.423042435346797447e+03
4.646359817366221978e+04
3.677894536081728525e+06
1.796780413274018094e+06
6.343122774215434911e+05
5.065873256220385665e+05
8.831325116714893375e+05
1.162059350585488864e+05
1.958882350513927813e+05
3.115247236689461861e+05
4.582586110641617561e+05
5.116082782136111055e+05
3.135988240207578056e+05
2.427635956520668406e+05
7.660263820538679138e+05
3.006958539043920609e+04
8.690019954789508483e+04
1.246115000217492634e+05
9.175172274959013157e+04
6.114708223414568929e+05
2.146951083762481576e+05
1.245512427389550576e+05
1.502976205294363899e+05
3.695928780381155666e+05
4.660927413527979515e+05
1.201152891765512759e+06
2.309622205950213538e+05
2.996100794984727399e+05
1.772200405558008351e+05
4.658992218865845352e+05
4.083662035303330049e+05
1.672744016206233064e+05
5.544449675982991903e+04
3.047180258859114838e+05
9.685476279691419331e+05
5.951409527392990422e+05
3.623155908009217237e+05
2.370243237045650894e+05
7.532955695880788844e+05
1.105429095925114671e+05
2.998426538276128122e+05
6.924770481365764281e+05
2.360734647342891898e+06
1.275063904487550026e+06
4.538980248941926402e+04
1.733776262841334683e+05
9.306916450924749952e+05
9.768995144830032950e+05
1.029137712682472076e+06
4.785138477953000984e+04
4.041713791627546889e+05
4.583888661402339931e+05
5.384432153661017219e+04
6.971212738709531550e+04
2.244358028073601599e+05
2.939903695731280604e+05
6.588137524112102110e+05
3.266246791162125883e+05
3.568794652996918885e+05
4.045582291364033590e+05
4.110480049285927817e+04
1.233762861058343202e+06
1.434440911759925657e+05
1.907468698861536541e+04
6.321494136553609278e+05
7.400549597548703605e+04
3.309962744197178981e+05
2.177291041159071960e+06
2.105642509466682386e+05
4.430443464215347194e+05
3.781790816703720484e+05
1.892669420769590186e+06
1.942846689761223271e+06
4.771783576379218721e+05
8.486064520782171749e+05
1.866109859134473372e+06
1.810598338367609176e+04
1.681374668652027322e+05
1.069552783713526733e+05
2.162180032256427803e+05
6.966138669867139542e+05
3.998511451456156792e+05
7.665457942990245065e+05
4.683165994037424680e+05
2.532481408184616826e+06
4.471410192934272345e+05
5.961347587574819336e+05
3.228003653984776465e+05
4.090403653187587042e+05
5.638970656944264192e+05
1.025233399467337440e+05
3.876350032877867925e+05
3.595496216909198556e+05
2.699170309052831362e+04
8.187731351799984695e+05
5.870690644403340993e+05
9.109899288165670587e+05
8.478500491581302776e+04
4.012948667897447594e+05
5.416743024452273967e+05
1.100329787299187155e+06
9.043638158771562303e+03
5.359063386674062349e+04
9.122960393119157525e+05
6.752791620211295085e+05
2.876210686658261693e+05
1.917217067333253799e+05
4.858786988561029430e+05
2.424213152191760018e+06
2.755646916746563511e+05
3.365679357240458485e+05
1.627097400746607454e+05
5.652719899885159975e+04
1.770519314020340971e+05
3.813677443428334082e+05
1.425985464811985148e+05
7.677168795615014096e+04
7.670600248437857954e+04
4.235406548985176487e+05
1.064576228109630756e+05
7.588589638531910023e+05
3.360782930479204515e+05
1.158165608628101327e+05
3.078837369093030575e+05
2.567336959442259831e+04
8.294124404487099673e+04
8.060410022512095748e+05
1.380742308920056093e+05
3.004123978229812346e+06
2.423631309779150761e+05
1.895765187442697934e+05
3.925104346792267752e+05
5.330954360263314447e+04
3.927340042561095906e+05
6.993399881261676783e+05
2.793075262929607998e+05
7.827342856509158155e+05
5.530455691193135863e+04
3.185505201910719625e+05
1.131636752669059206e+06
1.027594298852728214e+06
2.149409293352992681e+05
1.047753220142250211e+05
2.321710382157481508e+05
6.021222578948590126e+03
3.972068811754521448e+04
2.663606136347567663e+05
1.293532266326112003e+05
1.262038655810098862e+06
3.182401631815601286e+04
3.830784084664838156e+05
8.444823802178351907e+05
5.289473409311573487e+05
4.377238449467082974e+05
4.139243635677805869e+05
2.086958684133106726e+05
2.779382328267131234e+05
5.435096637587391306e+05
3.207288013023758540e+05
1.875095292276309556e+04
6.206165453896889230e+05
6.400261317197821336e+05
2.005181205381415202e+05
4.520804169305560063e+05
1.180786954863106366e+05
4.047465912317908369e+05
2.012244476899187430e+05
2.252474896042311739e+05
3.932577295932781271e+04
3.867915243240341078e+05
1.423119015591135249e+06
1.691778434146082727e+05
6.364184426364081446e+05
3.006973022638002294e+05
2.940731382741460693e+05
4.061484796230979846e+05
1.523416246121451550e+05
4.077599238798905862e+05
3.217885885551238898e+05
9.197037277682395652e+05
8.616645943799742963e+05
2.374715758944871777e+05
3.036983052733542354e+04
1.158924504308639371e+04
4.958349585786831449e+05
3.019848239661636762e+05
4.920196251334993867e+05
4.103634987536557601e+05
1.736404244643761485e+05
1.684684840010867221e+06
1.039396538684551779e+05
3.316632033935824875e+06
1.583173600221337285e+06
2.792154666124681826e+05
9.547465827900722797e+04
3.284289974853742024e+04
3.191861931887676110e+04
2.805489784843176603e+05
4.725684507953159045e+05
2.220087140802517999e+06
1.052239279468875466e+05
7.409354380583213642e+05
1.397552499405730050e+06
6.333524092163797468e+05
4.470039862952817930e+05
7.191077144241699716e+04
1.799230509193140082e+06
3.687794641575235873e+05
9.423760060904311249e+05
2.905030794661783148e+05
4.725462468867872958e+05
1.024970315223850339e+05
5.804911897939308546e+05
7.834080768210104725e+04
6.762171068543243455e+05
1.004120687561765953e+05
6.344600079519752180e+05
1.799504036057748366e+06
3.091501256127094966e+05
9.315799711582682794e+05
1.595956462316632504e+06
2.590996416993218008e+05
5.103796651637073373e+05
1.175836315123364097e+06
9.064086966858365340e+05
2.797063285427521332e+05
1.116416487492272136e+05
6.127707973906170810e+05
2.371777400314099621e+06
4.666146010163400322e+06
1.224767785264752165e+05
1.739676298894047213e+05
1.669202249856820563e+06
2.465675228579081304e+05
8.840367691134366905e+05
3.745142829486081027e+05
1.865604790014258178e+05
7.154624243699581129e+05
8.912233517107398075e+04
4.269712343483140103e+03
3.686822792917922488e+05
1.319701464323336841e+05
1.757767948721924913e+05
1.714290678122281097e+06
3.616105192000657553e+04
2.139923880039291689e+05
3.532279477291061776e+05
4.337873095671101473e+05
3.172375960050519789e+05
2.328775696047598030e+05
2.402184948759069201e+06
5.579641911718244228e+04
1.166601844358564704e+05
1.516008042958210222e+06
4.177028011543189496e+04
2.169084066246271250e+05
1.522296407277441758e+05
1.947449309772735927e+06
1.966979417156860582e+05
3.728468690403966466e+05
3.759152650050860248e+05
1.607611028770395205e+04
1.456564421005506010e+05
1.298492687329510809e+05
8.521457058268930996e+05
1.860663267577382794e+05
3.058197113844888518e+05
9.366609170847411733e+05
4.905397293741306057e+05
3.834761272794563411e+04
1.594907302337716101e+05
1.560558647302498110e+06
1.491051224523840356e+05
3.722594361850653077e+05
9.650399072657288343e+04
6.949506052613636712e+05
1.793815745711576019e+05
1.437621253370335326e+05
1.015271121583018103e+06
4.745213832529044157e+04
1.612208698836087424e+05
1.216803667707317072e+05
1.074549398794469424e+06
4.567197188315258827e+05
1.414048042846202043e+04
9.052977942817176518e+04
3.185170751034505665e+05
7.362889640690266970e+04
1.012180584262111224e+06
1.131369031442559208e+05
4.330454288175862748e+05
1.552816599695870536e+05
1.891935787367640296e+05
2.012652647112100967e+05
3.395411086898276699e+04
5.004024928087332519e+05
2.967383138475224376e+06
2.356197554114726954e+05
2.967615076693534502e+04
3.233592761192536564e+05
8.178674638778046938e+04
7.250180927236828720e+05
4.994062283070676494e+05
1.825970030800125969e+05
1.406851849958289531e+05
2.316064058866367268e+05
7.189518377591951321e+03
3.610891673227690626e+05
7.214778720190863824e+05
7.029155492346636020e+05
4.372254021466139238e+04
7.884033699064983521e+05
3.975004777930644341e+05
3.044268072878063540e+05
3.505524181714850711e+05
3.174759849421668332e+05
9.833926242858357728e+05
2.889623125693611801e+05
6.173837614628409938e+04
2.738787290942958207e+05
8.475988314960862044e+05
9.055017495215176605e+05
9.664530700332492415e+04
2.039411691605151165e+06
2.379732635959133913e+05
5.336570185147785814e+05
4.573913383849671227e+05
3.707348971435965504e+05
7.818334434788941871e+04
5.667230077581165824e+05
2.291953020503941807e+05
4.824465760462323669e+04
1.101490818193225656e+06
6.634410877431553090e+05
2.430424265532567224e+05
2.462566698611189204e+05
3.653162115706074401e+05
1.732487319102649635e+05
1.427520856468437887e+04
1.654134341134620481e+05
3.326018416976134176e+05
4.295087136406879872e+05
6.498334778077201918e+05
3.980289215388283483e+05
2.463438972040491644e+05
1.375071221189927892e+05
5.980107316699973308e+05
9.809672402243692195e+05
1.851794967579828808e+05
1.269696199284812428e+04
1.923784273414552910e+06
5.524823760110081639e+05
2.978287305272456724e+05
1.004066663058586710e+05
1.578109631786298705e+06
1.264654937721049209e+05
2.878702375002725166e+05
8.647765822634772630e+05
3.734479793901551166e+05
3.963545880866593216e+05
9.684357973385348450e+05
4.108974609784285421e+05
2.914228686636307393e+05
4.353901508575303160e+04
5.466727311592896003e+05
2.746883295492802281e+05
1.277717264070877340e+06
5.262823038714007707e+05
8.428963200376618261e+03
6.858261916852223294e+03
9.295190779419519822e+04
1.482323336927096534e+05
2.857773179107090109e+05
5.752476394884850597e+05
1.596347219339355361e+06
2.664732814674954279e+05
3.569237699968409142e+05
7.415453186936187558e+04
2.100803568691121414e+06
3.369237898156080628e+05
1.678617210300842766e+06
2.345383373823402871e+04
3.319885499342462048e+06
1.348488060966059857e+05
3.336022068080155877e+05
6.679678895849896362e+05
4.102387671140632592e+05
1.286200914560893871e+05
1.483233396143049700e+06
8.940864204975273460e+05
5.674047446148667950e+05
1.195190852951542329e+05
4.468810378056832706e+05
6.791028866185550578e+05
6.832321936186156236e+05
5.574846419821132440e+05
5.191589298239212949e+05
4.193556732022569631e+05
5.295611089838665212e+05
4.732783744607805857e+05
1.748724728723738808e+05
5.983920438909498043e+05
8.933640725754621672e+05
7.597195693804766051e+05
2.473129647106784687e+05
1.642226438569835445e+05
3.142615753525922191e+05
1.208413066997801885e+06
4.235755170490808086e+05
9.357783193990346626e+04
2.586406685342796845e+05
3.747199886764754774e+05
5.629977833909208421e+05
3.716216702458214713e+05
2.546136696297899180e+05
3.335601006735496921e+05
4.064616437987644458e+05
2.172500987528988335e+05
1.239995921178651333e+05
5.507171046445344109e+05
1.834715871701473370e+05
1.016364863096045738e+05
3.018411601586729521e+05
8.701650240522485692e+05
8.769075779848013772e+05
8.375089390906133922e+05
2.099480698758405633e+05
2.561945570645075059e+05
2.996183006210909691e+06
8.621181294122413965e+05
2.900724422145384233e+04
5.909288614074175712e+05
5.647057660876257432e+04
1.430025575425705756e+05
1.062770624321993440e+06
2.601513353910947044e+05
4.156450856503248215e+05
4.305145054705576622e+05
1.668901372424700239e+05
2.867099055363168736e+04
6.701190096872678259e+04
1.147342929890782107e+06
1.282294765471672581e+05
3.432604846929626656e+05
5.266160726214190014e+06
1.364540958507053787e+06
3.590605193390312488e+05
2.987153358919236416e+04
1.654686318455621367e+05
3.109852799337385222e+05
2.800992226381416433e+06
1.194714551374492003e+06
3.009550358969640220e+05
2.550944858567508636e+05
3.295942651963905082e+05
4.429174809934636578e+06
3.265644241493754671e+05
6.092751737448640051e+04
2.797070140507368487e+05
1.453779875688812754e+05
1.346286295185064664e+06
2.647719667431043927e+05
2.416266084219432669e+05
3.726626387740395148e+05
3.108139772930264007e+04
1.019348717909322120e+06
1.728380726554940455e+06
1.359988239765276958e+05
6.169391306249684421e+05
1.297102160345064913e+05
1.690707330641111475e+05
4.409811023537298897e+05
3.018419999340858194e+05
7.855705314601890277e+05
1.386188777614981169e+06
1.613264635676592356e+06
3.755905726773006027e+05
5.547180406433563621e+04
1.170419914926128549e+05
1.299770552416591672e+05
2.928921625922942185e+05
1.407719770200331404e+05
2.073241394435247872e+06
1.444773161068572954e+05
1.100842008405109518e+05
2.303132557196177659e+05
4.021274457272027503e+05
8.764966877816420747e+05
5.098698044755136943e+05
3.864554609532415052e+05
2.642794687045624014e+05
1.740993977124430239e+05
1.256033093787142279e+05
1.832773366616841406e+06
9.792563128481957829e+05
2.554257310344244979e+04
9.165237863272959366e+05
7.020067984757119557e+05
1.379664191552510893e+05
1.321379022713032318e+05
5.982419535192809999e+05
1.989793597485287464e+05
6.188038456145111704e+05
2.246964422196029685e+06
2.229909322101737780e+05
3.348763799683338730e+05
5.836385622337588575e+05
5.839600349045942130e+04
3.447761509084820864e+04
2.333688041004258848e+05
3.991205542533251573e+05
2.994927158365421346e+05
2.218522091839898494e+05
1.895171807136585005e+06
4.883814428373185801e+05
2.462335786855467886e+05
7.970981392250161152e+05
1.568926027311806392e+05
9.812082521468478080e+04
2.734089867572896765e+05
1.366997779752042152e+04
1.677691887938857544e+05
5.627704048594507389e+06
4.789364540539299196e+04
3.703445965063357144e+05
5.205170965567458188e+05
4.327396880411901511e+05
4.297765814416676760e+06
1.103938670630005188e+06
4.291266213860033895e+05
6.133180846210447635e+04
1.040438450236256700e+06
2.255696623995761183e+04
3.112391962420748896e+05
7.356050893007538980e+04
4.140815716120933066e+05
6.433092924581578700e+05
1.598754398770407133e+05
2.590424737685439468e+05
4.484000920186604373e+06
1.195206405949786305e+06
8.619048698173711309e+05
2.983328790889300290e+05
1.161113015921499755e+05
1.835067027001203096e+05
2.336856436901429552e+05
1.045235831739747373e+05
2.911107857235474046e+06
2.765969183363133343e+05
8.706303108319055755e+05
4.258940573286468280e+05
4.179999348460250767e+05
3.614852103761509061e+06
1.301595709260684438e+06
1.435973174045828637e+06
6.020693888027471257e+05
6.981163903078641742e+05
8.019674454238106591e+03
7.391095575364354299e+05
2.186630421937420615e+05
2.415870973035218485e+05
7.178113903278850485e+05
3.373882643658791203e+05
2.356980849924462673e+05
1.407209558901349374e+05
1.468298967205997324e+05
6.525845162214791635e+05
2.032945090377370943e+05
5.599562016107576201e+05
2.047271064011942653e+05
1.794550543131329759e+05
8.593000975243357243e+05
1.560438427784627420e+05
1.266066281708618772e+05
2.067288568241522298e+05
2.140671307211022649e+05
1.085927907070992980e+06
6.695329968653652759e+04
8.610560519752956461e+05
7.521065074963762891e+05
7.868181491407075373e+04
2.545998524082347285e+05
1.999453204042430734e+05
6.870961723727763165e+05
5.064307094157611718e+05
1.207119252831452177e+05
2.307068658105499926e+05
7.877678143109613302e+03
5.646739012070521712e+05
9.412925289676588727e+04
5.287899361036032205e+05
3.742699514305322082e+05
1.816006066708554048e+06
4.021382364183758036e+05
1.689246174528750125e+05
3.539281201305704308e+05
5.916000947742528515e+05
1.793142928036855010e+05
1.888319345801452582e+05
2.892641341483336291e+05
2.052918309465126076e+05
6.759398769749039784e+05
8.145371539366247598e+05
5.364278138105439721e+05
6.781976430776357884e+05
7.783946472702147439e+05
4.475660613494506106e+05
8.865159954706960707e+04
5.335184888009833230e+04
6.082436593409786001e+05
1.227733142984077858e+05
2.300770265135524096e+05
6.719184671804211102e+05
1.346714310461875284e+06
6.642337344257007353e+05
2.359906524445059709e+06
2.024703130633954133e+05
1.309232779372962890e+06
2.380226394867990166e+05
2.286161557908167015e+05
9.587371373043474741e+05
2.021818544402125408e+05
7.077295463911435800e+05
2.204930485494627210e+05
7.205170018808879831e+04
7.315071501081215683e+04
7.299473425920954905e+05
7.238046031413209857e+05
1.604952846299834200e+05
1.387331559106388595e+05
2.793088590899318806e+05
1.301298383165815612e+05
1.214885465151533717e+05
1.319922460813272977e+06
9.323751976671420562e+04
1.557858901879098848e+05
9.843000762377060018e+05
4.718046247529019020e+05
5.866297615699072776e+04
2.150538638511227618e+05
9.356067644318595994e+05
1.169931974279401038e+05
5.167671001921676179e+03
1.108730320118234376e+05
1.014597995124761946e+06
4.803421954028842738e+05
7.743130039161982713e+05
2.025548813225418271e+05
8.046574873864996480e+05
4.383755046796305105e+05
2.817291848112805746e+04
5.434240932115705800e+04
1.519125262864888355e+05
5.030260482723359019e+05
1.993392619088099455e+05
1.540430219644931094e+04
4.286428963419944630e+05
7.476784191634503659e+05
1.217537634289645939e+05
6.970749674712041451e+04
3.847425549080148921e+05
2.575202171208923392e+05
4.286576066571529373e+05
2.370739092998819542e+05
1.027265872091082390e+06
8.911199581458454486e+04
1.367888278357728850e+05
9.805246672955414397e+04
2.500225219875746872e+06
5.750719535662530689e+05
3.438887044473760034e+04
2.896083855112631572e+05
3.992476985311804310e+04
1.158595651964831050e+05
1.449150246733699227e+06
3.819174047246840928e+04
8.274098973456242820e+05
7.137699984476389363e+04
3.497102919995615259e+06
9.657738494746410288e+04
1.196727371203543618e+06
1.247642813524532394e+05
8.720075689803309797e+04
3.624254176095062285e+05
5.768047553932101000e+05
1.307783619184904092e+05
5.467599785574418493e+05
2.337874075954633881e+05
7.829837977258739993e+05
2.683335388876738725e+05
1.953606185503246379e+05
9.508411347236907750e+04
2.583076516947276832e+05
7.475721284931627451e+04
3.664107644613523735e+05
1.688017305854904116e+05
2.159090482415651495e+05
8.320507490679071052e+05
3.038870734056577203e+05
2.047715880236514204e+05
7.211698315667679708e+04
3.375753083335648407e+05
6.607413244887385517e+05
1.091033891445021378e+06
1.712185009330252185e+06
1.842604328532721265e+05
1.390438475091219880e+05
5.153899595990079106e+05
2.707622478233308648e+05
3.951615023946115747e+06
4.692485440031905309e+05
2.121825243181404076e+05
9.902934040861048270e+05
9.470541830095535843e+05
3.091942238835954922e+05
4.366113365881120553e+05
4.597224461220537312e+06
8.637781730351652368e+04
5.503585535271021072e+05
9.769149311121228384e+05
7.384984933442456531e+04
1.305764126841455698e+06
8.450867608589540469e+05
1.061107993766570580e+05
1.765849874665257521e+05
2.997965067139444873e+05
4.909664138968687621e+05
1.254563599647657829e+05
8.934275992554194818e+04
1.318680621754474239e+06
1.035352223779923283e+06
6.551765623438155744e+05
1.262307103794537717e+06
4.734963596245712833e+05
8.714547798442170024e+05
2.973796334328804514e+05
2.597143467763264664e+06
4.282089563221380231e+05
4.766749882221903536e+05
4.284860635015778826e+05
4.320846447647119057e+05
3.768203642715334354e+03
4.190035431012600893e+05
2.602972964032675955e+05
1.477529071129043819e+06
7.259540340056529967e+05
3.052336624471528921e+05
6.891571922030689893e+04
2.350815036952336086e+05
2.162904233869219606e+05
1.806781978168690111e+06
1.299156386338677985e+05
2.466294842652190127e+05
9.717638289084699936e+05
1.169824941347738641e+05
3.302501171782453312e+05
2.840108506888402044e+05
2.797733376048077480e+05
6.258458193996598311e+03
2.944618765218180488e+05
9.631673971509454714e+04
3.758282714680666686e+05
2.994548665621396503e+05
2.052840984744057350e+05
3.421729838918571477e+04
2.011929518473768985e+04
9.142798601699653082e+05
1.952843061606468400e+05
6.657445897403436247e+05
3.486597608957810444e+05
2.181659431045791425e+05
8.636639470378721307e+04
1.180628057812096522e+05
1.162868760698836762e+06
1.061051630112483872e+04
1.437520503982985974e+05
1.829886807643353939e+06
4.394176627900943276e+05
2.358195011647294159e+05
2.178322184842740535e+05
4.538419279995208606e+06
2.908284147739745677e+05
8.462113832343646791e+05
1.554179356703311496e+05
6.880129071206261870e+05
2.935733882746496238e+05
6.243865775343496352e+05
5.235684742498449632e+05
6.088016464164003264e+05
5.795536173606293742e+05
2.192863963969646953e+06
2.499035456228578114e+05
2.168691770384463016e+05
2.826431474404973560e+05
3.274635807124436833e+05
2.331339296969750430e+06
5.200748023564982577e+05
3.350958234829234425e+04
2.701033660281500779e+05
3.432194279957292019e+05
5.968482412592904875e+05
1.779019981866627058e+05
2.330132375918175603e+04
1.455024111547264038e+05
1.695995737774486188e+05
3.056639121719398536e+05
3.924317109719226719e+05
1.198598190860029776e+06
1.925611874260615732e+05
7.821701286036635283e+05
8.905828265713172732e+05
1.251654770005422411e+06
1.996706830590663943e+06
8.125810550589468039e+04
4.815943200326096849e+05
2.007174175239254255e+05
6.072021123716713919e+04
3.628723950284890452e+04
2.369670998564195761e+05
1.584084678098069271e+05
6.585909741479951481e+04
4.803473203869380523e+05
2.518102948193621123e+05
7.363074815076118102e+04
3.576696069845687598e+05
9.880978396428338601e+04
2.763031308736581195e+04
7.881376335327065317e+05
3.407265123999410425e+05
9.446781411615355173e+05
2.285647825151857105e+05
7.782150164726952789e+05
1.957756605504310937e+04
7.465397314485738752e+05
2.482996647501593397e+05
4.347940905557646765e+05
6.427441634839932667e+05
3.762166855705752823e+04
5.546165536350557813e+05
2.334164076216881513e+05
2.129379262380959990e+05
1.997668630903012236e+05
6.165686438226022292e+05
5.024999961729511415e+04
3.084781209327336401e+05
1.190905882789539901e+05
1.180650161496417830e+06
2.633969179017261602e+06
3.604375769249530858e+05
2.428439212421213742e+06
1.951160724283941672e+05
2.610950905902755912e+05
5.929802638285182184e+04
1.136517911510296632e+06
8.581691406538472511e+05
2.341331384901979472e+05
5.570888911631174851e+05
4.116386752724957187e+05
4.333370671216108894e+04
2.188536110998488439e+05
2.411971271688921479e+04
1.233729697635317279e+04
7.923839042690733913e+05
3.141864478372819722e+05
4.115593203548060847e+05
9.553524248681882455e+04
3.000886622280333540e+03
3.585570264564887621e+05
2.291498796929439413e+05
1.103871510040077264e+05
2.128185991633882513e+05
1.743323378067588783e+05
1.162831955975076417e+06
7.068694937159980182e+05
1.740072536180704192e+05
8.322526358333957614e+05
9.400317921413276053e+04
3.097984283240012592e+05
2.029136122875388537e+05
2.802150712481644587e+04
1.334248561351851095e+05
3.725135994103972189e+04
1.140166994370199100e+05
1.240484108753372915e+06
1.039046527806300146e+05
3.238185585393315647e+06
1.777511317920651636e+05
1.524342546499918448e+06
3.141227328925336478e+05
1.351129705784516409e+05
1.924455069329714461e+05
3.050625123776114779e+05
1.062552230328338192e+05
6.290238725453307852e+05
6.878771981842188397e+05
2.573329600841770298e+04
4.567795740477237996e+04
9.633536497879966919e+04
5.091524416293561080e+04
2.306768748651371803e+06
9.165526416498028266e+04
4.110873506640462438e+05
7.286127300598619040e+05
1.487824824792042607e+06
2.025233047069082037e+06
8.779698143695582985e+04
8.007213831228376366e+05
2.878335884846476838e+05
6.099788623331696726e+05
2.311644411075522949e+05
1.913786599603985669e+05
7.856494881336994004e+05
3.389837957027193625e+05
3.198794295152454870e+05
4.103608163158848765e+05
9.636633609390791971e+05
4.840276533444519737e+05
8.547994097571851453e+05
1.661659944356945052e+05
1.813214075085317018e+05
7.101264333911078284e+05
1.595436345589937118e+05
4.186484119664191967e+05
7.682258748895552708e+04
1.171505429626213852e+06
1.008330308748773998e+06
3.689226931309595966e+04
3.080640263888657792e+05
2.417309234676747001e+05
1.199294857335962588e+06
1.077689995208121836e+05
4.723297709373443387e+06
1.352526991121011321e+06
3.996353626021182863e+05
2.375388340327976912e+05
1.516012452886393021e+03
7.947584687597436132e+05
8.048517458781281312e+04
5.425947246978541370e+05
1.666792283523240767e+05
2.315920884273207921e+05
5.414589380719212204e+04
2.117888227287052665e+06
1.342946152270477614e+05
1.897884585022931278e+05
2.824994214209392085e+05
4.129942420054328395e+05
1.753612957078981271e+05
5.835245064862008439e+05
2.499758328405042121e+05
7.743668458283775253e+05
8.356588098379896837e+04
6.536276291011524154e+05
1.572838312819861807e+06
2.438458417788057413e+05
9.530655267344517633e+05
1.519926071380796842e+06
3.068017599047000404e+05
2.101816422601170780e+05
3.089591729938201606e+06
7.251319957156828605e+04
2.514564758930190001e+05
2.675241569616680499e+05
4.207486767006367445e+05
1.419591782965918072e+06
9.314347937584429746e+04
2.289554690606577205e+05
2.638441542500413489e+05
2.951370550214251853e+05
4.833243919582363451e+05
5.782269086960259825e+06
2.962261549844488618e+05
2.706988327280755038e+05
3.422895039214842021e+06
9.783359325538764242e+05
5.461322922722295625e+05
2.314554320496240107e+05
1.405224451146599677e+04
5.030156642486155615e+05
1.234241904903161958e+04
2.802363232177912141e+05
4.624107705189631088e+05
2.637642885399088264e+05
3.394218551804262679e+05
2.587819462035963370e+05
4.263833060576544376e+05
2.698283500079388432e+03
2.705390189818017650e+06
1.574827499740618805e+05
1.016122446100984089e+05
6.594587467997394269e+05
4.233688756360067055e+05
3.588604524995274260e+05
3.241578603543905047e+04
1.099260014403275127e+05
2.171804927656271320e+05
1.690263533404151676e+06
2.818091263227483141e+05
2.852694308268702007e+05
8.094189816924671177e+05
9.313726476961017761e+04
6.192684634655445116e+05
1.467931786245047697e+05
1.707332787312970264e+06
2.852909668006888125e+06
6.880813952799364051e+04
4.456088879240166279e+05
8.773974290114520118e+05
1.356823219782542146e+05
5.130273171716748038e+05
1.470730211180992657e+06
4.874847083797059895e+04
8.670524931428377749e+05
4.431328400385648274e+04
1.052419471092800144e+06
3.220003904832169646e+05
3.159344667058425839e+05
1.083268476069312892e+05
3.685953752978559351e+05
7.428009024212848453e+04
1.086873797478257475e+05
1.911072263251509285e+06
5.049765262958512176e+05
2.755703969255784759e+05
3.675496950728098745e+05
2.113257263774134844e+04
1.015281008473762631e+05
1.102254371666536434e+06
6.029499731320238061e+04
3.613451732106778654e+05
1.594481991920850414e+05
1.814739643967372132e+06
2.157172478476269636e+06
9.353481118265277473e+05
3.568093656354287523e+05
2.499755421334815328e+05
2.620955002229537815e+06
8.325415097574387910e+05
1.581394522319819953e+05
2.004749160230393754e+05
5.888515693915546872e+05
2.620702774498775543e+05
9.859165978575437330e+05
5.250181067264567537e+04
2.768785507860071375e+05
1.225769399286476691e+05
2.238506782239215448e+06
7.390209046487521846e+05
4.905901614872926730e+05
7.750582112718406133e+05
6.537191246447750018e+04
1.133013058981223003e+05
2.517465385501584969e+05
2.447012243400561158e+06
1.087612557274361141e+06
1.284039722158732824e+06
4.052615523147456115e+05
9.170840335035492899e+04
3.717982410500078695e+05
6.916760133180725097e+04
3.249715649711851729e+05
3.117264169448220637e+05
8.227109037300883792e+05
8.693305188249326311e+05
1.989609824192530650e+05
1.809011068979996780e+05
8.631218910004645295e+04
2.321620471954871609e+05
3.123383764798041666e+05
5.336602171388926217e+05
1.379168287627479061e+06
1.328983411632034404e+05
9.686672398810832237e+04
2.366651332571200095e+06
1.193103713510310743e+06
1.291504261499207787e+05
3.774552848602673621e+05
2.486268786208830425e+05
2.263852193553443067e+05
3.620511900771813234e+05
5.815639358736637951e+04
2.209211973420381837e+05
1.623422041488996765e+05
3.172813422725363635e+06
3.241013519126683823e+05
3.540488297624814440e+05
1.247832059266590113e+04
1.592040081368326209e+05
5.922578588267042505e+04
3.364553796317718807e+05
1.277771551982476230e+05
6.895049718679755460e+05
5.565741774455608102e+05
2.355769401510824391e+05
2.059567026332081878e+05
6.944009228734486969e+05
7.489416382511552365e+04
1.286861050065498712e+05
1.115954179195009347e+05
1.443879298758710793e+05
1.169930271720554592e+05
3.239340061943703331e+06
1.059728888030050002e+05
1.127363595955632394e+06
2.667291023466627394e+03
1.353066956983094278e+05
1.128865232564813457e+06
5.692018515560198575e+05
9.330283986899230513e+04
3.182514466118485434e+05
1.291950540003885981e+06
4.054254590841545723e+05
6.114742156071276404e+05
1.414506733590255491e+06
4.666557000795640051e+06
1.714480057675844291e+06
1.002687093036759470e+05
3.361463677845152561e+05
8.408443769625951245e+04
1.183099510593033774e+05
1.305633567938696069e+05
2.625348291786019763e+04
1.468915983685450628e+06
5.091683243794450536e+05
1.388744628905344871e+05
4.182858046480196645e+05
4.303773926237020059e+05
3.760155985274934792e+05
1.842921862938377890e+05
1.174504055307180242e+05
5.506300201855187770e+05
2.146745027818062343e+06
1.099352861291015986e+06
1.785313690904311137e+06
5.157023212521974929e+05
2.345531657158422167e+05
1.871634715641132498e+05
2.037440808413571795e+05
1.180401126172813965e+05
4.542321471421413007e+05
1.853135099727109773e+05
3.112953283694867278e+05
7.980692539712744474e+04
3.751556445116890245e+05
1.699861473703075317e+05
4.226971727778375498e+04
1.446836806507952511e+06
1.590044323656164634e+05
2.538168611904483289e+06
2.896577077330154716e+05
3.067934662078288384e+05
1.206716932930042385e+05
1.092215673234317946e+05
2.718964827352109132e+05
1.104013540487130173e+06
1.018497207842851931e+05
1.108813591538403271e+05
1.844576709559362615e+06
4.196373421981339343e+05
1.920084916596779367e+05
6.034904944613735424e+05
3.273021700776649523e+05
4.899324599961139029e+04
1.719443487651148578e+06
2.972797786665337626e+05
1.482750199181864155e+05
5.300814237230590516e+04
2.465267616636919047e+04
1.302676917939720151e+05
2.857086955618264619e+05
2.939132046091379016e+05
9.372253780621364713e+05
4.209006228615858709e+04
5.213583998248395510e+05
5.248252361807246925e+05
1.929514715211612056e+05
2.096008629100679886e+06
8.169139264410595642e+05
1.514391619291994022e+06
