6.084389268402624875e+05
3.235227092716892366e+05
1.155339178530789941e+05
3.009955601032989100e+06
6.056849347465768369e+04
4.301268912829635083e+05
2.523393228029991500e+06
1.969342397377934831e+05
1.660840074151365552e+05
4.784128262057133252e+05
3.216241337887112168e+05
2.142363348047339357e+06
5.449194351873375708e+05
5.901699752402943705e+04
1.654897843323863053e+05
4.561891952850451926e+05
3.233321694132220466e+06
8.516909652754432755e+05
8.468641201046792557e+05
1.999424440701424610e+05
7.105862680865459843e+05
2.183615441691384767e+05
2.652926303707759362e+05
2.100441469668563223e+05
8.885347339158421382e+05
5.971450928820170229e+05
1.781623578544988995e+05
6.855813930252897553e+05
7.146411930031954544e+05
8.890230118801641220e+04
9.918379743217420764e+04
3.158291514074439183e+05
1.023038655893636897e+05
4.500840260478737182e+05
2.378502287245373373e+04
2.205496488976472174e+05
2.552053985626458598e+05
9.047811936143508647e+05
4.520757591939939302e+05
2.545730707152740099e+06
6.323740620257745031e+05
6.563618337753053056e+05
9.333106084834383801e+05
2.430116508162884274e+05
1.577553038903560664e+05
1.387167040593247628e+06
6.357555562321167672e+05
4.700503966919190134e+05
2.646858014072630322e+05
1.732241953126935405e+05
3.206451754414351657e+06
2.619104146112731833e+05
1.403371801429831830e+05
2.750321699517787201e+05
2.480558295643874735e+05
7.937215285841547302e+04
1.489913500344703498e+05
3.527806916534588672e+05
1.781366406901953160e+05
4.515041763093249756e+05
3.351193920247323113e+05
1.343558389024111908e+06
6.078698546367078088e+05
3.608556594008044922e+05
2.024040198170443473e+05
4.848779605947184027e+05
2.460866413519111811e+05
1.461864529045330826e+06
4.881829960773444327e+04
5.248024586707045091e+05
1.196300387379496678e+05
1.741035221751293575e+05
3.685966117207689094e+05
9.721268612844480667e+05
2.657726479470295366e+06
1.108707586894565029e+05
4.901430224895251449e+05
5.984088747953494312e+05
3.782912022633430897e+05
1.072742887686154572e+05
3.415857162645439385e+05
4.610160830586897209e+06
4.658210205590609112e+05
2.365340175978246261e+05
8.351988160711727105e+05
1.260243437511503143e+05
5.731956455354437931e+05
2.118517580958596081e+05
1.027522552589217667e+05
2.594232875744565972e+05
3.772984405616665026e+05
8.838812169806975871e+05
5.882022136374859838e+05
4.709254886979943258e+05
8.058291150282361777e+05
1.303553144272132922e+05
7.123353253112600651e+05
2.552955902883156668e+05
2.012229736016766168e+06
9.555907750067907618e+05
6.050357442867170175e+04
2.863227441555374768e+06
1.078182473122112606e+04
8.087073627895159880e+05
7.998266773581597954e+04
8.066504323705477873e+05
3.880682290633886441e+04
2.362168984612431377e+05
7.710524546811761102e+05
2.493318440850681218e+05
2.735329117764023831e+05
8.382953754051793367e+05
3.390369986738209263e+05
7.278279434183866251e+05
1.421569946129761403e+06
4.499963420790050295e+05
1.786181281923317292e+05
6.005355836419196567e+05
9.601443618081486784e+05
2.514645618906826130e+05
1.426654942987055983e+06
1.615706752853744838e+05
1.942108701186048274e+05
9.244944386702517513e+05
1.565232774860470090e+06
3.574372062780663837e+05
2.537155230861780583e+05
1.672592229755482171e+06
7.038298686426824424e+05
5.900426854027810041e+05
2.809620694445306435e+05
6.697858973879572295e+04
4.069190487184775993e+05
4.144974121963064536e+05
2.186476622124969435e+05
1.307716580431538750e+05
1.762404946028772974e+06
6.564305519051349256e+05
1.183062941994629567e+06
2.073369892563025700e+06
1.314698886780070607e+05
1.547943789688998731e+04
7.016146957072941586e+05
1.708651568911507202e+05
2.246954938334008039e+05
1.925961475649784552e+05
8.214202241115270881e+05
2.353382549107779749e+06
1.740246270546396263e+05
6.345845052748351591e+05
1.367528992117972521e+05
6.589551761878954130e+04
2.765199974822721560e+05
6.419177441960441502e+04
2.940673147252093069e+06
7.362413661591775599e+04
3.565055885693564196e+05
7.456918643469567178e+05
1.967919491709786817e+05
1.191068502450237138e+05
4.839170245244620601e+05
8.356895045994495740e+05
1.138471261887681670e+06
2.154388901498778068e+04
5.835618160172251984e+06
2.653953137681151275e+05
1.680297319864142337e+05
5.019564031258850591e+05
4.199919546856965753e+05
1.003608956005896558e+06
1.362896073991368758e+05
7.463530376471349737e+05
1.608924818641480815e+05
2.018217584121462191e+06
2.031058777254007524e+06
4.402324618231671047e+04
6.090369521413317416e+05
1.460314643577744719e+05
2.896510546837347210e+05
7.412946650497837691e+05
8.814026674831719138e+05
2.780337973329997621e+06
1.154615420945324331e+03
1.002858400056231767e+05
1.785995655578935402e+05
9.505160856003689696e+04
3.080451878956208820e+05
2.436738846551122144e+06
2.830714538176135975e+05
1.107692696696083061e+06
1.900529483173856861e+05
5.785998045722850366e+05
4.307954352026587003e+05
6.067970385842145188e+05
2.077905520611128886e+05
2.470240519079458027e+05
2.571738869182398077e+06
3.358886784311428783e+05
1.703963454028915847e+06
8.738855700827159453e+05
4.744568333322093822e+06
1.212330879937589634e+05
4.407998062658454292e+05
1.590660088460795232e+05
9.761937860853289021e+04
1.895151636911122187e+05
3.848054075200540683e+04
4.586053707328223973e+05
1.321085947260754649e+06
8.639556405337302713e+05
8.512386100020291051e+05
1.288641992118262686e+06
3.746320233612425363e+04
2.596734721475405386e+05
5.667737123576102022e+04
2.075831876192879281e+05
2.812759024418119225e+05
3.095538126778886071e+05
6.451071487902173540e+05
1.609978174414973473e+05
1.293331967477119033e+05
7.071757093034054560e+04
2.330836250495983404e+05
7.595084945068610250e+04
1.295696729637706652e+06
1.522546992637401447e+06
4.826511216200910276e+05
1.037318240865877829e+06
7.795478265334315365e+05
6.707435027581506874e+05
9.111552464830478420e+05
3.481132395730916178e+05
1.272673762469162029e+05
8.337713513497218955e+05
9.720926877109485213e+05
6.832474150178052951e+05
1.908430088388831355e+06
2.143117539081279247e+05
1.231006209758956538e+05
3.212693246274059173e+06
2.454107270310921303e+05
3.530358808952855179e+05
4.771816749703760142e+05
5.263894650566196069e+05
1.537799238712474471e+05
2.617864707058903878e+05
2.914300843275504303e+05
1.095143365550035844e+06
7.467465538801541552e+05
1.771933127076239034e+05
5.470351882733003004e+05
1.437674722082406748e+06
3.909020494475207524e+05
2.011998940866483463e+04
7.708960958631397225e+05
1.365195977230041462e+05
2.958997443933889153e+05
1.060292044375638361e+05
4.813778767760645715e+05
4.701452669228119194e+05
5.399767378005997743e+05
6.230923376883461606e+04
1.533824852734365850e+05
2.452860493489299843e+05
9.489834451210913248e+05
2.603213762203608174e+06
5.089811144548310549e+05
6.594507465445653070e+05
7.317658652789473126e+04
2.534916772646020981e+05
1.113615797684823861e+06
8.357050523765997496e+05
7.028821967118767789e+05
2.309189643596691603e+05
1.078147002862792229e+06
3.315582306486610323e+05
6.050652344668955775e+05
3.060337755940024508e+05
3.430262320037002210e+05
9.895719175430678297e+04
3.189524239723396386e+04
8.363018938885586977e+04
7.156428481560551154e+04
2.975349414514988894e+05
1.991343521036324382e+05
3.179040893793990836e+05
1.292834411867860617e+05
3.610014905822859728e+05
3.421495617692645756e+05
3.832049843370913295e+05
2.234990558438938111e+06
1.609738311715055897e+05
8.757476252361471998e+05
6.100022298040713649e+05
5.638218396872078301e+05
2.252533901693421358e+05
3.697373653286672779e+05
3.590713114715678385e+05
3.559998889318681904e+05
1.983559471615544753e+05
3.556714830408220587e+04
1.829895777786574909e+05
3.409343672285363427e+05
3.843020813933063764e+05
9.892414105731023301e+04
1.005314892555274186e+06
8.659536485695850570e+04
5.916047977260535117e+05
2.793664395760535728e+06
5.080413154419767088e+05
6.854035673986574402e+05
9.651938513356966432e+05
1.177542754083995707e+06
5.166673386571540614e+05
2.305198436848234851e+05
2.611900509368288913e+05
1.675289664775705896e+05
1.104281880517298589e+06
1.420557825904959464e+05
1.298844195157806680e+05
6.210508210732500302e+05
1.607746525603187547e+04
1.401696057097610319e+05
3.213264461520444020e+05
8.921597732326608384e+05
4.485516939464604482e+06
1.380224721871995600e+06
1.251904223997384543e+06
2.280572287752875127e+05
7.862758674263145076e+05
4.798703594317390816e+05
1.058124378455075785e+05
3.335835899845298263e+05
1.062185203233932611e+06
1.495688209866312682e+05
4.167451450722087757e+05
7.030983140299548395e+05
2.127109679166350106e+05
4.905310151575384662e+05
2.182033638754828135e+05
1.065674576101390267e+05
1.308051988338038645e+05
6.269674567001427058e+05
1.076824823040346149e+06
7.705919125754436245e+05
5.357341843419903889e+06
3.008675192321868963e+05
9.780142801475345914e+04
1.004095447721351520e+05
7.022430998278597835e+05
2.014584869763331721e+06
6.581605919818573166e+05
1.059055425486407941e+06
5.192771028697108704e+04
2.471238806013939393e+04
2.012524472299075569e+05
1.984587471663431497e+05
7.093624052706975490e+05
2.311846696616267320e+06
1.944002390445324127e+05
7.965500414767111652e+05
3.465856060402211151e+05
3.389311724965075846e+05
1.140062129081333842e+05
5.316624258739511424e+04
3.394361979614600423e+05
7.026220046404394088e+05
1.465186697487289552e+06
1.495446948665328091e+05
7.801928658343362622e+04
5.347739935735570907e+04
1.135984310230371921e+05
2.725346712679201737e+06
2.519618179704388604e+06
6.546951519788543374e+04
2.380400649014089722e+05
7.674510016149228613e+04
3.917035249208414461e+05
5.051063301373473951e+05
1.946555127201598079e+05
1.493683461591635714e+05
1.219467833158673719e+06
5.978955749897132628e+05
1.901993244874326047e+05
2.208543610398060642e+06
2.362248286768650360e+04
2.151893367177287873e+05
6.458323228378436033e+04
6.604411302873224486e+05
9.165451977098438656e+05
5.223866873741731251e+04
2.989224754195425194e+05
1.692796747492940631e+05
8.895946180934798031e+04
2.188360767943210158e+04
3.238988905220244778e+05
3.273576395811695256e+05
1.626225130796146696e+05
4.767302299775023130e+05
1.534379031536079245e+06
6.511286702954745851e+05
6.572957101610244717e+05
7.158825299775856547e+04
1.104893465428411728e+06
8.824088790232874453e+05
1.401204090714227350e+05
4.856511355482956860e+05
1.185778084512701025e+05
7.958867867911046778e+04
9.663565291990854312e+05
1.105561835912231822e+06
3.313992395447634626e+05
1.167028850434238120e+05
9.355410579722290859e+05
1.157055115339284930e+04
2.925215918825556873e+05
3.065146324916645535e+05
1.282317550558613439e+05
1.700951517362270097e+05
3.191745482238332625e+05
8.894242629117509932e+04
2.776818728332118597e+06
1.657096761561834428e+05
2.626205645700784225e+04
3.291506310791710857e+05
8.021310415669205831e+05
1.234010286182383134e+05
1.982962759437288332e+05
1.945276719810175942e+06
1.110269194238021737e+06
4.033524974619340501e+05
4.275898582255186193e+04
9.575742117816148675e+04
1.555161571753909229e+05
5.722927143979677930e+05
7.451769407334380085e+05
9.126199023080237384e+04
3.404421449850201607e+05
1.335992910888224142e+06
2.839790515897001605e+06
3.388105125992015819e+05
1.792827102498632448e+05
2.212643852960686781e+05
2.293409962946015585e+05
1.282494692482351384e+05
2.832998635722640756e+04
1.058292115506455011e+05
2.122342646858589433e+05
5.490442102598969359e+05
3.060292355883053388e+05
2.234999395346330857e+04
1.627417363180346147e+05
2.762582818542637979e+05
9.121223272589246335e+04
7.852581263116574846e+05
4.072147630480854423e+05
2.384744985643157270e+05
6.944557806644859957e+05
1.098058791043130332e+05
3.099005021280942601e+05
1.950072786095424090e+05
2.907765528863847721e+05
5.135843508877109271e+05
1.506620726464310428e+05
8.181585599108742317e+05
2.359202217052193591e+05
1.388568290285926196e+05
1.491160193122116616e+05
4.567641946184385451e+05
8.771043311014419305e+04
5.424182974240632029e+05
2.766251530543441186e+05
3.908025770276845433e+05
3.660352027003142284e+05
1.499094011248814175e+06
4.233499733934120159e+05
8.362831899551798415e+04
1.035755843616935425e+06
8.336935707033511426e+04
1.074430997106333089e+05
1.015374540414010175e+06
1.909800261950616841e+05
1.223654107085466530e+05
1.754337044754482049e+05
1.824260846319986740e+06
1.196097453780248325e+05
4.713338567690781201e+05
7.096339954490006901e+06
5.108682614306368050e+05
7.925096444963712711e+05
1.113421229272633645e+05
5.536359926582515473e+05
9.326816476448655885e+04
9.151384283350722399e+04
2.222711927521536418e+05
2.340057391002556775e+06
3.113129439857845500e+04
4.027083424331953865e+05
2.656313953877264867e+05
8.287669056091872044e+05
1.957568390972104680e+04
2.258029155093184672e+06
8.649935230386178591e+04
1.339752000874943042e+05
2.466506083574526128e+05
2.136571687215307611e+05
5.818906792243350064e+05
2.888304041639635805e+06
1.698094494814679783e+05
7.258839165203506127e+05
1.133050532969600899e+05
1.571856822906247107e+06
1.973228419495101261e+05
2.415368466230685008e+05
5.371646518886103295e+06
7.448158882673678454e+04
1.273553822330177529e+06
4.622061885497234762e+05
2.235771406991766708e+05
3.734805182687117485e+05
3.338721624676577048e+05
9.891787679327025544e+05
5.709131284637987847e+05
9.774331972106439935e+04
9.618570082533544628e+05
1.097345040333672194e+06
7.434236543240496076e+02
1.936311995499891636e+05
2.064627943767397432e+06
7.087904280605574604e+04
1.153133927131912351e+05
2.240069757266054396e+06
5.581973157699899748e+05
7.434837248607389629e+05
2.642587756696963916e+05
2.301459600983990531e+05
1.355523953326045885e+05
2.747431369662276702e+05
1.118347634091097163e+06
6.309452438021991111e+04
3.297649864759869524e+04
6.696520770012909779e+05
2.515646397210634677e+04
8.355213122886518249e+05
1.714475077177685162e+05
5.404399259910524124e+05
4.451496965501824394e+06
5.962528450510248076e+05
2.564515403657156974e+06
3.244438479970003245e+05
7.229089855645678472e+04
7.685375817313704465e+04
2.074274648020884488e+06
1.584060678058850346e+06
9.434647175734256161e+05
3.372482660947049153e+05
7.558828018936690933e+04
1.120196165990699315e+06
1.673091465425515344e+04
2.727908927970729768e+06
1.794291232521701022e+05
3.225893289532148046e+05
4.312345072270214587e+04
5.015848002595639555e+05
2.688218706247057999e+05
1.318357790826643395e+04
4.761993317666521762e+05
6.900919621709556668e+04
1.078096782924160361e+06
5.517879407524224371e+05
2.879868265097257681e+06
4.396683392549791024e+05
9.132922214984641178e+05
1.251979248006468697e+05
9.439508494592439383e+05
5.673290237357631850e+04
2.164480387469661364e+05
3.225659977344724757e+04
5.315028903712892206e+05
9.853005556865152903e+04
2.081376316399385687e+05
7.670512652746448293e+05
9.505478476446606510e+04
2.912367360304060858e+05
8.517804826754314126e+04
7.088558847040502587e+05
1.060521657403813908e+06
3.640766341802439420e+05
2.339341739731187990e+05
2.317303999847129744e+05
2.491728446755630139e+05
1.778189789672453189e+05
1.248592204584840219e+06
7.347173648884884315e+05
7.362883912730554584e+05
1.413903185083245393e+06
6.331723519142142322e+04
4.221990432087238878e+05
7.824203554862257442e+04
1.547777046615005820e+05
3.005495897725616815e+05
5.060181675760797807e+05
2.858931683938153437e+05
3.482341992873346317e+05
3.504410094442524714e+05
1.487506065948448086e+05
5.952760898639591178e+05
2.470136301769373531e+05
5.718682277600354282e+05
3.823207195524103590e+05
3.101204735781821655e+05
9.963509983730271924e+05
1.296827752282820409e+06
5.881686800025000703e+05
2.807078690918541397e+05
9.598366506480473618e+04
4.307149475037163356e+05
3.523365642632610397e+05
4.021986144527466386e+05
1.298142442553519970e+06
1.861570622559847543e+06
7.846269028357242933e+05
5.068579093973027921e+04
7.200663720713295043e+05
6.470644154269174905e+05
6.809456163756833412e+05
5.965001717188486364e+05
3.977513719050135114e+05
1.427001212887972128e+06
7.855734525347877934e+04
1.309232075429030083e+05
3.724471886500305263e+05
3.322727124606092693e+05
2.517330731345725362e+05
7.016384186630090699e+05
3.667806344322470068e+03
1.394659024760915490e+05
4.687187438280241331e+05
3.837172871431634994e+05
1.227472592269103916e+05
8.331292326289938064e+05
3.239648911574053636e+04
4.523038318895913544e+05
1.022966388964567916e+06
3.417575089801385911e+04
2.897088143651428982e+05
4.003618344064518460e+05
2.596475496419042174e+05
8.141284085905915126e+05
2.325244384948742809e+05
4.258750315705182147e+05
1.813296180218354566e+05
3.171581386537436629e+05
1.071428419833126012e+06
1.776248148963899876e+05
5.426715844534425996e+05
3.677099474832625856e+04
3.569152962249580305e+05
2.882176345537622910e+04
8.885670094281602360e+04
3.325375406284449855e+05
4.003598274413589388e+05
2.616228069178596488e+05
1.452529235692274815e+05
9.000929094293523813e+05
3.354578206459944486e+05
7.073650781452957308e+05
1.537595367835604993e+05
1.530988478735118988e+05
5.978784126613896806e+05
5.855977836631452374e+04
1.464289524984006130e+05
1.116092341815478168e+06
1.693425519780881878e+05
1.195312073835610063e+05
1.489934170901197940e+06
3.408359061405007378e+05
1.098140839993696194e+06
4.295859331962240394e+05
1.302162986140280031e+06
5.567585424036119366e+05
2.611744285968196637e+05
2.392093412052142085e+05
1.567645006220146781e+06
2.487822662954977422e+05
1.313531591754820693e+04
6.246468079856490949e+05
4.384343440414610668e+05
1.676198981855499442e+05
4.355987128468262381e+05
1.055674197576645529e+06
3.417805296191432863e+05
1.329233292967562738e+05
1.886344816404342127e+05
6.573577506021053996e+05
8.084987112951121526e+04
2.564692075575457056e+04
5.775617823844415834e+05
3.420311410826194915e+05
1.934345802512110822e+04
4.367303559445498977e+05
2.440686498962407059e+05
5.782547640452999622e+05
2.252825410204924119e+05
5.961860006693175092e+04
1.155515483067474561e+05
3.008682027040737448e+05
9.537491153422056232e+04
5.639478573063493241e+05
8.396474274282217957e+05
2.822790046840947471e+05
5.060012604940623278e+05
1.963641912164420646e+05
1.634254634230985306e+06
3.076312063775971765e+05
5.299523898223262513e+05
2.520393840292959474e+06
1.051078111830873415e+06
7.619635510685989866e+05
8.800781571097338747e+04
3.738794818436811911e+05
1.172481717700174777e+06
4.524748313364243950e+05
1.996464553154323658e+05
1.794096762619072571e+06
4.180574507549213013e+05
4.853393561739604338e+05
1.312989298051174963e+06
1.203508566470942227e+06
2.034319655792174744e+05
1.190422728790974244e+06
6.132519495685929433e+05
5.632698498939096462e+05
6.979908253143150359e+05
3.425933000187510042e+05
2.410252025077819999e+05
9.316153663638171274e+05
1.129123532883807085e+06
2.119206096419154492e+05
1.000414794756232528e+06
7.716791446563374484e+04
4.209523278372862842e+05
3.647942244356632000e+05
4.080306446113323182e+04
5.338328474661127257e+04
1.099802441839896492e+05
3.695599835476699285e+06
2.203651486257488432e+05
1.145325429799136182e+05
3.166103772183217807e+05
1.017351854143993260e+05
8.798552948290570639e+05
8.776161290045507485e+04
1.397544109428742377e+05
1.987127770219198428e+05
3.794792776430561789e+05
5.163179809658833547e+05
1.186621534231805475e+06
8.781168347309920937e+05
2.415493382220088679e+05
3.922466870178477257e+04
8.720105193398158008e+04
7.131736604844895191e+04
1.404804304643111245e+05
1.431137868434196804e+06
1.765308969932360924e+04
3.112106705887874705e+05
3.787514851458303165e+05
3.160515645114197396e+05
1.937333709155737888e+05
3.207838601176463417e+05
3.074493634728177567e+05
1.338861333791183773e+06
1.856486215037135407e+05
9.126287201116724173e+05
7.333846485750139982e+04
3.039037537829558714e+05
4.345128563981439802e+05
1.346612570423764177e+06
1.194651738109688275e+06
7.846624977289696690e+05
2.353012116273789725e+05
1.720646895156287355e+06
4.319339005357210408e+05
1.385146924777957611e+05
4.056792299397926545e+05
5.566918173657067819e+05
9.045146282359469915e+05
6.829729381881710142e+05
6.751349203195717419e+05
4.377522655176117551e+05
2.155191981578603736e+05
1.938102124544492981e+05
1.323259639914939413e+06
1.786213739826742327e+06
1.598428397836494260e+05
6.147510223089097999e+05
4.595339680537583190e+05
8.711091987630067160e+05
1.546588187252304750e+06
5.694778023799151415e+05
9.925432182628585724e+05
2.808564070819873596e+05
4.446619802501669037e+05
9.546303795898664976e+05
4.114097295423773176e+04
1.400927012720725033e+05
1.366755999424538750e+05
5.071569220005731913e+05
4.484136382703710842e+04
2.874420173122762935e+04
4.016208964820746332e+05
1.479792543182788650e+05
1.274374391592431639e+05
2.287972404705629742e+04
6.670668424915871583e+04
3.890807975469127996e+05
1.957303073174408637e+05
4.307986145668520592e+06
4.120577442693243502e+05
3.810657184468880878e+05
5.681356428650650923e+04
2.225489438383038796e+05
1.193979878537548007e+06
4.518291999450646690e+05
2.477415229550992954e+05
1.876092843276365427e+06
2.005438054315836634e+05
8.341050057018177176e+04
1.650536378512809461e+05
3.384328446197673911e+05
2.363768623148966290e+05
1.498343498178946320e+05
2.195995413107916465e+04
8.804792405675798364e+04
9.135708234883024124e+04
6.055953015922415070e+05
1.351704881637973012e+05
8.989918236124183750e+05
4.460267522239071550e+05
4.064059779248007690e+05
1.712833096980822738e+05
2.558600680622073414e+05
4.876639447407620028e+05
2.550774810977916233e+06
8.285438907371938694e+04
2.595330055442772864e+05
5.510377259518975625e+05
9.568657882718546316e+05
1.581132198952543316e+06
3.212834824400639045e+05
6.605271035397597589e+05
1.032145555748299230e+06
1.187122722555600631e+05
8.441320732232263545e+05
1.081113446239027428e+06
3.772754829774682294e+05
2.709835628747842857e+05
2.051157922249073090e+04
2.033983915572401893e+05
2.099124570632761752e+05
2.212109670861775812e+05
2.207534728082788351e+05
4.333404879572107893e+04
2.820722721066812301e+04
1.294728978551020555e+04
3.123716010416080098e+04
1.655364434654337310e+04
3.355558091903792229e+05
9.957469174903294770e+05
2.315095469905592036e+05
1.172414644772251922e+05
3.189653491630320437e+06
4.488124344666828983e+05
3.899892125383357983e+06
4.178529565445372136e+05
4.416778248690316104e+05
3.390384329064743361e+05
7.548143224024804076e+05
1.253034963632272993e+05
5.857658727883039974e+05
4.639277376527502784e+05
5.741868456894437259e+04
2.297101800963286078e+05
8.392849970576413907e+05
4.772498889017458423e+05
5.574295735169415129e+05
5.222908307909520809e+05
1.847777627023188397e+05
7.800349027814853471e+05
2.635500650875878520e+06
7.390029879799552727e+05
1.135626709501032601e+05
4.907930548239223426e+05
2.036517193940621510e+05
2.521320880976619083e+05
4.928700039988478529e+05
2.630539312807035167e+05
5.610948371556751954e+04
5.554460120789170032e+05
3.391341780179958441e+05
6.935625332957101637e+04
2.772304303639106220e+05
2.091999469258695317e+05
2.472168130498149840e+05
7.341481209081498673e+05
1.120048839677828830e+06
4.850214587885976071e+05
3.412694149389859522e+05
2.852705681643708376e+05
5.469614056924347533e+05
2.339274670357715804e+05
3.195077132170129917e+05
2.442428042182326026e+05
2.958372435777815408e+05
1.797368159600364743e+05
6.020676619194593513e+05
1.709819851780498284e+05
1.051087361999060377e+05
3.276847888524133596e+05
8.627258181361412862e+05
1.391968076248642465e+05
1.013895183718510962e+05
1.999020281505241874e+05
3.197401168608714943e+05
7.502750524377652910e+05
5.616268308044831501e+05
1.574811830642662535e+05
1.034942049436134985e+05
8.745669143603475823e+04
2.404658157538997475e+05
1.236397178788025340e+05
5.868665659400797449e+05
1.335922042730576592e+06
7.258430029875198379e+05
2.157769391704425507e+05
1.393739501772359363e+05
2.372003881419660174e+05
2.954925200899777701e+05
1.973293177129253454e+05
1.723923451162877027e+06
5.110589485987062799e+05
1.369360577064780809e+05
4.591874803257646272e+05
2.170196373991224100e+05
3.080597468847389333e+06
1.269951152724959829e+05
3.486468881460143602e+05
7.662378748668464832e+05
6.256724635803378187e+05
5.471145735813324573e+05
2.583374257779218606e+05
1.655689369573656004e+06
3.399681229003485641e+05
9.947903318470293016e+03
1.222666361311449902e+06
1.156581844711137004e+06
3.479271313943181303e+05
1.293320007749262877e+05
2.488661887148662063e+05
1.158699212466649245e+06
1.149407797498391010e+05
4.878566457500075339e+05
3.921953337774717365e+05
1.951096710351991933e+05
6.013411946799925063e+05
1.318026889007195365e+06
4.330877694120201049e+05
1.333692306622493779e+05
1.773259060721813701e+06
9.873417009442562703e+05
6.179562506579362089e+05
1.274799926102306636e+05
5.531641257611314359e+04
4.066603269330367446e+06
6.794320306618866744e+05
1.484950192577715265e+06
5.655540507928925799e+05
2.072025043142070936e+05
3.562720548844853183e+05
7.416580607222777326e+05
3.523776917211894761e+04
4.252761162830792600e+05
1.872624041168765398e+05
1.614441031691253593e+05
7.788325174607313238e+05
2.562210324250924168e+05
2.391472945928112022e+05
2.153178649204497226e+06
2.857789754282599315e+05
2.669583627044147579e+05
1.868353314802836976e+05
6.809166877855577332e+04
3.121529748671587440e+05
3.809381461483188323e+05
7.001522686834032356e+04
6.480769658427414251e+05
3.955393109993527178e+05
1.430114384668416344e+06
1.944770516413338482e+05
4.526621334039352951e+05
1.884082160464067711e+05
6.890224939385501202e+05
1.174563595654675300e+05
7.240958237333928701e+05
6.235277335204867268e+04
6.576624989394212607e+05
2.271340938149149879e+05
7.174944186983556719e+05
1.653279812573910749e+05
2.378160990308974579e+05
3.039403758939587860e+05
4.720057441339257639e+04
9.199545355486198969e+04
1.161977734105746029e+06
2.156038715360593633e+05
4.874177164610196487e+05
3.743161988656446192e+04
5.194191987802389194e+05
2.753901863098775502e+05
2.469403951675608114e+05
7.684562541416008025e+05
2.773234316232422134e+05
2.506235386927651998e+05
2.757098925339274574e+05
2.210805193885253102e+05
1.007388777381679392e+05
5.651088934025738126e+04
1.272396000164143974e+06
2.567849556177704129e+06
7.446791046248966595e+05
2.988189492708645412e+05
2.593771851264249999e+05
2.223597971291268186e+04
5.899625417046406073e+05
3.020551360285087139e+04
1.038960279626749689e+06
1.433189904710286995e+06
2.670560923742739833e+05
4.814601813229385298e+05
4.937953247751910822e+05
2.588733908284823701e+05
6.641930911442902870e+05
8.404122105487909866e+05
6.330059639868460363e+05
5.903159138982871082e+05
4.558141323990599631e+03
1.354369050042441813e+05
1.357291875010862350e+04
1.258394219034739363e+05
6.308156654050046345e+05
4.673750144133164431e+05
3.288317895255134790e+05
7.488221362804436358e+05
6.865504296356283594e+05
5.146685550341539783e+05
5.308166764035044471e+05
3.106496443011528463e+05
1.024525264370510937e+06
3.193892513011163683e+05
4.298969222203448880e+05
8.132199664536000637e+04
1.130151328671722731e+05
2.590412096527789836e+05
5.317494657324239961e+04
6.824643318305654684e+05
2.998456110567188007e+05
5.689434973233901110e+04
4.936551167149132380e+04
4.300634034825317794e+05
4.031747231698405812e+04
1.246628740834444063e+06
2.870522350476521067e+06
4.660152995699389139e+05
4.116759618661114364e+05
2.188395075650971849e+06
1.635980109571128560e+05
2.399508937670241867e+05
3.113200239911293611e+05
3.984603293908955675e+04
4.067127583251293981e+05
3.494823398916199803e+05
1.808814997638043424e+05
2.060805726679964282e+05
5.021630566512238584e+05
1.001711987153845839e+06
2.132027406917976623e+05
2.589261975979825016e+06
9.490224518794666801e+04
1.964338897333634086e+05
6.636901580909930635e+05
1.648736987508642254e+06
1.230625794999430422e+06
1.530897342976177461e+05
1.580128623814855237e+05
5.827852500793312211e+05
3.397992528903539060e+05
3.028052230796170770e+05
1.849591154884592397e+05
5.538654045520946383e+05
4.726168587649501278e+05
1.494004293441899354e+06
3.784587989398717764e+05
3.818609154524912010e+05
1.987590788511321007e+05
2.612141718234550208e+05
1.942313486803133856e+05
8.596459023504698052e+03
1.214815409500351088e+05
1.019508860695596901e+06
5.233647279454490636e+05
4.452949695807698881e+05
3.030686378375922795e+05
1.485086253419969580e+05
6.217873905981490389e+05
5.158933491901739617e+05
1.804041137695136713e+05
3.221079211091914331e+05
4.731900322420584271e+05
6.165266716607531998e+05
8.412490274836434983e+05
5.493538300709131872e+05
2.164739837184094649e+05
1.513132689902570797e+06
1.429456593199609488e+05
9.090512382470634766e+05
2.442855619666809216e+06
1.642952590566222207e+05
8.903387075335130794e+05
2.883305671992890420e+05
7.416628470135507814e+04
1.194340991762446793e+05
3.884441258622315945e+05
3.769197535798161989e+05
3.947300874628413003e+05
2.601149415945177025e+05
3.576018684842635412e+05
1.901306820401888690e+05
1.083028663726480590e+05
5.980966227817879990e+06
1.420153408556210052e+05
1.373304329291827278e+06
1.150850019955023890e+06
1.706754874211546849e+05
8.913762713370214915e+05
1.345321056893798523e+05
2.713525737386700232e+06
6.418610819634742802e+05
2.666060487627467955e+05
1.180339959043031122e+05
2.756499407868701383e+05
2.026838156878285372e+04
4.499704879853317398e+05
5.247665034794108942e+05
4.326399669571479899e+05
9.348479596761624562e+05
6.689939787266652274e+04
3.833174998425758095e+05
4.997870282289130409e+04
3.247211161995198345e+05
7.980675490681223164e+04
2.814169751801085076e+05
8.026719647373229964e+05
3.735177916489602649e+04
5.468228709026243305e+05
3.354988557545339223e+06
2.022461687750484998e+04
3.205343795043549035e+05
3.676435615535498364e+05
1.224574911584530491e+06
8.275882073780846258e+04
1.477118101904871291e+05
1.832683255370974366e+05
4.615868025043013040e+05
6.749462961483126855e+04
1.728188415090226044e+05
2.172954819924221374e+05
3.113610401269969880e+05
1.618246187231508666e+05
4.095170624575174297e+05
2.875258663684803178e+05
9.466225541045935825e+05
8.379019870235522103e+04
2.480511753642593394e+05
6.520936314392059576e+05
4.594265035397722386e+05
5.828499450875119510e+04
4.820228030569651164e+05
6.398855095314182108e+04
7.966386080809796113e+04
3.849031983552366728e+05
1.324245204847870336e+05
1.465056825209527160e+05
7.363531599494171678e+04
9.215133728706547990e+05
6.878490633295807056e+05
1.806085774699288886e+05
4.203806574438557145e+05
5.023907042992159259e+05
5.035566082253874047e+05
4.124096406152224517e+05
1.411581780459728325e+06
5.380150550721809268e+05
4.268434742991303210e+05
5.303327341788083140e+04
1.457546948182739317e+06
1.770228560264659463e+05
1.399443950410593767e+06
2.069721315045382129e+06
1.952660803476701039e+04
2.449938295876278135e+05
3.087457436549336417e+05
1.601794237841847353e+06
2.516977870306817349e+05
1.210895554310231673e+05
1.758742394166993035e+05
6.836967924787758384e+05
1.182495480779973092e+06
2.523240208111626853e+05
7.450305350708529295e+04
1.862472532991193584e+05
1.692678058243569394e+05
8.989287274362080498e+05
2.748251470344460104e+05
2.920998388168012607e+05
2.846172192810781999e+05
1.997323045405482408e+05
4.619829424400025164e+04
4.596383049719425035e+05
6.299763146213334985e+05
1.636530179560048564e+05
9.217932123403690639e+04
6.624478893747625407e+05
3.442220227416057023e+05
3.192482075389028178e+05
3.003275142385856016e+05
2.429819412006769795e+06
1.051599519491601677e+05
2.565595626227670436e+04
7.081397988540566294e+05
9.079044254235519329e+05
9.169313643411753219e+03
5.038008500501292874e+05
1.973737965474743862e+06
1.320133463568951702e+05
2.438637375229382087e+04
2.119942753595148097e+05
1.953554723406583653e+05
2.367305046604237286e+05
6.975590324052644428e+04
1.004206096738886699e+05
1.866664079493843601e+05
1.003176764156806399e+06
1.966982559522704978e+05
1.524078826410864014e+06
4.574981094838481513e+05
2.679323937270821538e+06
1.963455197011385811e+06
4.519274598445041920e+04
4.282277328394554788e+05
1.612444039512456511e+05
3.998712973354422138e+05
3.871856389212029055e+06
3.495986964262846159e+05
2.402433959960144712e+05
3.343376038143954065e+04
9.984875198512354109e+04
1.940004778189323377e+06
1.960032036088557797e+05
4.636836851419861778e+05
9.606484620200650534e+04
7.630102095785424171e+04
1.482114243161280407e+06
2.852969130390236969e+05
1.418638779731157236e+06
7.880953114099404775e+05
4.501096190344635397e+05
3.769101574905783636e+05
3.227060868651394267e+06
1.015542334519549331e+05
1.344549445799712885e+04
6.953663279321837472e+05
1.364792197545554955e+05
2.285829272791643743e+05
3.817290962800930720e+05
1.850725007087393315e+05
8.342741149203220848e+05
3.441772408583976794e+05
5.776754593276523985e+06
2.959125969462853973e+05
2.282851809034714242e+05
6.831069216682062251e+05
1.720093875847074960e+05
4.096346835023942869e+06
1.116358979846120019e+04
3.575196829371204949e+05
1.470245359852066729e+06
1.493215976729681948e+06
3.300628971595281037e+05
4.663593461051343183e+04
1.782875726677040220e+05
8.746287663787780912e+04
1.029618009728055797e+06
8.635812152501767559e+04
1.826405818563567591e+05
5.392366768919275637e+04
3.998089342449784745e+05
2.838517044958467595e+05
2.110534121991296706e+05
4.604471769856901374e+05
2.267157685278346762e+05
8.306924349322359194e+04
7.615697038029003888e+05
1.040770738770144526e+05
3.091122842754219892e+04
1.038231161625841749e+06
9.062517372239727993e+05
4.217288411482610973e+05
1.289422565454876283e+06
2.505390122595558933e+04
4.993555407982660108e+05
3.408840374331264320e+04
2.647537539994062856e+06
1.567686785343750613e+06
1.995834155911053240e+05
1.535235870010037324e+05
1.974966710254305144e+04
1.709110697511829203e+05
3.762691411097621312e+05
4.649837354486397817e+05
2.957659303181749419e+05
3.574298435422829934e+05
1.717627124406801595e+05
1.830724877863369766e+05
5.051651941855924815e+04
1.805150884644440666e+05
1.402538435303587699e+06
1.140685078759430471e+05
1.310817239460607816e+05
1.259953537907207618e+06
2.966836644695788273e+05
2.627858525371056166e+05
2.313578428689676803e+05
1.713314134846540168e+06
5.826559522988317767e+05
2.144594476311647159e+05
3.733828571480228566e+05
1.155270709593304346e+05
1.893508936541777512e+05
1.133280968906707712e+05
3.019853409223550698e+05
2.973275722654912388e+05
1.511432416960379633e+05
1.035270659591903677e+06
7.098140453997908626e+05
3.281070664808342117e+05
6.340468151466993149e+05
5.511039549935758114e+06
2.291402782539254695e+05
1.649887706100325740e+05
1.827035659256090177e+06
2.475057624168120674e+05
1.010401692276033282e+05
2.675912742714572814e+05
1.801099985675100470e+05
3.107325846762457513e+05
6.022600979529337492e+05
2.357383130000681267e+05
2.492778816395288159e+05
2.347919580115338031e+05
1.732883960087444168e+06
1.123773863142412389e+06
8.864450846585946856e+05
3.600300221419259324e+05
6.759204626022283628e+04
1.598262269648125803e+05
9.788131148783731624e+04
4.443234634765103692e+05
8.454086327709299803e+04
5.072771726613028906e+06
2.473226327646100835e+05
2.445938154039009532e+05
3.010253366870397585e+05
2.048550639089834585e+05
1.573935518058147980e+06
5.333436469866170082e+05
6.656186649311888323e+04
8.121419498286678572e+04
3.598536823642312083e+05
5.280297872416958126e+04
6.265771061840983020e+04
1.631318768093715655e+06
1.571640558228796726e+04
4.000973680024601636e+05
1.382145026917411087e+04
1.464096062957887305e+06
2.750681897412750404e+05
8.824739477687595354e+03
2.281417300276999362e+06
1.560695347125687171e+06
9.760423935716344567e+04
1.770594401479445223e+05
3.985323921702463413e+05
4.281988161526393960e+05
2.482097115781095636e+05
9.520410726266865095e+04
1.066274759673838271e+06
2.695561120974295773e+05
8.708170529203433543e+05
2.586652111271629110e+05
1.753105473904735118e+05
6.680486695674993098e+04
8.185298033314266650e+04
1.730320767466067628e+05
2.972795585530090029e+05
1.511707853643888084e+05
2.166089272902001976e+05
3.411390084063890390e+05
3.947398368797678995e+04
2.278672771568279131e+05
1.894681178365477826e+05
8.746564399976151763e+05
1.608690341823907220e+05
1.520102310634246096e+05
6.787010744333505863e+05
9.745461860834630206e+05
3.196832623616384444e+04
3.057239986019536736e+05
1.018407944674314116e+06
3.469167191246010480e+05
2.111549617445167969e+05
1.422534393161479849e+06
2.379723544357874198e+05
1.929020297598203411e+06
5.142726555248410441e+05
2.130136016025561839e+05
2.059519883506682236e+05
1.592166060255773191e+05
8.489140812966242665e+05
1.998557517570494092e+05
1.088161639540799893e+06
3.084171838657595217e+06
2.816596412106486969e+05
9.825476213226665277e+04
1.987126914164020272e+05
3.099941542084070388e+06
5.569534080457115779e+05
1.204226624415413244e+05
4.810122087550784927e+05
4.622429126124632894e+05
3.661094492807231145e+05
1.047875521326761518e+05
1.452951703993453120e+05
2.566680125591856631e+04
1.397661077382064832e+05
8.168473877909610746e+05
6.454575860652443953e+05
1.222707977629386296e+05
1.201246051055437856e+05
3.210001561601698049e+05
3.840771665022885427e+05
3.049555728126488248e+04
8.768655821265017614e+06
8.241730897251099814e+05
1.253370866510278347e+03
2.360463020368212019e+05
6.098728339777870569e+05
3.143719513355460367e+05
2.590203364809658378e+05
6.845766610134560615e+05
2.805420659885056317e+06
5.758302400765641505e+04
3.676605646976909484e+05
8.075679800371387973e+05
5.879419930209569866e+05
5.237566963126965857e+04
4.549174612969880109e+05
2.174771770860609133e+06
1.414606975816703925e+05
7.996237068634037860e+05
7.478478298088872107e+05
4.799664804864019388e+05
6.608638484627502039e+05
6.187926130757320789e+04
7.881069050984871865e+03
8.619539421737469092e+04
1.940909638350358582e+05
8.139043087500678666e+04
3.849280273932493292e+05
1.430403820086941996e+05
4.356059891416282626e+05
1.709141702121227281e+06
1.686035014568551211e+06
1.445382069811313995e+05
2.596100556335264118e+05
1.028058718327068782e+05
1.504244328162841339e+04
3.395725032657558331e+05
1.850922643503182917e+05
2.190072710540145927e+05
6.968008538665963570e+05
2.405741957683963701e+05
4.357273608416311617e+04
4.328175489091077470e+05
1.212309004402093356e+06
1.088725416801183164e+05
4.866615028330940986e+05
5.001566383366563823e+05
3.383751917419320904e+06
2.161005837901231833e+06
3.671929676149410661e+05
1.505510501885271631e+06
2.521193756432086811e+05
4.417658802498044679e+05
5.094782123706523562e+05
1.097393538531451719e+06
5.560759552637090674e+05
2.809214429579976713e+05
1.524578534231981728e+06
4.915463124336950568e+04
2.285273445349103422e+05
9.081314185517209989e+04
2.435191419590155056e+04
5.771667141711079748e+05
4.623234876934683998e+05
2.827190816595935612e+05
6.370219584604897536e+05
9.216464669769043103e+05
1.427115492696236470e+05
4.160986732272520749e+04
1.592410080548054539e+05
1.892887119578232841e+03
3.642970958313085139e+05
1.904492983205235796e+05
9.863308573641647818e+05
5.404291275549567072e+05
6.828437534339631384e+04
7.796311063750315225e+04
7.074905588794170180e+05
7.473143300057395827e+05
8.010517982057412155e+05
2.245218744172013248e+05
1.569003042629650095e+06
7.199046191691007698e+05
6.175265803900483297e+05
2.582645081037094933e+05
2.532287975312509661e+04
2.763880606970215376e+04
4.685055278844227432e+05
1.246217287297938601e+05
2.796615384814332938e+05
1.867232061059244443e+05
8.202347330657100247e+04
1.841875536728297011e+05
8.379201591547664430e+04
1.404882778652669222e+05
1.061180725821113214e+06
5.861534800517689437e+05
1.469602109190544812e+06
1.513984193469365418e+05
1.768674095889017044e+05
1.506763376390765188e+05
1.666704183089374565e+05
2.222435622723498091e+05
4.783062354135020869e+05
1.105004218797470909e+06
1.591643683915254194e+06
9.700545581480627880e+04
1.313788431628823455e+05
1.879592557091819472e+05
9.306414988879024168e+04
7.453232213779991725e+05
6.581953970944249886e+04
2.662242179867222439e+05
9.516273885695938588e+03
1.704879090783110005e+05
2.872604282188301440e+05
4.040512087484459043e+05
4.140191426414693124e+05
1.700629223032833543e+06
4.711548304705320625e+05
1.075499835624834523e+06
2.655829999792225659e+06
7.597506219999473542e+05
3.011825558076079469e+05
8.430073252489760052e+05
1.187274529902976006e+06
2.328792842481036787e+05
2.091742288463552250e+06
4.337762386056746356e+06
2.848138112158769742e+06
1.960526303879753686e+05
4.876093089522589580e+05
2.609909572753435932e+05
2.027278659183784330e+05
3.065258694503161823e+05
1.553424568117578929e+04
5.893628675964028807e+05
4.144282704993211082e+05
5.251240537977684289e+06
2.136178591649275040e+05
1.294162179644582648e+05
9.861735898799775168e+04
1.362142833315032767e+06
6.812444578531403386e+04
2.312880302639547735e+05
3.801342819483815110e+05
1.716263022634155815e+06
5.324143626295739086e+05
1.942619023429537483e+05
7.853121403933195397e+05
5.547632299649519700e+04
1.744575026290227892e+06
2.142066427264080266e+05
6.943828971728968900e+05
2.255417343897355720e+06
3.958527404419385362e+06
3.494637633248590282e+05
1.432005947300222761e+05
3.811037361510419287e+05
5.995739648069419491e+04
4.225424023310976190e+04
1.574859821863307152e+06
9.239407694192229537e+05
2.161405865114054643e+06
6.947353289918445516e+05
4.413222653762713890e+05
9.939681373829789227e+05
1.014832557913151541e+05
7.727535567136178724e+05
3.675476086119998363e+05
1.936629649409640697e+05
5.143388844029459287e+05
1.231440125704219536e+05
1.906974646293823316e+05
8.490657572991633788e+05
5.596709961177377263e+05
5.489584530991677893e+05
2.221937019146717648e+04
1.345499409422957106e+05
6.515980475969536928e+05
1.942803149368995582e+04
4.785570287800072110e+05
1.718903414120954229e+06
1.372601770500630955e+05
3.809161077873189934e+05
6.972927313436693512e+05
7.162726615176755004e+05
1.186659229361533653e+06
3.048138634662363911e+05
2.551103721484608250e+05
9.306467208756312029e+05
4.538943576417402364e+05
3.848113939853070187e+05
6.602044455284264404e+05
9.603866692520463839e+05
2.816756083185903844e+05
3.188394913021264947e+05
1.744649966415228846e+05
6.333827132029315690e+05
2.013790643894056091e+06
3.031330473829510738e+05
3.666361866682738764e+05
1.063532684331156051e+05
1.619799713362274269e+04
2.026764883188978070e+06
7.436647432077048579e+05
1.014383231340538943e+06
1.808486561159647070e+06
5.784248866630987031e+05
8.854062328141751641e+04
9.899899216960719787e+05
3.668196020824696170e+05
1.011273418233814591e+05
3.599042909576572129e+05
8.200009567426145077e+04
6.167157411666220287e+05
2.852879625509028556e+05
3.567889685931011336e+05
6.935251426990487380e+05
4.125983418506173184e+05
2.165815414174610924e+05
1.724349489918480860e+06
8.126801895571408095e+05
3.543887310259396210e+06
1.294813905837190687e+05
2.883838720050976262e+05
3.891474941092883819e+05
4.408283617696837173e+05
1.234926023897174891e+05
2.690731564175684471e+05
5.321651364560145885e+05
1.792156558491775941e+05
1.141996460344134684e+05
7.445527658464648994e+05
3.636359693882278516e+05
4.620400115610155626e+04
4.935901349990909221e+05
2.444792765407249797e+06
1.883099146556174150e+06
2.607847008254861459e+06
4.178288947661654092e+05
3.384786230383552145e+06
1.083317410487087676e+06
1.045271249260203913e+06
7.069015283835900482e+05
3.894224201749027125e+05
8.190878881112097297e+05
2.387547054734698613e+05
2.529044716892236902e+05
1.937905919024313800e+06
1.454399420093348017e+05
8.190511676327783614e+06
1.909493134269551840e+06
1.166480319965178642e+05
4.436334839026911068e+05
5.889520516981796827e+05
1.016117191709435574e+05
1.485579646960184036e+05
7.874794115755827988e+03
3.406043856096828677e+04
1.420745151878153556e+05
3.426833183837442775e+05
9.917840714743993885e+04
3.483282312355056638e+05
2.619928353820535413e+05
4.658721124755863566e+05
4.073643584492114605e+05
7.718069588077947265e+04
4.093320702858528239e+05
1.178221690619862406e+06
2.512781564765489311e+05
9.024020106083675637e+04
1.814767935322557751e+05
3.199388047948866733e+04
3.745003101002561743e+05
2.071094558760367509e+05
2.102408104646958818e+05
2.366973777821978365e+04
1.197832813689260045e+06
1.650698694874084555e+06
2.684823565884801792e+05
8.402635093032957520e+05
2.948869454449536861e+05
3.025450208119433373e+05
1.056956835551452124e+06
6.327008954476212239e+04
9.357093687754367420e+04
1.063204862579476030e+05
5.564334787647834310e+04
9.010666000159786781e+05
3.956984407827627729e+05
2.660504801320400438e+05
9.309255925562572666e+05
1.173455296466233704e+05
1.040646484367549769e+06
1.741474557936350349e+06
1.117581439915127266e+05
2.355916678053474461e+05
6.808927836913249921e+05
4.361618356837123283e+05
1.549997298511924164e+05
6.069012428651007358e+05
3.166998119093132482e+04
2.706720817505957093e+05
3.004165435182355577e+04
3.817649426391026936e+05
8.027522065453213872e+05
7.004541632495683152e+05
2.815880147034322144e+05
1.222211174077220494e+05
2.167709514065787662e+06
1.068758029071425408e+05
1.120283575330466032e+06
6.333794682262700371e+04
7.765457997106283437e+05
1.688103311448300665e+05
1.987708468421802681e+05
5.086091994243701920e+05
2.854850294596781023e+05
4.641220292285567266e+05
5.526568338014711480e+04
3.607455172913349816e+05
5.385709844748703763e+05
1.646680253311725566e+06
8.627925558196188649e+04
2.722638627863180358e+06
4.656860027606617659e+05
2.147093696381091606e+06
1.273168676719945157e+06
2.149718560479272623e+06
2.612285389222645608e+05
3.995165924282721244e+04
3.394002643446637667e+05
6.202554586617000168e+05
5.682075914624370635e+05
1.740383316444761585e+05
5.264024162142418209e+04
1.723718117120075040e+06
8.082183889577499940e+04
2.574073824114845775e+05
9.979498985357995844e+04
3.499148383457774180e+05
3.298549681351953768e+04
2.866562102146933321e+05
1.030588626073778258e+06
1.084830357707321964e+05
4.527912387491849950e+05
1.244800682282527268e+05
2.230693960832422017e+05
8.158605621695172158e+04
1.924303444873257540e+05
9.233893086216398515e+05
6.168478749591590604e+05
2.185751792912757664e+05
5.355157198988544988e+05
2.132404195371469832e+05
1.279176729470406281e+04
6.404597269132422516e+05
4.069681599201682257e+05
2.011512039008462452e+05
1.968652698753102159e+05
7.521751942185462685e+05
2.006950802394644415e+04
1.986588803801352014e+03
7.856302317087699194e+05
2.187260649480378721e+06
1.052249237186558777e+06
3.759977045884449035e+05
5.570851630776963430e+05
9.205737500439489668e+04
2.687788280585760003e+04
3.862349560927330167e+05
8.309181894006013172e+05
1.187584295908967761e+05
2.614003527509867214e+06
3.875328007835711469e+05
4.193688164178617881e+05
1.334406898874798790e+05
7.980210882912728703e+05
1.433368443556607701e+06
4.691626711913394392e+05
9.669914238758294377e+05
9.914082766215023585e+05
1.049771736679361202e+06
9.284337187803105917e+05
9.219494390902643790e+05
2.137842489760677796e+06
7.853658225565061439e+05
1.773129916556763928e+06
2.334574957529532257e+06
7.536657002138063544e+05
1.129418815018868539e+06
2.081868803269661497e+06
1.500746473191746045e+05
5.000846049337560544e+05
2.483074839608590410e+05
7.360500280846716487e+04
4.551639194027927442e+04
1.178543533209376270e+06
2.013722296640549321e+05
1.261586023907041999e+04
6.402448929339342285e+05
6.426959597921141722e+03
4.234344637735142896e+04
3.335167386937365518e+05
1.092170892186906276e+05
7.097359539722268237e+05
1.708005435555046424e+05
1.591038319813587295e+05
5.680703926588194445e+05
3.967066650714174611e+05
2.085363399568634923e+05
3.072800096546531131e+04
6.138431979412136570e+04
1.297754245805875631e+06
5.083432118581211544e+05
1.640791575267702807e+06
9.136193495290519786e+04
4.734964769512127968e+05
1.829536066528295167e+06
8.841955464456563350e+05
4.014966547659485368e+05
1.798131909351815237e+06
6.017837404382157838e+05
4.629507512500268640e+05
3.809664502015318256e+06
8.781268366605155170e+05
5.249458995043121977e+05
7.109197863123019924e+05
8.918257089207846730e+04
6.766798505312243942e+05
1.081768841066564433e+06
1.611637580091873242e+05
8.674407316842101282e+05
9.644395055053773103e+05
3.953280416997488355e+05
2.427704962320516934e+05
2.000534690971508680e+05
6.309074296332963277e+05
2.403514845427259861e+05
2.034655527987193491e+05
4.811421733802042436e+05
2.272711930599953630e+05
2.984653619291463401e+06
1.363445954619955504e+06
1.751672983110697940e+06
6.331786063460949808e+05
5.861378788609961048e+05
3.565920884552825009e+05
2.803885036108202185e+05
3.438066049645776860e+06
3.821538891538178432e+05
3.957325596970645711e+04
1.326171657470348582e+05
1.234239505618720723e+05
7.210907074604531517e+05
2.870411133601963520e+05
2.550787310251332237e+05
4.841834044229468418e+04
9.558345125401984842e+04
6.878495477807020070e+05
3.929157474942266126e+05
1.664548039994811697e+05
6.947532055954560637e+05
3.770362157158604241e+05
9.395769884780085704e+04
7.654803402125260327e+05
3.474063236868423875e+06
8.909532783701398876e+04
2.115130789196306432e+05
1.273647045581781131e+05
2.882845603730922448e+05
4.261244082064896938e+05
4.973216408708913950e+05
7.939719768162647961e+05
1.662198569874631648e+05
7.115149199583190493e+05
1.549229637027958233e+05
3.054301468104490777e+05
4.566947165894353529e+05
1.190734392505070718e+05
7.559867569910412421e+05
2.309636706235019490e+06
4.080184173312043422e+05
1.328614277867469005e+06
8.110140992700927018e+04
4.568289351942750509e+05
4.145126761285626562e+05
3.495053616212481866e+05
4.006935745654269122e+05
1.474038758180105826e+06
1.205914571367871715e+06
1.195417552571449633e+05
2.427133199963381048e+05
8.040247263498399116e+04
1.431123225315538293e+05
8.212300711255251372e+04
7.251435607783608430e+04
4.555135249746442423e+05
5.732919395751390839e+05
8.254828808591768611e+05
6.810776463286891812e+05
2.475762684061577544e+06
1.162192171942740097e+05
1.015140912341218791e+05
1.070832871598785976e+06
2.033290698031627107e+06
1.803395537239612022e+05
2.084771549050136236e+05
1.259697114217532508e+05
3.917474600109981257e+05
2.066489989493533969e+06
3.778427816878518788e+05
3.171833266014087130e+05
1.117120296748793917e+06
1.195133747049151862e+05
1.759081691324423999e+06
1.125387598841804283e+05
1.989188447192809253e+05
2.998117555497488356e+05
8.679107507950710715e+04
1.578866673721836414e+05
9.512771213500513695e+05
1.809801741527655977e+05
2.217114013710826985e+05
5.472941929151294607e+04
2.204611735764774203e+05
3.347178745350756799e+05
3.433232814673350076e+05
8.242308169189062028e+04
7.837780001380532049e+05
1.018442286755619425e+05
6.861121427525051404e+05
4.460459341033912642e+04
9.654067558662910596e+04
5.036311640962202364e+04
6.038819258724378888e+05
7.603316059860521636e+04
2.330062726792763278e+05
2.070206251615408401e+05
1.051137620472844224e+06
4.589759277130022383e+04
1.397519760548629274e+05
2.579131731893940014e+05
2.165530688551007188e+05
5.624894282497202512e+05
4.306850919739556412e+04
2.447461307539951231e+05
4.210282904011323117e+06
1.974805393833384849e+06
4.860414059357467922e+05
6.443586690281511983e+05
3.270483575650554267e+05
3.098952433413122781e+05
1.583597260798943753e+05
1.506539602942029887e+05
1.706597468089974427e+05
1.575960030543936882e+05
2.254169923163711210e+05
2.252833660640660964e+05
2.485224865719616937e+05
3.804915238191511016e+05
3.587134900854237494e+05
1.703535172519818880e+05
9.205282818612070696e+04
2.716464537023034063e+05
5.759947760654779850e+05
1.639860423794418166e+05
1.837655274116211513e+05
5.619659684623963403e+04
8.920301161943926127e+04
4.704912609279208118e+05
5.052001499611194013e+05
1.289371489569846599e+05
3.407887334789328743e+05
3.487376827497244813e+05
2.521554013706750411e+05
4.547316858035448822e+05
5.714458536437992007e+05
1.937064451222947333e+06
6.569156239003377268e+05
2.232753293803965789e+05
1.265271265795295476e+05
3.416462594036684459e+04
1.636246929903047858e+06
2.793149017244410934e+05
1.153817830072324025e+06
1.601079812990216014e+05
2.399827852914700925e+05
4.713042119634746341e+05
1.677997755342699820e+05
1.271959549993741559e+06
3.817100298286308680e+04
2.248902180764044635e+06
2.378323562145093165e+05
3.021426063945374917e+05
4.948129348630987224e+05
3.605538038920617546e+05
6.969792929367948091e+04
6.800500529174098046e+05
1.060695402105723275e+06
8.802270375982172554e+05
8.757227896975331532e+04
3.282367510812921682e+05
1.582777862051773991e+05
4.843056507292967872e+05
5.395007700612037297e+04
1.856478785270464141e+06
2.462420713840442477e+05
2.561395872878008522e+05
1.225716573129633442e+06
1.930051996677649186e+03
2.998482919928634656e+05
8.903199791230483679e+05
1.761997780874168384e+05
5.373194282263725763e+05
5.726300866672343109e+05
4.366468452292308211e+05
7.748993890050858026e+05
1.391815045056231320e+06
5.832869217184295849e+04
7.460795822640688857e+05
2.218814597022345697e+05
1.079097111155621940e+06
1.214807779698935570e+06
5.932581604282568878e+04
3.247394875140596996e+05
1.389209504315557388e+04
9.779541827929836290e+04
2.400885005259269092e+05
1.467285354840459069e+06
9.283879267796971835e+05
3.046190517206928926e+05
4.393073966340594925e+05
1.786799397852835536e+05
1.774741969126675031e+04
1.140333627367826412e+06
1.900724931945431745e+05
9.360121517365586478e+05
1.238968758196383424e+05
2.906358656795866555e+05
1.723501366799101525e+05
5.534668609288469888e+05
2.898871903383758763e+04
3.421821537574157264e+04
1.284537935538035672e+05
2.170196123285928043e+05
3.078256945299476502e+04
3.296004099977302831e+05
7.051387268626517616e+05
4.626403548321013222e+05
9.363867886735626962e+04
5.005200986281086225e+05
4.899669793530162424e+05
8.954153562815610785e+05
1.414855108918645419e+05
1.869693860760863463e+05
1.314134765697458643e+05
9.385634804992257850e+05
3.565390770634250366e+05
3.305426656236978597e+05
2.200746431691664620e+05
2.486601059422419057e+05
3.763755724246883765e+05
2.939898653916047770e+05
1.147461870737497229e+05
5.351767927544941194e+05
2.009268659236858075e+05
7.255320598199851811e+05
3.266806337061935337e+05
3.378257933614292648e+06
4.035535854777471395e+05
1.241925005227165762e+06
7.402754425484425155e+04
2.598012046486205072e+05
4.687429313049814664e+04
4.350303794054948958e+05
1.209311559024055168e+05
1.035017378927076788e+05
8.699653825566972955e+04
1.602725462843187561e+05
1.596658596947168407e+05
4.598425770522539387e+05
2.683417170655603521e+06
2.125667771537958761e+05
1.605528123790017795e+06
2.554771307006322604e+05
4.091300520991660305e+05
6.816692207428246038e+05
4.385212599852770654e+04
2.719330539654933382e+05
9.347635362713215000e+04
3.274311469778619939e+05
1.389656983582600660e+05
7.576022890617690282e+05
3.247321008504390484e+05
3.172945920973810717e+05
1.653679327882962069e+06
2.930215991071348544e+05
2.193420448363142204e+05
6.651966277919819113e+05
1.147911797096793773e+06
3.864560691397265764e+05
1.186317945952858077e+06
3.234768462229666766e+05
2.390876023168435786e+05
8.231101626831397880e+05
1.624215128313707246e+05
3.535489260367887910e+05
2.331196093805542332e+05
2.242998719993976702e+05
1.632610871109541913e+05
3.328185943024649750e+05
2.356217888369310822e+05
6.757886452049191575e+05
3.640296397186787799e+05
4.391259360699803074e+04
1.257583552606971898e+04
7.710117828006629134e+05
2.438690193409503554e+05
7.034846063736090437e+05
5.604113405002348125e+06
7.458953667201579083e+05
7.057047302650773781e+04
3.056392294643907735e+04
2.926303770479931263e+05
1.764241259917321149e+05
3.771538932770766318e+06
2.441360828456683375e+05
6.187477674287221162e+05
6.924412458311925002e+04
1.196618939753055893e+05
3.671728466278690030e+05
1.258187936083923792e+06
5.048202086418853723e+05
2.833732376388135599e+05
1.495742787679529050e+06
3.291248368311751168e+06
7.269292331309945439e+04
7.695670655839646934e+05
3.999501376130381686e+04
8.371109589356521610e+05
5.903087052167784423e+05
1.346456648849977646e+05
2.535187300953098456e+05
2.926161835539974854e+05
1.963606822700694102e+04
2.090540707650433760e+05
4.309623712002532557e+05
9.948425763765790907e+04
3.787423872196003795e+05
5.863225742479688488e+05
4.981883988968117628e+05
3.607732412885397207e+05
3.117304407213085797e+05
2.654840245231045410e+05
1.041199758028073004e+06
1.441325415801867843e+06
2.506469436014918028e+05
4.771666342821564176e+05
1.733643275698923680e+05
3.406193670306071290e+05
3.124637425782198989e+04
1.262914537745808193e+05
2.664504562475084458e+04
4.389773322841148474e+05
1.194698668926722748e+05
3.202386541321333061e+04
1.682913129449043772e+05
3.495608940089952084e+05
3.291887410085810116e+05
6.212420441891043447e+05
8.070405270131345605e+05
2.347242266091900819e+05
1.201730768479925347e+06
7.509556518427630363e+04
7.304048995627493423e+04
2.747646067610563478e+05
5.127802061427567387e+05
2.437462538433354348e+05
2.094886259521916509e+04
8.151293260460246820e+05
2.918940928624334629e+05
2.236438111591825436e+05
7.053302812561488245e+05
8.690423578981689643e+05
3.267074131399168982e+04
2.420856173398668761e+05
1.112497071383899020e+05
1.745436252265008632e+06
1.647351185245096858e+05
8.495392951604346745e+05
4.384938036962678598e+04
4.370840412036050111e+05
2.415142233018289320e+06
1.545464846254279837e+05
8.182293606755259680e+04
4.940908386932575377e+05
1.157612505979871843e+06
5.571465392050871014e+04
3.190241365522391861e+05
7.453487766976362327e+05
1.179329119072731119e+06
1.499714871669300832e+06
2.743998960978582618e+05
9.539816453365691705e+05
3.709134814502121299e+05
7.245227701996575342e+05
5.993754478421105887e+04
1.480757759901768586e+05
1.060855988227355294e+06
1.815298570016335929e+06
7.396127767284217407e+04
6.153105496374598006e+05
7.277918638833306613e+04
1.517030279991402058e+06
3.896830493959865998e+05
7.440992894268094096e+04
4.722926366183691425e+05
9.077798908021133393e+05
7.507958102556162048e+05
6.938242882998241112e+05
1.753928254365424160e+06
8.484816478094637860e+05
2.792156569569679908e+06
3.372317639317964204e+05
9.290174658013749868e+05
1.809024397750310367e+06
1.597177842154018115e+06
1.124630478024421027e+06
1.209504860308183357e+06
9.753670664593521506e+05
8.167992414726509014e+05
1.447964869126769481e+05
9.634725711288968159e+04
7.645188585514290025e+05
4.567511743617161410e+05
2.191261357646703254e+06
2.503868305996712661e+04
4.737860686177666648e+05
8.177544235482260410e+04
8.266861809426084801e+04
1.591865108459775220e+05
1.056625714652238239e+05
3.278155105300363357e+04
2.553677886577204044e+05
2.305423099048029166e+06
1.118457571004661964e+06
3.002623973502290028e+04
1.188700988072679378e+06
1.709608655118894239e+05
2.363838314132601954e+06
3.853163786866407027e+05
4.842492650092485128e+05
7.713618543710861122e+05
4.349179181785433902e+05
3.007576389337598812e+05
2.839882013306940207e+05
4.831947465224713233e+04
3.922132123790982296e+05
1.675124747306685604e+05
1.043363505047268409e+05
1.952909404290947714e+05
2.579996163582713343e+05
1.344077174921907252e+06
1.907479323763148859e+05
6.280067422604945750e+04
1.257761812568148016e+05
5.611471264399918728e+05
3.672632675012560794e+05
4.331322652500974946e+05
6.948466596200485947e+05
6.309628190068372060e+05
1.039984143959072535e+05
6.654173350801193155e+05
4.007173420655868249e+05
4.444315963510522852e+05
1.711281723526718561e+05
5.520621424829823081e+04
2.572818187473141588e+05
6.197257618841013027e+04
1.806206223285506130e+05
1.680539885641148314e+06
1.664798957579512789e+05
1.738170016234522045e+05
2.447030213657649292e+05
1.856843636971664615e+06
6.383100645180121064e+05
1.513009817004084180e+05
2.089883122022658645e+05
6.725356097009967780e+05
4.019930103835863410e+05
8.892343297934137809e+04
3.622629888677798590e+04
1.018760227882188978e+06
5.219520069208476343e+04
2.688876172954216599e+05
6.400123788935232442e+05
1.798591288689036621e+06
3.116210577846302185e+05
1.071935457822007011e+05
5.963293209291032981e+05
3.802211496653841459e+05
5.192465406325080548e+05
2.163852593540604226e+06
4.026699862316666637e+06
1.278607964358530240e+06
5.376022022586095845e+05
5.067954740176796331e+05
6.787138536151987500e+05
3.574115540450605913e+05
2.152092022135843057e+06
1.774500862242795702e+05
3.232508103562546894e+05
8.145857410772918956e+05
1.169329827772363788e+06
8.104445240647132741e+05
4.233218688838701928e+05
2.112909066596011689e+05
7.602504535099080531e+05
1.381687425918259425e+06
1.092947548498493619e+06
7.943363954977678986e+03
2.694412809726425330e+05
4.834791310310265544e+04
2.463765021233711159e+05
1.887249317949789111e+04
6.441337760252687149e+05
4.459351374729004601e+04
6.272729599909762619e+05
2.273130316471806727e+05
4.397375194689969067e+05
3.607467741153964889e+05
4.783495065322743612e+05
1.165999860725475810e+04
3.380208838331797742e+05
1.284512741237309965e+05
3.905984816407629987e+05
1.364885158848650462e+05
2.947996921107983799e+05
2.053508756372789867e+04
1.497891620419031242e+05
3.144681469256394776e+05
8.168069935683516087e+04
8.770985968027435592e+04
4.630327383056324907e+05
1.790866946726530150e+05
1.233612437308319932e+05
2.380035747012092732e+06
1.273292788654684089e+06
3.299276067719483981e+05
1.565151579813529970e+06
7.909033148158525000e+04
2.261529574664764805e+05
9.757373227220401168e+05
5.134148007658806164e+05
7.258260225356529700e+05
1.380415066320625367e+06
2.674486734063997283e+05
6.840425693504538503e+04
8.120285432116281299e+04
7.815560532196023269e+04
2.240696502037541009e+06
3.613464112661359250e+05
6.030099297039201483e+06
1.473185088543888647e+06
1.330611530374787690e+05
1.502325782114808098e+05
1.190908151296323049e+05
7.143135122551737586e+05
1.779599504861332825e+05
2.206267089919458085e+05
3.631023657903083949e+05
1.088367525483205914e+06
6.123923300604479155e+05
2.708987284126919258e+04
1.231502569013835629e+06
4.783841206474696519e+05
7.526749836928782752e+05
3.150917165201488533e+05
9.070794197948419605e+04
2.151320127355490695e+05
2.051929333143914118e+05
2.883525191084968974e+05
4.004108386689193430e+05
1.132281526292268536e+05
5.859828254287269665e+05
5.382533154704008484e+05
5.622655933627252234e+05
1.165466919130594324e+05
1.120122371131407563e+06
5.619096223039678298e+05
4.005543257798377890e+05
6.242844420977990376e+05
4.605588534488021833e+04
4.270259640412642038e+05
1.632720376699806657e+05
4.875400248736644280e+05
5.979273636265867390e+05
2.841219129507442121e+05
2.188112671370301687e+05
9.390009691885061329e+05
8.635388216278582695e+04
1.445457843508608858e+04
3.493809826480396441e+05
1.135797512813881040e+06
2.981340094282721402e+05
9.704549023928691167e+04
4.107031161654896569e+05
1.828032580325024537e+04
1.628440314483462716e+05
4.203912880356616224e+05
4.642953489500868600e+05
3.215168880653551896e+05
1.069106148327942006e+06
1.499485939243085741e+05
2.336072030630911177e+05
7.710469601376141654e+05
5.147502056513995194e+04
2.936586706781916437e+05
6.393293326721799094e+05
3.954141992932103312e+04
4.790659834893886000e+03
5.951607050115467282e+05
8.557035923283899319e+04
2.805488446260047567e+04
4.555519664953298052e+05
5.726034852989030696e+03
1.826252051830251236e+06
2.976553418042586418e+05
1.131630483120728284e+06
4.641676187626310857e+05
6.347090196323747514e+05
5.441828177485482302e+05
5.125301874109238270e+04
9.568351907864486566e+05
6.009264630382716423e+05
1.012870901940386510e+06
2.722883156959258486e+06
1.614837037094621919e+05
1.992992532230461249e+06
7.442648328295315150e+05
2.256607676864670648e+05
6.090212668514352117e+04
1.155626420493146637e+06
1.162828040242781630e+06
6.165416764799819794e+05
3.829733975845908863e+05
1.001946860699775862e+06
1.573930862379995233e+05
2.726102385124481589e+04
3.309497490437947563e+05
1.791337550693185476e+05
3.637112132318126387e+05
3.965954272365693032e+04
6.353583424729937688e+05
2.485780907662193291e+06
5.619331703966328641e+05
1.474288108152539004e+06
7.236644944013936038e+04
9.487428378701191104e+04
2.506409582666909846e+05
5.091422604813782382e+05
1.032038621708979015e+06
3.145650046058309381e+05
2.403783630041372380e+05
1.213053034793592989e+06
1.310981189104754885e+05
8.731456699128984474e+04
2.312336477950626577e+05
7.648907122841199161e+05
2.888759485871482684e+04
1.339371628569649183e+05
1.029471002513045561e+06
4.688271348998790490e+05
1.387338102819395252e+06
3.339755342159261345e+05
1.782738533693515928e+05
4.374397548361670924e+05
7.380381359526979504e+05
2.085784531401245331e+05
4.039234582484167768e+05
3.229510285610432620e+05
2.313578600958480092e+05
1.896558888431846208e+04
4.404115633611678495e+05
1.004140433423693321e+05
1.135863397055301117e+06
1.898227904446726025e+05
5.957984377089853660e+04
1.320328012445647037e+05
3.732333413195276516e+05
1.405926869938510237e+06
8.547453976174736454e+04
1.230414905343495921e+05
2.841876791091541294e+06
3.878526865722159855e+05
4.776547247527983272e+05
1.034086829432808328e+06
1.130646829467521980e+06
2.571322679903808457e+05
9.286240111193530029e+05
1.783706639936220308e+05
1.037556447961172787e+06
2.721753529847424943e+05
8.584358123002732173e+05
6.274321448033549823e+05
3.311843939935970586e+06
7.892381421008473262e+05
1.876510207975529775e+05
4.026732163014963153e+05
3.908688243164482265e+04
1.279316922480685462e+05
2.376454941458332760e+05
6.348306837887490401e+05
1.390017805596851977e+05
7.223545652061947621e+05
2.055231101090589073e+04
2.365976847030395584e+05
4.131477444659933099e+04
3.583970374824339524e+04
8.578162534973735455e+05
3.369036343608532916e+05
1.539101416198502702e+05
7.727040469855075935e+04
2.042433006449875247e+05
1.516031015762806637e+06
1.015657881949092727e+06
2.740398963738905150e+05
1.818787590221059800e+05
6.401191472057782084e+04
2.188342989239534654e+05
1.552370371686673898e+05
5.509179091951199807e+05
1.799452998260708118e+05
2.427695631932181641e+04
8.225185200924949022e+05
8.748473792899766704e+05
2.267607462187985657e+05
5.088105293879161472e+05
1.619078349407393544e+05
1.026707691081640660e+06
1.853289023805350764e+06
6.267922764396659331e+05
4.709572552421336877e+04
7.651295948257399723e+05
2.549642339607077301e+05
4.793065428866239963e+05
3.587659455795666436e+05
8.948731850439152913e+05
1.774776377883161476e+05
3.452027110261062626e+05
1.513615694871824235e+05
2.441882174770508427e+05
6.920949215865932638e+04
3.835774278430455597e+05
5.056156857378318673e+05
3.048999969115613203e+04
2.481091700049695792e+05
7.595151044465320592e+04
1.718439551618176047e+05
6.510866845562711824e+05
4.677501155320964754e+05
9.082828300260627293e+04
1.590470833066213876e+06
1.695852153774702747e+05
1.042832062029845198e+06
4.047562137055767234e+05
1.776108065807953826e+05
4.066101096121339360e+05
8.892635717969043180e+05
1.875296012329710065e+05
1.229156419784858444e+05
2.056898642765580444e+05
9.540288546891182705e+03
6.272203192347576842e+05
2.306128965981315123e+05
1.828249346117294626e+05
2.806262199386467692e+05
1.730968073659228161e+06
3.704949066824878682e+05
1.378682499022626784e+06
1.474823467615506845e+06
7.440936079617755604e+04
3.162540340844095044e+04
1.699165185360380914e+06
1.548250867542235355e+05
9.978408722176203446e+04
1.765211913972870389e+05
2.414844053894004610e+05
7.737694493183093145e+05
1.590690189525902038e+06
6.403419300966361770e+05
1.886777695985294704e+05
1.062378105067035183e+06
3.776043636318169301e+05
1.594233968982283724e+06
1.754617518638093257e+06
1.685671869109335530e+05
3.665478942542185541e+04
2.854382083021886065e+05
6.812951505438849563e+04
4.024539913565050228e+05
2.836870318343450199e+05
2.765734674420006922e+05
1.611081072490714723e+05
1.742675548272689804e+06
2.488551703969725932e+05
7.308753740153694525e+05
7.286825146112395450e+05
3.926267564144246717e+04
6.262931506330434058e+04
1.327838972981833620e+06
2.736525983291802695e+05
8.824378954939641699e+04
1.019011292255954701e+06
1.783799187526401947e+05
1.375998984054615954e+06
1.105793887654219056e+06
2.886660023797371105e+04
9.028277461303505697e+04
3.013381565330247395e+05
1.440375776521890475e+04
2.166811834937162232e+06
2.653315876441431697e+06
6.804088019701053388e+06
6.236911662770585099e+04
1.086235897670888698e+04
6.188947392327345442e+05
1.583165549332635710e+05
6.336958065386442468e+05
9.780689565034910629e+04
4.484104135538176051e+05
1.304175395280531520e+05
6.173516394794098596e+04
4.731992458029282279e+05
1.090954851720957784e+06
1.092582901629582484e+05
1.851102689620344900e+05
1.163759508701405022e+06
2.016017234072807187e+05
3.605054479653442395e+05
3.976448733197399415e+05
9.405336115055496339e+05
2.906447477080704994e+05
1.583538627000031411e+05
7.899160047590675822e+04
2.501377302524020488e+05
1.727451539569057350e+05
2.671186064404918579e+05
4.347682384905297658e+05
1.352548272972843552e+05
4.115175250639382284e+05
4.244215740840308135e+05
3.080479988537443569e+05
6.098743756708614528e+05
1.614954569220136153e+06
1.205271574746731058e+05
7.055003494372803252e+05
2.051634472175152623e+05
1.361182480814130977e+05
9.579113011774404440e+05
3.506961916785893845e+05
2.954107301472229883e+05
1.812812546619453351e+05
3.018158321809851099e+06
4.778122574044908106e+04
2.115708111870362889e+06
2.407029382004613581e+05
1.649824133694185875e+05
3.253449148159755277e+05
1.123670938201842946e+05
5.604817149612128269e+05
1.152923141873924294e+06
1.847107033656055573e+05
3.474744980595289380e+05
1.921032130109606776e+06
1.250079053707372863e+06
2.490094729209149664e+05
3.382145181825695909e+05
2.902995923575377674e+05
9.319509559482492041e+05
1.667435710028262110e+05
4.096444943413978908e+05
5.511097232557261596e+05
1.762195930156206887e+05
2.870385748428062070e+06
2.724355406683395267e+05
8.134082446339538728e+04
1.995815799502337759e+05
1.074367903378615156e+06
2.187646038623278146e+05
8.168530819137349026e+05
4.144291683198222308e+05
1.463095788830525125e+05
1.582745380473870318e+05
2.827097576614179998e+05
1.216078955315925647e+06
2.766899170126855606e+05
2.780817525544141536e+05
6.123091197459255345e+05
3.873459953569544596e+05
5.896421281301847921e+04
1.768086595290766563e+05
8.888139565858080459e+04
2.606501494076233357e+05
1.869275762706436799e+05
5.681743024733138736e+05
5.722438215167117305e+05
3.303860499620127375e+05
2.829340618580258451e+05
6.530952680441322736e+05
9.657492099692412885e+05
4.824769657549975673e+05
4.785818016696011764e+05
1.663905420013095718e+06
3.554788004075289355e+05
7.288768971886045765e+05
2.506073830303380382e+05
3.496574663112110575e+05
2.210410179840310593e+05
1.590253160361819901e+05
4.163512114087158698e+05
5.977778691392431210e+04
8.382472464376530843e+04
7.421305937505549518e+05
3.403983109599584714e+05
6.044724407714219997e+05
5.105909233149886713e+05
4.929043844062342541e+05
8.618152038760352880e+05
1.549697191075449227e+05
5.521593821332392981e+05
1.222379685472587356e+06
6.875732307541654445e+05
8.294553561350997188e+04
5.861852002503882977e+04
1.547378405392116692e+05
2.858455813825421501e+05
1.247696805813949322e+06
7.462694916510649491e+05
9.307244107661655871e+05
6.739578885932773119e+05
9.566174606286207563e+04
1.012125548821762059e+05
1.539576781431886833e+06
6.792397554587927880e+05
4.929204700352288201e+05
6.194038231479109963e+05
7.219461042426095810e+04
2.814776926451185136e+05
3.195742748251726152e+05
4.490152607665570104e+05
1.284541244325129956e+05
2.367527020405013172e+05
8.590707724183435785e+05
7.625175737070250325e+05
2.969275998077612530e+04
1.106420938671851181e+05
4.067797441549613723e+05
1.666584780505180242e+05
4.516472053002935922e+02
2.737454198065657401e+05
1.365547798751596594e+06
1.493620641358772409e+05
6.591523947940726066e+05
7.147232870546061313e+05
3.383020002012111945e+05
6.896162007919060998e+05
1.670941135802941280e+05
2.870255841559085995e+06
3.292634499959800858e+06
4.634426752677856130e+05
5.436770201681253093e+04
2.303047020577402785e+06
4.420926209485812578e+05
1.294188428350122558e+05
9.904645152720548213e+05
1.061958949336966267e+06
3.482347155076523777e+05
4.457205613848930807e+04
2.491700865939016920e+06
1.622277960049132816e+05
1.764874118184655381e+05
3.226420319890719838e+05
9.606709920332813635e+04
3.585782061580676818e+05
3.129169404115637881e+05
4.653775658805390121e+05
2.071722637289873674e+05
1.456003031298099959e+05
5.575051639154389704e+04
5.359173554305810248e+05
3.738241232557568583e+05
6.432616456728123740e+04
5.763836855617059628e+05
2.006201421505665639e+05
3.689996295045933803e+05
9.121766118729878508e+04
1.485271143205472501e+06
1.033429015523010457e+05
3.698834814147744328e+05
2.497951168763822352e+05
1.428872599619681248e+06
1.938538118822014658e+05
2.721127334053498926e+05
7.905041699665185297e+05
1.614544251306219376e+05
4.038360201146212785e+04
6.933317143617452530e+04
7.450283901053000009e+05
1.565389474569983722e+05
1.843965785384920600e+05
5.834633829416193767e+05
2.403931267266482755e+05
1.023318401243997796e+05
9.147617517711130204e+05
3.996122686901152600e+06
1.335989617885107291e+05
1.947524615552487376e+05
9.530262017765705241e+04
2.473484781363042071e+06
1.459569650683316577e+05
7.276163588377594715e+04
2.618081100487213116e+06
1.737011699220712762e+05
6.760579728815339331e+04
9.004505916648825223e+04
1.522012010199691576e+05
1.098221036356203258e+06
1.508876465496522142e+05
2.809611683524585096e+05
4.431399215266873944e+05
6.752909380121370777e+05
7.462342004739466938e+04
1.055080368812728906e+06
5.038440504640960717e+05
2.438827907089125365e+06
1.161636032577258447e+05
6.998668400483278092e+05
1.331977390510236146e+05
9.458665468443378631e+04
2.992808202413834078e+04
1.232167901062918681e+05
7.112996680917807389e+05
1.873347492802661145e+05
6.154528113808990456e+05
8.291383472059243359e+05
7.287335851045498857e+05
1.258569713779150741e+06
7.784792087175643537e+05
1.828881406331421167e+05
5.854801215891853208e+05
1.136552706914620940e+05
1.533731936698377540e+05
5.424722012742006918e+05
3.637841033398227300e+05
4.069950486301733763e+05
1.146793592302110512e+06
4.434442797731881728e+04
5.811744420942384750e+05
3.477823764861456584e+04
1.643873449317254359e+06
9.506313538166995568e+04
3.385349482178147882e+05
6.668340948181250133e+05
5.965916425902108895e+05
1.553149151587474858e+06
1.716887506102444604e+05
3.678871359165583272e+04
1.050302480040611699e+06
7.703962231699593831e+05
5.215271878154109581e+05
1.401820592520336155e+06
1.593395790234556771e+05
2.942755222958061378e+06
5.217310296940148692e+04
8.309119960461168084e+05
6.007744711557289120e+05
4.050246876834589057e+05
9.494634925398021005e+04
1.485033672230209049e+05
6.461570185201241402e+05
8.153602350118121831e+04
1.648704651987163583e+06
3.136446238914586720e+05
4.262336686412060226e+04
6.737084408206391381e+05
8.001950936418834317e+04
2.345650656835529662e+04
6.374437788824152667e+05
2.532642237976526085e+05
