1.420262441591593088e+05
2.114301161302511115e+06
1.445219787713439204e+06
1.591542968997915523e+04
3.212623966812120052e+05
2.488425501949269790e+06
1.184316311595698819e+06
2.674061161882993765e+05
1.948621100989589177e+05
3.914578273273417144e+05
4.146493205066572409e+05
2.264760010256084788e+05
1.101058448904103716e+05
3.359912262216678937e+05
2.155036189375546295e+06
5.006318568780249334e+05
1.937928930619038292e+05
5.827413076925902860e+05
9.413155967124617018e+04
3.386426472634629463e+05
2.638017265958475764e+05
1.051486037619239141e+04
4.737116386423897929e+06
2.423635090336212888e+05
9.907590180284575326e+05
2.552817684874119004e+05
2.885941134648768348e+05
5.239169477311269293e+04
1.032341892361275968e+05
8.436031984597721021e+04
2.014221348505488131e+05
6.968310448498600163e+05
3.376809714421137469e+05
9.958549823572594905e+05
5.722822069662908325e+04
9.800270189498653053e+04
2.102246690473815252e+05
3.583645463621206582e+05
5.083430665545082302e+05
1.883664006720410835e+05
4.941912970712048002e+06
2.418953733682030579e+05
4.049183682430334156e+05
6.515798288356207777e+05
1.118251452255379809e+04
1.821629620821999619e+06
1.264371890078300494e+05
3.469520151235700469e+05
5.889272834161686478e+05
7.998739606671526562e+05
1.019502264577685622e+06
1.790045304464514833e+06
2.090101614241900970e+05
6.065603520342965930e+04
3.435606678209861275e+05
1.515385894374577620e+05
5.108777011335364543e+06
7.463590222692380194e+05
1.269468323155234830e+05
4.604226072163123172e+05
7.052428323360926006e+05
1.724130470706852619e+06
1.473060159467546910e+05
4.159352508739375626e+05
9.184400756149382505e+04
4.139229583826101152e+05
2.278166863468949741e+05
9.068736582430711132e+04
2.795294847612753510e+05
2.171377357377576991e+05
6.006753203519200179e+04
2.157747777337239822e+05
1.140943925319555274e+05
1.615589263979996322e+06
3.538254447907342546e+04
3.865109838652618346e+05
2.258817520132016507e+05
3.300820185773799894e+05
1.864866650683751504e+05
8.391041978839626245e+04
7.572743826434670482e+05
2.718961882028819527e+05
1.338233176564179594e+05
6.303089812277075835e+05
1.067628065400456078e+06
5.326411156222600257e+05
2.175678663774281740e+06
1.491461127692190348e+05
2.795755637235881877e+05
1.941701163247756194e+05
3.008771571253676433e+06
7.558898938578244997e+04
1.977569730783944542e+05
2.270682193562856410e+05
2.264564575866188388e+05
1.009464650829806807e+06
2.085342744293895958e+05
1.089868178733181208e+06
4.009798316670656786e+05
4.568180654841570067e+05
9.985164866012644779e+04
7.606199077269290574e+05
4.697622060615775990e+05
3.286861978163649474e+04
5.884333999828742817e+05
7.782747670755669242e+04
3.623941241386527545e+05
9.250639012756500393e+06
1.012101454272629460e+06
5.242716825649857055e+05
4.151732219221238047e+05
6.237423708631235786e+04
3.605912438278389745e+05
1.245685298930780700e+05
3.421340727296169644e+04
1.195186835068396293e+06
1.489827178335134813e+05
3.435433547485999297e+05
8.681674218023939466e+04
6.286083394080669386e+05
2.236836626419474487e+05
2.738692951660745312e+06
7.436683503815463337e+04
1.162153848744492745e+06
2.503493448821878992e+05
2.027297389451168012e+06
2.812138390849016141e+06
8.494257678530979902e+05
8.505175879667298868e+05
1.082147544524904806e+06
5.061287198390244157e+04
5.088229964703317964e+05
3.299858228607101366e+06
1.681808911678130273e+06
2.016772627737851872e+05
1.784390086532104760e+05
2.882050201248578960e+05
1.372853908234959526e+05
5.115633195083140163e+05
4.512818789120686124e+05
2.002898053243187314e+05
6.326109841437623836e+05
1.693293303803063463e+05
2.000657553385725478e+05
6.029912428241769521e+04
1.455651254541730450e+05
7.912456458437326364e+04
2.773754810210843571e+05
3.269893514407739276e+05
5.800661107300771982e+04
2.541587270492987707e+06
1.984343083871149283e+05
5.483405034899766324e+05
1.906320670334175520e+05
7.939847898087898502e+05
3.412870754265597207e+05
7.904283485138174146e+05
9.405879267836161889e+05
1.880290530199958594e+05
1.897284809706931992e+05
1.555838196347592166e+05
4.029538511037768330e+05
3.103192898614571313e+05
1.802151550285863923e+06
4.936656868111571530e+05
4.258541651013649534e+05
1.013982728856856556e+05
7.132027532718885923e+05
2.320640273521251220e+05
1.173536641993353260e+05
4.362634200126123033e+05
1.997639838744669687e+05
2.565603100081894445e+04
2.432785539827733766e+06
1.053887688888821285e+05
9.189324717877599178e+05
1.984980957550900057e+05
2.083203905625517946e+05
2.545337869973782217e+05
2.604056101491806912e+05
4.246587320547297131e+05
3.188789489629480522e+05
4.209068051765431301e+04
2.631622443132750690e+06
5.131682668355699570e+04
1.506629564454277977e+06
1.098117443964592239e+05
1.563236330816388654e+05
3.770366643316186965e+05
3.275996880149394274e+05
3.394974972969709052e+04
7.396405456654912559e+05
5.757542023111452581e+05
2.857724194061100134e+05
2.321289489125199616e+05
1.767658476818836352e+05
3.192726045329376939e+05
1.109708218082129024e+06
9.366027225445751101e+05
1.856511546264906428e+04
9.424712795029354311e+03
1.857377739217316848e+05
1.779888324715505296e+05
2.652115343344632129e+04
2.740644593385957996e+05
6.403373089916980825e+05
4.891100215381745511e+04
5.217479891388584510e+05
4.415577006780153606e+05
1.330106984381390794e+05
2.503277208674541325e+05
1.114299708315910771e+06
5.683775430997370277e+05
1.489073097847622121e+05
4.806468318521728506e+05
1.471668484957496985e+05
1.287293826723314123e+06
1.917192846754514321e+05
2.516532012680392072e+05
2.449749879409516288e+05
3.040065436645402806e+05
7.862495860995764378e+05
4.407934346052885521e+05
2.077430474330918805e+05
4.009991618436197750e+05
3.363800024026975152e+05
5.120911518770281109e+05
1.169860937636863673e+06
1.454280199919916922e+05
2.023097222319530556e+05
3.212915385942042340e+05
7.618163731420054100e+05
2.322000580142666877e+05
4.704676816368408618e+05
4.646669747742236359e+05
4.473798018435591366e+05
1.228159037697942229e+06
1.951914275874417799e+05
8.830700507317557931e+05
1.718373034401147626e+06
1.563170927263477643e+05
2.501430375134432979e+05
1.378165886165339267e+06
4.849526036603339599e+05
5.078180513686656486e+05
3.360615407306928682e+04
1.957873043405957986e+06
2.963880203395097633e+05
2.281659105635674496e+05
2.088703433714720086e+04
3.660600280411489075e+05
1.132030318556105485e+06
1.894487196417274536e+05
6.310657865116535686e+05
9.942668218382728519e+05
7.848282404876183718e+05
1.316438702723789029e+05
7.119624961797577562e+05
4.434267892167125246e+05
8.720571051534916041e+05
1.370026549400264630e+05
1.915436789520421531e+06
3.631329695863919915e+05
2.579542683356658672e+05
6.183304766151354415e+05
3.521292079992856015e+05
6.081632055237310706e+05
2.724936713375606341e+05
1.824752406950306322e+05
2.534706911101547303e+05
2.068113375957559620e+05
3.447438121862036060e+05
8.037226631367946975e+05
1.142842060160162859e+06
4.089333758698164020e+05
7.031001721942103177e+04
5.102909047629685956e+05
9.686330190859403228e+05
1.211025852118487819e+05
1.188658266207625420e+05
8.599628660616116831e+05
7.814169099646976683e+05
2.413903690855067107e+05
5.603460679582406010e+04
9.380740931475672405e+05
1.055489985254399217e+05
9.649464581786077179e+04
6.130368638267973438e+04
3.158856668211697252e+05
2.940527283855522910e+04
3.665920688323404756e+05
6.673156319358498149e+04
4.071863623222079477e+05
2.038770096690852370e+05
1.014727153708355268e+06
5.712930872073597857e+04
9.955200377498961752e+05
1.133562525572647573e+06
4.006515465398334200e+05
1.457030127834918385e+05
1.241321340655379696e+06
1.517067459864222837e+04
4.101094616376244812e+05
3.709018899899151875e+05
5.286938410236139316e+05
8.382951783122994239e+05
5.119070675390518154e+05
1.076163708659053082e+06
1.409313860830779304e+05
2.330194672402699944e+05
6.352191637820367469e+05
5.916488082063535694e+04
1.814208642721195356e+05
2.135155624557679985e+05
2.218226703663874941e+05
6.640431983440839685e+05
6.679596364052183926e+05
4.775836052798034507e+05
1.200429391063983494e+05
1.809844190857200301e+05
9.702104165004497918e+04
1.078950941159627400e+05
1.152400518004156329e+05
5.785512398658924503e+05
1.890588578174387221e+05
3.601463505865649786e+05
8.412633196116260951e+05
7.880118500327515358e+04
2.812276951388317393e+05
5.356338508060823660e+05
3.828086634955710615e+05
2.004311859827184526e+05
3.355250564423400792e+05
3.455984270679366455e+04
5.735657472924775211e+05
3.006441044654362486e+05
2.442449941624457948e+06
2.419517682084880304e+06
4.273168410505038919e+05
2.431989744753947525e+04
1.251745979611937073e+05
3.881554370849829866e+05
7.129896404743855819e+06
1.542156927845733939e+06
6.690948648344064131e+05
7.893948980682659894e+05
6.755258197106771404e+05
6.144242925795128394e+04
1.747442253798209422e+05
4.310464623108860687e+05
8.258107769390220346e+04
3.843073638268123381e+06
1.285635751676619257e+05
5.276941731536072912e+05
1.953700160658473324e+05
9.661217003602952173e+04
1.468491626651393482e+06
2.270563423863318167e+05
1.885580679338270274e+05
2.985018860657310506e+04
8.124789597329325625e+04
3.257999951191050422e+04
6.801660802775770426e+05
1.970698195246857067e+05
5.717521626567144267e+04
6.504158777962236200e+05
1.869633346566535474e+05
3.397764463953626691e+05
9.655600581698211317e+04
2.301533443968174834e+04
5.634552629165630788e+05
2.436914736020456476e+05
1.231850817489098292e+06
3.537855697038267972e+05
3.202471288083477411e+05
4.717288982118671265e+04
1.004289433641736105e+05
4.579393462654153118e+05
2.231676919691036746e+05
1.647559007605089573e+05
3.269969574053797405e+05
2.021230281023348507e+05
4.462227187151666149e+05
9.080408702603711572e+04
6.378046613802372012e+05
2.763044505170489661e+06
4.597020330232700217e+05
1.483663806976385531e+05
4.447803087696526927e+04
1.133419856304425281e+06
3.008754388863526037e+04
1.669242903922300902e+05
3.127714664959200309e+05
4.234403229341282276e+05
2.047796396698940080e+05
1.098730801810905105e+05
8.959063696596715599e+05
9.390200665761735290e+05
3.587778485557813547e+05
7.929601706303720130e+05
4.809516284974630107e+05
1.716733470869450539e+05
1.703909084418070852e+05
1.460112462326625828e+06
1.176808143634911627e+06
6.178624758870651713e+05
5.247948440370211756e+03
1.314793957803219964e+05
5.942199752265271964e+05
4.094117515388109023e+05
8.072863229126481747e+04
1.831135180515545886e+06
1.503014326049448224e+06
4.593365152840196970e+04
3.637090929591444437e+05
2.529324477431359992e+05
7.717160237749681110e+05
6.204140264113360172e+04
6.312535513043868123e+05
1.305011317146986490e+06
1.193819035397709085e+05
3.455049889002398704e+05
5.637540698926402256e+05
2.791768511065530591e+06
1.667680852543242218e+05
2.623449811437898781e+06
1.598957533191736555e+06
4.286452543666823476e+04
3.169324043823498650e+05
5.020451124021976138e+05
1.403351330571972649e+05
2.084831017056471319e+05
3.795095625180517673e+05
3.627880716028010938e+05
1.163124908968040108e+05
2.216032450443890702e+05
2.599331395951220766e+06
2.404784888414590678e+05
2.211840875768642407e+06
1.069906673278072849e+05
1.153252628409318568e+05
1.427507203930620453e+05
3.613205638817827275e+04
2.966338755820463412e+05
2.371930237949995499e+05
1.502697299504217808e+05
1.835014812384082179e+05
2.794809629033149104e+05
2.524721649172875332e+05
5.645937706025914522e+05
3.178389838856805582e+05
1.543442582230644475e+05
4.391994574714390910e+05
1.713517459622424096e+06
3.156237152947307914e+05
1.335340436224444129e+05
1.369677428858139610e+05
8.745879298534194822e+04
6.096260743133360520e+05
7.646030956614859169e+05
2.054911092225550965e+04
9.348138707134423021e+04
1.592031481436378672e+05
3.267864642639546073e+05
9.576827022676729830e+05
4.340898047204320028e+04
1.302284556143088965e+06
4.234745629116461496e+05
2.732193485732453337e+04
4.390586282753188862e+05
1.600034892484089651e+05
1.013908628421504181e+04
4.938495478847610066e+05
3.230230696174353943e+05
7.241498318082193844e+06
2.876735060645774938e+05
4.205097909206720651e+05
4.174736771138460026e+05
1.536801566906519467e+06
4.054250967580252909e+05
2.030682711215001182e+05
4.219014465149600292e+05
9.786788573459198233e+05
1.428258659059099853e+06
1.791482856998148491e+05
8.960322413972740469e+04
2.104526550849684514e+06
3.600064543884965678e+04
1.318105646094613185e+05
4.175878700209190720e+05
6.325901399695837172e+05
4.603105034772692306e+04
5.932103823259772034e+05
1.989798333559172752e+05
3.393878048694742029e+04
8.148024347060784930e+04
3.939444734423152404e+05
2.916558565356231411e+05
1.707183860482582240e+05
3.680321225424502045e+06
1.501755928596998099e+06
1.314695778633912560e+05
2.404423191863284446e+05
5.559177533410001779e+05
1.532742834819342708e+06
1.160327499225286556e+04
2.996284499183571897e+05
1.226064513733664295e+06
1.309870068650052883e+06
2.282414270659987524e+05
2.244495264025820943e+05
5.504096312523108209e+05
4.747018916958344053e+05
2.274602113096211688e+05
2.975123326872850885e+05
3.596949945378828561e+05
8.186652310084836790e+05
4.934050617878324119e+05
7.654587132472601661e+04
4.696321191686975770e+06
7.883177820624506567e+05
8.769700742422873154e+05
8.544596090275530005e+05
9.750200076832590858e+05
5.654507341323323781e+05
4.846185574838530738e+05
1.748550324172347900e+05
7.162802616497339841e+03
1.364319656697925180e+06
2.455515773479321506e+06
2.901081310941087431e+05
2.558919168646046091e+04
2.228653365518673323e+06
7.379419866415175784e+04
2.289770722265142540e+05
5.345797025989667745e+05
8.380067877918781014e+05
3.200475512042372720e+05
1.509335674773506471e+05
2.954077242639999604e+05
1.187952739913688507e+06
2.300792937324144004e+05
4.913145377053623815e+04
3.055415323275561605e+04
1.490981780136333546e+06
6.498888833954640431e+05
8.884121157382136444e+05
1.213071751250102650e+06
5.607340626167923911e+05
1.308152129975351854e+05
7.228324975033744704e+05
5.982115009220961947e+05
1.314254031231957721e+06
4.490632817496520001e+05
6.639839066656975774e+05
3.855078353103372501e+05
1.543663053802164213e+05
2.184714350569973976e+04
5.383464607347884448e+05
1.859749222878650529e+06
1.916543170452283812e+05
4.251645046925820643e+05
1.209115740722660907e+06
3.426734385794852278e+05
2.564520980903209056e+04
6.017627134247163776e+05
2.322178299224475631e+05
1.884701601086335140e+05
1.176214615962311509e+05
3.537204988141842186e+05
1.383093331814014120e+06
1.560091024003185739e+05
1.292293318538442021e+06
2.674818641086190473e+05
5.179920899758483283e+05
6.998117745960758475e+04
4.589815733321516018e+04
9.324696479864473222e+05
1.141478888331094990e+06
1.767820723457449814e+06
4.259112731878017803e+04
5.125754328014786588e+05
1.126411284071455448e+05
6.823572526216163533e+05
1.322090435844599851e+05
5.769088241602334892e+04
4.851068299562421744e+05
2.271331023911121767e+06
6.154714905779366381e+05
5.972741866195495240e+05
5.224502261507351795e+04
4.681144606109423912e+05
6.050059177013566950e+05
2.854506635606980417e+05
4.659500697787137469e+05
1.897411981667802611e+05
8.579592344409609213e+05
7.055739521977083059e+05
8.205797818868249306e+04
4.171251226432275493e+06
6.800297918255791301e+05
9.946772646278397588e+04
1.861662524819413666e+05
1.080322266210601520e+05
8.707976413914901786e+04
9.615710574631432537e+05
4.570391298126925714e+06
7.091460990238535451e+05
4.181248180398706463e+05
2.232216451058310631e+05
8.667936123336935998e+04
8.993200067220915807e+05
6.216087095605760114e+05
3.162311397245940680e+04
1.105687979856835009e+05
8.666780945355994627e+05
2.266067028208682605e+05
4.103433088824935257e+05
1.164389107634474349e+05
1.679938269408071355e+05
7.464246474702688865e+05
1.035854106635420118e+06
1.381125702993631130e+06
4.954003526093086693e+05
1.445046484052154701e+05
2.698067799386446131e+04
1.686608295109132596e+05
1.395957499997514533e+05
1.087617790331992321e+06
4.201780240452869475e+04
1.430801721326159313e+05
3.354567736559744226e+05
4.395390344675457454e+05
3.070052689053807408e+05
2.273510081322236452e+06
7.585491707506472012e+05
2.961564977709697559e+05
2.005248660640888556e+05
1.433648678927504690e+06
1.636771436668260139e+05
1.823688308523313608e+05
7.200294872857963666e+06
8.917731431599459611e+05
7.242982613920915173e+05
2.176433802180658386e+05
3.206157066249422496e+05
7.367580797360059805e+05
3.026845447932040552e+05
1.793098303155816859e+06
2.214709977857786871e+05
1.912353241292786552e+06
2.434400575218466402e+05
2.614866818029063754e+06
3.383863465548084350e+05
2.530496011992252606e+05
1.816681927385382005e+05
1.394169865964326309e+06
1.455423017662141356e+05
1.824533845698872756e+05
2.529184812356135517e+05
4.425249620882841555e+04
1.749772735007092706e+05
2.189816563546541147e+05
2.397431286691946443e+06
5.585875329155931831e+04
6.262429469024933724e+02
6.767694479694247711e+05
2.635582925655373838e+05
1.946051378157122293e+06
1.637372952926657454e+05
1.833452809845972515e+05
6.365441544511864195e+05
1.404392442385875620e+06
7.830939829950394051e+04
2.924134279701345367e+05
8.860163482213502284e+05
3.799352741194918781e+04
2.362958477072929090e+05
7.872686306308755884e+05
1.606385826302025001e+06
2.178241667187340208e+05
8.073118707844866731e+04
3.536996704935380258e+05
4.181221864415279706e+05
2.178462506356147060e+04
8.888927857312990818e+04
2.959598011417303351e+05
9.333007079394756583e+05
1.674326390062701888e+06
4.266360336240195320e+05
3.439712539997985004e+05
6.206996949598444626e+05
3.703122859246137668e+05
2.393499845597954991e+05
8.805127732494848897e+04
1.735230750973891118e+05
4.143132157085713116e+05
8.503111951817589579e+05
1.872447321000786542e+04
1.694380059147048742e+05
1.990026351510450477e+05
2.139525059873985010e+05
1.569925553121807461e+05
4.790212969844221952e+05
1.524305942762280814e+06
2.055243081948612817e+05
1.545387749761205923e+05
3.261030613507877570e+05
4.963397275988589972e+05
1.412958847501289347e+04
5.785067379920692183e+05
7.450846851980132051e+05
4.359355669725301559e+05
1.454670168906316860e+06
1.064924760008145822e+06
1.058459075423081085e+05
9.515235758060364751e+05
2.690513892613526696e+04
8.947618586986885639e+05
1.176515210293505515e+05
2.184821045521987136e+06
1.221998350356572337e+05
3.651716864217170514e+05
2.848052800017472473e+05
6.668778550297577167e+05
3.864825142698466778e+06
1.752227692872040207e+06
1.600766616726374486e+05
3.520258780836920720e+06
1.072314536570333410e+06
2.781727132093872642e+05
4.155893218285396579e+05
4.976974574276530184e+05
3.612416769747734652e+05
1.694913976420038147e+06
6.414810467672593659e+05
9.404150706383126089e+05
8.412774122310258681e+05
2.110211714080182835e+06
5.253884952005126979e+05
6.045369196226160275e+05
2.066856249344124226e+05
9.314111352518034982e+04
8.210925705170985020e+04
4.680773739348053641e+04
2.049157764978581690e+05
7.447635519355427241e+05
4.026463211286717560e+06
3.793780976797851617e+05
5.880341149438786088e+05
2.994645562198371044e+05
4.730262096242944244e+05
1.792495802263150108e+05
2.606300037819305726e+05
5.625914438880208181e+05
9.910927723126915516e+05
1.599015318762942217e+06
1.365293460540299129e+05
1.174182511225963244e+05
1.637915390210656333e+05
2.105282879003119015e+05
2.176812473287172616e+06
1.500373971278718091e+05
7.283114491302109673e+04
1.107159130101733899e+04
1.583362497351552011e+05
5.262275968880022410e+05
4.026102653837300604e+05
4.377665543480042834e+05
9.874147810623107944e+04
6.173047353449345974e+04
1.957050214673917217e+05
1.737246617656285816e+05
1.105440231146544684e+06
9.517836347490753978e+05
3.611124691520282649e+05
1.699126231421614066e+06
7.641607989756379975e+05
9.786256108217574365e+04
3.574174102346627042e+05
3.482992682005350798e+04
2.706273651766402763e+05
1.086330025272077910e+05
2.698301362066764850e+06
1.860884326089696260e+06
4.214812996591226547e+05
7.492615535375152831e+04
6.187003646830118669e+04
4.664259419587556040e+05
2.114586233123978600e+05
7.391162897606151819e+04
2.131435529234104906e+05
3.315012575630793581e+05
4.471940539125470677e+05
1.505791273398546909e+05
3.582455481961579062e+04
3.636840043669689330e+05
3.485867471832943847e+05
1.196780313042338705e+06
6.266651018572766334e+05
1.043269144808944431e+06
2.334795521473771660e+05
9.971631222253406886e+05
1.123416081714315369e+05
3.092884654230032465e+05
1.729636328242497751e+06
1.465348289390327409e+04
8.765280332597299712e+05
7.143966226930125849e+05
4.547252780891587026e+05
2.978741465142635163e+06
1.038972388274786994e+06
7.573581338910666527e+05
3.820765500430868706e+05
2.907575723523288980e+04
2.881747312369715655e+05
1.818071969002220721e+05
3.313721146257692017e+05
5.045002202699361369e+05
7.365852605664021103e+05
4.201414526824274071e+04
4.781232500659584766e+05
3.801290146717767493e+04
4.275310457575661130e+05
5.785512791840817954e+04
2.833853099872759776e+05
2.222316705110316689e+05
8.507689129671661067e+04
1.135163740021900507e+06
1.562141999490745657e+05
3.289827003552069655e+05
4.710938196954864543e+05
1.553647342167662282e+05
2.369001003658661793e+05
2.371140057204166951e+05
3.807468837419818738e+05
4.028883895534493495e+05
3.607675292348414660e+05
4.779131229701907141e+05
2.799992673995907535e+05
2.736134375213079620e+05
4.699958629935668432e+05
4.973111356905838475e+05
1.404323683158487256e+05
1.729349852479886031e+05
1.797074031791926245e+04
1.388893428219143534e+05
4.829307200491913827e+05
6.135617815523603931e+05
5.297836120685702190e+05
4.604699075313137146e+05
9.128251196734388359e+05
1.034840251354743261e+06
7.192790303045985638e+04
1.466777678916994482e+05
7.817961358919220220e+04
1.844652927367119119e+05
1.806722767407564679e+05
1.993039505935618363e+05
5.997636289164432092e+05
4.011006465048785321e+05
2.620101238260963000e+05
3.999591963449857576e+04
2.564500625152302382e+05
1.089994422503026435e+05
3.951148790493767010e+05
4.298038011373841437e+05
2.891099311095137964e+05
2.590647330772826099e+05
4.651068152892386424e+05
2.134672021579814027e+05
3.169872729719026756e+04
1.461444087315445300e+06
4.244685992516954138e+04
4.757983380126132979e+05
4.385318922941479250e+05
7.151621284645629348e+05
5.274799336213769857e+05
9.772426084885236342e+05
3.110221315830503590e+05
6.386334516036803834e+05
7.809948595907240815e+04
4.711327232732881675e+05
7.983106804531066446e+05
1.427367009662572993e+06
2.381949290529998543e+05
5.682724184984255116e+05
1.588766490491203731e+06
2.393360443849297008e+05
1.892722491931509576e+05
1.564816448297565803e+05
5.741453600664120167e+05
1.721120920989455481e+05
4.591149816538612358e+05
9.175102618425223045e+04
1.670973718746723142e+06
2.386394409038295504e+06
3.925438704266163404e+05
2.054696690148268244e+05
9.425594767342518317e+05
2.456328305743490928e+05
2.846046852910679765e+06
4.394870679976299289e+05
7.415334926722350065e+05
4.672981489829505153e+04
3.955214825910456711e+05
2.644211371965651633e+05
6.692782752549047582e+05
1.746303344586293388e+05
4.306593328660339466e+05
1.015979959161306731e+06
3.182201846465011477e+05
4.933499858911129995e+05
6.547746582185047679e+06
4.716690262670823140e+05
1.173996300075388717e+05
2.256382120018216316e+06
1.577015385712011484e+05
8.260772270545243518e+05
8.690594062601770274e+05
8.541970576375868404e+03
1.746830791727026226e+05
4.722540938769714558e+05
5.999583607106363634e+05
8.666589458524226211e+05
3.388706870529789594e+05
1.297553309036363848e+06
1.254631046074236743e+06
1.777165761615239317e+05
2.527577920551990159e+06
1.941551031227447384e+05
8.290344731196928769e+05
9.977616020556336734e+05
2.350777915762225457e+05
7.916165141165641217e+03
4.905054142433755915e+05
3.908024890635989723e+05
2.176685658508265624e+05
6.003861913881840883e+05
7.517532749992376193e+04
2.023054766859326046e+05
1.845252904994579148e+05
1.526059228445555083e+06
1.385828189332526817e+05
1.241705279459176585e+06
8.423739978788803273e+04
2.310523729084777005e+04
1.489555927438299113e+05
9.396001438740919111e+05
3.041855521614641184e+05
4.916621205643017893e+05
2.222433768452981603e+05
7.921793935605083825e+05
2.466942407632565883e+05
1.192798635799129726e+06
1.889968129393424839e+06
8.244976581184086390e+05
8.925981502017930616e+05
1.253518541183321038e+06
1.482542755642696051e+06
3.286798010629090131e+05
4.160146688557793968e+05
3.548196282187271863e+05
3.136920496375213770e+04
1.818187540070910240e+06
9.855522436524274235e+04
2.564073849924418028e+04
7.897088556963841256e+04
6.792159793115062348e+04
3.525452406286814949e+05
2.207753481631123286e+05
1.463328788782342162e+05
3.699781999030745937e+05
8.743524218947158079e+04
3.498637414826423046e+05
4.282823732485664659e+05
3.494717922736193519e+06
2.125960393700942397e+06
2.856124213803820312e+05
2.615892443800243083e+06
1.056359847959359176e+06
5.750362984109285026e+04
1.485423241542992648e+06
7.097923175037136534e+05
2.036624666525016772e+06
5.195541300897636102e+05
8.587229005573394243e+05
3.544185118716216675e+04
2.374446377251665108e+05
2.272718186613551516e+05
3.465681282009810675e+06
1.876224290119943325e+05
6.353620032873136370e+04
7.186193088007110637e+05
2.663298012548392871e+05
3.705208703385873232e+05
1.510837709240219265e+05
3.982099664427132811e+05
1.680553220157752512e+06
2.838157856163530960e+05
2.924287596922331140e+05
1.520023972642913577e+05
2.968980700846592081e+05
6.890889299853744160e+04
2.786188033922389150e+05
5.112724752605383401e+05
2.694726836601828109e+04
1.443891988107191166e+06
4.634211828470607288e+05
6.058302052591667598e+04
9.196589979610488517e+05
6.249589244019116741e+05
4.504442408348831232e+05
7.398399148684318643e+05
4.841816538076616416e+04
2.063113034228920005e+05
3.937282812818430830e+05
2.289727418835859862e+05
3.411711501005935716e+05
9.712228463814257702e+04
1.976342765112408961e+05
1.162167435997783468e+05
4.270230096400178154e+05
3.444606928171965410e+05
8.782049478674661368e+05
4.056007940733704017e+05
3.421384443502380691e+03
4.156673735028503579e+05
6.829497357369045494e+04
5.232182698612405220e+05
5.349698159805692558e+04
2.364020888268326235e+05
2.116362956752848113e+05
1.048435490091492306e+06
9.318960231489500438e+04
2.364504318140844698e+05
3.864502468637140701e+05
4.830446127877407707e+04
5.906617666795402765e+05
3.821965412337871967e+05
7.048696794734965079e+05
2.385639631623484893e+05
1.687923564757054264e+05
1.598093559137166303e+05
1.838573875562196481e+05
2.235021811849845573e+06
1.686157527737957425e+05
2.301129904535634909e+06
2.456106172530271579e+06
2.394658680565341274e+04
8.822999573414727347e+05
2.391580703514758206e+05
5.642483657880953979e+04
2.685921428083650768e+06
2.463421277538657014e+05
3.668329180833404534e+05
6.524921896516493289e+05
1.421072360707567306e+06
3.421792595940119354e+05
6.346769339089009445e+05
5.510252237202663673e+05
4.903478145457684150e+04
7.022160537310177460e+05
1.061509406184326072e+05
8.387590419704962987e+05
6.377308304625436431e+05
3.609533963240987505e+05
4.205606699412462185e+05
5.377732368564808712e+04
1.294776316688046645e+05
3.056155704914683593e+05
5.008733268214915297e+05
9.427357258197520423e+03
2.560026926290499687e+05
4.689121972093538498e+05
6.893597456311803544e+05
1.549016984633202665e+05
1.064468678092978196e+06
2.789935509941523196e+04
1.016184979961945559e+06
2.589978267593139317e+05
5.924960624366921838e+05
3.015105950712159392e+05
2.096617099217987852e+06
4.442630880522395018e+05
1.219310920658915711e+05
9.102394749031704850e+04
1.700083320074243005e+06
2.500928734073294327e+05
1.799555030241617351e+04
3.556438202946748788e+04
2.952949912112939055e+05
6.632634633169441950e+05
4.718075160753688579e+03
7.326900257914469112e+05
3.726158088209916605e+05
2.996463291186034912e+05
1.194011295519966370e+05
7.367083560114809370e+04
2.173362493453053467e+05
2.219236746751301398e+05
2.226335165497226699e+05
9.856462302320145536e+05
1.730106093101171718e+05
2.006347671860372648e+05
8.279082968698741170e+05
2.918909378545268555e+05
1.918372756874005776e+06
2.768124958675710368e+05
5.079324686483414844e+06
1.959163895133500628e+05
4.002616845144607360e+05
2.957701507517771461e+04
3.618407587009628187e+05
1.374304876447831921e+05
1.159592514557449176e+05
1.536044362866535783e+06
1.930807507053671870e+05
1.996765765049130132e+05
1.846021608260278590e+05
7.006005338715729522e+03
1.958896790838195884e+05
1.361913370212304872e+05
7.782577145734897349e+05
6.595772525125965476e+05
1.448667265287560003e+05
2.611108483062967207e+04
1.354381618524549995e+05
1.567990926498569024e+05
1.713379356469665945e+05
6.483168527611313039e+04
9.214451299599933554e+04
2.194546109601555392e+06
3.933826110406204680e+04
1.249812574933779688e+05
2.116983236290838395e+05
2.827791951260211645e+05
3.883990417257830268e+05
4.029155539116858272e+05
5.886874738909376319e+05
1.834550085384680133e+05
2.245494126956557448e+05
8.008697252044769994e+04
5.260607639496782940e+04
9.086950807634814410e+05
2.420643587405701983e+05
2.563005254181135446e+06
3.602159674750154954e+05
1.143982749800708843e+05
9.140779307009064360e+05
5.521323728419217514e+05
2.012448132326919294e+05
9.921064398726841900e+05
1.033115947703516140e+05
1.422002607073948951e+06
7.490979889646596275e+05
2.307024637306398654e+05
1.824829842384283256e+05
9.848140808960136492e+05
2.003538142937078956e+05
5.124687594299272168e+05
4.016374004312503384e+05
1.283210486682141891e+04
1.735046892757771420e+05
3.949131622217685217e+05
1.717507433806770423e+05
4.327881260266445461e+05
3.233991771224297117e+05
3.616003920532689663e+05
2.008485299796697509e+05
3.298909092988873017e+05
2.983264451641883716e+04
2.282663462699313182e+06
3.499668398554319865e+05
1.404969225597678684e+06
4.759577737472305889e+05
2.043830756545641052e+05
2.580249386068254535e+05
2.095214900676077232e+05
4.933450973906267900e+05
2.234076211300762661e+05
9.852809490654261026e+04
7.182057638902783219e+04
1.075696211774353869e+06
7.720930670844315318e+05
5.736673400438388344e+05
3.315408897179759806e+05
1.401535918065444857e+05
3.792486112129694666e+05
2.155919071167928050e+05
5.185324342838298762e+05
2.383985760250337480e+05
6.724319595294949249e+04
3.312589045164106064e+05
1.088320914546668716e+07
1.585088120040242502e+05
1.703306990358906041e+05
2.930855665796810063e+05
1.831679638073548675e+06
2.577053201245314631e+04
7.906921609908150458e+03
3.983204609068945982e+06
5.429510119039214915e+05
8.057166550697135972e+05
1.098452608640956692e+06
3.020485977042896557e+05
1.091918297663761768e+06
2.895952644253758481e+05
6.059739367764510680e+05
7.900159178562847665e+05
2.175351700879828713e+05
6.409521128867472289e+05
4.756994108230629354e+05
2.521768125559062697e+06
5.965436086521318794e+04
2.737193730213676463e+05
2.591041339611165458e+05
1.027449650121846469e+06
8.658384162350595579e+04
3.608273157858876511e+05
2.484071572662389663e+05
1.338643202946158417e+05
2.065930052165289817e+05
4.063345802022925927e+05
6.622190014003458200e+05
1.816394715798927937e+06
3.115963579042624915e+05
2.825912085039677331e+05
5.123284201641088584e+05
1.495605185674638487e+05
4.854655928263005335e+05
1.024824166247132234e+05
7.570032990388653707e+05
4.819612307551100967e+05
3.769881484419289511e+06
1.783427142096315583e+04
2.613532313975576253e+05
4.242940959081472829e+06
1.689535239468781278e+06
1.000581601715226425e+06
3.623395222562142590e+04
8.178061370283806173e+04
4.936749821874322370e+05
5.101348550176780554e+05
7.189987433930906991e+04
4.696362959981504828e+05
1.268132630618321477e+06
1.304486988923410885e+06
3.135329160057672998e+05
3.150547862046778318e+05
6.818376950203400338e+04
1.065937778002653038e+06
1.302619061564882286e+05
1.717490651131943741e+05
6.635677328880185541e+02
1.005160615558704245e+06
4.767642538294028491e+05
2.496529395431261510e+06
6.104035723401600262e+05
7.764030605125956936e+05
2.826407298122389475e+05
4.333674631035375060e+05
6.234970426526890369e+05
2.176429360525386001e+05
1.691112001243457489e+05
1.357319768080134236e+05
4.148123579079759656e+05
2.044151900418106525e+05
9.309672909620965365e+05
7.089947035326854093e+05
6.240146057129123947e+05
4.640857854515423533e+05
1.035055212624595151e+05
1.844219299334825191e+05
1.607786258455228759e+06
7.394282740395216970e+05
4.140592441962056910e+05
8.677703321244374092e+04
8.722986226536921458e+05
8.139286301031611220e+04
2.213464611430137884e+06
2.118096095761473756e+06
3.306894111781149695e+04
3.963274902543181670e+05
1.074208953684835578e+05
3.497731595957863610e+05
9.537098612679521320e+05
1.629733462961976475e+05
1.819804635246176913e+05
2.222705984275464143e+05
1.115925111987097189e+06
1.487982977158014895e+06
1.627403830363580782e+05
9.048971821971804602e+05
1.605572744309503105e+04
1.690332918918397336e+05
2.629251023937734426e+05
2.378624351625396230e+03
5.814421389478011988e+05
2.781338733286019997e+05
1.546556049270564981e+05
3.387492135624104994e+05
2.954351244865424815e+05
3.927886350428654114e+05
9.343215631371854106e+05
1.880208435533526062e+05
2.442475785319009083e+04
1.121524305022460430e+04
3.298834504948066897e+05
4.585236601870963350e+06
1.034257047511926154e+06
1.733786278428176418e+06
1.512690857116822153e+06
9.639155072535660584e+05
3.603812889339226531e+05
1.940355356608442962e+06
7.987804918979769573e+05
5.932468637591981678e+04
1.068071489146033768e+06
1.800200517071306822e+05
4.922817001237772056e+05
3.002836638421653770e+05
6.598398409748350969e+04
1.847324055903784392e+04
4.357485363310809771e+04
2.819019648771427092e+04
2.857743253837885335e+06
2.475415751080777554e+05
1.126651907601976069e+06
4.100001656616029213e+05
1.548007131009608274e+05
1.382802460353642819e+05
5.569324831095257541e+05
1.211223420226935996e+06
3.092772220761406352e+05
1.420807923447884059e+04
1.201005361471653887e+05
2.903022013299934915e+05
4.606485390934388270e+05
1.112881665250105318e+06
7.182499762860880001e+05
4.455965290276654559e+04
5.336393181681033457e+05
4.805183175778024015e+05
2.230278695487704535e+05
7.669151076045894297e+04
1.234957089349803748e+06
2.343746484561089019e+05
4.634014951777262031e+05
5.683156123633709503e+05
5.233104532260596170e+04
1.992366207113721466e+05
2.018793470756066963e+05
3.755190417900002212e+05
8.333562998461212555e+04
7.117937974695711164e+05
2.978357092124106712e+05
8.295675918049087049e+05
2.784267263640160090e+05
1.589784967815234791e+06
9.628645940498543205e+05
1.264981139219822362e+06
3.809379865738587454e+06
1.694455155776005122e+05
4.211405388191061094e+06
1.761441367603716790e+05
1.138792683138816064e+05
1.518914717729152762e+05
1.830434069202443643e+05
4.488818908076037653e+06
4.480301466630100040e+05
4.522387675902171759e+05
1.179628275857401546e+06
8.994341582961927634e+04
1.727326389910218131e+05
1.381240186429129972e+05
1.405240902660219872e+05
1.588036368403110828e+05
2.963706272293317015e+05
1.610332006175210467e+06
6.738874739408300957e+05
2.990878396309808013e+05
2.608279769715062866e+05
1.347771882286319742e+05
1.856654271509977698e+05
4.873247957428231020e+05
1.857853948176254562e+04
2.604403994244781497e+05
8.765611622420142521e+04
4.048939229187500314e+04
5.456073860542052716e+04
2.830117515856993850e+05
6.212737408884400065e+04
2.671901781392679084e+06
5.036397008129491587e+05
4.096675427212317009e+05
8.431625318169737002e+05
8.517920643771452887e+04
2.588382988573885057e+06
6.422870478491529357e+05
2.003312273405613960e+05
1.676903396489749721e+05
4.837785510490740999e+05
1.666665043805178022e+06
3.740750129902093904e+05
1.325470042658207240e+05
5.944060287429108284e+05
5.499908349049977915e+03
2.206685269352931529e+06
2.933075281235824805e+05
9.847567656192804861e+04
4.599730579612228757e+04
3.610645249209881295e+05
4.045957715952557046e+05
1.140738510757558688e+05
9.730807972071220865e+04
5.222073132201528060e+05
2.637712700609411695e+05
4.159160941098806215e+05
2.240888667371155228e+06
3.089651888796180137e+05
4.897000419399621896e+05
7.317816986843261111e+04
6.368956468004094204e+05
5.071651230766376248e+05
5.140385683788478374e+06
2.789558298577270936e+06
2.304875740427901328e+05
1.541466561338174506e+04
3.309550756607461954e+05
1.289700814238988532e+05
2.061854168377979950e+05
2.332555232897006208e+05
3.942449336899056798e+05
3.147851849643223686e+05
2.259420284373113420e+06
1.490388336256905750e+05
6.056349509625378996e+06
2.551760694166516420e+06
2.478949451851431222e+05
5.991901974117088830e+05
7.319020725261169719e+04
4.815431076609399170e+05
7.656340738212162978e+04
6.534144052642406896e+05
5.638272511871685274e+05
3.518837030206639902e+05
2.993455948243549210e+05
1.072620189084512676e+05
1.489627046229693515e+05
9.163474173849608051e+05
1.165243244263691158e+05
2.472320379828914301e+05
5.261247886330735637e+05
2.846942769001070337e+04
4.167951820717866940e+04
3.504065483544084709e+05
1.971217489226526814e+05
1.084790072867365961e+05
4.613866288568012533e+05
1.982390965155824379e+05
2.318999304186174413e+05
2.998623614727784414e+06
7.535674807002127636e+04
2.112106109318189847e+05
7.060818377687328029e+05
7.451129472987123299e+05
5.433686550451146904e+05
1.011810647210714873e+06
1.457114921863704221e+05
1.574420039362723473e+05
6.870264624438444152e+05
4.388040326403627842e+04
5.846915607816966258e+03
6.609865191031084578e+03
2.412080395335007459e+06
8.994252198989579920e+05
2.677748891831500223e+05
9.936291666060147109e+05
2.478819428536375344e+05
1.315644778960440017e+05
3.652856160042882402e+04
1.758840586120212392e+05
7.194811649403620686e+04
1.153528203694219701e+05
1.228571155644278741e+06
1.933259500634559954e+05
5.378310256023576949e+05
2.549623466484237579e+05
9.556718343496485613e+05
5.929277549765215954e+05
1.379028451486362028e+05
4.623118920386688551e+05
3.941295199380531267e+04
2.017153881143580656e+06
2.303722425179390411e+05
6.060523072164015612e+05
4.822723568075012299e+05
4.752380128244090010e+05
1.339389200829508249e+06
5.755213027805367165e+04
3.598552702654529130e+05
2.432091267874587793e+05
4.531217734133994672e+05
3.731622597964397864e+05
1.534403105748048984e+05
1.789621459510678542e+05
1.207758177243979415e+06
3.081122904028026387e+05
1.270866793522693217e+06
5.470239098980457056e+05
2.414857227550006937e+06
2.700483624145343783e+05
2.572015957688374911e+06
1.715168793176455947e+05
2.869733718870444573e+05
2.822375221393094980e+05
1.171716769305866183e+05
1.106621089447612641e+06
3.181626705382905784e+05
2.031991931790676899e+05
2.074265411287003371e+05
1.899258359771061456e+06
3.180585597846102319e+05
2.542040139895900211e+05
6.148986824255649844e+04
1.407781759706444573e+05
3.670599766554441303e+05
1.009335407682390796e+05
2.404542293402302079e+06
1.435286703127883084e+05
5.674302619499469984e+03
1.139813823630573461e+06
1.367056895169647876e+06
4.713663440669388365e+04
3.518641612258462701e+05
3.797423180112389382e+05
4.360843614986903849e+05
3.743746605585560319e+05
2.243070407602444175e+04
5.689422637037913228e+04
5.370529270393291954e+05
3.170732623387494241e+05
7.361994870711201802e+05
9.523475833001013845e+06
6.428527769478569971e+05
2.550030227299461607e+06
1.529517053931127011e+05
8.395636212619624566e+05
3.081895754345379770e+06
1.269076331607576925e+06
3.651633699713228852e+05
1.337363401898671640e+06
4.798109883064568276e+05
7.379403477765902644e+05
2.130186428135857277e+05
3.304320143830788584e+04
7.488773534803111397e+04
1.210885980537229480e+05
1.215567117208779819e+05
4.524876596962626791e+05
5.965484575641015545e+05
3.347512588680910412e+05
3.147985069275961141e+05
3.775740430316514685e+05
2.607818810459184751e+05
3.710227743324177573e+05
6.049094564764419338e+05
9.419800902470138681e+04
1.376950518842816236e+05
5.173137307930333918e+04
9.315709081242681714e+05
1.150701359901529577e+04
9.659492822770927160e+04
8.777326035313606262e+05
5.106951796450157417e+04
2.616063297753747320e+05
5.560438999047579709e+05
1.826095277647801049e+04
3.680311194629112724e+05
1.134246949118479388e+05
1.288551446188078116e+05
6.830093151784670772e+05
6.708943046161882812e+05
7.268344774240686093e+05
2.288231668488035502e+05
4.288003060688389232e+05
1.256831971144376788e+06
7.805743720875373110e+05
8.390776870323154144e+05
2.101222695922456624e+05
3.948229054448217357e+04
1.544747849180890946e+06
1.288426452842777799e+05
7.042469322670263937e+05
6.967586128947644029e+05
4.087194726760340272e+05
1.931078356273885292e+05
2.896584174738841102e+04
1.474413695830223733e+05
2.345779394398816512e+05
4.291562825890659005e+05
8.283023560448266799e+05
4.987071767181272153e+05
3.162047455640213448e+05
7.497522916419265675e+04
4.174263679649010301e+05
7.964593904655291699e+05
1.525826058147609583e+05
5.719595442051173886e+05
1.599734514014552697e+05
3.278070642221051967e+05
1.189753870737731690e+06
2.933258597059569438e+05
3.331690946320813964e+05
8.681231431534329895e+05
4.355654441947708838e+05
5.043766430055021192e+04
1.415606626885799924e+06
8.612646505040858756e+04
1.646701704819371516e+05
3.611071027507180697e+05
6.911000464680241421e+05
3.546465820413981564e+05
5.186181054563119542e+05
3.835804815027809236e+05
9.498417583437315188e+05
6.991033721094888635e+06
2.732192068537078449e+05
1.385687139401842724e+05
9.657216329434242798e+05
7.374435112960722763e+05
7.909117229368734115e+04
2.347774443128369749e+06
2.466476173685326939e+05
2.300451810196935548e+05
9.309649295714507753e+04
1.151506934737108415e+06
5.180744379440220655e+05
1.130442352418234368e+05
1.930689672282630345e+05
1.465341337715414993e+05
4.406025650099307531e+05
1.300950349277495989e+05
3.118607022390309721e+05
9.940700704002380371e+05
3.459903200241681770e+05
2.502603073141135974e+05
1.490198264017849579e+04
1.006860284759744769e+06
8.804399966656476317e+04
4.340784651956770103e+05
1.411844370361438487e+06
1.353103778951099841e+06
4.799092961767842993e+06
4.113759888766132062e+05
1.094211624957488384e+06
6.181993384496322833e+05
5.007470972667790920e+04
4.270261129465828708e+04
7.654658252012776211e+05
1.522484739538409631e+05
2.219507976767261513e+06
1.931813374095230596e+06
3.756360475235586637e+05
3.686039192124765832e+05
3.852533197825559182e+05
1.630165273094418990e+04
8.858838289817539044e+05
5.745897469200046035e+05
3.382407902034431686e+02
2.795610537981845438e+06
3.065963259450244368e+05
1.509169286326888250e+06
2.343861879623732239e+05
7.435766449759049574e+05
2.485217496725662786e+05
2.133152527708685026e+06
1.209425687388660663e+04
1.224369686738141027e+05
2.926040847851318540e+05
2.775667507625336293e+05
8.311516985721077072e+04
3.163962627503463300e+05
7.217331555964981671e+05
1.998287098720214271e+05
8.330994970862292394e+04
1.652977929416296072e+06
2.127049228384170856e+05
2.223722089173776621e+05
2.327030633559859125e+05
1.307929378281877725e+05
2.674443797662197612e+05
1.470103834062270180e+05
1.869098126086410193e+05
3.878242740220935666e+05
8.478423555176450463e+04
1.033041755001620855e+06
5.652469081470412493e+04
4.802358893831553287e+05
9.873023350664653117e+05
5.837544455122284126e+05
3.093429725430954204e+04
4.870258263358429394e+04
4.252407032958993223e+05
1.038257123056433513e+06
1.746609112271725666e+06
3.365093142807940021e+05
2.714671172693559784e+05
5.623468970740579534e+05
5.086349913353188895e+05
4.240467920047431253e+05
2.539623693706367631e+05
2.640156134792424273e+06
3.989097826834433945e+05
5.417282957483453210e+05
1.571763957253012632e+05
1.716083420541333035e+05
4.240907217724067741e+05
3.731952695088156615e+05
1.125212156770578120e+06
7.799103121845405258e+04
2.996993013626586180e+06
1.835204847652729950e+05
3.510613629165167804e+05
3.697759923132298863e+05
1.004843656418779981e+06
1.978219981715019094e+05
1.485278345729104476e+05
3.456134104135704110e+05
1.404745550053036131e+05
9.366263646009609511e+04
2.579273018550658133e+06
3.395566844653986627e+05
2.180620340985430405e+06
2.033351019277760061e+05
3.137298943552724086e+05
1.407370863574751886e+06
2.667118690784651553e+05
1.198368223125951190e+05
4.088236143645658740e+05
5.018599336049327394e+05
3.244467104800738525e+04
7.067188273702311562e+04
1.898168108803648502e+05
1.347125196092251863e+05
1.766432189671393950e+06
5.660264901901550911e+04
5.289636246112321969e+05
3.481357061715498567e+05
2.317809788320844062e+06
5.855914760393989127e+04
9.943838714050994895e+04
5.011822433728727628e+04
2.569665316317620163e+05
1.165652798259502597e+05
4.826126031542041455e+05
4.923485226993509423e+04
1.740136179824852443e+05
2.429120041344404162e+05
2.239040568262907036e+05
4.896463826845944277e+05
6.857246145831028698e+05
1.782138820837552194e+05
9.328923463473032461e+05
3.238232867911421345e+05
8.305124321777893056e+04
1.377818609655730543e+05
5.068601980198771344e+04
1.282695814556582045e+05
2.877824544546084871e+04
3.842286383633998776e+04
4.305774495925426017e+05
3.114410115304603823e+05
3.998487826799602044e+04
2.707187878790660761e+05
3.714925321539602010e+05
5.417885733547698474e+05
1.596220314879666839e+05
1.955421327208174858e+06
5.044423765116363647e+05
2.109965093308306532e+05
1.089335853373979451e+06
1.479399321309315928e+04
1.401797520483424189e+06
1.201429815730966395e+06
2.575679074880453700e+05
3.421273270269221393e+05
8.219414017956311000e+04
4.097793261269290233e+05
2.521164072015440324e+05
3.512785475385274622e+05
7.020113472810895473e+04
7.420097829244704917e+05
1.487977904477639822e+05
2.172962693759210408e+06
3.322807564504789771e+05
3.372678674499235931e+05
8.197352012297698820e+04
2.485179744022387895e+05
1.825920783971613739e+06
1.800460897729655844e+05
1.665027493908608449e+05
1.822573532997618167e+04
1.494198180086032720e+06
1.049542767638513818e+06
3.289745273796855006e+06
1.293119238051735301e+05
3.391545280461772927e+05
3.407883435695861466e+06
3.417744838599849027e+05
3.161957734198051621e+05
1.305601540255812230e+06
5.332800178374105599e+05
1.485030442862263590e+05
3.771370811882797716e+04
2.660465309644499328e+06
8.552667871515826846e+04
1.228402795336177514e+05
2.405638267901415820e+05
1.850155016048274992e+05
4.757020724745700136e+06
7.482098629816679750e+05
3.054183498096296680e+05
1.241784016730998846e+05
5.219736344790806179e+05
2.863949730125496862e+05
2.405451906283007411e+05
3.257154345390085946e+05
1.082716598539900267e+06
7.621823482603352750e+05
6.827834263362864731e+05
1.555574983493314590e+06
8.541431505703365838e+04
1.066475673885494762e+05
5.871260253689702949e+04
3.657587561939852312e+05
1.046418688267284073e+06
1.474646238081584917e+06
1.719363350740880996e+05
5.368080735044060566e+04
2.605451353847192950e+05
1.222779887309351470e+05
7.337724733248466509e+04
2.743036917426855653e+05
8.936220693843577465e+04
1.232103967632382846e+05
1.635545035320855386e+05
3.093992358638819424e+05
6.264985032265668269e+04
8.957604792683715932e+05
3.031001105616815039e+05
1.825477779983073706e+05
1.839156033544333477e+05
1.203988215269067150e+05
2.979918134050496737e+05
9.607892859473201679e+05
1.903256839873489807e+05
7.948183569544246420e+05
4.128409256772861700e+05
3.859183693364592182e+04
2.554021128628892184e+05
1.980675898097320460e+06
3.287422985929301474e+06
1.382429898775487381e+05
2.229814527998687117e+05
2.329714366685566783e+05
3.138262682925335248e+05
7.807629207906170050e+05
1.056416573132496160e+04
1.576928993594384810e+05
2.574883969676412526e+05
4.760115871337311692e+05
1.573265026480093657e+05
1.339731216537117725e+05
1.067770054907543818e+06
3.167097602344903280e+05
5.044040593933142372e+05
1.606638209041707451e+05
3.599806604910749593e+05
2.808705901771849021e+05
1.111246991889731260e+06
3.187227953906757175e+05
4.289160731453185872e+04
1.042451223722870636e+05
7.125380878478692612e+05
1.969420315946314804e+04
2.386059079246915935e+05
6.594005038650898496e+05
1.021559887702654087e+05
8.580452883607666008e+05
8.671785911178238457e+05
3.246376798827392049e+05
1.962788132485727838e+05
1.942712641447371803e+06
1.941909302840636228e+05
1.412935915226310899e+05
2.451261740723652183e+05
2.487976305920170271e+05
2.646151495136442245e+05
3.531395728991947253e+05
1.914147526779427426e+05
5.251674672718158690e+05
2.829336670331448549e+05
4.145885444796903175e+05
2.101036130205630252e+04
1.303202693228539574e+05
1.321676542030160781e+05
6.069690144683144754e+05
1.537985254099729646e+05
3.499659269715675327e+04
2.339289025848566962e+05
1.047286260594416875e+06
1.194670826030333061e+06
2.022517799839088402e+05
1.288230218540610746e+06
1.284491265037269186e+05
1.856260545424919401e+05
3.321595981851493707e+05
2.554910227154947934e+05
2.087112334251224820e+05
2.035832823615334346e+05
7.326365910933396081e+05
1.290773011929979257e+05
2.211997026570565358e+05
1.109401138105803111e+05
1.134324916908559098e+05
2.693409797316308832e+05
7.201848831040858058e+05
1.159677403799613006e+06
1.343273966776868096e+06
1.154578621732429165e+05
2.916281659989330801e+05
8.725023239009217359e+05
2.698305389431089279e+05
7.216408731890203489e+04
8.145801030915356241e+05
3.337715621865500725e+04
3.658232165305281524e+05
1.823984504767428734e+04
3.284661000239660498e+05
6.276003915815152141e+04
1.189218151411677827e+05
1.374985668199240929e+06
8.688081916283081518e+05
5.119860762684575166e+05
9.939409074293305457e+04
1.184843857876733382e+05
4.494960806640769006e+05
1.341723718057156308e+06
1.330023442968450836e+05
3.880320554911706131e+05
2.039577728016253095e+05
3.317848244563025422e+06
3.893998292391286232e+05
4.573432838016544469e+06
5.495343507500948617e+05
5.017705317405360256e+04
2.332643712129463383e+05
3.067043063927568728e+05
5.676736104077066993e+05
6.999705362721582642e+05
3.022523981968098669e+05
2.398009785363192786e+05
5.648999156396284234e+05
5.945656075149575481e+05
3.119849582751462003e+05
9.674139444178683334e+03
5.973197139472683193e+05
1.929564695491550956e+06
7.114597452607793093e+04
1.932218386936266907e+05
1.955697304800741607e+06
7.232862354525049159e+04
1.276793146699869103e+05
6.780779396316871280e+05
1.902572455172989867e+05
2.456367669025699070e+04
5.177414979760158458e+05
2.852790953798885457e+05
1.029937251709683187e+05
8.867200154117110651e+04
7.385430317804466467e+05
1.353585203814115375e+05
1.822703051051288843e+06
7.239836554151399760e+05
8.834934898522607982e+05
3.959478988692237064e+06
4.728636793511357973e+04
3.528641993851768202e+05
8.492935122682849178e+05
1.723247123640271602e+05
1.414594926525362534e+05
2.109504523665923916e+05
4.229503785060097463e+06
4.776769919190959190e+05
3.177323219802912718e+04
6.277320805432418128e+05
3.253352507306559573e+02
1.233681745459328813e+05
2.334734025192768604e+05
6.771515991730411770e+04
1.857978669454206538e+05
8.170949767757449299e+05
1.692921542704298918e+05
1.715582350066763116e+06
8.584680910461421590e+05
1.298709998200134578e+05
2.926346796391612152e+05
1.689609690348097356e+05
2.103411293880642188e+04
3.363829433732764446e+05
1.644534391881489864e+04
1.009866443095776485e+05
9.733928146945995977e+05
1.195799020059199538e+05
3.433153947124574333e+05
6.350903680563090602e+05
1.400423135843361379e+05
3.965107606694148271e+05
3.771937074113883136e+04
6.716990205275521148e+05
1.063975232092068996e+06
1.611152285760769155e+05
3.873643304491622257e+05
3.703354034830697929e+05
2.182499904933435610e+05
9.086400717286235886e+05
6.700179156021968229e+05
1.239907530303105945e+06
2.849091955389548093e+05
5.092469235937388148e+05
4.396714127849931538e+04
8.970917108212881722e+05
3.648821996549952019e+04
1.082148967429865617e+06
8.562339832641262328e+05
1.830642293391368294e+05
5.039008526976164285e+04
7.873939017552473524e+04
2.512466714664708416e+05
9.516975413629396353e+05
1.995078924859070685e+05
1.043840577259354322e+05
2.497548230082945374e+05
1.461355566444886150e+06
7.914439386705226498e+05
1.049806720832608989e+05
1.067219962945416803e+06
2.311216092386975361e+05
3.373743908103308640e+05
6.117907698740962660e+05
1.839714218887457973e+05
1.736039993725969398e+05
1.475497799187135650e+06
2.832621526487959200e+05
1.289006309242901392e+06
7.052248286971370690e+05
1.033846952838122088e+05
4.538983862687951187e+05
4.785558620397772756e+04
1.491182407538827974e+06
2.142516960760256916e+05
3.605696978337857581e+04
2.503000259423328680e+05
8.778869869688668405e+04
9.393636967430243967e+05
6.319943647284938488e+05
1.253000234108283650e+06
6.388739785190328257e+04
1.063799280557441089e+05
7.366414360744747100e+05
6.173944276531673968e+05
1.359160561965662346e+05
1.488500988775191363e+06
1.112662774203894194e+06
3.631470365397750720e+04
1.240517434611986537e+05
1.379521370266488520e+06
2.823718688688076218e+05
3.366384131856807042e+06
2.131410622106627270e+05
1.468230004473593144e+05
6.413846984169857576e+06
1.483679050209957641e+06
1.108230474042291520e+06
7.300750384486063849e+05
2.331318568242718466e+06
1.517505255689789774e+06
1.198063165431866655e+05
2.197203220897206338e+05
5.404880333874632197e+04
7.905170218326582471e+03
3.642469025187346269e+05
2.679519356805210118e+05
5.013528724632026860e+05
3.925923446235914016e+05
8.563052283378098218e+04
6.399953161190725950e+04
1.319595266847222811e+05
8.401800624339765636e+04
4.780990741614841972e+05
8.294919644524779869e+04
7.736888898030690616e+05
5.684401316785727395e+05
1.137541737466410268e+05
1.975710525036336156e+06
2.770621824990058085e+05
1.143700744852120522e+06
3.767119052904448472e+04
1.071569424860938918e+06
4.107141912541000638e+05
1.648798861588659056e+05
1.121680675224264269e+05
2.496855820275872829e+05
2.532812846637560579e+05
1.502736958003328073e+04
1.095333816557482060e+05
1.445783065977100632e+05
4.916321897467423696e+04
6.665198871193188825e+04
2.614121748176279070e+05
1.800275769558760570e+06
3.205617494631718379e+06
5.184922558058154391e+04
1.366518831675536640e+05
1.098274236002635735e+05
5.200989265290791809e+04
6.582899424350066110e+05
9.267179302497872850e+05
5.122356882817232981e+05
2.251729363102375646e+05
1.600341540442806669e+06
9.471234591283184709e+05
4.486719361679663998e+05
1.293874917409654154e+05
2.306235704351956665e+05
8.674650326078612125e+03
6.358776635559462011e+05
9.005939350001173443e+04
1.243683086819867371e+06
3.904533767816465115e+05
8.203003534537169617e+05
3.047555399178917869e+05
1.299329611255782220e+05
6.092932215243727114e+04
1.930859683055578353e+04
3.316409322991594090e+05
7.950148434043225134e+05
6.176397397674054373e+05
2.829540786517574452e+06
1.125691044925964437e+06
5.165076337699450087e+05
7.356934931036033668e+05
1.756036411595813115e+05
2.983036876052457374e+05
3.008540481408779160e+05
2.276453063082422013e+05
6.155678818557057093e+04
7.604457626958406763e+05
9.547865970300888875e+05
9.099864536058726662e+04
9.231093805532114347e+05
5.868073874532978516e+04
2.650941950505582099e+03
2.276646709902530070e+06
4.391863648926094174e+05
7.664389439981543692e+05
2.405032259759072331e+05
1.489988998819131404e+06
4.267276529278537491e+05
8.104893541041762801e+05
1.028323659596719779e+06
1.429293537023185520e+06
1.201221576348082308e+05
6.871894544770447537e+05
1.373431224434358883e+05
9.993427855755370110e+05
4.608978750350967166e+05
1.566761090582132165e+05
1.803592607996338047e+05
1.060131622376313899e+06
1.475913976945412811e+06
7.893088991910461336e+05
1.142756187041588593e+06
7.537962559366328642e+05
5.264103379491597298e+04
4.699183611832000315e+05
5.830538771646245732e+04
4.274234315527833533e+05
1.592919075563445920e+06
8.549429291529701732e+04
2.329135603852806671e+05
7.482490431827231077e+05
6.317705709041929804e+05
4.921869708415561763e+04
1.754835853729836526e+05
8.657512721260135295e+05
2.743867439464677591e+05
4.450353645973647945e+05
3.512323060363368131e+05
1.743404720556738321e+05
9.717970290783507517e+04
6.572991594164324924e+05
5.731154680276875151e+05
2.327817778398943119e+04
2.871835342734871665e+05
3.044568128296376672e+05
6.551115397629517829e+05
2.958946341411592439e+05
5.337594132530501811e+05
2.564044270585462800e+04
1.911647326042621164e+06
4.234018051431764849e+06
3.456015382652300177e+05
1.076034742544054287e+06
1.893307765180290211e+06
1.307127425181621511e+05
1.605959742688313592e+06
2.026328343715777737e+05
3.478593320504712028e+04
1.461544847594877647e+05
3.245389363355725654e+05
6.166488903316471988e+04
1.802728432964019303e+05
1.014184725856406294e+04
1.212164068165509729e+06
2.946104676677267416e+05
8.743494045428313548e+05
1.299361625284585403e+06
1.357217106230097415e+05
2.227245603808239393e+05
1.159001187384006334e+05
2.109427685941543023e+05
1.429244215132357785e+06
7.447293559377615748e+04
7.237642814661334269e+05
1.677796565973557532e+06
9.299981819730502320e+05
1.280050179359052709e+05
1.236735045525177411e+05
4.525166105444936693e+04
1.338149853448983631e+05
4.407783372321036295e+05
1.977849374092012295e+05
1.065258089775133994e+05
7.037432115707761841e+04
1.545890247577638365e+05
2.227361835702701064e+05
1.729691947740739270e+05
3.622344120874246000e+05
1.355596213191579445e+05
6.922386956360150361e+05
1.960252111981342314e+06
5.312132570538682630e+05
3.271010530064016712e+04
4.469627335056807497e+05
1.157199319381131354e+05
1.789978293579891906e+05
5.451329188560579205e+05
1.263937639370808145e+06
8.385611301954697119e+05
1.000848653100195690e+06
4.307912865246065194e+05
2.648851929010206833e+06
1.001210223393627675e+05
1.853197712042005034e+06
2.118700423902124021e+04
5.101425643399499822e+05
2.146188890585601621e+04
5.938619415092642157e+04
6.763968504139830475e+04
6.202569642446762737e+04
8.275698383908112301e+05
2.323551782856285863e+05
2.914675759797808132e+05
1.246790167819177732e+06
3.008339497024509183e+04
2.757126305194460438e+05
5.966461837818531785e+05
1.154031775896655861e+06
2.713321830391889671e+04
6.091196717595041991e+04
3.155088831294457777e+05
1.084203848048822489e+06
3.106358974419179722e+05
3.152873609377319372e+04
1.400095882745799609e+05
7.031061778501083609e+04
2.008879417951368087e+05
1.757330036998200812e+05
1.793419802783187479e+06
5.456029763685214566e+05
1.923466220649903174e+06
2.647250558129732963e+05
1.093630999767098809e+06
1.387214437978746602e+06
9.873796219301233068e+05
2.103787369314809621e+05
2.968535499407436582e+05
2.019232655036713986e+05
6.849408016856022878e+05
6.581035529415559722e+05
7.070002172207289841e+05
3.443173530629643355e+05
9.338407162078755209e+04
1.568115123184183380e+06
6.950983399641352007e+05
3.002416729523385293e+05
7.843436073219605023e+05
3.062961117217140854e+05
1.647437617624523409e+05
2.636260376675208099e+05
2.737653033794735093e+05
4.552078618850935600e+05
3.650376340352769475e+05
6.869758561483216181e+04
7.309337550925885444e+04
1.098159246112007182e+06
4.896241503977523826e+04
4.088969796221018623e+04
9.381799218857151573e+04
5.301139453970092582e+05
8.138838030048793880e+05
8.450308026721181523e+04
6.026556344962667936e+04
3.859392881647188915e+05
5.424622179947142286e+03
5.697285691488196608e+05
3.154705804943973999e+04
2.316368006643535104e+06
5.782584318479654612e+05
4.263715505059096031e+05
4.669389908117610321e+04
3.490180436311078258e+06
2.527060291823819280e+05
1.447644676535142480e+03
1.639631797762947972e+05
2.606230433449289761e+06
8.458138055103288934e+03
5.697254967974286992e+05
1.135708332476816839e+06
1.856653136296548182e+05
9.250124163848239696e+05
2.581926782800513320e+05
3.016953338588889455e+05
1.448959563345773786e+05
1.235997351983863191e+05
8.638164586022759613e+04
1.011410726682635956e+06
1.258277067566248588e+06
2.348380934666307585e+05
9.377889066548163537e+05
3.658532139681470580e+05
5.704400483145414910e+04
3.711387386257044272e+05
1.551940508997543366e+05
1.242277494520922628e+05
1.132197429025785095e+05
2.817559523355861311e+05
1.523399668036920775e+05
3.153141171013959101e+05
2.504322691387639206e+05
1.195461799848738337e+04
3.656669620627787663e+05
4.802339263957147487e+05
2.728318169277166482e+06
6.269920340518733719e+05
1.851470282062641927e+05
4.921713627396013908e+04
4.192627366218632233e+04
3.776485781761170947e+05
2.529074012411915464e+05
1.254262359223990701e+06
1.288053028063528938e+06
5.453894925673297985e+04
2.063882055355098564e+05
3.713547070063847932e+05
3.342392916441140114e+05
2.537287972769853950e+05
1.755760279374651611e+06
7.851612522879568860e+04
5.505744018702504691e+05
8.567696168938378105e+05
5.871975984529688722e+05
9.440253545435058186e+04
1.726028330468008760e+06
3.204136597606251598e+05
6.386799282683414640e+05
5.506967275517623057e+04
3.113564179047251819e+05
4.467539604935293028e+04
5.252117174486893055e+04
4.618780892497627065e+05
1.156583732704189024e+05
6.730953617598049459e+04
6.170887246759464033e+05
1.433962749475499149e+05
9.041888293239667837e+04
1.089853262478375342e+06
5.452804281709091738e+05
1.231464741198693635e+06
1.304611667241263640e+05
3.782708952743831323e+05
3.577183172796432627e+05
3.066816319469074951e+05
1.045917560930957436e+06
1.705874484927091398e+05
1.437490067106388742e+05
6.489974083418026567e+04
1.158269293652751512e+05
1.775769824744669488e+06
5.152764901856191573e+05
5.433009647813801421e+05
2.970048164093705709e+05
9.639562787858420052e+05
6.391052420748535078e+05
1.217773382892683912e+04
5.903866814864961634e+04
2.466481891811995592e+05
2.550492720845977601e+05
5.666420467690430087e+04
1.841247510630903125e+05
2.257975181575912575e+05
8.526521445789519930e+05
3.533569454734314932e+05
3.029330473341679899e+05
3.428554768102985108e+05
5.946778492883466242e+04
1.521230997720880550e+05
6.573986021776611451e+05
6.723294011162462411e+05
7.674382038757873699e+06
1.605863176632004324e+05
9.849340702485683141e+04
1.659496014188129688e+06
3.457808818324166932e+05
1.922029902325347066e+06
1.430803215031512373e+05
1.006252548701207968e+06
4.548237873798909714e+05
1.653593895716555417e+05
9.374341353045068681e+05
1.107103750906775706e+06
1.709385917911768775e+05
1.092857647215973353e+06
8.320144998292489618e+04
1.197561252982794394e+05
3.080025082467176981e+04
2.549583843521207571e+06
2.154446461647179909e+06
4.886884818047074950e+05
4.486847183483093395e+05
9.441827793806421687e+04
6.319179683341373457e+05
4.061091285670314101e+05
2.068683388435743400e+05
9.297370438883821480e+05
2.739673251141864341e+06
1.443096948159777385e+05
1.697530194086942065e+05
4.260089659604384215e+05
1.483937451927835122e+06
8.659811219862647704e+04
1.445901937877859455e+06
5.483414154425307643e+05
6.003451269431269029e+05
1.908014361704078619e+05
4.938173245326025644e+05
2.583829453954098572e+05
1.738948191485415373e+04
1.197431353552398068e+05
2.920627485566663090e+06
2.672380622656664811e+06
4.568652475875269738e+05
1.411250121558116807e+05
1.312582957340391295e+05
3.497711783990343567e+06
1.455573294552907173e+05
3.373301537085827440e+05
2.307104850959404372e+06
8.925389842809193942e+04
6.598389987273900770e+05
1.583479717775589961e+05
2.046239252045668545e+05
6.065285557060909923e+05
3.544343461727496469e+04
3.104296763966730214e+05
1.558972794648147101e+04
8.585663242577909259e+05
6.013545101376249222e+05
3.196108347245213808e+05
3.623451740969752427e+05
1.204218699174548732e+06
3.223996130421815906e+05
5.215971883394267061e+05
1.317807212613296462e+06
9.233447471081565891e+04
2.493757764698820538e+05
5.971989577260414371e+05
2.867540509983577649e+05
2.102431545813610719e+05
1.700082776558968937e+06
1.017041277997069876e+06
2.432640230748100672e+06
3.157210693511569989e+05
3.443559977101001423e+05
3.285389394322956796e+05
2.506598723512238823e+06
2.867070120527858380e+05
2.185985394735720474e+06
1.649171412585838407e+05
8.456255061039926659e+04
3.014789819887504564e+05
3.557204918605851708e+05
1.084937613857048855e+05
1.777518195593501441e+05
6.032886339722507400e+05
8.281762235815398162e+05
5.393746369070410728e+05
3.094594372063080082e+05
2.100611930877086706e+05
9.889974733132848633e+04
6.235006569731722266e+04
2.785240678728494095e+05
6.080157721772937803e+05
6.014894067210664507e+05
3.049839104470704217e+06
1.881307037580942779e+04
1.293691069431144511e+06
3.052512309439600212e+05
1.289541228029361082e+05
1.162377234437295701e+06
4.129413642525095493e+05
3.381646143076863955e+05
7.199777696910554369e+04
2.167832667864750605e+06
7.233315728197307908e+04
3.510580762443978074e+03
2.836074294304363430e+05
5.487419775759177719e+04
8.269611493719413411e+05
9.767835483344764216e+05
7.196787845416222699e+05
2.872256401018421166e+05
2.131857409403453057e+05
1.660406897399759386e+06
8.329064456064788392e+05
3.928009679911346175e+05
1.717708384000772203e+05
5.773370237200104166e+05
1.659387033968952892e+05
1.420244344376930676e+05
3.418684913844610564e+05
2.683532209126561065e+05
8.337443479278589366e+05
2.187381611167879601e+05
2.423986199340989406e+05
1.679405056457533734e+06
2.831590390974035472e+04
1.243521970917041617e+05
5.347214184302388458e+05
1.772147781022788258e+05
4.523942254504501470e+05
1.217573849583225092e+05
5.698318438741883438e+04
1.045670042058226070e+06
9.310450671937107109e+05
1.525686525173992151e+06
1.296490655263970140e+06
1.773136077501763066e+05
2.171098673527194187e+05
2.807258143224091691e+04
1.900550413865599548e+05
3.085667903556345263e+05
3.343171044354334299e+04
8.234173895308068022e+05
5.293938582763073500e+05
4.923168208935870207e+05
6.924912877513036365e+05
6.001737254059148254e+05
2.160580656689081807e+06
7.606139419022523798e+05
1.790878573320470750e+06
1.649777415313784149e+05
1.833596729527357675e+05
1.805186376870841021e+06
1.286555044810675085e+06
4.255002148979316116e+05
9.665861029149233364e+05
4.300366490343945101e+06
2.861452654026903328e+05
2.350035545755843341e+05
3.438000205053062527e+05
2.811578736914243200e+05
4.572839174665412284e+05
3.638475228652220103e+05
8.662565686589749530e+05
9.084436272307041800e+05
5.191270761544816196e+05
3.664654390643136576e+05
4.564441345388557529e+05
1.385813851800560660e+05
4.204023296501452103e+06
3.400768829545264132e+06
1.970602879232150735e+05
9.162346061794294510e+05
3.394853399269415531e+05
1.619857724804158788e+05
6.147129885704471235e+04
5.634734855432605837e+05
1.480679134853876894e+05
7.203273422910644149e+04
1.492785138406477054e+05
1.494626733754263725e+06
5.676855014309925027e+05
7.352155904370460194e+05
1.878193601190779009e+05
1.604474972975526005e+06
1.063691061098938808e+06
8.680872053408920765e+05
7.919168176751543069e+04
1.011254706798755942e+05
7.621575434766721446e+04
5.392801815157950623e+05
5.738411781855487498e+05
4.514557614909894182e+05
2.717645074644969427e+05
1.254259763797006963e+04
1.949884018916110275e+06
8.104598744198920904e+05
3.058166348244896508e+05
2.924029800996103440e+05
5.066327460715291090e+05
4.830794860002623755e+05
9.632832426139446034e+04
5.034793393723485642e+05
7.884610077404180774e+05
5.733682056537841709e+04
2.253395362358504208e+05
1.240755220183076337e+06
3.581549139502744947e+04
9.145862991364220215e+04
1.044384804089305573e+06
1.658774372424259782e+06
3.124597442856929265e+05
5.289604409768156620e+04
9.133904915087354311e+04
2.952541499295624089e+05
8.061268351184730418e+05
5.366790884951892076e+05
1.662195552676382067e+05
1.194220603176195073e+04
2.503985862947671267e+05
7.156994940271646483e+05
1.648150742792657693e+05
5.757265788230594480e+05
3.456581536219504778e+04
1.963581087274761521e+05
1.006432614235331304e+06
1.419675467924930621e+06
2.921475350231488701e+06
4.815224227783166862e+04
7.059623252365221560e+03
6.726888694148593349e+05
2.584247698494936922e+05
2.046835561935648147e+05
7.166504447549385950e+05
5.630928013115797192e+06
2.725413051673758891e+05
3.411648950747970375e+05
6.604458195824569557e+05
4.930132613006036263e+05
7.687392167060442735e+05
2.603056737749917011e+04
6.647889193035382777e+04
3.535937427661918919e+05
5.771522759443393443e+04
6.762598185773064382e+06
2.632671036139323376e+06
1.908649823117324559e+05
8.566697439057065640e+04
1.754611473486946197e+05
2.925169312641670695e+05
2.573180793440100097e+05
1.609453781221870449e+05
2.166597246224104892e+05
1.297572905952528585e+06
5.196476183523978107e+05
5.935479676072766306e+05
7.401008878052489599e+05
2.339229626767998561e+05
1.352243371529917233e+06
8.350629176343556028e+05
1.011133138590697898e+06
1.262153031348543474e+06
6.630933347416697070e+05
2.891682393477312289e+05
1.770747815340666100e+06
2.911077443110422464e+05
1.124390161746833008e+06
1.868210304442464374e+06
4.651405257653389126e+05
3.583828075006703875e+04
3.124445022206217254e+04
2.490049427203270316e+05
9.927331658723423607e+04
6.581161533747037174e+05
3.766171629697060562e+05
7.669609862840089772e+04
1.033164964600910433e+06
2.642504139083723421e+05
4.610845219534488278e+05
4.857262266626796190e+04
3.995918027304737479e+05
1.286038640821023146e+05
1.326718553405439307e+05
2.059999268393878592e+06
3.396816876675904263e+06
7.614795985265315976e+05
8.756994660352703067e+04
2.011826251546719868e+05
1.685219961724077351e+06
2.733913169271817314e+05
3.887425750868623727e+05
9.523886810370091116e+05
7.950942348469863646e+04
5.963220265915250638e+05
2.341275442872612912e+05
1.043889828737467411e+06
1.582967556418776076e+04
1.037762842859759257e+05
5.773154445104337065e+05
4.537587803796572844e+05
2.041838661791996128e+04
5.622225514603843912e+05
1.362022298232482281e+06
8.777305180941142607e+05
1.374069204485520488e+06
1.082132366282707226e+05
1.210682707139078557e+05
3.998342925250314292e+05
1.383972059784682060e+05
7.391949344536097487e+05
2.478957659644070663e+05
1.321002230255382019e+05
5.029622155061261728e+05
1.295248318954000424e+05
3.395982807006243966e+05
2.103048846163074486e+05
2.528354363033860573e+05
4.001009959717118763e+05
1.062820499423498986e+05
3.639164241279847920e+04
2.582885336199904268e+05
4.009443017677492462e+05
5.125162124998582294e+05
3.326707079915080103e+05
3.780806755390664330e+05
1.257245338388130302e+06
9.924785567917495500e+05
1.248669036029071547e+06
7.357505862322051544e+05
1.524406832592833052e+04
2.490047698732926045e+06
8.131543214110148838e+05
4.335896692829501699e+05
1.532281892649430956e+05
4.825960013291730320e+03
3.002823656011580024e+05
3.123881462520148489e+05
1.020775161269403761e+06
1.859204065915283281e+05
9.806507718286903400e+04
8.595129141512683127e+05
4.146469239517312963e+05
4.790380017570559285e+05
1.298099162968221208e+05
2.674863722831424675e+05
2.757747200561264181e+05
3.004430772745122667e+05
8.906609486000443576e+05
2.444481430954528914e+05
5.312230862248939229e+05
1.354621975981130265e+06
1.339346011087519873e+05
8.377509233706126688e+05
3.141020586180212558e+05
1.920968404528194224e+05
9.835921316178792622e+05
1.240659097085165558e+06
2.045373803828944219e+05
8.944349543867076864e+04
9.865636650505785365e+05
2.350481387450751208e+05
5.400388492312920280e+05
1.518232428848472482e+05
3.718352982787675573e+05
1.063012129388093948e+06
1.752117296667999122e+06
6.907321456512189470e+05
1.045774736759790540e+05
1.985694197531546233e+05
2.991637273324605485e+04
2.285815783047108271e+05
3.118039126759985811e+04
2.243471657154744316e+05
1.285435410826061852e+06
6.057705837634612108e+05
2.107565598823897890e+05
6.282462224957889703e+04
4.391653492223763024e+05
8.587626869330371846e+04
4.620904185898071155e+05
8.532508877147671301e+05
5.180906013671445544e+04
2.795795631360795815e+05
6.225504165751077380e+04
2.493420121113735659e+05
4.520305529023977579e+05
8.623052264138344908e+05
9.106391939894917596e+04
2.724257340443277266e+06
1.744147365512351680e+05
1.678540160688936521e+04
1.682003913646468660e+06
7.471428980742304120e+05
4.551541457405474037e+06
1.371919222963975881e+04
3.176357995359884226e+05
5.138509723514228972e+04
1.017305581999141839e+06
3.321131275963924709e+05
6.183971367997489870e+05
4.080701909656034550e+05
8.379933522166145849e+04
3.881844852908217348e+06
6.561241097734816140e+05
4.023750832270872197e+05
1.044137691068424756e+05
6.270674516771110939e+05
3.420762764340569847e+05
9.427288007368297549e+05
5.078642319037671550e+05
6.718923193947627442e+04
3.502252072805724456e+05
3.253400328852051171e+05
1.638594798523094796e+05
9.162523626273142872e+05
3.888757024850606103e+05
3.424259134103294491e+04
2.178312530653813446e+05
5.824395659185436089e+05
1.027332036268092634e+05
3.897707682877312764e+05
4.818135347746322805e+04
8.998272007507592207e+04
3.545789849781327648e+05
2.415642840348491736e+05
1.342879127461979399e+06
5.251488614062094130e+05
1.076688071861541364e+06
1.155686890400051343e+05
9.209270147954326239e+04
1.284498909099015873e+06
7.762419135621593159e+04
4.222153638635019888e+05
4.580247205972724623e+04
3.486959444189245696e+05
1.279430862616258208e+06
8.864772283488679677e+05
5.453726974957960192e+05
1.104702520456641214e+05
8.086136958831909578e+04
1.208357289254276111e+05
4.113554446173372562e+05
8.901012551064128056e+05
3.012446584499313496e+06
2.288631345440294535e+05
2.270770042416718323e+06
9.604418164481432177e+04
5.829916513255811296e+05
3.079821666475325401e+04
8.752522697992078974e+03
1.804667049362648395e+05
1.588356043068201107e+05
1.470335215731183707e+05
6.632437051809289260e+05
7.171525764268501662e+05
4.170437861765536363e+05
8.412698679306273698e+04
9.540477601699533407e+05
4.971377131627505296e+05
1.619081121792258818e+04
5.363866582457096229e+04
4.375493219441420515e+05
1.241833533560792130e+05
2.556141641264382342e+05
6.153664836957942316e+04
5.032261523205689737e+05
1.934927230410799093e+05
4.069363494204418967e+05
8.515595845958321297e+04
5.413873926658518612e+05
3.565610904195288895e+05
2.638128966181092546e+05
4.503303515912894509e+05
1.524560957881764742e+06
2.980371735889485572e+05
6.253053630056000839e+04
2.356268477313550247e+05
2.607895020832771552e+05
5.155571924776901142e+04
1.701768146304583643e+06
2.693358994733355939e+05
7.037190044074046891e+05
9.069819498004227353e+04
8.288759628747008974e+05
1.741828979320938699e+06
1.325612672359079123e+06
2.081409935896537208e+05
7.646550712018170161e+05
1.392032164923916280e+05
8.461508300338500412e+05
5.216657480711498647e+04
3.373111713514196221e+06
3.102703630597101292e+05
3.951402487898057007e+04
1.360553211835513590e+06
6.614527349679975305e+05
3.496082919567159843e+05
2.510126905123137403e+06
2.923639238679769333e+05
5.250830451842724578e+05
1.114087904197094758e+05
3.733253832672128337e+05
2.709591270451279124e+05
6.569844260336342268e+05
1.022862733791090723e+05
1.508548817713157739e+06
1.127270207758766774e+05
1.425624330665432150e+06
8.955683626823271334e+04
3.042090549241949338e+05
7.683994916392539162e+05
6.871619185315042268e+05
1.004595663647391921e+05
3.849586847578638699e+05
5.614117192126031732e+05
8.716509426838636864e+04
7.685041035785649437e+05
3.175947255532398704e+05
2.333188578628597315e+05
4.348459507317361422e+05
1.302517651432130253e+06
7.312486403364061844e+05
1.249859337729525578e+05
1.002591699113453389e+06
4.537913586338765454e+05
1.862083652577715693e+06
1.015937360779977171e+05
4.365849317977341707e+04
9.731440510094002821e+05
2.301319752097840421e+06
2.976144110890242737e+05
2.374769611713103484e+06
2.354622300010776671e+05
8.452794804494368145e+04
3.119505454616441275e+05
3.023467831130722188e+05
1.013417848079866671e+05
7.941796992286108434e+04
4.827284188625599199e+04
5.384442635385398753e+05
1.563076289776765916e+05
2.125344604973439709e+04
3.070847057826138334e+05
9.686241844256672775e+05
3.385977578539845126e+04
6.326562135454217059e+04
8.053447469389767502e+04
1.317161486901201424e+05
7.526768192477962293e+04
6.909996360565291252e+05
3.479484856228337594e+04
6.173510608481285162e+05
1.871111202112108236e+06
3.137445381923082168e+05
1.543955185384791577e+06
9.465144474245731544e+04
7.380678453134544543e+04
2.477423272879616125e+05
2.244368937138291367e+05
2.188383050688009709e+06
1.830066249627056764e+06
1.032993007002688246e+06
1.066677684669576702e+05
5.873132779901286121e+05
2.866838577310670516e+05
1.478971801490715472e+06
4.281190071305905585e+05
9.812536716717031086e+05
1.320825207248281222e+05
7.597512478840639815e+05
3.325801716020621825e+05
8.272323898438948672e+05
9.495514196567815961e+05
6.444352797214859165e+05
2.650523846687931800e+05
3.619909473323533777e+06
8.183897987242647214e+05
1.480440742421431933e+05
