4.296652362237562775e+05
8.607799467404454481e+05
3.527832274109078571e+05
1.490596637885136879e+05
4.241189950847859145e+05
6.791323378996597603e+04
9.097460517239890760e+04
5.716835543652573833e+05
6.618277270500914892e+04
1.385506207078173175e+05
8.696173255100488896e+05
2.519773396973556373e+05
1.353008582772537484e+05
1.353391271931458323e+05
8.252516833302265150e+04
1.974039714544087765e+05
2.546403250008058094e+05
8.197269972169541754e+06
2.646600547185151663e+04
2.520635855985128437e+05
4.449898443338148354e+04
1.467414858221057802e+06
5.083371720838922774e+05
6.402566545214852522e+04
2.260767038150994631e+05
1.198785271745252539e+05
5.037257568671228364e+05
1.184337433877767035e+05
7.769541551282748114e+05
1.100101248814319260e+06
1.283253288762463199e+05
5.882058835780788213e+05
1.604581732361647591e+05
1.936214648719264078e+05
2.830755268490959497e+04
1.721915974594555737e+05
1.688332135136354773e+05
1.188471540204872377e+06
4.943073910567393759e+05
1.017372546607392142e+06
5.029617784020775580e+05
1.863572537480343308e+05
1.915122102649100125e+05
1.357738886000642553e+06
1.057854091059592552e+06
3.470236323441636050e+05
1.232614233081171988e+05
9.091187237865069183e+05
6.665734078817986883e+06
1.115577793559729122e+06
2.896960817654710263e+05
1.066889959272491251e+05
6.701462396555871237e+04
1.918370907242496323e+05
2.663449518858087831e+05
4.013109659757241025e+05
8.619508010826708050e+05
2.365405163037588063e+05
1.887275193959599710e+05
5.393361170273017138e+06
5.998690783812877635e+04
5.108068090284088976e+04
6.700369520838953031e+04
5.718668015156165930e+05
2.352966520909117535e+05
4.385803483936747652e+05
6.395478623063375708e+05
2.762953759702456882e+05
1.926551903247821378e+06
2.204374034301174805e+06
1.307608630551523296e+06
3.754340257041272707e+05
7.183079943398633040e+05
4.939639325127550401e+06
2.052857011218768021e+05
4.002910883930863929e+05
1.432297205581603339e+05
2.662331444760118611e+05
4.400895808274622686e+04
3.855852698261496844e+05
1.154982925968655909e+05
8.342229648773972876e+05
3.516944149583368562e+05
5.641505118987666356e+04
7.229911250019427098e+04
5.972654652275659610e+05
1.272769166110457882e+05
3.197080433093286701e+05
2.939327041454482242e+04
1.808937207302399620e+05
7.926220866434865457e+04
7.878080376482564025e+05
1.152265588720554078e+05
1.204961170407064856e+04
5.938960702669393504e+05
9.039742625544327311e+05
1.090200525820001261e+06
1.347111747021387855e+05
6.018137222934563179e+05
1.011710024351133761e+05
6.438311461867474718e+05
2.173902486919111689e+05
7.544527194181085797e+05
4.141678423976050690e+05
1.148142434517551446e+06
2.167382186136040837e+06
6.805906298650534591e+05
3.121103303596178885e+05
2.896914439511318924e+05
7.658761097064476053e+04
1.230229682263417490e+05
9.166159165420974605e+05
1.443208385675756726e+05
5.584426448875857750e+05
4.985972833724841475e+05
2.457434229052079900e+05
7.864957785444827459e+04
7.344517665419498226e+05
9.652459547864049673e+05
5.013733009233006742e+05
2.168519856113269052e+05
1.155330928722666285e+05
2.438747040783557575e+06
2.814722007205858827e+05
1.048587776137005165e+07
5.693495807601825800e+05
1.532488361492348777e+05
7.341642137720388746e+03
2.302674548852723092e+06
2.605863913083089574e+05
1.181326043614831520e+06
1.371144101083317655e+05
3.913828534920092352e+04
1.001666236500625964e+06
5.234235231014841120e+05
1.185072493540231604e+06
1.116441302841246361e+06
5.394802490172170801e+05
3.120793197252147947e+05
1.002187705382711138e+05
1.352027783012183616e+06
3.170894912855565781e+05
4.527483177926761564e+05
8.402742543087020749e+05
3.439916240765603725e+06
7.837652188451269176e+05
3.019380491985977278e+05
2.919988589810307531e+04
1.698186032338783611e+06
3.618240589821009780e+05
4.303180877381301834e+05
7.564157655207241187e+05
2.090403691997614922e+06
3.592560774375945912e+05
3.505187443020241917e+05
3.950441998307731119e+05
1.628716736493340693e+06
1.075585448649942991e+05
4.283954623186250683e+05
6.279188482229486108e+05
1.355414191935981507e+05
7.948001890883531887e+05
5.937323323443211848e+05
1.278829493282353738e+06
1.243013546162370185e+05
1.063876865217166953e+06
4.157342401233537821e+05
4.468208789929225168e+04
4.720744540603007190e+05
1.605689285513340728e+05
1.142513180674554082e+06
7.255398424972892972e+05
1.382224434114639880e+05
5.258356721273841104e+05
7.455571332310237922e+05
6.231330891659413464e+05
1.032884047311657807e+06
3.720868834792936104e+05
4.148847217845026898e+04
1.700394550262079574e+06
1.545390903899598634e+05
2.359934040729600005e+06
1.703877357911781000e+05
3.931633085156083689e+05
4.814798868486223510e+05
1.231516584829260828e+05
8.619099584554227476e+04
4.781077562072875444e+05
2.213571329197092200e+04
3.454356418440153357e+05
4.494811218007020652e+05
2.957180698081760202e+05
3.140670978024883661e+05
2.554191267213792889e+05
6.660459241701539140e+05
3.848799449846386560e+05
1.777378690001272364e+06
3.082360045292295399e+05
3.107062797224034439e+05
2.685479709507666412e+05
4.731668147499384941e+05
1.508168885949183605e+05
8.331156947104370920e+04
6.978550222213017696e+04
2.530719470793665387e+05
1.718608902650513453e+06
9.303846758456971729e+05
8.038523448190648924e+04
2.273954769594923127e+05
1.909341993766755564e+06
1.893278598041280638e+06
3.329203831657576375e+05
7.429960342224105261e+04
1.821507233130509558e+05
5.175134256604382768e+06
7.389949795997463298e+03
1.845986870995413046e+05
3.015039784722501063e+05
5.272643972205745522e+05
8.386175211443022999e+04
9.557001126266889041e+05
4.100823581061374862e+05
7.658638716405550076e+04
5.304149937439650530e+05
3.297960616030410747e+05
8.702665745102651417e+05
1.209596377524267300e+05
1.577459081808666233e+05
2.821948064448961522e+05
3.073807135494309478e+05
1.975093265533888916e+04
7.186307925972839585e+05
1.319936341830131132e+05
1.494942230432811775e+05
3.848905150100399624e+05
3.782411180994536262e+05
6.591513092688373290e+05
3.497329570270463009e+05
8.915522260681780754e+05
8.326577460304986744e+04
1.210262285462144297e+06
4.280832558337047521e+04
2.496866536837531021e+05
1.457543913170214277e+06
2.033274975908212073e+05
6.596725959001678275e+05
1.850192387890526879e+04
5.613850534806453652e+04
1.638049207473755581e+06
2.529532317207426240e+04
6.728555220000015106e+05
5.357593976204419741e+05
1.380879748223710805e+06
3.314854025530251092e+05
1.456125752226127370e+05
2.577201960068823828e+05
1.173079796406258392e+05
1.198109089592289674e+05
2.664971311195295420e+05
5.250209209368601441e+05
3.441735164074589557e+04
3.085306478015721659e+05
2.012859241203802521e+05
9.397055790642990905e+04
4.088871156963670510e+05
6.138255002660771133e+05
2.162371920124766417e+06
2.052159592360740353e+05
1.359553439408607082e+05
5.934077108602996450e+05
1.944369202360899653e+05
6.838489834348412696e+05
1.099963144858709711e+05
6.011495319767497131e+04
3.276340311382668559e+06
1.234279688838364382e+05
4.060226913916088524e+05
1.227615109822240483e+05
8.791637869003684027e+05
2.691315703764951322e+06
2.687057433219042723e+05
1.165069941835214151e+06
2.289356975435440836e+05
4.804650140767408302e+05
1.903237224391263735e+05
5.954421111482325068e+04
2.787660504862286616e+05
2.708849155559418141e+05
4.595551891632926418e+05
1.067522788818568224e+06
9.691338133850139566e+05
3.360507730241152458e+05
3.568923798626497737e+05
2.621081127079809085e+05
9.290383506093593314e+05
1.656144818910976872e+06
2.192325516761862207e+06
3.186509047711595893e+06
2.762236409592854907e+05
8.176133678855649196e+05
2.617316277630847253e+04
2.204612700191097101e+05
1.146119668426880147e+06
1.086892475055339455e+05
8.541726048101990018e+05
3.529059982858061558e+05
1.503488327133035753e+06
8.908701531329494901e+05
3.350827764695746009e+05
4.584444370448123664e+05
5.275398671713564545e+05
1.122834518281302648e+06
3.933316862627846422e+05
1.504191073688107426e+05
3.473719345729013730e+04
7.941950539505665074e+04
9.200887152414635057e+05
6.731534253315756796e+05
2.493103508766813320e+05
2.038731360351014300e+05
8.868255520013877685e+03
1.154812461819999298e+05
2.524810314507100557e+05
3.003307850180163514e+05
6.172365320277337014e+04
8.145449000480712857e+05
1.322343769342243031e+05
8.982618718097277451e+05
5.081363377117149867e+03
6.982339806415602798e+05
4.416190665042800902e+03
6.552223699398761382e+05
7.631850715526743443e+04
7.913125899984816788e+05
1.393568252593167126e+05
1.500644578544519318e+05
1.045541074255195330e+06
1.633715942877487105e+05
1.979679280226806295e+05
7.567367142003189656e+04
7.567866235859177541e+05
2.412549168947048602e+05
6.680813855101844820e+04
1.879610356023334316e+04
2.049873382949633233e+05
1.695846228299361246e+05
1.168454079067844199e+06
1.148023956925858220e+05
1.323459393459036073e+05
9.774979952636308735e+05
3.408687096589652356e+05
9.893589316340631922e+04
1.455767436887176882e+05
9.597129119547846494e+05
1.224845246750352235e+05
2.268375156532751862e+05
2.535709602009037626e+05
4.055385324778929935e+05
1.169435491155275304e+04
4.892543137150412804e+04
2.058706313423139800e+05
1.348984974044128830e+04
1.232252423778791126e+05
4.704766590308877639e+05
8.701586517368748900e+04
6.470893337285786401e+04
1.396220666307923384e+05
4.429073544426508306e+04
1.019347403687341139e+06
4.029795704232311436e+03
5.837987674398456002e+05
6.148721157851872267e+05
6.630103936571653467e+05
3.539126281847666833e+05
5.192555381974297052e+04
1.620661642485348741e+06
1.247624181384795666e+05
4.991407809152049595e+05
3.225086827209797339e+05
8.128657688273525855e+04
4.198703291675460059e+05
1.918467639238364063e+05
1.773670354835496051e+06
7.166621156120829983e+04
6.612876736522349529e+05
2.660722189093679190e+05
1.217750260515098227e+06
4.507096841570942779e+05
1.846517926979964832e+06
8.675588566418745904e+04
1.003017344005494379e+06
1.505995584963780129e+06
1.189358539529075613e+06
1.529050569329789869e+04
2.979535645814047166e+04
3.302444267117051058e+05
9.315594154901893344e+05
4.932937009524698951e+05
6.588289482853289519e+04
1.136380978116462647e+05
9.172379806492097850e+04
8.761785044922912493e+05
3.877973662910299026e+05
5.209730612595890998e+05
2.023015469424939947e+05
6.866346854997296759e+03
5.178051605550659588e+05
3.831919593333051889e+05
3.252935846555450116e+05
3.485191555741465418e+05
2.387951933282656537e+05
1.737614242942831188e+05
1.580081587222643138e+05
7.291830635231642518e+05
1.501034705728278495e+06
4.730946837725991500e+05
1.042516269728049170e+06
4.299489720678363228e+05
3.756289335734870110e+04
9.566942504295201506e+05
1.240358305579992244e+06
4.551979388089343556e+05
3.242751229115487658e+05
1.977055222668079368e+05
7.010436001477785176e+05
1.658127354131632019e+06
2.418137599963500164e+06
1.349326757120972907e+05
1.000815798226182087e+05
3.536182913292208104e+05
6.413715315238742623e+05
3.298838101122592576e+06
6.233722854641139274e+05
3.769977299195293454e+05
6.166853699720789446e+05
6.981016966806899291e+04
2.689903504749945831e+06
7.325987131729741814e+05
3.947328076941546169e+05
1.048622278164245836e+04
3.148369905833578669e+05
1.396635322648285728e+04
5.929887445464401506e+06
3.191227693190083955e+05
1.510510592559329525e+05
1.003206992616592761e+05
8.797381054905992933e+05
6.574406573646901234e+04
8.758328452207569499e+05
6.903752752172513283e+04
1.479036861478172068e+05
2.376765596654863330e+05
4.825889256072251010e+05
4.433773570385586936e+05
2.462358672724181088e+05
8.192416602455785032e+05
3.013124786130480934e+05
3.504864400741256541e+05
5.028214603148341994e+05
1.414061497190138325e+06
5.293627357335582201e+04
3.806510035025191610e+05
3.894236233453779016e+06
1.651932937978148984e+05
5.150427527533805551e+04
3.961542859271972557e+05
5.639751295651844703e+05
4.068865811550401268e+05
5.396035996981925564e+05
1.360433747617960616e+05
8.451732420889472123e+05
3.710309624201183324e+05
2.221769388459075708e+05
2.755342513419003226e+05
4.618306936653990415e+05
1.688532893792100716e+06
5.385503137346528238e+05
1.051276311910386896e+06
4.271223225959097035e+05
1.011605488739563385e+06
7.602810668985302327e+05
1.323088856965221930e+06
1.827923761945170816e+06
8.719603214600464562e+05
5.345773657318314508e+04
7.284959534281310625e+05
2.053996933520215971e+05
1.983671580807877472e+06
1.819848522173893871e+06
2.132354555381211976e+05
2.848667648826997029e+05
4.330556220701519633e+05
3.309240122574000852e+05
7.645666244775685482e+04
8.260901297578250524e+05
1.443695098692757892e+05
2.761450400631776429e+05
2.107766867058113858e+05
1.330412354819029279e+05
5.488434942466163775e+05
3.310859939002818428e+05
2.533373295736736618e+05
3.598403406945625466e+04
1.731987375819926820e+04
2.238174885609110352e+05
2.693107190271857544e+05
1.764396846090781037e+05
4.155400194718456478e+05
3.587864426804457325e+05
1.769730159114596026e+05
1.409171855257354327e+05
9.496354890283336863e+04
5.680909884652938927e+05
9.325683774744232651e+05
1.166183214255214698e+05
9.191464109264862782e+04
4.219203943740884279e+04
4.976560683926662896e+05
1.093165626681893773e+05
3.255404152088669594e+06
1.458340583820604021e+06
2.942062543943831115e+05
3.621466672084899619e+05
6.406174145147753879e+05
7.514788508241896052e+05
1.109527116267342062e+05
4.096937513093994930e+05
5.334295585222323425e+05
1.019310287976841792e+05
5.346590489225087367e+04
7.669650376087205950e+05
7.993591052329243394e+05
1.299828851532606786e+05
4.320244804301827680e+05
2.117291269718384370e+06
3.258007841202356576e+04
2.443302039623856253e+05
2.379842410745035391e+06
1.809045164617254923e+05
6.660638714080597274e+05
1.868370344271581271e+05
3.797170582857268164e+05
5.855390957994780911e+04
2.114586236414748710e+05
3.576423711499565979e+05
9.143431294194863876e+05
5.471923727303285850e+05
3.486591535209052381e+05
7.183590768375534390e+04
5.266246431965629017e+04
9.940426776012814371e+05
5.194626288610324264e+04
2.955911273660484585e+05
1.413770586537452182e+06
8.809650469690785394e+04
3.414426368022747338e+05
3.972878319431027048e+05
2.735140946957353735e+05
4.069950294395202072e+05
5.739509684651067946e+05
3.379383571242951322e+06
1.841700840641962830e+06
1.942491508406961220e+05
2.582490611724862538e+05
4.405395758118983940e+05
6.959488373215208412e+04
2.147821017986505467e+05
9.921595856939241057e+05
3.022937694802926271e+05
4.411227860764691141e+05
9.821778188189740758e+05
3.473627696533122216e+05
2.502846174737479305e+05
3.849421240260506747e+05
1.744708649750212673e+06
1.114987304285014980e+06
7.023539249452853110e+05
1.099748051579948748e+06
1.860754919530316954e+06
8.229388969831573777e+05
1.445438305407481093e+05
8.053150685472571058e+05
1.930146460047943983e+05
6.437514170180905057e+04
1.427178635585279262e+05
9.764517084211986003e+03
9.908388360614136327e+05
1.915207578255209955e+05
2.395099191374212023e+04
1.320544917896182742e+05
5.229579903511666344e+05
2.492630108053430158e+05
4.002716362134139636e+05
5.383030637954021804e+05
2.374660762871899351e+05
1.537377945503311057e+05
2.720854804330389015e+05
5.239857893688933109e+05
1.383653706418146146e+06
2.511414935995999840e+05
5.888275569831910543e+05
4.543650186537283589e+05
2.495962718561479996e+05
2.687049560268266214e+04
7.852197038026275113e+05
2.136597775487558683e+05
1.496058355824236351e+05
1.510078448238109122e+05
5.219434962173397071e+05
6.642962263535321690e+05
1.782371586954859318e+06
1.220416169282886694e+05
1.048737118224822334e+05
3.774811149903821934e+04
7.334723155958997086e+04
3.142575810798703693e+06
1.184549435692762636e+05
3.070044180361924809e+05
1.139082781532161403e+06
5.542141130335548223e+04
7.153402656073805410e+05
3.115750231473536114e+05
4.493234167767646140e+05
1.794153765876309015e+06
3.988412064403116237e+05
4.160034091352951946e+05
1.724783140576762613e+06
1.436424302613012493e+06
4.218617610343908891e+05
5.315986188538717106e+05
7.764988659241625573e+05
8.533366981173149543e+04
4.125841852652783273e+05
1.331945196479481645e+06
2.089339740909907268e+05
1.820125058908289939e+05
2.902146946486424713e+04
1.832745866651894758e+05
3.055093230098773493e+05
1.071743711850268068e+06
6.687391210090635577e+05
7.564513422182764043e+04
7.670677079293417592e+03
1.119239938189082546e+06
4.787894767527672229e+05
3.364803876149901771e+05
6.699628197447643615e+05
1.267480275869361358e+06
1.376102233450369386e+05
8.266537389762509847e+05
9.653683026871342445e+05
6.437939160576801514e+05
1.204201237239370676e+04
4.537455976253737463e+05
1.881070114819763403e+05
1.806389194737107493e+06
5.023072618177864933e+04
8.738363676421185955e+05
2.225603395167845592e+05
6.445056379866106436e+05
4.312066579591501068e+04
1.947715084227045299e+05
2.762816519600967411e+06
6.480023730110178003e+05
4.261110867089478998e+05
1.469201736239679158e+05
4.698836742234670557e+06
2.380741259504543268e+05
1.349082395617933013e+06
2.483886193166214216e+05
6.861746755365486024e+05
6.362492605086688127e+04
8.201046189825388137e+04
9.900970008610140940e+04
6.060394912140021333e+05
1.006432841060143546e+05
1.745663610467086837e+05
1.025095166520053172e+05
9.756724510972353164e+04
6.437712656849209452e+04
3.920285838998907711e+06
5.727739811668001115e+06
9.654314581983287353e+05
1.082531417669785733e+05
5.484226585747727222e+04
9.647458236286510946e+05
5.899634698135639774e+05
6.473959707624313887e+05
9.375217097461128142e+05
1.994987977743616793e+05
1.887457393290781692e+04
4.142799915251273342e+04
8.978096062276028097e+05
5.273682335935074661e+04
6.638563384325447259e+04
1.124922276307529828e+05
1.040446026713081228e+05
7.350029983905497938e+05
7.808202123166114325e+04
3.919848930286150426e+05
2.496419094482579385e+05
2.981614443490053527e+05
1.649202532504822011e+05
3.467306393816302298e+05
9.416962272795851459e+04
1.392153580105958739e+06
2.275472073546673346e+05
1.658522945386778156e+05
2.329788543684682227e+05
2.955602346026922460e+05
2.663877506820715498e+05
7.293502075253749499e+05
4.547163721700048191e+05
4.087560601993532619e+05
5.560160082999494625e+05
4.580368471918431460e+05
2.568839810087501071e+06
4.612434965052777552e+05
3.566236972970681731e+06
5.877546425285373116e+05
7.411796557727683103e+05
2.782556430864094873e+05
1.478025516559549433e+05
1.482499624163417844e+06
1.470803670814807527e+06
4.702228575262344675e+05
3.929944190486081643e+05
3.332030922730697319e+06
1.631237745579636539e+05
8.996739948931745312e+04
1.761182596902522026e+06
5.621408770683918847e+05
4.105948472852379782e+05
6.185496391018652357e+05
9.180411369544378249e+04
5.112085211013618391e+05
5.611267592381865252e+05
5.011418520144489594e+05
1.303691891310425242e+06
1.286895198349711609e+04
4.153128042708574212e+05
6.046087731974517228e+05
1.905665761479687644e+05
1.183219994146565208e+06
9.808929763236596773e+04
3.969099403052932466e+05
6.348499872184544802e+05
9.251591130434935912e+05
9.531635025265697623e+05
4.242588562332453439e+05
2.932241160197220743e+05
2.944474953107734909e+05
6.378244462697136914e+05
4.793175143383099930e+05
2.584614275246063189e+05
1.030336500044040295e+05
7.952662596436775057e+05
6.114368435053470312e+05
1.590337116264837387e+05
3.925251319074218045e+05
7.347580118902513059e+05
3.037802480067184661e+05
3.549903258790080145e+04
1.132372242526949616e+06
3.830812516277384129e+05
2.470841942304263357e+06
1.048232674730664468e+06
4.714158044523441931e+05
1.598268684325811046e+05
1.643869075476509170e+05
2.549773943570918345e+05
1.546159437883397331e+05
7.768792147286531981e+05
2.191953415192387765e+05
5.605242623695552174e+04
2.606879289285443665e+05
4.128608080709874630e+05
2.393373308897530660e+05
4.470379888177489862e+06
8.082249921949750569e+04
1.729255188257684349e+05
6.356162955211551161e+04
9.786026764295432949e+05
1.378879757851192844e+05
5.386013230029531755e+06
2.820242349237047019e+05
4.040546918333536451e+04
7.895489677393509191e+04
8.454805478612032020e+05
6.751521418909709610e+04
1.362564998457933252e+05
2.267964766210796952e+05
2.860935304308636696e+05
5.992723862551059574e+05
1.102358792368822906e+05
1.135382658930866979e+06
2.736278506904928363e+05
3.166975475175879546e+05
2.132572025257703790e+05
3.649402172225377290e+05
1.258127205945785856e+06
1.031241329970015329e+06
1.727397645472071890e+05
3.253460041717025451e+05
3.394241282522028196e+05
1.140956032427727710e+06
5.160781789067553473e+05
4.440191201652336749e+05
1.641161526918809686e+05
6.008490562258136924e+05
1.839543075758746709e+05
3.276818247559161973e+05
2.933047169318888918e+05
2.714011000862679211e+05
8.663839821453611366e+05
2.238759891047438432e+05
1.890368574356323516e+05
3.226952413726739178e+04
1.349899423317558831e+05
8.495545616887451615e+04
2.928016264918629313e+05
6.768589119744580239e+04
4.736387288903486915e+05
1.873537670574014774e+05
1.247405858586318791e+06
4.663120080645837588e+05
2.695667780798605527e+05
1.548667022779106628e+06
3.750904916022740654e+05
2.896982139626112184e+05
6.963330019525260432e+05
2.417401013225147326e+05
4.839930026185294264e+05
4.206190886343606981e+05
2.708632908861133037e+05
5.726783890750828432e+05
3.310686034226644551e+04
7.112862812888453482e+05
1.052778833917720942e+06
3.315755717370162020e+05
1.030482563460450474e+05
1.042067144425465085e+05
1.715127239405911183e+06
5.541428583897146164e+05
3.570492591812350438e+05
5.564893597362948349e+05
1.535016458659854543e+05
6.164966221534141368e+04
3.029507768966951407e+06
2.142455808454716578e+06
3.690200368092107121e+06
8.538996134335679017e+03
2.343152594422244583e+05
3.046372895910979714e+05
1.561515255798088154e+06
4.838285900845869910e+05
3.737259061816296889e+05
2.346077357759824663e+05
8.056460628604529484e+04
1.774857325546021166e+05
1.590528126978004351e+06
2.135539189877659664e+05
5.776308151549159084e+04
5.388102789390124381e+05
8.390627786903651431e+05
7.174558792551845545e+04
8.896220997053890023e+05
1.912517745078754087e+05
4.652882640715620946e+05
6.279180683658891357e+05
7.515336278952392749e+05
1.923078452761965455e+05
5.223135178508534445e+05
3.433246404896752210e+04
2.699831091913001146e+05
1.347008333168069657e+05
1.043266484689002507e+06
4.186506808089824044e+05
8.198714527878043009e+05
2.139803107338381815e+05
1.723498793564266452e+04
2.649673135533965542e+05
3.397029293039871118e+04
9.979625485288760392e+05
1.923488549663464073e+05
2.396937405384924787e+05
2.067835974749700108e+05
5.083666056264451618e+04
5.735123363503036089e+05
4.043360028583896346e+05
2.432536917693236377e+06
9.386442255352667416e+04
7.420748447160040087e+04
2.131691754423711100e+05
3.133534671952444842e+04
7.617975891368401935e+05
1.179179117899505189e+06
1.511881264337671455e+05
7.802280411740113050e+05
4.596326153678316623e+05
3.481586214720188873e+05
9.740833069185533095e+05
6.224223588014509005e+04
5.916355574628507020e+05
2.396702680063231674e+05
9.095443890415866917e+04
2.322701501788398309e+05
8.932863509377455921e+04
6.767211298797377385e+05
4.526535751448915107e+05
1.066302748949455330e+06
3.687462577275671065e+05
1.883798549432106956e+05
3.590934799282058957e+05
3.404720004311469966e+05
3.061281892616099794e+05
7.124885192019168753e+05
1.743287059885231793e+04
3.326933755617248826e+05
6.823969390037076082e+05
3.411604136493218248e+05
1.687882252758606919e+05
1.002035016434509307e+06
1.903524277432288509e+05
2.895152208772231825e+06
4.454807761232705088e+05
7.384279652646341128e+04
4.299043867851599935e+05
2.563204027608520992e+05
4.389232607156510348e+05
2.865383406065182295e+06
1.660026342863360187e+05
6.656786132366548991e+05
5.434136555642347084e+05
2.734868685885082814e+05
3.437100185734082013e+06
1.439480235200685915e+06
1.545372322279573418e+06
9.182716214323128806e+05
1.880802441067754989e+05
4.814400768464057473e+05
8.092848747787462780e+05
1.026190416089123348e+06
3.104304250823111943e+04
5.533902343473470537e+05
3.691808200236324337e+05
2.822967692642331240e+05
5.819413463680235145e+04
5.953177167334497790e+04
1.148446088576983660e+06
2.181786399897864903e+05
3.127916841302937246e+05
6.408478269822626316e+04
8.870793414086565608e+05
2.045887692505518498e+05
9.669006109121776535e+04
2.334259606885990434e+04
2.345247823269708315e+05
2.304475296771390713e+05
1.351775992628900858e+05
2.918770416079714778e+05
2.614814888604620064e+05
1.814587484931855579e+05
3.014058299561593449e+05
9.163363842695788480e+05
1.305456491622821661e+06
6.011323646898278967e+05
2.997077813855449203e+05
5.761075429747490853e+04
2.790043784087354652e+04
3.856889782285795809e+04
3.262784472545334720e+05
9.480568353156538215e+05
1.203042235337540915e+05
1.523076707269394246e+05
5.274028415116789984e+05
2.124677399297501252e+05
1.275310110320372740e+06
6.413575514603964053e+06
1.354374584750286886e+05
1.086619565830420470e+06
2.308074024116398650e+05
1.114530247684295318e+05
2.513474170413820248e+05
2.152155816960087977e+05
4.564347548978313571e+05
1.745737713725878566e+05
1.862940905081289820e+06
5.862282035747577902e+05
1.283889090194203192e+06
7.068694844906885410e+05
1.303730297385067934e+04
8.290112914623258985e+04
4.086109951792540960e+05
1.307893236448096810e+06
6.028329848774218699e+05
1.447458717708004115e+05
1.695589753039190255e+05
4.120175043257428333e+05
3.262706734488810180e+05
5.205981223068645340e+05
1.187049550893381238e+06
2.116684442724529072e+05
1.617943670540101361e+06
5.213776313409108843e+04
2.218233097321166133e+04
1.957550156140124018e+05
1.835134929371973849e+05
5.960225536958012963e+05
8.180843410265255079e+04
1.950649429897004156e+05
1.645626146341897082e+06
6.872841091145661194e+05
1.776519570631857205e+05
8.801753498519016430e+05
1.571805826969287591e+06
2.671587933994341292e+05
9.774657203782706347e+04
1.583064051303928427e+05
1.707482608274148661e+05
1.670471190393362427e+06
6.248183362938350765e+05
6.863379532447375823e+05
7.327729388690663036e+05
1.741798150729328045e+05
1.129584360725420527e+06
5.970781128470323747e+05
7.487713199813214596e+05
7.721690358083824394e+05
1.332422760712595773e+05
1.119612492546186550e+05
2.672842707801464712e+05
4.248378430354687152e+05
3.483881094456560822e+04
3.282816512968893512e+05
7.968524560729609802e+05
1.828400946530348738e+05
7.067618726549647981e+05
5.439628052287095925e+05
1.904157530708414561e+05
1.057902498178901005e+05
5.308138782935605850e+05
7.648830289678786357e+04
6.016155362345826143e+04
1.759465279458266450e+05
4.067685118885319214e+06
5.544213544326811098e+05
2.131370851833283959e+05
3.803750569071165519e+05
5.078179277187256957e+05
5.090127929640104994e+05
7.790392885217929143e+04
4.057113254241182003e+05
4.762227614921541535e+05
7.585249882387595717e+05
1.171431175073507708e+06
1.650465844021016965e+06
9.138030464739081217e+05
9.676723967848141911e+04
2.506292712554718601e+05
2.310438965978733904e+05
2.167240089278571308e+06
1.194150711568796309e+06
2.399906561547314341e+05
6.426594261989432853e+05
5.637563208231388126e+05
1.653027214605883230e+06
1.418812814352005662e+05
2.685353355638249195e+05
4.837184066099206684e+05
3.845046637458310579e+04
2.869800474660136970e+05
6.535910872259320286e+02
3.680689657779530971e+05
5.392145392210516147e+05
1.364085112883920374e+05
5.934521707571409643e+05
4.036709610940224025e+06
9.548987830904703587e+05
8.241382372951080324e+05
1.386952737083110333e+04
8.769878711291779473e+04
4.526873199018602027e+05
5.949180955751088914e+04
7.718798703079520492e+05
3.349399393623809330e+06
6.325456864247813355e+05
1.299835102131528081e+06
5.660617992293764837e+05
3.232214983341976185e+05
1.728991459856773145e+04
7.030692135358296800e+05
9.970367236342229880e+05
2.630171362697164295e+05
2.631731861643510638e+05
8.514224422469121055e+04
8.230715177411379409e+04
6.110939657251825556e+05
3.110967139506779495e+05
2.773519536409958382e+05
3.699079633580666268e+05
5.320432134411250008e+05
9.793505744856656529e+05
3.885469490792671568e+05
8.078038984192903154e+05
2.134298343153390102e+06
1.030025172870743118e+05
2.949397198813750874e+06
7.590796458912959788e+05
8.587273447054489516e+05
2.043710379810167069e+05
3.507011393852729816e+05
4.273677412709318451e+05
1.915044962676427094e+06
1.104369422314948315e+05
1.185553721938297967e+05
4.014261337573582423e+05
1.292377604342141189e+06
1.152620866760492936e+05
2.396952362162520512e+04
1.744131502604962734e+05
1.062289995488759014e+05
5.931696335533964448e+05
7.443345022391898965e+04
1.427716427840721444e+05
3.588379652526064776e+06
2.285829300659426372e+04
2.221853957275287539e+05
2.814927301070817048e+05
1.402908535589416279e+06
4.744336705188862397e+05
2.134768656361009052e+05
1.103373622154418554e+05
4.146214986497020000e+05
2.829547181033301749e+05
4.405865277423053631e+05
4.197664404772393755e+05
3.644537338308062404e+06
4.526404058860756923e+05
5.435203615041875310e+04
1.300148603529350366e+06
1.354346965430103475e+06
2.411083077183095156e+05
8.436305414944450604e+04
8.953481869388784980e+05
3.359494875507042743e+05
3.604487593279513530e+05
1.437443787930458493e+05
1.957011326924473542e+04
2.937074412208315334e+05
1.391156847243194352e+05
1.982069455086484377e+05
1.376717590278581018e+06
1.543796666974168620e+05
1.711490245746174594e+06
1.582071649154335901e+05
1.498974208335284842e+06
1.743293493203321123e+05
2.548854960394001973e+05
1.507332116846339777e+05
1.161111402596559492e+05
3.168881650631182129e+04
1.034616047991534928e+06
1.871606805309540650e+05
2.009165620444922475e+06
2.158306660239429621e+05
7.114521311615721788e+05
1.525326146732342895e+05
2.821029168786121882e+05
2.708668466894953162e+05
1.635963648716095195e+05
9.276972763495803811e+05
2.235197799142907897e+05
8.000118396153008507e+04
9.373100239144206280e+05
1.786279867806039692e+05
9.113595364583216142e+05
1.942624109139038774e+05
2.342296859539246361e+05
3.422061918547768728e+05
6.580034446684884606e+05
1.096203647175956576e+05
6.625315097408080474e+05
1.891427302687186282e+06
9.089561974875016313e+04
5.569283754274056264e+04
2.642327551758591289e+04
1.112993761186550983e+05
1.259402673104915739e+05
9.183696275771778310e+05
7.657460625794790685e+05
2.110890419762324309e+05
1.072702180278528947e+06
5.564747145360751310e+05
3.611144802565032151e+05
6.752791651201703353e+05
1.614396828933552024e+05
3.509177604642343940e+05
1.214358358115528099e+05
5.493801348231274169e+05
5.717914521496845409e+05
1.470386906049228972e+06
5.529952205988488859e+05
1.682663451408572146e+05
1.293688558737878157e+04
3.753919574492744869e+05
1.090893278622975806e+06
2.177499295266483678e+05
6.764119158844392514e+05
8.314870044322006288e+04
2.659543823473462835e+05
1.375225762349086814e+06
7.057643423767797649e+05
2.846500766252112226e+05
1.974167368484259641e+05
2.670765491526470287e+05
7.623416425755788805e+05
2.217799630457361345e+05
1.063191942676910898e+06
5.488163842561221682e+05
4.206713342362220865e+05
4.069427231111295987e+05
8.245723419931483222e+05
8.997907175537928706e+05
8.762603670208627591e+05
5.699302513137120986e+05
9.691457356922191102e+05
1.213839751734750898e+05
4.044990673557854607e+05
8.624559653985273326e+04
6.099249409458547598e+05
2.769329844051486580e+05
9.819983314022411651e+04
2.584194845009129858e+04
1.128269732418832369e+06
9.569071721306975815e+04
2.160116903553703742e+05
2.526362859127092524e+05
3.739226139762800885e+05
9.642304973540174542e+05
4.406398826580378809e+05
1.821071301506885327e+06
5.243945695706447441e+04
1.541415740597035801e+04
9.312526421900464920e+05
8.001602196225810621e+04
2.573371436971312214e+05
2.340470145118590735e+05
7.549312316095372662e+05
3.287364308663280681e+05
3.816938976954502286e+05
1.069006865744474489e+05
6.848625814577522688e+05
3.615534371366517153e+05
5.544419582147371257e+05
9.215274445988110965e+05
2.040024641942947928e+05
7.262247575161639543e+04
5.065561541230733274e+05
1.394812904142531333e+06
2.201015616313407663e+05
6.949480453357422957e+05
5.113174136623245431e+05
2.804157663771805819e+05
1.270542655806064577e+05
6.038393639738160418e+05
1.257643003097597975e+06
2.300562851297278889e+06
6.936599668306655949e+05
1.882336372003397904e+06
1.780532528914376162e+05
9.358016977058807388e+05
1.524731737265148433e+06
5.959356080590736819e+05
3.095746253358043614e+05
7.405859778155600361e+04
2.017991119133353059e+05
7.713750827157826279e+04
3.771444338993906858e+05
1.110046930960896716e+05
1.740148269584454538e+05
3.073573131941908287e+04
2.997269188224432291e+05
2.171521637232650828e+05
1.436268784515741572e+05
9.018909778769533150e+05
4.198385251686957199e+05
8.616012349059029657e+04
1.119612395909585903e+05
9.754431525477247778e+05
4.097454530175420950e+04
2.267354589028774353e+05
7.787129138671549736e+05
3.807820122719348874e+05
1.703663267936898628e+05
1.676471658770439681e+05
3.009803257073338027e+05
2.346852446196510573e+05
3.593532995034572086e+05
5.684023770650804508e+05
1.413159254994759103e+05
1.982921644071793417e+05
2.709755156276804046e+05
3.311467960235836217e+05
1.471247649808737624e+05
1.180092636870331044e+05
4.068477053844484908e+04
8.132560749415893806e+05
1.541821375010743272e+06
4.876159295375476941e+05
4.322788011035413365e+05
1.290656014139963372e+05
7.707380275730954600e+04
2.104981694981223904e+06
2.381034962436474452e+05
1.147242264742766565e+05
1.173837916904997779e+06
2.563929571629165439e+05
4.483211713664780837e+05
4.196060229433186469e+05
1.794641306634657667e+05
1.253029740181755973e+06
7.423936125407492509e+05
1.015155073489806964e+05
1.608766891222261766e+05
1.013304222790412023e+05
1.529774574387976434e+06
1.144090936622649315e+05
1.898687854254075210e+05
4.318199262500869372e+04
1.054555381481336663e+05
2.518264142512222170e+05
1.868549042829243466e+06
6.378414749307864113e+05
1.285843486996800784e+05
1.923553185740759829e+06
1.478046852617460536e+05
4.174674950315637398e+05
1.188912152347341413e+06
5.044815760621597292e+05
6.545334842106554657e+06
9.689623723323407467e+04
2.992008550062395516e+05
1.198899247181808809e+06
3.417728911177413538e+05
2.544147672104840749e+05
1.309778018063372292e+05
5.896853437595673604e+05
9.469800894039834384e+05
5.096766953591477359e+05
7.898254897432029247e+05
1.984491300786619540e+06
1.212880367161458125e+06
9.872678150314823142e+04
9.137946692536576302e+04
1.732150816644987790e+05
7.451356951883559814e+05
2.307059463151536474e+05
6.992376672182775801e+05
9.299797204560339742e+04
7.170613979926910542e+04
3.804652657711752690e+05
3.492342589122655336e+05
5.261079933637302602e+05
8.045613795633586124e+05
2.018054999886190053e+05
9.618888971389984363e+03
2.303687514393466408e+05
5.453549430581281194e+05
1.628650591781377094e+06
3.693907123912022216e+05
2.249424455339857377e+05
2.264033461808545049e+06
8.111782123612907017e+05
4.080037181008558837e+05
1.273742525359884748e+05
6.355668119811454380e+04
4.644363003203815315e+05
1.541528737827585312e+06
2.565646259305268759e+05
3.536339451169968233e+05
2.696496960520935827e+05
1.448382864226776874e+05
1.898392632414842723e+06
1.262685667623257730e+06
1.857429619338650082e+05
2.853730399422028568e+05
2.065549765299779028e+04
1.723253934292759222e+05
4.999984413360932958e+05
2.493572412696243264e+05
1.552238604150776227e+05
2.978437824989496148e+05
2.583137680018897518e+05
1.867298084065371426e+06
1.309593834033616295e+05
2.252332493525255632e+04
1.395818037234917516e+06
2.979047016742348787e+05
1.053357075259240228e+05
3.516326178263694746e+05
3.481793960826760740e+05
3.972886509607638000e+05
3.799887192857355694e+04
3.604147486031457665e+05
1.371092804709746561e+05
1.311051548440395389e+06
4.599069155166266137e+05
1.661248972629477430e+04
6.612148650366091169e+04
5.077285271435983013e+05
6.172245040704503190e+05
6.163328468792580679e+04
6.528431360194747336e+06
2.668719272481381195e+05
5.171448250253120204e+05
2.562769512486507301e+05
3.065700895656636567e+05
9.647727510771572124e+05
1.461732411323999404e+05
5.546050715980811510e+05
7.102347108041659521e+04
2.182617221780594555e+05
2.166488848385383841e+06
6.632052054359454196e+05
1.247197451953066280e+06
2.720351975466101794e+04
1.345378391705456306e+05
1.701846790092612500e+05
1.063273577822839143e+06
1.161301873525665840e+06
4.427125846651309985e+05
5.780701606875929283e+05
8.574981360029068310e+04
1.397372230057307461e+05
5.124540926757502602e+05
4.084685325237621146e+04
1.146079687945563055e+05
3.777928960184394382e+05
2.053730763844509493e+05
6.364411042874455597e+04
3.890508669607588090e+05
1.002838592168788309e+06
1.508519805008237250e+06
6.739047811636992265e+04
4.195264479139090516e+06
1.236941264494999545e+06
3.309034116178844124e+04
2.566719303555285442e+05
2.034751436453201750e+05
4.641042368640490167e+04
2.580168854731965694e+05
1.772230738244599488e+05
5.994429812122297008e+05
2.898716434136354947e+05
1.036745543537641788e+05
2.696391289316865732e+05
1.202267039052851731e+06
5.759338834359045723e+04
2.070690791408383287e+06
7.074031696463930421e+05
2.655919687577949953e+05
1.353044260057767679e+05
1.858049170711531304e+06
1.378229545356413582e+06
2.941135380175278406e+05
1.885078871962278849e+06
4.873890043864035397e+05
2.885767820330412593e+06
2.469642990858316261e+04
4.298864464701897232e+05
1.373341289319508360e+05
8.921334322562805028e+04
3.141355606141134922e+04
7.828479596009190427e+05
5.802276319613178493e+05
4.398786114075904479e+05
2.438992953329068259e+05
1.668402108578243526e+06
4.595568005852518836e+05
1.138615712360512989e+05
2.723274887155400589e+06
1.020144149743538001e+05
1.204595126622725744e+06
6.755172139480878286e+03
1.479547629461654287e+05
2.962498758062274283e+04
1.434316194378989981e+06
1.322278893171474920e+05
5.565735247325728415e+05
6.325168714587491704e+05
7.413072249700127868e+05
5.300179288161065197e+05
2.754041259571089759e+05
7.548391223017935408e+04
1.828466222705644905e+05
8.761387754848640179e+05
9.470921126367164543e+05
1.366443692796126707e+06
5.848816580258993199e+05
2.755443757893146176e+04
3.794738684762922931e+05
5.993676580147994682e+05
2.076137153296660690e+05
2.788039105486716726e+05
1.701871707866308978e+06
3.112684280760834226e+05
9.641310332195317606e+05
9.429224801792645303e+04
2.719673864826220670e+05
3.209342188285067095e+05
3.306851339192650630e+05
3.395597285192081472e+05
6.109903322549333097e+05
3.834781742625889601e+05
4.236458284607720270e+04
1.480963799920851598e+06
7.769251708310684189e+05
5.964655296341872308e+05
2.761851621994658373e+06
1.122593241369860945e+06
4.964879019216560991e+05
3.225277089383970597e+05
3.742298166376573499e+05
6.294634642139840435e+04
7.858832850803155452e+04
2.160884554774551652e+06
5.821988123582194094e+05
1.743705693848041410e+05
5.759502835179868853e+05
6.221641239782226330e+04
4.095524608909679810e+05
3.315034936357836705e+05
4.196870411988898995e+05
1.180466755129142839e+05
8.659670897018578835e+05
1.387259358957734890e+06
1.442095984032685810e+05
6.887660045479900436e+05
3.204253811764821876e+05
1.982415712778156449e+05
2.010224508703257889e+05
1.378412367274326389e+05
1.086268837953284616e+06
1.061765756587945623e+06
3.593776825488663162e+05
1.358695277065405389e+05
2.617077184434511873e+05
4.161286858716684947e+04
1.558052948026775557e+05
3.778839932308655698e+06
1.447737215899858274e+05
2.482771175209602807e+05
3.056788421709245304e+05
6.410077418838713784e+05
1.026612758861620678e+05
4.542959588251684909e+05
6.665235844121991249e+04
3.450024193661877071e+05
5.613209026860692538e+05
1.463896640016653691e+05
2.423049418136340391e+05
1.483677894800955663e+06
1.876627621087004663e+05
3.315968993505880353e+05
2.341495264222683909e+05
2.890320395751080359e+05
2.508900971060267766e+05
7.923451868175964337e+05
1.476447283133810386e+06
2.062732871105293278e+06
1.106154359547406435e+06
7.428382788868362695e+03
2.898619721241343650e+05
6.843805025702145940e+04
3.043234187440860551e+05
8.536863656968857686e+04
8.064872553100326331e+05
1.515866795425625052e+06
7.826544229190221813e+04
2.693059162377484026e+05
3.520218840298334835e+05
2.839054541660642251e+06
4.098913016384840012e+05
2.056620302945851872e+05
1.718387231257066014e+05
1.036816840518802521e+06
1.196803741980841616e+06
1.458678617258144659e+05
3.031059578534131870e+05
9.331157904913753737e+04
2.757593497127589770e+06
2.304593112391594332e+06
4.460059103238611715e+05
1.430965963565934682e+06
3.370494927929692436e+06
6.084705953585221432e+05
1.074682403246744216e+05
1.356086091485728975e+05
7.516508119026345666e+05
2.829780033631896367e+05
1.486748836063658528e+05
2.052693626234441472e+05
2.479075213489655580e+05
4.439108582528537372e+05
8.758629624486246030e+04
1.272487512414407538e+05
9.836623006670255563e+04
1.981620154933146841e+05
3.017346386065281113e+05
2.525804831805263821e+05
3.806835733320617583e+05
5.780632915440290235e+05
2.738162521674413001e+05
1.815018378223342879e+05
3.807537860411365982e+05
7.057454328821876086e+06
3.826010470664601889e+05
1.233448162938740570e+06
5.335848834174780641e+05
6.231241415579078021e+05
4.251951723401889321e+05
2.379945192734086013e+05
4.002177223973816144e+05
6.551943388377885567e+05
5.252783154531990876e+05
1.264498407705275109e+06
8.289486897052009590e+04
9.622777065920944733e+04
2.683498960173726082e+05
1.792960629704261199e+06
2.262819523061917862e+05
1.451255182668323105e+05
4.473983608762033400e+05
1.434487692260543008e+04
2.182240580805532809e+05
6.223153269593262667e+04
7.137007265043842199e+04
4.695884013872921350e+05
3.633831361223349231e+05
1.066528259806683520e+06
1.201040603155618999e+06
8.284863121497274842e+05
3.345625569185537170e+05
1.123101550204948988e+06
9.595396919113697950e+05
1.423215049743704265e+06
2.813517444583883625e+05
6.911948840277924901e+05
6.340753057117038406e+05
2.400945853558121307e+05
3.879514479092543479e+05
7.128414854923298117e+05
7.040628945870675670e+04
6.143807274716554675e+05
1.649003232905034965e+05
3.936846455065475311e+05
1.608282758560625662e+05
5.995720955991476076e+05
6.748663883617975807e+04
4.779094016185760847e+05
6.847272582394130295e+05
2.794591291257020785e+05
8.052129566891945433e+05
4.312294864964379929e+06
3.167739535442510387e+05
3.237715710787398348e+04
7.966692488834427786e+04
1.951292734087509743e+05
2.851150029755524010e+05
6.450979126995889237e+05
1.327083121288305265e+05
2.390322726281716023e+05
3.240898135986478301e+05
4.176486003086509882e+05
1.404738539208872826e+05
4.814192199369387818e+05
6.440391410189785529e+05
7.155244851359713357e+05
2.138352207438945770e+05
9.237374883105609333e+05
9.245339275003399234e+04
2.395472298391358054e+05
9.939369950402101676e+04
2.613185763909764937e+05
9.091335111443592177e+04
1.212671118323261180e+05
1.899729484312008135e+05
9.486252574939849728e+04
8.599254206588249654e+05
1.599645357021976030e+06
8.803841713716571394e+04
3.816487340677842149e+05
5.830647449120030506e+05
1.942890292943473614e+05
7.284812528304025764e+05
1.257695695678490214e+06
1.313887255713881750e+05
2.057541736013197224e+05
1.194755493510875967e+05
1.110471584696853999e+06
1.125491277310471341e+05
8.612380446037677757e+04
3.234512509788586292e+06
6.490151194469148759e+05
3.364766530030829017e+05
2.201710522186800954e+05
2.417161991533112887e+05
1.176697247708722483e+06
1.645222998072390910e+05
5.406237767987992847e+05
2.893776641077404493e+05
2.163340453006218188e+06
5.429175752338905586e+05
2.941421655097391922e+05
2.044253733599801781e+05
5.069532036506988225e+05
7.189211885504077654e+05
1.214667518228266854e+05
1.296854895016041119e+05
2.135746498949155211e+05
3.574298631653774064e+05
1.524253177588843682e+05
7.244789828625687733e+03
8.363898601621842245e+05
2.937544888308703084e+05
1.297972873505908530e+06
1.059868762523083715e+05
5.751141559691190923e+04
8.816020210404664977e+04
2.778220890497475048e+05
4.536708121236877050e+05
3.506483305660760961e+05
1.779881937770692166e+05
1.038459051673794311e+05
2.610147853156665806e+05
5.946100642772169085e+05
1.161824647123951290e+05
5.058863864979587961e+05
1.747420450979039073e+06
4.362346203775591857e+04
1.557043714255726198e+06
3.018727682917934726e+05
7.055810131985150510e+05
4.811888049412339460e+05
6.974906459775651456e+04
1.493130147045543417e+05
3.335137823772953707e+05
5.129547309543773881e+05
1.312022763376580086e+06
4.155092442148486618e+06
7.908922821583229816e+05
9.721573503292481182e+05
5.389197824533184757e+05
1.789430046831976797e+05
3.323831253469788353e+05
5.268958425072156824e+05
9.526509197946505155e+05
4.200875650455151917e+05
3.534480757326966268e+05
2.553694978692329023e+05
5.252860630673376145e+05
1.133352095236422028e+06
5.971253834626101889e+04
1.045373105342589988e+05
6.844551514557446353e+04
3.692981051921364269e+05
6.618091221129018813e+05
3.353818959790517110e+05
2.684244300258221338e+05
1.601031510119615414e+05
1.567033560881365338e+04
2.508317221381448617e+05
8.681505807098926743e+05
4.811869183635082445e+05
2.304953348860052356e+05
3.286038072250818950e+05
1.416778608552931109e+05
2.404588508911097306e+05
1.670842863329674001e+05
2.428792347791088687e+05
2.306371313403750828e+05
1.963816993955181213e+06
6.627820484280482633e+05
1.646454889234566654e+05
1.408092606432264984e+04
4.021776770301529905e+05
4.719825128169525851e+04
7.746479655372016132e+05
1.756603292597706895e+05
1.273047008977527265e+06
2.761039896263864939e+05
3.128275716865182389e+06
3.738526955556221656e+05
1.433964089622166939e+05
3.568579187717906461e+04
2.515408113878006116e+05
1.123163755379175534e+06
7.935894704537226353e+05
3.862191722267874284e+05
2.951497868626227137e+04
1.834207549256237689e+05
7.928705129407100612e+05
1.109970995063336100e+06
2.764230603557797731e+05
2.294014456312833063e+05
1.118402411303057888e+05
1.679215429596873291e+05
7.297491174248610623e+05
5.188659538190070307e+05
2.604940422669125255e+05
7.974516555071411858e+03
1.432713029372933961e+05
1.168771901671182364e+06
1.544724606386065134e+05
2.403361755120404414e+05
4.563301327978626359e+05
2.417305474531022192e+05
7.992807259513754398e+05
4.256038981276804116e+05
1.605598418501003878e+06
5.104291769946909044e+05
8.294932802322326461e+04
1.679182634757228952e+05
2.231664413446803577e+06
7.246090680241564987e+05
1.457335246625013242e+05
1.471938594477828010e+05
4.173060959082032205e+05
4.279813241375881480e+05
1.386028226036674751e+05
1.276662008278431604e+06
2.230404482937716530e+05
2.124689367696891539e+06
1.207674162960364018e+06
4.384497542818118818e+05
6.615693707568978425e+04
1.570585618714952143e+05
2.786820322197807836e+05
8.592981571674584120e+04
5.823538575621874770e+05
1.372119553677712800e+06
1.451815524702425137e+04
9.647024572344691260e+05
7.030093158681652276e+05
4.312213787799784041e+04
1.960328985473666980e+05
2.080145115863587125e+05
2.114560958958612173e+05
4.167172167566112475e+05
5.731770875169963801e+03
3.952550682964071748e+05
2.322481522377716377e+06
9.583896480580637581e+04
2.434181940337741689e+05
9.699712318938385579e+04
4.360799968690935202e+04
2.284819163602448534e+06
5.062300835732438136e+05
1.244328851750384551e+06
4.863923118426128058e+05
4.196194571056892164e+05
2.535025849370794895e+05
7.582902193718509516e+05
2.286911359001946636e+06
5.659174391502141953e+05
6.490029857946558332e+04
3.563512129030336655e+04
1.787069750365867803e+05
9.793571220673790958e+04
1.514379850803330919e+04
6.883813406266582897e+05
1.396224546504316822e+04
7.420198198181025218e+05
9.513608615572403651e+05
4.213261881566772354e+05
7.008279325561918085e+05
8.152324647867367603e+05
4.478460031112062279e+05
9.670934061927468283e+05
1.870402065722766099e+06
2.392955524108354002e+05
6.416136370189099107e+05
9.433711545454403386e+06
2.808662774782557390e+05
2.875399980705066700e+05
9.533797191447823934e+03
1.542786536122875987e+05
4.504538952794364886e+05
9.253376408827273408e+05
1.722379496934748895e+05
5.837895889363088645e+05
1.366647135136952566e+05
7.147546495560728945e+05
1.776061415399711404e+05
1.420461339561131608e+05
3.904462782035166165e+05
6.887554214499006048e+05
2.811213444682594272e+05
3.872682724768772023e+05
2.617698427283431374e+04
2.459605812274979253e+05
1.560452568584187538e+05
4.318383486751544842e+04
8.673956063956521393e+04
1.369043132103471318e+06
4.478413174992096610e+05
6.877014634719158523e+06
5.086635827045945451e+06
2.006357758068088442e+05
2.070047606539767294e+05
2.291255079675101733e+05
4.622042749141028617e+05
3.417085123640009668e+06
1.670158548817907926e+06
1.703509596545895620e+05
3.869102466085849446e+05
2.872619176190680591e+05
2.687731738273933297e+05
1.148790156254597096e+05
3.229323247943897150e+05
2.010285885796632792e+05
2.727350792250882951e+05
8.045032862045990769e+05
5.177292600368587300e+05
3.289893972934724879e+05
3.053412039163330337e+05
3.618833599969182978e+04
9.231408794904638489e+04
1.117343946670453995e+06
5.378572317276765825e+05
4.830885289819363388e+05
5.539967329833920812e+05
5.587348676087962231e+05
1.307025513383084617e+05
1.559441057331330376e+05
3.703584681206438108e+05
1.342042597399960272e+06
1.546697327021887177e+05
2.927338363640935277e+05
7.984603947424556827e+05
1.368844171041070076e+05
4.237599124163346714e+05
6.185001936614076112e+04
2.648081657089237124e+05
1.213484692261905147e+05
4.248608082447765046e+05
2.680927552310730680e+05
2.648271519142422403e+04
6.661555504106754670e+05
4.854503995343193528e+05
1.245386087795599364e+06
9.342331329373923363e+05
3.532647411143610952e+05
4.614904013647244428e+05
2.637886021408000379e+05
1.288055046387910697e+05
1.490188384916114446e+05
1.793437634007883898e+05
4.034021550539958407e+05
9.045043052506587701e+05
2.712716605136916623e+05
1.035657714013576973e+06
2.574993693396357344e+02
3.579901005570926645e+04
7.347481445186281053e+04
2.378526488807614951e+05
1.000216462681202538e+05
1.291211608043821325e+05
2.712844443429922103e+05
1.555655863078412076e+05
5.687518092138240172e+04
7.486076650638030842e+05
5.301314194992748089e+05
1.539624671643705224e+05
2.262184346439242072e+05
6.913076974849270191e+05
6.365133066488448821e+04
2.139905157404490747e+05
8.410585167518130038e+05
2.685358562650025822e+06
7.726786133334650367e+04
1.642820987393083633e+05
4.630938904118366772e+05
3.363340115724683856e+05
1.071024437389697414e+06
6.863252265844291833e+04
1.078696736738194886e+05
1.816655764768657973e+05
2.858743770589269116e+05
2.231935378600817639e+05
5.164781740356478840e+05
9.924804130952515698e+04
2.669303931892361143e+05
1.878425604511044512e+05
1.034182013159071503e+05
3.809419273046632297e+05
7.518207012805601116e+05
2.234244350993248809e+05
7.191343641286851198e+04
4.593179342083432712e+05
2.477398046374301484e+05
4.435665961102858419e+05
4.670821490736525157e+05
1.511274297058406519e+05
4.546884128542989492e+05
2.921254614915716229e+05
3.194090974249769351e+05
2.070567021887641749e+04
1.734918163977835211e+05
5.084363834283231990e+05
1.856714604544452624e+06
1.121004212008489849e+05
1.220018491920517292e+06
7.385715237831516424e+04
2.998610649234226003e+04
4.216963347734070849e+05
9.346908333394422662e+05
1.381382316208098782e+05
1.892021243709223811e+06
2.051711183888791129e+05
5.133080411497012828e+05
2.128530241658079321e+05
2.908307814706824138e+05
1.011046932830545702e+05
8.397806146291154437e+04
7.888681031965771690e+05
1.950089374390178709e+05
1.178230532677082578e+06
1.230928215707577299e+06
2.770854347993126721e+05
4.036452625693840091e+05
4.239326394568657852e+05
1.979042197780009592e+05
1.861428701090913964e+05
1.141232612695920106e+05
3.521134964571676683e+05
5.197268661812157952e+05
1.700991968727689818e+05
1.610471319582937984e+06
1.554605513575494988e+05
1.234318685814831988e+05
4.127883918459690758e+05
2.829787196872597560e+06
8.673448297185257543e+05
3.355136024753209203e+05
2.697583179715059232e+06
3.472339735538641107e+05
4.948022982725490001e+05
2.386532239806660218e+05
1.657013678162052529e+06
2.299468372202220053e+04
4.014966310848910507e+04
2.468624615046678518e+05
6.698796941816420294e+05
1.542018761176519794e+06
8.167542368268957944e+04
1.175743046187755972e+05
3.296790716683305334e+06
1.491965735259073845e+05
1.990905055236335611e+05
4.728641709109450458e+05
1.185796648714754556e+05
6.244584768856447045e+04
1.403048004462833633e+05
1.885536740823090659e+05
1.231710110360271938e+05
9.430506811216784408e+05
1.432992257922169229e+05
5.980846653582974104e+05
6.483400708192175807e+04
1.444262661358320038e+05
2.396866119940242788e+05
3.256220110482264427e+05
4.027249870911285398e+05
4.509108115706105600e+05
1.657155660772847710e+06
3.039352285273484886e+05
7.614645027709247079e+05
4.611587594200342428e+05
5.403051127250400605e+05
1.307084435462674301e+05
1.376713707702941028e+05
7.303038291934382869e+04
8.132853627198842587e+05
7.023349262693854689e+04
4.037472387730956543e+05
1.056331299601324281e+05
2.693900267148990533e+05
4.907207700667615281e+05
5.040881036987338302e+04
9.234767804154915211e+04
2.034736537891528860e+04
1.575499870671371173e+05
5.972123364808345214e+05
8.206536751732788980e+04
1.460174239915083454e+05
1.461406617756705091e+05
2.232230436960600317e+06
2.349763646207346756e+05
5.831574127131331479e+05
3.033502977245698567e+05
4.059803758918003296e+05
2.001397079135050764e+06
3.627714376604148420e+05
1.569524053305451816e+05
2.722601103945021532e+04
1.455923129486146383e+06
4.537715840068224818e+06
5.735031803690865636e+05
5.753575198435996426e+05
1.732734015894314041e+06
7.993006165264785523e+05
4.516913360306344111e+05
6.099124405460663547e+04
1.279754330171666807e+06
3.336712321005898993e+05
4.469796728253113106e+05
1.715405459894416854e+05
7.738368704380953568e+04
2.298413446853723726e+05
1.184521689453440340e+05
6.573984620462774183e+04
2.320813448369872349e+05
3.704665113585937652e+05
9.463025116510343505e+05
8.127908119213360806e+03
4.135161430033483543e+06
1.428516061707241926e+06
1.129730392165954545e+05
1.709057642968823202e+05
8.806552987304129638e+05
9.947756785083683208e+05
9.380901871059477562e+05
5.029653909869070048e+04
1.189899945514436549e+05
2.959172235593174119e+05
3.844542299241669825e+05
5.992316776854287309e+04
3.999035020941355615e+05
1.691337163294482743e+05
2.762073206847393303e+05
2.448045786283768030e+04
5.265780980435529491e+05
3.228752394594442099e+06
4.410531629005867871e+05
1.771015922023582389e+05
1.313869475768345292e+05
1.222666669385213405e+06
1.527669835130147112e+05
1.172163576511546737e+06
1.830191108228686790e+05
1.102198135280235147e+05
2.941672434036650811e+05
3.782581572565844399e+05
2.571400866501164564e+05
1.824156065896358923e+05
4.242897526264854241e+05
1.025222076951947529e+06
8.454481184576601954e+05
1.349359704776421422e+06
6.631789505814743461e+05
1.360416647423013579e+06
6.355179317166988039e+05
2.661323925311343279e+06
2.578593311545938195e+04
1.807993973967027559e+05
4.811316921183871455e+05
6.616950124959963374e+06
8.267045823062242707e+05
5.430329245891978644e+04
5.408910139796725707e+05
8.435702282676215982e+05
1.393484744587749592e+05
2.487228956261708227e+05
2.544069770748190640e+05
1.112258095731793670e+06
2.233472594556362019e+05
6.740566894092948642e+05
7.740482750587356277e+05
1.176872667068908457e+06
5.004295252201628173e+05
4.162040277721071034e+05
1.734976060757232830e+06
8.342231617187688244e+04
5.811686015869312687e+05
6.574256473820307292e+05
2.196191850001800805e+06
4.287581556598608149e+05
4.459373911724916543e+05
1.120717455359591986e+05
7.128170168064951431e+05
3.317534810516700381e+05
1.580219656983711175e+05
4.234918901829273091e+05
4.114749202181099681e+05
2.168092494387305342e+05
3.866826581893928233e+05
8.963806904453448951e+05
8.635289000784410164e+05
2.468490503406212665e+05
5.517998161773940083e+05
3.911223166183746653e+05
1.912395990461031324e+05
2.497491027266514429e+05
7.491114930356031982e+04
2.732922739756017691e+05
3.350869731644156273e+05
3.698280116144364729e+04
4.472018102861446096e+04
3.590399425133261248e+05
3.852683558380966424e+05
7.474150105160920066e+04
2.245477239375041972e+05
1.886452484457048704e+05
9.254708822445925325e+05
9.700476366746835993e+04
3.564299889832180343e+05
1.097176857359647984e+05
1.455240056078085036e+05
6.725662096776843828e+04
2.117824680966231972e+05
5.066623663468397717e+04
8.945874743066839874e+05
2.000885764049410936e+05
3.543519734004797065e+05
2.729487799400247750e+05
3.312606491644475027e+05
8.853646071678711451e+04
2.836167683663193602e+05
7.059474005070647690e+05
3.902917430488612736e+05
1.393188577429518336e+05
7.611400862781342585e+04
5.573375656278345559e+03
1.684563772917335387e+06
1.933255239795171074e+05
4.393772066363025224e+05
1.763397921036998450e+05
5.372684024673772510e+05
8.525800128461881541e+05
6.826026093715102179e+05
5.590875341410087422e+05
1.850209291171173099e+06
5.975080134439368703e+04
2.177451043200977729e+05
7.931723009632158210e+04
2.095543977914282295e+05
1.951339059267648729e+06
2.260537739251549065e+05
1.042273011880712329e+04
3.444290564591881703e+05
5.177338463181444677e+05
9.939217925358095672e+05
7.808626333865128690e+05
5.591884124689179007e+05
4.921444870654831175e+05
3.244437328891325742e+05
2.743943393447183771e+05
3.896332389954572864e+04
3.263008550208011875e+05
1.761284044101392152e+06
1.023326637751437142e+06
4.766648299179139547e+06
1.139186849752624839e+05
1.049042001039362885e+07
5.056346529954677098e+05
2.828207621862748638e+05
9.783115696275439113e+05
2.675344400297075044e+06
4.284104058026060229e+05
4.110946706551855896e+05
1.552322957218982512e+06
6.006567080793695059e+05
1.084235568171408493e+06
3.093692979473542655e+05
4.906585751384968753e+05
3.589764577215265017e+05
1.322391057458349038e+06
7.619899156664503971e+04
5.359500398911106167e+05
2.835078311895693652e+06
1.819215003213864111e+04
3.744067020164930145e+05
1.470490560077964328e+05
4.673480026073800400e+04
5.131309479285408743e+05
3.938492867422776180e+05
1.020105164896108327e+06
2.777620821023951867e+05
8.214380887782530626e+05
2.716586798840055708e+05
1.037909710081931262e+05
1.027165150206105202e+06
7.781323923614139203e+05
4.910860241484047147e+05
9.158953880193857185e+04
8.561988247857369424e+04
1.595388388442866562e+05
1.431921746425116668e+06
1.536080351362312678e+06
4.632882146146814339e+05
2.887550329599610413e+05
1.543065320497655077e+06
3.645836812352268025e+05
6.625379973736822139e+05
8.836478802471464733e+05
2.258784635711272422e+05
1.344906141871556174e+05
1.558437241615005769e+05
9.319470644919387996e+04
9.157971872813066875e+04
2.942322591501716524e+05
6.197228949354673387e+04
1.749744579886813881e+04
3.640639778983697179e+05
4.272045370310297585e+05
4.554383246565186710e+04
2.877295173383401707e+05
2.461532535166742746e+05
8.073303331024326617e+05
2.999757983861771063e+05
1.675624574662330269e+05
1.711073572363895655e+05
7.428191553770435348e+03
1.110317921708730282e+06
8.024795706045237603e+05
1.415310723527003429e+05
5.588687825691170292e+04
9.647095330514827219e+04
1.908812278529705945e+05
1.445173580127553141e+05
2.566833089622539410e+05
5.681285634415027453e+05
3.899420361262611113e+05
7.196952523411947768e+05
4.256662540307386662e+05
5.701069892106690677e+05
5.858065071233131457e+05
1.181451454639992211e+06
2.659501479069322813e+05
4.345577290829702979e+05
8.260825492749054683e+05
1.415697583096734015e+06
4.159969953917287756e+06
1.668792037330066785e+06
9.967270164487790316e+05
1.305731811232989858e+05
5.493060821140046464e+05
4.850137831560079358e+05
1.087817042142384453e+06
1.040325305771230160e+04
7.153317403274328681e+05
7.889265867323107086e+05
2.383773752891725744e+05
3.529911333595655742e+04
5.593570900246052770e+04
1.098456619243871421e+06
4.116986509116346133e+05
3.967699193840889347e+04
1.236082699855161482e+05
2.461361384922598372e+05
1.234393754423303035e+05
6.043149994287412846e+05
2.521590770367289660e+05
1.001173621370461042e+05
1.313126051834058715e+06
2.624761087172317784e+05
2.307152374225771928e+05
1.757150346878287091e+05
1.619433590339298127e+06
1.062655403478915978e+05
2.515707185851318063e+05
1.622042404585239012e+06
1.089753167811638908e+06
8.216007409868558170e+05
1.573643491727711633e+06
7.988826061256033136e+05
2.445401529017863213e+05
2.154067179282581434e+06
4.324209670065813698e+05
2.564316936328741722e+06
9.539819188865489559e+05
3.118557122916622320e+05
3.396451701861943002e+04
2.827653490796798142e+05
1.015081246248240583e+06
1.090350227131149877e+05
2.057186421455990421e+04
1.189895571686467883e+05
4.902722864191287081e+05
2.487751354013398231e+05
9.112517921507636493e+04
9.222009130807576003e+04
5.232182751904160832e+05
2.167298666027848085e+05
4.169929713588677259e+04
5.910199183873328730e+04
1.015111465717577259e+06
2.694011070431928965e+05
4.861985829514045035e+05
5.112417259012275026e+05
6.817789642686083680e+05
4.176500964294577134e+05
8.853794278353262926e+05
1.991974428208122263e+05
6.949090377087173692e+04
4.250430220490748179e+05
2.216878096320963465e+06
1.914792714756864880e+05
1.517319568302789470e+06
6.929307869282203028e+05
3.842919004044813337e+05
6.245401058755628765e+05
1.222948855213504052e+06
1.985122497152318829e+05
1.714825901508137176e+05
7.157746289003710262e+05
6.088758578379411483e+04
4.319386354251488228e+05
9.444265430028227274e+04
4.314359957791826309e+04
5.415519709796706593e+04
2.361194174392045825e+05
8.113905898253916530e+04
3.638835695378452074e+05
6.152958436980663100e+05
4.352216262207829859e+05
8.947959470247623976e+05
1.950083015923978237e+05
5.556649211691112723e+05
6.156839972657950420e+04
1.253498338317419402e+05
1.080837966871690005e+05
8.108102813459885074e+05
6.489959666098941816e+05
1.317480710120600706e+05
1.327938573268248234e+06
1.119757806962862524e+05
1.893312962743543612e+05
3.838676831111747888e+05
3.742495073596732109e+05
1.034580329145940195e+05
1.539437282512189122e+05
2.349317917934127399e+04
1.678295780712089909e+05
2.351737910230054695e+05
2.586944725272967189e+05
1.240843379290672165e+05
2.253480355451968790e+05
5.608888036758271483e+04
2.066046573405717500e+05
3.580587496941537247e+05
1.021292232412093144e+05
2.086487855559514835e+06
1.441850265165986202e+05
4.438838457521550299e+04
2.433469939868201327e+05
9.524841671234214446e+05
5.469414621389922686e+05
1.579860035064942786e+05
1.795342013587086403e+05
4.914185444032359519e+05
1.874004117843614949e+05
1.260071295446907025e+05
5.831748533070991980e+05
2.319715688480034878e+05
5.977316294955331832e+05
1.987805548639881017e+05
5.227137691262267181e+05
1.736296939590003749e+05
3.489066851654761122e+05
1.018890123514728271e+06
1.986547596776308783e+05
1.814351160323992081e+05
1.678929814983768447e+05
4.582433026486560120e+05
3.722540910458164872e+05
2.384894791962444317e+06
7.696090256412263261e+04
2.781593816714443965e+05
5.273417431586083258e+05
3.574895819894676097e+05
3.927305515870343661e+05
4.641650091304833040e+04
9.410278179187861679e+04
5.616775394633725227e+04
1.698945826514905639e+04
1.438881613645009347e+05
2.416387914545417007e+05
2.523864986194502271e+05
8.898140240860006306e+05
4.411118022646667087e+05
2.687664191833963851e+05
4.261882379268389777e+05
7.340596790984460386e+05
3.785728578170326073e+05
8.108844398712344992e+04
3.864995890909306472e+05
4.021187763229043339e+05
2.313717127495856548e+05
3.087020495069101453e+05
7.055986368273932021e+05
1.547197245265622914e+05
1.448995168333254755e+06
3.716761350132749067e+05
3.350054866808808874e+05
4.405500058195132879e+05
1.439629674630452413e+06
1.559411023195720918e+05
7.489408782817255997e+04
2.624991042246692814e+05
6.488272054775621742e+06
4.038239404571286286e+05
9.844769026506096998e+04
1.465418644125264545e+05
2.804052256834786385e+05
1.712451114116905257e+06
5.928110479054131429e+04
9.411337431274155388e+05
1.552328999222891871e+05
2.682093723659096286e+05
1.191154677415720653e+06
1.973267467053821019e+05
1.051368225628330547e+05
1.108133836967866955e+05
9.213082315043302951e+05
8.957563545635554474e+05
1.220307513382335892e+05
1.357342825147541473e+06
9.740799603635390522e+05
7.317554675322539406e+05
1.166024126104442548e+05
1.813072812597455340e+05
8.568672046124243643e+05
1.459808653843116772e+05
2.969879316927983382e+04
3.106498638155436493e+05
2.438670413960245787e+05
6.299624570248826640e+05
6.125390183556651464e+05
9.889567662760434905e+04
4.240095616772599751e+05
6.422684014754700911e+04
3.805348376444079331e+05
1.215704294472859692e+04
3.140994495451778494e+04
7.205911997182901250e+05
1.600619304458915431e+05
1.329768827918621246e+06
1.017759553429977270e+06
2.862534194035863504e+06
2.321385404949621297e+05
5.087661457803226658e+05
2.260496146284070273e+05
1.436507420022455044e+06
3.212332442317046225e+05
6.366972694436772726e+05
3.118231462763624950e+04
1.035759795377656235e+06
1.156662012422521657e+05
5.310500850269309012e+05
1.557855426689047599e+05
3.623657042085262674e+02
3.035862094869973371e+05
9.983898885228155996e+04
1.326530869385363301e+06
2.769873570270489436e+05
4.299450534492212464e+05
8.879564245493960334e+05
7.192389208071220492e+04
1.457098657202134840e+06
1.038247685867358523e+05
4.759601645623918012e+04
1.973553152980988089e+05
1.768690872600880539e+04
1.266300547353254398e+06
1.891615542609351105e+05
8.846021324053062126e+05
3.850308711894999142e+05
6.697991345059518935e+05
2.468827738335758331e+05
5.180607780899730860e+05
1.569357506491055014e+06
7.899328274929646868e+05
1.257504774667880847e+05
1.253039067417843267e+06
1.956435997530396853e+05
1.315868104214886669e+06
9.575247818726171972e+05
9.092364943990104075e+04
1.871798749932624167e+06
3.376469243881066795e+05
6.050121397856691619e+05
3.306240208218648913e+05
1.529273912998368614e+05
4.849737833382753306e+05
2.157393235465054750e+05
4.820306783395979437e+05
2.425677768865618273e+05
2.038099772578001284e+04
3.898111708708234073e+04
1.572780035235724645e+05
2.369541014717023936e+05
2.133488834335404914e+06
1.701506070576358354e+06
4.839199109541425714e+05
3.366170856024229433e+05
1.062479340303353500e+06
5.271158062623779988e+05
2.189583673641913047e+05
4.879166268546388601e+05
3.338126560150360456e+05
3.601406996815268067e+05
3.320091914916170645e+05
2.633785498534283252e+05
1.488382967955537897e+05
3.697212427954145242e+05
8.491591013236092404e+05
3.610179700793367811e+05
5.723508608677210577e+04
3.248225057577159023e+05
2.074916394101950282e+05
1.943325571319231531e+06
1.223528546310541278e+05
4.473418425677517080e+05
3.518841230660058791e+05
1.470827409227643511e+05
1.161361033504848820e+04
5.771810104123933706e+04
1.405191759152060840e+06
2.770446487370857038e+06
3.548318854592596181e+05
3.927938742743327166e+05
2.144543423453133553e+06
9.769623622481926577e+04
5.558225378202614374e+05
1.366345140831647732e+05
1.293966275267951423e+05
6.108515814361749217e+05
6.167799576635992853e+05
8.733101167875056854e+05
9.246769895775254117e+05
1.327191683207423193e+05
5.468293127525842283e+04
1.551721103255494672e+05
3.008813134818644176e+04
9.829348513486055890e+04
7.288196833907021210e+05
1.174457479980065982e+05
5.354657296386778762e+04
3.121924785110576195e+05
1.047171000337667065e+05
1.450187682792691630e+05
3.452421944704361958e+05
2.588396031185233442e+05
1.882689121948953107e+04
1.656663818717224291e+06
4.452019023355709505e+05
4.942725363756566076e+05
1.189312790664443455e+05
8.106934691057470627e+04
3.149404431004622485e+06
1.258933286597209953e+05
1.080534881993825984e+05
2.454468835880622501e+05
1.503142985838087974e+06
9.074490111455851002e+04
3.908485133769555250e+05
2.122506209800935758e+05
5.821725225416149478e+05
2.240381875597264618e+06
3.465812116447844892e+04
4.957887863365234807e+05
6.695262687455669511e+05
1.230243619563157437e+06
3.574479731809133664e+05
1.459182817020564689e+05
5.333438145150197670e+05
5.340737824396280339e+05
1.141267994449379185e+05
1.579761432929652219e+05
5.691687546400310239e+05
8.582142470284567680e+05
2.206881417153999209e+06
9.542327008076815400e+05
8.722818529932933161e+05
1.901580678869797848e+05
5.390253154359183973e+05
2.754119205554346554e+05
3.442281837778801128e+04
1.797424352906286716e+06
2.077927617948866391e+05
5.614706777729787864e+05
4.332197580805871985e+05
4.702912458509720163e+05
4.667192019531428377e+04
1.536703441104607191e+05
2.650414040221004398e+05
4.931282762753511197e+05
6.105176146544078365e+05
3.143724444683555048e+06
5.320630945370922564e+05
1.891941062283047650e+05
3.457082568308835616e+05
4.819871598994461820e+05
1.291585674968972162e+05
9.285057265984558035e+04
5.238048836947666859e+04
2.458247486332683766e+05
5.542849527329319390e+05
1.428526613426879048e+06
2.484777127479178598e+05
1.491037550321605813e+05
1.265193904349688964e+05
2.786117804960472859e+05
1.376421185617329320e+05
1.599756695633675903e+06
1.821176813146539498e+06
2.685091304635286797e+05
4.629193496610638686e+05
5.870260877599271480e+05
1.592579140985164093e+06
2.512600750910709030e+05
4.386003389055614825e+05
2.006577935704406700e+05
3.264557625851983175e+04
2.486010914658834809e+05
1.986974251108807221e+05
4.068308730306805228e+05
1.469708708312014642e+05
6.211821819836507348e+04
3.517179886841280968e+05
1.105697341610574163e+06
1.162946703711281996e+06
4.478633906351247570e+05
7.927492196934361709e+05
6.013391785827114945e+05
8.350392433585606341e+04
2.207880463641386013e+05
4.718110842648898251e+05
1.386792446152234625e+05
5.675437809834863292e+05
3.297487785389312776e+05
1.817353073201416759e+06
1.019949241694037919e+06
5.182348193553552264e+05
5.601991129408478737e+05
5.935815246690808999e+04
3.927397033071059268e+05
7.176997070600288862e+04
3.580512756070273463e+05
2.292254270530355279e+05
1.649107034561089822e+05
1.266253651624312624e+06
2.978579377557173138e+05
9.416577164561887039e+05
4.114263560016010160e+04
3.945432250334049459e+05
8.152554946376197040e+05
8.785413323459448293e+05
3.028606528269009665e+06
2.959901746323877887e+03
7.201615095262535615e+05
2.589695162571982073e+05
3.508428639687997638e+05
2.809889360427853651e+06
3.128921697839451372e+05
2.623385513408249244e+05
6.824982027112132637e+05
5.546058772920633201e+05
2.955784165803679498e+05
1.678869231766055338e+06
7.880798217691784957e+05
2.089099770106578362e+05
3.173383075607246719e+05
8.937432754261966329e+05
2.407539440353240818e+06
3.363559891850127606e+05
6.509823375668305380e+04
1.654330754343749257e+06
1.319399584559116556e+04
1.271470435416708002e+06
4.409597684448650107e+05
6.103547260192448739e+05
2.272410180073796073e+05
2.343807299797545420e+04
1.033855884372344008e+06
1.344720031854334593e+04
8.543762985964806285e+05
1.066308410854278132e+06
2.463493733249997313e+05
6.834801436304887466e+04
5.852935187479824526e+04
5.488771498673246242e+05
1.753857058607348154e+04
5.691871508950461866e+05
2.504473006136413314e+05
8.818161560229462339e+04
4.262716147021886718e+04
3.889858613588747103e+05
4.901818703364436515e+06
8.441785028060220648e+05
1.793442861409844772e+05
1.666191491327990778e+06
1.132211225794646656e+06
4.910008937505012145e+05
2.537201025589222554e+05
5.563748685525875771e+05
3.216138875173413660e+06
8.595774479764115531e+05
6.006573223558100872e+05
5.041059000628026552e+05
3.010694428317892380e+04
8.976124032927675871e+05
8.327126502981185913e+05
2.417226659182994626e+06
8.469600724091212032e+04
2.819102740092843305e+05
2.865037359420718858e+05
4.340294383519649273e+04
3.020138569644474774e+05
9.430182033006190322e+05
1.106047732896605274e+06
1.581827365219692183e+04
4.757919353418977698e+05
9.344846395267563639e+05
5.118688923575900844e+04
9.594475591146067018e+05
4.708222389216012671e+05
1.011697267909831950e+06
3.161066072757958900e+06
3.376894562621015939e+05
8.625975411720377451e+04
1.564779725131912855e+05
2.227570431205199566e+05
3.696422759446823620e+05
1.339659282573703968e+05
9.734144612814951688e+04
2.318395311800370691e+05
7.374787008239338174e+05
1.573909327603568672e+05
3.731487764233483467e+05
4.237516170623677317e+05
1.045125680974487332e+06
4.821596220253172214e+04
3.570954308222808759e+05
1.201248902971829921e+04
6.302350510365109658e+05
3.535874731697479729e+05
5.126786444517116179e+05
3.697844768485545646e+05
1.025155626751080155e+06
2.256469416134669445e+06
7.457496453990921145e+05
2.478212022278270524e+04
2.639642823108501034e+05
9.374639774226260488e+04
5.596474629321988905e+05
1.194792009997091955e+06
2.074581720056065242e+05
8.332989635880842106e+05
1.860288643794346368e+06
1.481971094096827146e+05
6.464097167968204012e+05
3.238091634710042272e+05
1.819841294867432152e+05
3.866429504515171866e+05
1.644299193869492228e+04
2.309202356064566120e+05
1.538538224792322726e+05
7.036987319866450271e+05
3.294717053285819711e+05
7.074199398619142594e+05
2.455951483172447770e+05
6.847629348665930593e+03
4.209716975544760935e+05
2.189503137801607372e+05
1.516375512470698741e+05
3.327784136440447182e+05
2.395330481793224462e+05
6.194598905207483331e+05
6.611173387369198026e+05
8.914270090464313398e+04
3.464535704181661131e+05
6.077948493029815290e+04
1.750865723636240582e+05
2.402469622862794859e+04
3.179462248001795379e+05
2.279344187511008349e+05
4.106726217230389011e+04
4.106483708808168885e+05
6.183788088226632681e+05
9.895512983829388395e+05
1.344357687438457797e+05
3.738271015053961892e+05
2.002108560813763179e+06
2.882366348436158150e+05
2.384323796736589284e+05
4.231093931675839704e+05
3.706958138058429467e+05
5.074546616819805931e+05
6.573266126219929429e+05
6.520323317969652126e+05
4.508033303212432656e+05
4.582248265107942279e+05
1.979489361796002369e+06
2.500912311100714142e+05
6.370626423461107770e+05
1.124168556555445975e+05
2.340659887228914886e+05
3.761851818840759224e+05
4.636003048706462141e+05
5.592274412043498887e+04
7.004376808180911466e+05
4.142512464260287117e+06
1.276846426564440044e+05
4.781825060600237921e+05
1.041000964469418686e+05
4.360372307613315061e+05
4.506906329608298984e+04
3.216377851075372309e+05
3.912513659342286410e+05
1.043037684450765955e+05
1.640350974427941721e+06
