4.534907168732580030e+05
6.596896812011528527e+05
6.559782982820046600e+05
1.053334156148412003e+05
5.977730883359462314e+04
9.299351419744566083e+05
1.064690343420179794e+06
1.359074348646158469e+05
6.080136779911194462e+05
2.201400097218317969e+05
4.495971963765409309e+05
4.769706793549513677e+05
5.852605160966834519e+05
1.267262993868255988e+06
5.387087741126579931e+05
8.085357397832970601e+05
1.812343486161188339e+05
1.125216911615727935e+06
1.961868813452757604e+05
1.826008521885974624e+05
5.559245312154453859e+04
2.199216811718932149e+04
3.293055983481520088e+05
4.572631009071005974e+05
1.390310319391102996e+06
4.714764969445339520e+05
1.121981309523905220e+05
9.687446592500272673e+05
3.453978098162742681e+05
1.278173481243764283e+06
4.632916190857664682e+06
2.087264522838300327e+06
4.528507218645166140e+05
6.915690935905440710e+05
1.524651954962188145e+06
1.623258138693482033e+05
7.910771542859118199e+05
9.712827947894888348e+04
3.719758561498238705e+05
1.186751434728487860e+06
1.325499553767048055e+05
6.395220827967795776e+04
4.930365446640936425e+05
2.579761270524345455e+05
2.009462699334315548e+05
4.069399540578819579e+05
6.966060961909288308e+05
1.402414963263944723e+06
1.259170406503586099e+06
2.519736433771296288e+05
1.591181242967545404e+05
1.598086036937848839e+05
9.748357298623578390e+05
1.259220978742621228e+05
3.041018095759418211e+05
1.186195064275272307e+05
2.458009771998087235e+05
1.224111382743774011e+05
7.904422255972546991e+05
6.653809939354097005e+05
5.675986566816348932e+04
4.174820274532671319e+05
9.948109699097758494e+03
1.704658119521227782e+05
1.768182309230880346e+06
5.119351306356522255e+05
6.499432830428532179e+04
7.223577303685236257e+05
1.712632449073156749e+04
3.374826245782009792e+05
6.337941214994894108e+04
2.829232614212525659e+05
1.588180378609973413e+05
1.192053092197651742e+06
2.820400902226812206e+06
4.397323885679264786e+05
1.954541382671379717e+06
8.554497659227435943e+05
3.766132858065742184e+05
6.525733490229424788e+05
1.183811039845965279e+05
9.284707672112813452e+05
8.411986592064959696e+05
7.166214325520012062e+04
4.019740370554810215e+04
8.300418861810326052e+04
4.955245730164168344e+04
5.359509232184429420e+05
6.961043866153553827e+05
3.810727730322433636e+05
4.306792167065083777e+04
3.413899915952472365e+05
1.231259054888804822e+05
4.301468487510860432e+05
6.009466525137361605e+05
7.175894597249170765e+05
1.237646546200650977e+06
6.072709973648653977e+04
1.297812123755902576e+05
8.159210193005696638e+05
7.646965979187537450e+05
2.036556799632754992e+05
1.303110342912054621e+06
1.559930954843885229e+04
8.753978671443465864e+05
1.252588913429894485e+06
1.560656328554167179e+06
1.161027238726134878e+06
1.245009022228619084e+06
1.137336756637550890e+06
1.644169277947901282e+05
5.468584438173534581e+05
2.393113724694024422e+05
5.343458480643925723e+05
4.054005345796549955e+04
2.937902702048424981e+05
1.308294873677138821e+05
1.652770613538447942e+05
2.460421125351326773e+05
2.449361698835560121e+06
1.415724839446043188e+05
1.200183378435049235e+05
8.166593097043846501e+05
1.604554844878947479e+05
1.441130940613399434e+05
1.179638480940898880e+06
6.768696796234234935e+05
4.296475392877513659e+05
9.073734444088361925e+05
7.025745859142808476e+05
1.010208804342955118e+06
1.718856862287160766e+04
1.317161053865816793e+05
3.674437267064283951e+05
1.566758564237407700e+05
2.282992254476741946e+05
2.784794714983651065e+05
1.284011546364489244e+06
6.241915597535676789e+05
9.714167547652185021e+04
5.421995800749252085e+05
4.385994246383467689e+06
4.532268966036624042e+05
2.572358994671811233e+05
5.822878379974073032e+05
8.805571413040106418e+05
1.376121345328819938e+06
9.899046205617414671e+04
2.059128981734422559e+05
2.076007858866939205e+05
2.285200090833335998e+05
2.315662583424823359e+06
2.156454640657682321e+05
1.062489043435157510e+05
1.664067916255250748e+05
2.122726240464740258e+05
7.844133584647417301e+05
4.942913719305908307e+05
4.784109111907756305e+05
4.885764503887149476e+04
2.612973871372032445e+05
1.703958630713464518e+05
4.647945130637406837e+05
3.814744034331592848e+05
7.000722675821072189e+05
8.834246828845172422e+05
5.147920995251677814e+05
2.058928619896876859e+06
7.319245184966776287e+05
1.221515887563169934e+06
5.875953365116930800e+05
1.866140805841141264e+05
1.231817525970132410e+05
6.724883763826973154e+04
1.021576789952270483e+05
7.857374523973719624e+04
1.903037447862558533e+06
3.190892190256656613e+05
8.492290236172702862e+05
2.162496339610306022e+05
4.663893308742343797e+05
5.973200065183871193e+05
8.273157431270364032e+04
4.027572103574752109e+05
1.530782546730820613e+05
1.241178573528774548e+06
3.144382924551852630e+05
8.858632661775020824e+04
2.368640435968118836e+05
9.590934416244583554e+04
1.154378259881735721e+05
1.440878026011264592e+05
1.003922620162140694e+06
8.450450930114394578e+04
1.973687290462292440e+05
1.272635265455388580e+05
4.032051937268228357e+04
4.503956804276666662e+04
1.583333480588520179e+05
3.452456334420786006e+05
9.344363652097728336e+05
6.959949110679484147e+04
2.903834164982459624e+05
1.355146731632702285e+06
2.311430467123344424e+05
1.163321039645137964e+06
3.941965912469653995e+04
4.850891461191930808e+06
1.526135702598186908e+05
2.341932838694070597e+04
4.359750930591920041e+05
2.754544591028267168e+05
6.782180718564935960e+05
3.724662546634734608e+05
8.544439234991305275e+05
4.854357043293127790e+05
2.310093661095568095e+05
3.293032450899390969e+05
2.345430730626777804e+05
2.087494846581382735e+05
3.264087847753518872e+04
9.475062395313234301e+05
7.106704282557660481e+05
4.503763049091651337e+05
2.074969396065870242e+05
3.524676705315490835e+05
5.368394027152993949e+05
1.875504535293619847e+04
3.118501131637489307e+05
3.254376772813466960e+05
7.446460842339069350e+05
1.820714524146334734e+05
3.006751646603539120e+05
1.794411900756452524e+05
8.063011311132033006e+04
1.117572388000205858e+06
2.363332205102993175e+05
2.873417804596985225e+05
1.308290778374895453e+06
3.621081748333168216e+05
7.655603655450084480e+05
1.065491381652330892e+05
2.117879563049399294e+05
2.663493647179515101e+06
4.035749061463011312e+05
3.351068805476023699e+05
1.743992263666055223e+05
4.869645364293470047e+05
3.605461064898926765e+06
1.634897879462045385e+06
8.968158641941699898e+04
3.108076596335062059e+05
1.302356531661056448e+06
5.569010905379947508e+05
1.210664763065814273e+06
7.484185410465031164e+05
1.646878688775380724e+05
2.822948597733980278e+05
3.445993554039716721e+06
4.646361148801732925e+05
1.392308996295265853e+06
1.524575117235831916e+06
1.510407586698673433e+06
8.465852385255882109e+04
4.214973333218100597e+05
1.878644796785290528e+05
4.040513301257020794e+05
7.502730906051897909e+05
4.033348770378279733e+05
3.538328533901104674e+04
9.513955357053513872e+05
4.027337815418480895e+05
5.986075463611608138e+05
7.868236999101431866e+04
2.302139140698073315e+05
2.551744048613768246e+05
1.393108235399815312e+05
1.132398945484064607e+05
1.082585011614552466e+06
4.784128848925597849e+05
1.943098309600375651e+05
2.146708436628209165e+04
1.219641641603981989e+05
4.104443904592709150e+05
1.647297046994812321e+06
6.313380718539378140e+05
3.495721711315857247e+05
4.607213910839252640e+05
4.048473028742032475e+05
3.623018749986806652e+05
1.721808671776742558e+05
2.260407090149971918e+04
4.813278365125137498e+04
1.271645672760603775e+05
1.378411975913052738e+05
1.460058583082980709e+06
2.116271526587789122e+05
3.671251250853801030e+05
4.065013883888624841e+05
1.426757323064881377e+06
1.090295123265469214e+06
2.723309886026328895e+05
8.976537131611482473e+05
5.468230777238766896e+05
6.618655619461116148e+05
3.863593646732852794e+05
2.720977363474121084e+05
2.872625539310256863e+04
9.013123286913131597e+04
7.580065079300384969e+04
3.296650382691058330e+05
5.594410768050685292e+05
2.118789463745915797e+06
1.261622820803699316e+06
4.708462911605306435e+05
4.525220078863361268e+05
2.751105927620014409e+05
3.569606245644408045e+05
1.234573757438616158e+05
3.690645980159840547e+05
8.292148494677677518e+05
5.475307673578154936e+04
4.019536903381964075e+05
5.573030992404929129e+05
4.341315757358728442e+05
1.329426963971492951e+05
1.272939777431047987e+05
8.342125875941159902e+05
4.001276708173345542e+05
2.408615999829222856e+05
6.949009951854798710e+05
2.233206581395873509e+05
5.470170376763142413e+05
2.520874402567275800e+06
2.120604296414551791e+05
1.452219481157207920e+05
1.026702013608456356e+06
1.025786865922851488e+06
1.624480303778155358e+05
1.512745834955736937e+05
9.961162495339430170e+05
6.142577442330520134e+05
1.366298524849128444e+05
9.488752919438938843e+05
5.761709165336069418e+05
5.043775116669537965e+05
7.812543419965264911e+04
2.219286325022208621e+04
2.530121853296147892e+05
3.353451974937348859e+04
9.146735332940309308e+05
1.112760769207675010e+06
4.876012850269774790e+05
5.441515607756362297e+05
1.193395103724417422e+05
4.035155380556805176e+05
5.469715332622650749e+04
1.637781670007637003e+05
4.514065433545635897e+05
2.703282099676696816e+05
1.402188456035378977e+03
1.082021876137787476e+05
5.944257342963531846e+05
2.103249501739836298e+06
2.047456636446349148e+05
2.848463639029056067e+05
2.129614684994756826e+05
7.560140344521657971e+04
8.182343325915043242e+05
1.404424337928564288e+06
6.171909726354354061e+05
1.476258431398171815e+05
3.316652037300618249e+05
1.057648128928832157e+05
4.340874211381396162e+05
8.075600603421638953e+05
5.176483523092661053e+05
3.319096296548858518e+05
6.603237345819329494e+04
2.246084465110883117e+06
7.783742402648077405e+04
1.151390576444216131e+05
3.373586153360692551e+05
1.625106193414308364e+05
2.593765861471882090e+04
4.739593818492455757e+05
2.159505565024654788e+05
1.169562875325025816e+05
1.016774955343039823e+06
5.588900631658850471e+05
2.507957040284208197e+05
5.220953666571058420e+03
5.203155101835228270e+05
2.463405133611414058e+05
1.134783833611114969e+05
7.680763913533139566e+04
3.262752722649514326e+05
5.846681027394945268e+05
1.209740387009285769e+05
1.354606806304726051e+05
1.415939425084254181e+05
5.235578525797674083e+05
1.158030084302831674e+05
1.101688025880711619e+06
2.470516815030174257e+04
9.944355474881078117e+05
5.236975084685584297e+05
9.448294446632434847e+05
6.772639006611400982e+05
2.572663364731919719e+05
2.491077576445095183e+05
5.793631057251619641e+05
2.516669695100983081e+05
3.029674054151034215e+05
5.739457867397437076e+04
3.567714703921215259e+05
5.716734496991152264e+04
7.448326098372161505e+04
1.085407518621796742e+06
3.011388771861341665e+05
1.639926304154989775e+06
1.154554822362392675e+06
2.641976332126327325e+05
6.466775201914482022e+04
1.155349565948817472e+05
7.487357499123908347e+05
1.024748326295154693e+05
3.294520220245486125e+05
7.773755144069065573e+05
1.360735551795334031e+05
1.077890448597220937e+06
4.160716136760383051e+03
2.188485832975121157e+05
4.583708606757476809e+05
9.940375722092209617e+05
3.499382586101504858e+05
7.045191583885136060e+04
8.007300133588574827e+05
1.067022354209965852e+05
2.508106452433525119e+05
7.018336926839691587e+05
6.927833071409900731e+04
2.170873411014402227e+05
6.274513435464447830e+05
4.818496217074340675e+05
6.772475875433812616e+05
4.834392501223273575e+05
4.234817399399916176e+05
2.264431642599230981e+05
3.164612952439770103e+06
6.004722283432549011e+04
2.264345244750608399e+05
3.418405974798971438e+05
1.140342312819598708e+06
2.674779557827370081e+04
6.340681751795525197e+05
7.140044808428657416e+04
4.238439704186575254e+05
4.994792320527705306e+04
2.955459135191070964e+05
1.393827007372262189e+06
3.646047201971042086e+05
9.415467121827454539e+05
4.602312944351381739e+05
1.161083688788540196e+06
5.926897967076407513e+05
1.357445172972492874e+05
3.752276058266166365e+05
2.814737818894864176e+05
2.882855343240440125e+05
3.003733231591987351e+04
1.128894594241279410e+05
3.506871502977501950e+04
1.770923998738504888e+05
2.725278450070361141e+05
1.213999650812893378e+05
3.267644570702022174e+05
4.357084312512393808e+05
1.930351098847668618e+05
1.983183142419189680e+05
7.105568687564518768e+04
4.519672499505162705e+05
4.909829269556042273e+05
4.098501771007734351e+04
9.847391456833920674e+05
3.414897596065069083e+05
4.278572929142566136e+04
9.381594098021298123e+04
4.888144398805378005e+05
2.403120590287911182e+05
1.414544954230291187e+05
3.221148426374981136e+04
1.746552421505009755e+06
1.195850054571544752e+05
2.266826664896510556e+04
2.012830936692741525e+05
5.848846545345199993e+05
1.031394805642439751e+05
5.826949341920360894e+04
2.361620534878286126e+05
1.360596085914130381e+05
1.883046486213095777e+05
1.175564503016779432e+06
9.545255690950792996e+03
1.555107251533591480e+05
3.510915959316212684e+05
1.337124038362397987e+05
8.119128452390141319e+05
8.609021878246164124e+04
3.180290828658958781e+05
6.601617128626150952e+04
1.752641913337256759e+06
2.229944222764140286e+05
3.311650538559499546e+05
3.196267421073183650e+05
2.513542114821543510e+04
3.012721557691310300e+05
1.439665897844961728e+05
2.584835729696257622e+05
9.774290617026577820e+04
2.809448415764230886e+05
1.460768417984872940e+05
1.408279739284177485e+05
2.529934635954996571e+06
1.320738531179378915e+05
4.423875168499287684e+05
1.793452287847141270e+05
2.971528513631370151e+05
7.241443573995599290e+05
1.083460441138899914e+05
7.274082605282795157e+03
2.731989886698943446e+05
8.392596336242497200e+05
6.382661734813923249e+05
1.375646936816544912e+05
3.712505870632393053e+05
1.211137903476361884e+06
6.418864827392905718e+05
2.988309450069582090e+05
1.277687328094970202e+06
1.816989594186520844e+05
2.097945615984625183e+05
5.568546660863895522e+04
1.177023793685008277e+05
4.428977345661294530e+05
5.186974719018886681e+05
4.275659789155619364e+04
4.859144062221914646e+04
2.884803707682046224e+05
3.220667020380378817e+05
1.717743820081088343e+05
2.902988026960205752e+05
1.569848295831805444e+05
5.380292888582797023e+05
2.769406735163986450e+05
5.674146416963315569e+05
1.774397494945794751e+05
9.569783781077280873e+05
6.875973261735971028e+04
4.191019343639257713e+05
8.182214198455321603e+05
2.178656527681752923e+05
2.523712665153000038e+06
1.903705368089269614e+05
4.043766644855082268e+05
4.139187711887637270e+05
4.137129914895338879e+04
1.726918433029621374e+05
8.700961863622819073e+05
2.925253736004575039e+05
2.221993531847369013e+04
1.823780223711398721e+05
1.869531288370797120e+05
2.886942524826017325e+05
7.280768437386646838e+03
5.650416050470690243e+04
4.501414378751393815e+04
1.995963468199161871e+05
6.119396626576721901e+05
3.032719937948277948e+04
2.743625508620856563e+05
3.084620110080226441e+05
3.516983084751737770e+05
8.328962213702370354e+04
2.107224612361673790e+05
1.582087970504061319e+06
5.808396307164468803e+06
1.808905339636166755e+05
2.420855353065808595e+05
1.573228567697172984e+05
9.868557019836090039e+05
1.114377106797817250e+05
2.214921558976068045e+05
1.421332666013773996e+05
3.466470201936649974e+05
4.111874941519583081e+04
1.870910407690609281e+05
7.745848900276805507e+05
4.474157302301792079e+05
2.049926182759372750e+05
3.146054965511786286e+05
6.101773703395519406e+05
1.951024078889512166e+05
1.771402975199812499e+04
4.414271371532153717e+04
4.567230958372367604e+04
3.623423759820067207e+05
4.566860760610871512e+04
2.853258782781453920e+05
4.908444693754524342e+05
3.457909202852494549e+06
1.972695091397130454e+05
5.321131981237354921e+04
2.022626934663196153e+05
3.242697186386803514e+05
4.218730171290399157e+05
1.836953258171622292e+05
9.738898569473912357e+04
5.071962639346940443e+06
1.019023145367387770e+05
4.761373721537158708e+05
2.905189877137749136e+04
2.745081124548477237e+05
2.542418771072003990e+06
3.751308506971056340e+05
1.415043430505559954e+05
2.160103852217241365e+05
5.884907710582179716e+05
1.301993009951965883e+06
8.746908745968264702e+04
2.185414528526229842e+05
4.803175131747782871e+04
4.631061993434090982e+05
4.157183880924756522e+05
2.263649726787610853e+05
9.357100156394821825e+05
1.046541051014332625e+05
4.006402022394047817e+05
9.300235560081533622e+05
2.011120717794146331e+05
1.083838080993070966e+06
6.216465969503042288e+05
1.496229348539000493e+05
1.124893233061663341e+06
8.230503193182753166e+05
4.490889482773338677e+05
6.066446619353573769e+05
1.563311640439078619e+05
8.532805108073046431e+05
6.005054085110937012e+05
7.188413818449404789e+04
1.539731553799844696e+05
3.326123387226156192e+05
1.251723501783165382e+06
1.354613869087054918e+05
1.623676446876964765e+05
4.253847575930902385e+05
6.743290066466842836e+04
3.785683896316941245e+05
1.299244472998772399e+05
1.712855759884799598e+06
1.458984357686038420e+05
3.778561909666353022e+05
7.932782326498815382e+04
1.482643481326025503e+05
1.350684118668563315e+05
1.091646659801443020e+05
1.972545534481224313e+05
1.650039792095926823e+05
8.907862883741140831e+04
1.890243577408197452e+05
1.564523676842460991e+05
1.125460785064780066e+05
2.267827739042411267e+05
3.929288401588568231e+05
4.224112727199220535e+04
9.581289694802871963e+04
3.626406847526283003e+06
2.321195912556454423e+05
5.431206687568400230e+04
5.019304471829592949e+05
6.849190317512721522e+05
6.692013225492183119e+05
6.263190294051447418e+05
1.438466008857680019e+06
2.062452328639570333e+05
1.376419206368037267e+05
1.211603650942489970e+06
9.616326155942521291e+04
1.882705259348836262e+06
7.345180517226711345e+03
1.766316561412293231e+04
9.255571800543794234e+04
1.182710202498265571e+05
6.311971235428183572e+05
4.582284403240649845e+05
7.034623302003353601e+05
2.452897709930679775e+04
2.190604187745151867e+05
1.674128268810810405e+05
2.489396385651012824e+05
1.503073843372530828e+05
1.483771736330241663e+06
2.649991354169077240e+05
1.020531421144844062e+05
1.538601378388067940e+06
2.551160285718175874e+05
2.093981524013736052e+05
1.941126357847581967e+05
2.196292920706520090e+05
5.298237165696225129e+05
1.594571805299867119e+05
5.065261986945757963e+04
7.395436472326631192e+05
3.703392134265479399e+05
3.353243618794417853e+04
1.875471109082710464e+05
4.022948316728478530e+05
2.824308507306766696e+05
5.985258059368490940e+05
3.456460660932245082e+05
5.662126596447075717e+05
2.352274498605758883e+06
2.607274078112744610e+05
2.272113538153426198e+05
3.162260699394830153e+05
8.641630331610912690e+05
6.994544104679373559e+05
3.501103409244353534e+05
3.437773269094807620e+04
1.203597931895840593e+05
8.900950900169856322e+04
5.567676187038791832e+05
6.331831567867948906e+05
2.110876471109609993e+05
4.146517368224193924e+05
2.839665499884089222e+05
4.501520062148912111e+05
1.146850358124676131e+05
4.032504568645510590e+05
2.168116088584013632e+05
2.599452169033530517e+05
4.027348650911897857e+04
4.596336686607740121e+05
1.959050937262534862e+06
4.078436941307509551e+05
1.616688325516535042e+04
4.406068304132940830e+05
2.168028835557292914e+05
1.633374365747133852e+05
1.920108345116534329e+05
6.541001747223825660e+05
9.587445534142511897e+05
2.958188341214095126e+05
1.460139183794436685e+05
2.484510039328870829e+06
4.785829981983656762e+05
2.402231541459895088e+05
3.930277507051849971e+05
6.056343430543940049e+05
2.632992296788480016e+05
5.789644815610852675e+04
1.164089702551183989e+06
5.483520910580408527e+05
1.982003356499829562e+06
1.182712118919909553e+05
9.780110644040678162e+05
1.506963398282249909e+04
3.858107352793476311e+05
1.395567945677501848e+05
6.560868323049157334e+04
3.166355602533860947e+05
1.570568626116412692e+06
2.089622762493426853e+05
1.198009315786145744e+05
1.088667192972640507e+06
1.540959589927075431e+05
2.022371388857389975e+05
9.321468361191874137e+05
6.716006952877839794e+05
2.327551779797424097e+06
2.632834767605693196e+05
1.588846444436653401e+05
7.428594526771955425e+05
2.691887460517946747e+05
2.627793782780247275e+05
1.128958808249727590e+05
5.199737096111825085e+05
3.790334054876508890e+05
1.631925714893725235e+06
8.337735539955048589e+05
1.292736246790684090e+05
2.260290713576231792e+04
8.913369503648167301e+04
1.691812960977499897e+05
3.296982356548940879e+05
6.917890608654905809e+05
7.985216410550181172e+04
9.523080457485748921e+05
2.081574355954848288e+05
2.987013061426065397e+05
1.629188799532346093e+04
6.741379619454910280e+05
1.866238622206749278e+05
4.064828568130575004e+05
1.994672372505084422e+04
5.471473538498063572e+05
7.459149596724865260e+05
1.205157682013414800e+06
5.862645995362126268e+05
1.361026736025499413e+06
7.829240881377991755e+05
3.585323699854691949e+04
1.144953106235279993e+05
6.981962485626466514e+04
5.534036998439005110e+05
1.049075306848134787e+05
2.259812975409592764e+04
1.299338770106096781e+05
6.110802939850245602e+05
4.299790971371289925e+05
9.232481008683496621e+05
8.579000582431687508e+04
1.130382468348285474e+05
4.724698720417177537e+04
3.737367942982391687e+05
6.215991187449014251e+04
1.158154781663314207e+06
2.421975633449613233e+05
2.056160544733697607e+05
1.750050042725192034e+05
6.152574239838812500e+05
2.191429589342210384e+05
1.354590926951461006e+05
1.602995549026279012e+06
6.549014147866132407e+04
2.278888337386511848e+05
1.211800295995979250e+05
1.650521879490254214e+05
8.673423215618047398e+05
3.460569651163233793e+05
6.971948402229377534e+05
2.533793525815761241e+05
5.775524375940426253e+05
1.661343411004442314e+05
2.497753118404960842e+05
2.610671366921626031e+04
1.545719100786093331e+05
1.762379308950298000e+05
7.390518692861453746e+04
6.511057572113365168e+05
3.958337727086893865e+05
1.177563427668360993e+06
3.706547234677906963e+05
2.182540883897840395e+05
1.671466912452962948e+06
2.008882217447485309e+05
1.738693632625191822e+05
6.066577835295334226e+05
3.630951487445427338e+05
1.554455705719974590e+06
2.962216795434331289e+05
5.179900196916925051e+04
7.744489944066531025e+05
2.017522223559055710e+06
2.034414255599632743e+05
1.704652786183466204e+06
3.596107878247215558e+04
3.617602349384864210e+05
1.721135446613086970e+05
2.742368078737261239e+05
1.210605863800519437e+05
4.295687075137896463e+05
4.081199762005120865e+05
7.060390210643771570e+04
6.549772097753384151e+05
7.376176422582840314e+05
1.085826712151292304e+05
3.489517783432057477e+05
2.068419523852604616e+05
5.422390769243464456e+04
6.221789190685311769e+04
5.203420158436469501e+05
2.369059208846907597e+06
3.849930213886469137e+05
4.314741457526614540e+05
3.823640378160604741e+05
1.304423856706806109e+05
1.049855704462074209e+06
2.012016703441795893e+06
8.743753585092337744e+04
4.423618263501388719e+05
4.638734502751746331e+05
1.138123655666621053e+05
1.618370012078191794e+05
2.013293717653677159e+05
2.037248776454034087e+05
8.900629893732417258e+04
5.446483525052438490e+05
9.294848351073514204e+05
9.052316432616366365e+04
3.747367265832903795e+05
2.009893522441332170e+05
1.160115784427820327e+05
1.369726974960541120e+05
6.205096594205946894e+05
4.047940570452346001e+05
2.988846220576112974e+05
6.207483057854476647e+04
1.920898907206139411e+05
1.395414646181667049e+05
5.867521754766523372e+04
1.022285560029603890e+06
5.398824465201409766e+05
7.578144081083904894e+04
2.233913652204926766e+05
3.883039924897454912e+05
4.409174443765078322e+05
1.226500500689849869e+05
2.300123185531964991e+06
4.778070522134745261e+05
1.265453137211812660e+06
5.046092387608250719e+05
3.061541047433812855e+04
4.763928258303722396e+04
2.975152362241034862e+05
3.149294164356990368e+05
1.128272641354799416e+05
4.847020652124873595e+04
2.037621298328740522e+05
1.328312833432217012e+05
4.575603647490696312e+04
1.850495723215535108e+05
3.236174436967768706e+05
5.870713013189701596e+05
4.145523431077032583e+05
1.792744469090146886e+05
1.652558678465674748e+05
1.488027428761615185e+06
1.460561248293920107e+04
3.016095812397092232e+05
1.797705351824920508e+05
1.681879118047505035e+05
1.871848510779379576e+05
2.947268967223714208e+04
3.104504915272324070e+04
1.082980847794495057e+06
1.746053533652737387e+05
3.962176130907649640e+05
1.438449645498991304e+05
8.578901762015728746e+05
4.757959465832249844e+05
6.900651703917392297e+05
2.198126782984994934e+05
1.111574696211877599e+05
6.338598006380540028e+04
3.811421679686531425e+05
5.875800267448510276e+05
1.365070701582844369e+06
2.133784283662543166e+05
4.437929436872098013e+05
1.025079395295652095e+06
2.990242712471011910e+05
3.835335216696202988e+05
4.232963382688004058e+05
1.694551946627054422e+05
1.307275542936580168e+05
1.106826681998511078e+06
4.017998847757142503e+05
1.555823051159939496e+05
4.408669718794392538e+05
9.639686242741202004e+05
3.192296695913287695e+05
4.364330313228162704e+05
2.792624653253995348e+05
9.417942725642638106e+04
6.548070363639923926e+03
1.199686598356613249e+05
2.674370461901355302e+05
3.054995010418111342e+05
8.011610334810509812e+05
4.377510386953013367e+05
6.174276864485101542e+05
5.000009699702619109e+05
1.656205255291518290e+06
8.506514087687541032e+05
1.949423174336961820e+05
4.322693588951700949e+05
1.047829351206052117e+06
2.571622397018561314e+05
4.083197602381840115e+05
8.439764780124706449e+05
5.007984085253448575e+05
4.327919255242234212e+05
4.696299246550428848e+02
1.432402338927639903e+04
2.113155488528565911e+04
3.340201054805248044e+06
7.330337593425690429e+05
4.302284562459841254e+05
1.884087096057658200e+05
1.474800379155616974e+05
1.086611151706253258e+04
2.614336297725868411e+06
1.180278165584433824e+06
1.353359082713590760e+05
1.793961252820910595e+05
8.251146456631529145e+05
3.842817352678866591e+05
1.892338590614985733e+05
9.690853345700304490e+05
1.420473339866132708e+06
3.920380546932582511e+05
2.613284906635661901e+04
6.432377762050182791e+05
4.726180606502902810e+04
2.152571150018824846e+05
1.353508657040547812e+06
6.797553379814435903e+04
1.304315419535810943e+05
3.567956875758664100e+05
9.753710699335559912e+04
1.134818227903938619e+06
5.212472080170267873e+04
1.010622851750825532e+06
6.259512512091973622e+04
1.507155535194512922e+05
8.579851485019365791e+05
2.504388418909226311e+05
2.026983026683195785e+05
1.746482636562186526e+05
5.187814465652902145e+05
4.365303879781266442e+05
2.026684278790502110e+06
8.929188687781464541e+05
2.537274825537272845e+05
5.921263482425300754e+04
3.059006300171841285e+05
5.568747679175456287e+05
1.531430794474924216e+06
2.641748333069186774e+05
1.202383131610379554e+06
7.457193732846299827e+04
1.290379893473279953e+05
4.134440551008148759e+04
3.488288001820111094e+04
4.122924806285219383e+05
3.024377916256349417e+05
6.128703750960676698e+05
1.289018751480025821e+05
1.291851179613448767e+05
3.031584823497720063e+06
5.162851899847741006e+05
1.684789730349442922e+06
1.397414819176869642e+05
1.087383695622503292e+06
1.056815954702198971e+06
1.942440519397327444e+05
1.482483004522376228e+06
5.004232837840676075e+04
3.405945163980587386e+05
4.635877693018611899e+04
2.741310252851990983e+06
4.876175064071794623e+05
2.435065442233669164e+05
3.276983445921408129e+05
2.483535686941159074e+05
1.118693919578665373e+05
1.041375840347521880e+05
2.171371892347157700e+05
7.063774808276148979e+05
5.662759764177898178e+05
1.223337653097140370e+06
3.301433525030704332e+05
3.212877101727008267e+04
1.507568907263316447e+06
4.762600041367119411e+05
3.407421540137717384e+05
8.984338075481186388e+05
3.236512202912776847e+05
5.714643160669071949e+04
6.238063345326123526e+05
6.361676989164183033e+04
5.342661104973017791e+04
2.587502806198748585e+05
8.660548804161339067e+05
6.625170970689223614e+05
2.550106814373038069e+05
4.171908255395775195e+05
2.910622999785639113e+05
9.203771954371025786e+05
5.314847472479791759e+04
2.939051931788284492e+04
5.755050584568570775e+04
7.537456850723428943e+04
5.827195672364318743e+05
2.704560740845901310e+05
5.003514813194667222e+05
5.061204316452033818e+05
2.849930453539609443e+05
6.745743157057360513e+05
2.659160245143286302e+05
2.723158536195805646e+05
2.258722548635174520e+06
4.165069286904055625e+05
2.915247176863726927e+05
4.338196604321951600e+04
3.390666724644709611e+05
1.059797036485293065e+05
5.457232482139221975e+04
1.376027849320978858e+06
2.002306913681101287e+06
9.349535706239596766e+04
3.307196970302228001e+05
2.220232613284801482e+05
1.794571042284989089e+05
5.554865828746499028e+05
4.630433230781618040e+05
5.811283870520767523e+05
5.807412597062864807e+05
3.047139249677477637e+05
1.370938166259974241e+04
2.136991998362541781e+05
1.524969941759934009e+05
3.510520649367757724e+05
8.263523391501323786e+05
4.319447297181784525e+05
1.403939845782342891e+05
5.076759570623331238e+05
5.016809041180342319e+05
2.876342774153725259e+03
3.541017738558402052e+05
2.903738919825667399e+05
4.471412037708122516e+05
5.027886808658887749e+05
5.342993779929217417e+05
1.373667996262485394e+05
8.968754475194010884e+05
1.585440840898215829e+05
1.286545549708679464e+05
2.537749198213017953e+05
1.420384941990843508e+06
1.340553521323020686e+05
1.727289625598604289e+03
3.808818991886635311e+06
7.208696728230129520e+04
8.243322647111677798e+05
1.021551227847709524e+05
2.332248801762436051e+04
3.842960544787412073e+04
8.544910712466263794e+04
3.941137500611903379e+05
4.973187584932178725e+05
1.259029240553833952e+05
3.979793993374538259e+05
1.842787345538795762e+03
4.198670616574630840e+05
1.385689401972402702e+05
3.790318999812635593e+05
9.743989301495385007e+04
2.865610715937385685e+05
5.277000845312802121e+05
2.757056747744394233e+05
1.245838501928298501e+05
1.416510486392124149e+05
3.590739214359333273e+06
5.393205469349562190e+05
2.596871227027591085e+05
1.135115418063911202e+05
6.300809923485844629e+05
1.017200689742149843e+05
7.003128521330983494e+04
2.165907241571887862e+05
2.579907689949084597e+05
2.320773256703342777e+06
1.725631003068072023e+05
5.332202478435888188e+05
2.018286824724963168e+06
9.638692123787228484e+05
6.449759264263301156e+05
2.571163300635971827e+05
1.147829928255669656e+05
4.944586100914190756e+05
1.364715268275262206e+05
1.958229227500402194e+05
5.404219081460521556e+05
1.009473768753145821e+06
1.020990429013782705e+05
1.405561942742580781e+06
2.097538758114762139e+06
5.436424544398791477e+04
2.322038101432457624e+05
9.580279534010835050e+04
4.798012598012195085e+05
2.733068912874137750e+05
2.288672339969775174e+06
3.072535640274005709e+05
4.670686796558553760e+04
4.535100274901888915e+05
5.443542936191839399e+05
7.248266981477549416e+04
7.113147814094903879e+04
2.734304186774150468e+06
1.247308270587617008e+05
8.356105643931056838e+05
5.868913637312932406e+05
2.322876124414945487e+06
2.741660016797342687e+05
3.385700159839399275e+05
1.282434626838832337e+05
2.952040993359885644e+06
2.736396416314321687e+05
6.730801559995228308e+04
2.359178508459605218e+05
5.899505508049140917e+05
1.630104620699318359e+06
1.140999636761572219e+04
4.413199510495950468e+06
2.949103233973726747e+05
6.654118348858455429e+05
1.545297649167602649e+05
1.767841406315407017e+06
2.843712721355110407e+05
2.175811514046388038e+05
1.635566375895995880e+06
4.133256620878782123e+05
2.182811314939858275e+05
1.873613570862930967e+06
1.842628625015610887e+05
1.228330159249346907e+05
3.695058420330178342e+05
2.807231993173650117e+05
2.508545283821471035e+06
5.298958350296773715e+05
2.840815092592089786e+05
5.348956001054421067e+05
3.966278818758244626e+06
1.400755906263169018e+05
1.141382129470605287e+05
3.747692363309404027e+04
3.412308733698183205e+05
1.422551376428193762e+05
5.864493829547946807e+05
1.946485714031061216e+05
1.292900239125536755e+05
1.314552296243935125e+05
1.275205261759311543e+05
5.512082637810427696e+05
8.920563652001305018e+05
1.591766815344557166e+06
4.459705792637842242e+05
1.334464327462654619e+05
7.409406672760697547e+05
1.257766607570548513e+05
1.392862437400913623e+05
5.284235877315748949e+05
8.756142582137110367e+03
3.205191550267260754e+05
6.380980528483532835e+05
3.431929954753397033e+05
1.012457113413579646e+05
5.961113594403972456e+03
2.588985537198576494e+05
2.379628231916776349e+04
2.445820566087423940e+05
2.395119126074891828e+05
3.865576777002143790e+05
3.519042259287064080e+05
6.517896970255726774e+04
1.813971016078021785e+05
1.060236206262733867e+04
9.429265098963549826e+05
3.305682403121571406e+04
1.221065815713636111e+06
7.200022850174714113e+05
4.123689178266111412e+05
2.060550730093055754e+05
3.433796210984447971e+05
1.909119106804811396e+06
4.059834506534929969e+05
3.232136849831053405e+04
8.700429288458068622e+05
9.498235355524660554e+04
1.893486072293789766e+05
8.135919769680612080e+04
1.816151918803834415e+05
4.504192285412930505e+04
2.476563861562141392e+05
4.385434188119946048e+05
5.939769305672100745e+05
5.720906309208452003e+05
1.377290448016949696e+06
5.451463790570953279e+04
1.127776848330025678e+05
1.561524059026084433e+05
1.656647414939033915e+05
3.340298648857644876e+05
5.856542462038575904e+05
1.405004314008339134e+05
6.175162073573085945e+05
1.251639104070108297e+05
1.100790791783116292e+06
5.221057742492522812e+05
3.441018576671252958e+05
5.346460544398203492e+05
2.459149242920527468e+05
1.596327066217779648e+06
6.009988317683284404e+05
7.843122421403824119e+05
1.034212539278007316e+05
2.306313804952340724e+05
3.189362487902201712e+06
4.818202360257185646e+05
1.769423214831328733e+04
8.871743916555716714e+04
7.899305940200295299e+05
5.376446604249037337e+05
5.418599490885982523e+05
1.276010604619497753e+05
2.468556897987082775e+05
2.716770890579603147e+05
3.832442246922912309e+05
1.088662917400148290e+05
2.344724408173907548e+06
4.635571562568508089e+05
2.527168887057014799e+05
9.154034061119322432e+05
4.993867844506339752e+05
1.873722376377374458e+05
5.192398802777930978e+05
1.320475505318026117e+05
2.444077010097042192e+06
9.231012238430822035e+05
5.408856382135685999e+05
9.839324690959586587e+04
2.374609122474537871e+05
7.925292158823937643e+04
7.439344742149795638e+04
1.377102255784067092e+05
3.994305066219405271e+05
1.393587762675350823e+05
4.478352468242184841e+05
7.448352236928952334e+04
1.248208821011485561e+05
3.596224362424644060e+05
1.351209145551094785e+06
3.099383443887816975e+05
3.378564763761461654e+04
2.453496653769157274e+04
2.532280361351538741e+05
1.015802736146756564e+06
8.442451962167679449e+04
1.575748280568596674e+05
6.912563526501526358e+05
2.096765764646941388e+05
8.901804055633040844e+04
7.222441423870944418e+05
1.110243052939536137e+05
4.138773108394973679e+04
2.322658195854256046e+05
8.904844824081200932e+04
9.119902632728958270e+05
3.472374525303176488e+05
9.514306513274380704e+05
2.133605573499556049e+05
5.925836734443698078e+05
3.749653380256162927e+04
1.190170415518585360e+06
1.854158128278757795e+05
8.655128239041513298e+05
3.486660587782656308e+06
2.468502182206134239e+04
2.902816012520251679e+05
3.136264240016734766e+04
9.133637066651042551e+04
2.288994150007320277e+05
6.519744006832260638e+05
2.430511911504989621e+04
7.949271115822931752e+05
1.986035939287364890e+05
7.804909209613009589e+05
9.032880005257290322e+05
1.730504181801720988e+06
5.242872591864038259e+05
3.207016838362517883e+05
1.482376040654733544e+06
2.910308101722779102e+05
2.080764127369692724e+05
3.890658882725375704e+06
9.643870310547567206e+05
4.682379953917188104e+05
8.045560580445604865e+05
1.502425115250286181e+05
9.166689567061787238e+05
6.246271974279283313e+05
3.096198120868009282e+05
2.068372945951969450e+04
8.056776973328701570e+04
2.661131624694006750e+05
7.290177900091685297e+04
5.395979420116263209e+05
5.311563822817974724e+05
1.377833045484904724e+05
1.224560085466464807e+05
1.223637641460564686e+06
2.772811083516455255e+05
9.630677416756536113e+05
3.370230051008217742e+03
2.004298148366221576e+05
2.914288453354600351e+05
2.374632931749121053e+04
1.048450858191819498e+04
1.024733129112115363e+06
6.061589391933799488e+05
1.142063746502996510e+05
5.700764106031828560e+05
1.482066992098238006e+04
1.374233471332375484e+05
1.377617789449852717e+04
5.441210769283460686e+05
1.742952771277974534e+05
1.115443200782038621e+05
2.417108511531214172e+05
2.155065455572849714e+03
5.062167955344793736e+05
1.166399245151697833e+05
2.279676794946583104e+05
2.749375868003560463e+05
1.531638068593774515e+05
1.458562733115657757e+05
2.638048361794405500e+05
5.628357300486427266e+05
1.161620808208605740e+04
1.596300367642689089e+05
1.631195816290664370e+05
9.477912360065124813e+04
3.087923132248182083e+05
1.106622861762414454e+06
1.751648393868176208e+05
2.674891690911769401e+05
1.047487588781318627e+05
8.816310141377998516e+05
3.412836376457189908e+05
5.034193804005506681e+05
4.258347155331915710e+05
2.271432460724208795e+04
4.043352156564302277e+05
8.642933026961280266e+05
1.718703197919718223e+05
2.215530851131339441e+05
1.489980789914735127e+06
2.392174949969250883e+05
2.564574267038569815e+04
1.340226619675599213e+05
9.511667993145319633e+04
3.745811171795504633e+05
3.879254095471453620e+05
1.622726388786845841e+06
3.565162323260986595e+05
1.651457718059077451e+05
1.505182417072028387e+06
2.644778782835030928e+06
2.678495426435440895e+05
8.082055525859396439e+05
2.822532578084829729e+05
9.688411191065423191e+05
5.422275688697588339e+04
1.105623466056571342e+05
1.369927360702776932e+05
5.555460552941991773e+04
1.755092849141952756e+05
3.052645338501587394e+05
8.236439848739576992e+05
1.437442765737952723e+05
8.489387627732566325e+05
1.559388694675385777e+05
1.289862709120442858e+06
6.724584323562309146e+04
2.895287237422505859e+05
1.973346773679130129e+05
5.961572566945609651e+03
3.488615683814720833e+05
1.212667954990040045e+06
4.079529441416134359e+05
4.078836060726119322e+05
2.165948859449546435e+05
4.193482332907495584e+04
5.022121647431268939e+05
4.548556257244155859e+05
1.290499646591701312e+05
7.755201332354826154e+05
3.029449847183235688e+05
3.845568996889767586e+05
6.394327207523540128e+05
4.077902750549184275e+05
1.002158556274505390e+05
1.635030707260573283e+06
2.566774004555684805e+05
9.796730758472948219e+04
8.367004860877799802e+05
5.422716367403538898e+05
1.851272939826610032e+06
9.919904323478149017e+05
2.266336191715671157e+05
1.325030044913519523e+05
1.453526807390829199e+05
2.153948383085899404e+05
3.710184502203906886e+05
2.562928888008053415e+06
3.141172056178502680e+04
2.364504874067362398e+05
4.015654338558599120e+05
2.865256125165621634e+05
1.238029770276321797e+05
2.783588560617615003e+05
6.791981665846279357e+05
1.569373385735365155e+05
1.162700825467508053e+06
1.116205866316320840e+06
1.813105081063800317e+05
4.598887050858474686e+05
4.210382055031291093e+05
1.881236380031948676e+06
7.188407494935330469e+05
1.606909455182901816e+06
2.300333544130004302e+05
7.566224826160089578e+05
2.299071607517245226e+06
5.396803923210817629e+03
1.627328416326886800e+05
2.335309787577166862e+05
4.169581746249484131e+05
2.113242899627994746e+06
2.314009428608343660e+04
3.742691787843783968e+05
9.124632545442265691e+05
2.598883767665110645e+05
2.421600985529393074e+04
7.665328359849960543e+05
4.775306386386959930e+05
3.774609951096707955e+05
4.509517145039219176e+05
9.755805568940384546e+04
9.471848644455041504e+05
1.769648047151644423e+05
3.799425252740991418e+05
1.972738108717674331e+05
7.749570973699593451e+05
1.827015479747908830e+04
1.354616188945020258e+05
1.480133423265555175e+05
4.807300095008678181e+04
1.078128050990106422e+05
9.729028392883275228e+04
4.755177068962087505e+05
4.901222045272837277e+05
6.144483506982870167e+05
1.358482461459495593e+06
3.709957867988221551e+03
2.812144132179550943e+05
1.151023419168634573e+05
2.697870179013394518e+05
4.244528841007822193e+05
5.773268339572859695e+05
1.689661778243119363e+06
1.860979755558606994e+05
2.009186921441273171e+03
1.326802235138653778e+05
7.720714875661213591e+04
1.927401001599900483e+05
2.809780555188353756e+05
1.833086419307238248e+05
1.408275681373425759e+05
5.471920863021237310e+05
9.196758694095248939e+04
2.365950220291416335e+05
2.886655644848314114e+05
7.641500394763586519e+04
1.003673343143245875e+05
5.714356998533854494e+03
2.109628199184934143e+06
4.212278738087197416e+05
3.791067176657216158e+06
8.647486721787824354e+04
6.812901539177104132e+05
3.042396095980808605e+05
1.792711848438681918e+05
2.654456533289675135e+05
4.267616687329011038e+05
7.340747650773878559e+04
1.325110553894499608e+05
2.352053608613266260e+05
6.635762858485493343e+05
6.862590408386090712e+04
4.071829012068507727e+05
6.140583679120205488e+04
5.308504142298916122e+04
4.350031018654504442e+05
1.298447914436054125e+05
7.719703200759937754e+05
4.514105199153165449e+04
2.955317435193644371e+06
3.353313446339141228e+05
5.025396565010311897e+05
2.093395247353188824e+04
6.069926447506556724e+04
7.238084647069587663e+04
3.429146392009560368e+05
2.281533256474525260e+05
6.402563696954004699e+05
3.774896147530795424e+05
3.908047726997148711e+05
1.321823809128809953e+06
2.892633843948632129e+05
3.735658303901558975e+04
5.391482036850379081e+05
4.566988455030168407e+05
9.051282411010139913e+04
1.648977394112023176e+05
1.814911725742468552e+05
2.481376875001461303e+05
1.529017162728659750e+05
7.838293438483262435e+04
3.758941451070797048e+05
1.866887894248079974e+05
2.648804568924454998e+03
3.720662708683821256e+05
1.512266883432258153e+06
3.800398937299422105e+05
6.750495218987189000e+05
1.062512474301453447e+06
2.982031245717735146e+05
5.187434131822952186e+05
9.921514326442427700e+05
1.090501788637295133e+06
4.249630776316290139e+05
2.170876252750392072e+06
1.248573690322124603e+05
7.281600764018993359e+05
7.785339924618176883e+05
1.631696381365715642e+05
1.718872446164888679e+05
1.922777054949840764e+06
1.025181486315268558e+05
1.533390976025577867e+06
2.189355105007618549e+05
1.693953927517566772e+05
1.048208062577188102e+05
1.167695993866656674e+06
5.693811296950922115e+05
2.037194693707080558e+06
8.950801463031278690e+05
4.340123297814059770e+05
1.914045579004746862e+06
8.734003408857068280e+05
5.374329451439840486e+05
2.104916743637284962e+05
1.064156963492784707e+05
1.153289062812938791e+05
4.586106656988203031e+04
3.165549968358336948e+06
2.131705011539169063e+05
5.567213359040532960e+05
5.462028407693696208e+05
2.136762918765033595e+06
6.625155829598220298e+05
1.676573316557599464e+05
4.023249113151654456e+04
2.804201928525334806e+05
8.882471757726434153e+05
7.827035170622240985e+05
3.498096187695576373e+04
1.384258060794950230e+06
1.653195482033190783e+05
5.358071003421582282e+05
3.781210615768957068e+05
4.584466284682262340e+05
5.748691560288411565e+05
3.291947423032965162e+05
3.741602272940817784e+04
4.685771673421314918e+05
1.337029683630033862e+06
1.407510258416402154e+06
6.160029586988437222e+05
3.537017561061903689e+04
6.424502637274457375e+05
1.226737326031371922e+05
1.996555441699791991e+05
5.919882428466846468e+05
1.440265898716660740e+05
1.135402844382739393e+06
2.921263986154787126e+05
1.796777742546130030e+05
7.538456260320718866e+04
7.441232160371512873e+05
2.527076437442853348e+05
3.882806480671757163e+04
8.299814358152389759e+05
2.009728610243428266e+06
5.055582883823405427e+04
6.150100695407948224e+05
5.756146172574782977e+05
3.428220828878699685e+05
8.935461354768738383e+05
2.344778479084595165e+05
1.393993053132711502e+05
3.776534758698209771e+05
6.816533723421145987e+04
5.671762092965235934e+05
2.813654605547642335e+06
8.741993828005198156e+04
6.224544803953503724e+05
3.259599611412291997e+05
1.828135062909557018e+06
1.255109065461553982e+05
1.826512860350286937e+05
1.115010816827286733e+06
4.701040312277066987e+05
1.587324172354229377e+05
4.356068238806013833e+05
1.397744151679939241e+05
8.942399661646167806e+04
5.969286954425106524e+05
3.326924997630682628e+04
2.254036163932929921e+05
6.943509473496778810e+04
4.297403562294259318e+05
5.699287197733664652e+05
1.568176793464621005e+04
2.629525488796255086e+06
4.171029064041134552e+05
5.348311795187412063e+05
4.617903883950879099e+05
1.240954258950030664e+06
2.892571332852955908e+06
1.900628204492666409e+05
1.031236629794081528e+05
1.850712710233198944e+06
2.526023447796034161e+05
3.253211561131832786e+04
2.177625275879298570e+05
1.230405577460152272e+05
1.556448224828497740e+06
3.121543825648389757e+05
1.075209330329031072e+05
8.843563920561430859e+04
5.534297906113411300e+05
9.209551504560295143e+04
1.079057203871118836e+05
7.616096100484521594e+04
3.621845325635777554e+05
6.606871600805917988e+05
8.673702962702422519e+04
5.629979567593687680e+05
9.065542247953180922e+05
7.732341448823859682e+05
3.180001505957485060e+05
2.969128169138788362e+05
1.386767312840321974e+05
9.027384392206216580e+04
2.018520410744177934e+05
2.251076525523348246e+05
3.257760418010393041e+05
2.645838071611345731e+04
1.193224972798217088e+06
2.691652492942253593e+05
4.047724747330061509e+05
4.140043783101757872e+05
9.883398186056494014e+05
2.268100022633822300e+04
8.848943038164933678e+05
6.520329684933475219e+05
7.555293645935255336e+05
3.754991423493550392e+05
2.938253869134205743e+05
1.454208517911549192e+06
6.687457590803765925e+05
7.671183713115187129e+04
2.760365311767720850e+05
3.499157397033711895e+05
5.529422626882948680e+05
2.319827890088975255e+05
3.096462119056660216e+06
2.672407109840763267e+06
4.514513976051313221e+05
1.519482080063507194e+06
4.114038071348239464e+04
1.445994527976260724e+04
2.311893932342840126e+05
6.764736294625087176e+05
6.152289638521975576e+04
4.065163344019119977e+05
2.906380665999012417e+05
3.677224540249245911e+04
2.841786581031518872e+05
3.736750991501568351e+05
3.696271911366938730e+05
1.215893041315511800e+05
3.891583109279692289e+05
3.920520590868085274e+05
3.631721959861590876e+05
1.190381490767420473e+05
1.416782509788178722e+05
3.656120874481147039e+05
2.854548239548106794e+05
1.694894588544892380e+06
7.142916997876621317e+05
1.651205713655410509e+05
1.493631873580095416e+05
2.806120263324156986e+05
8.751340394874161575e+04
2.168396111680139322e+06
2.753825001534134499e+05
4.532167210128331790e+05
3.522404260997233796e+05
6.565393677431330434e+04
2.046928546520202362e+05
1.003257972014330298e+05
1.128857757833737647e+06
4.910232559166611172e+05
8.203491724255975569e+05
3.593978981396884774e+05
6.824927204066856066e+05
1.304170958636949537e+06
3.236531517608192371e+04
1.673497075722410576e+06
6.747229954359623371e+05
7.242369037604097975e+05
1.019571694066526397e+05
1.700839279729178816e+05
2.951632207516126218e+05
1.738707986294979695e+06
2.803343047247669892e+05
1.500216718730730470e+06
9.621029664784249326e+04
1.351030906249235850e+05
2.296233387160267157e+05
4.736192567705275724e+05
2.759165663401801721e+05
1.332684258503639139e+05
4.516452706550079165e+04
6.778820818613164010e+04
3.072818600328562752e+04
8.470310640991467517e+05
3.221738908705019276e+05
2.962146481669481727e+04
2.284399843966353801e+05
1.916868626581191711e+04
9.653995288656012854e+05
4.195177705933991820e+05
5.891660281082589645e+05
4.103416294868675759e+05
1.371986597937743412e+06
1.916987514621204464e+05
7.053031549687712686e+05
1.063727471861908853e+05
3.680067353295270004e+05
3.233218718845819822e+05
3.313802735064717708e+05
2.981476934679689002e+05
8.101643289910156745e+05
1.534198698672437749e+05
9.865956179280255456e+05
6.415834924333483214e+05
3.186071150188233587e+05
4.633465847129335161e+05
4.094097513715091191e+04
9.568380236469702504e+04
1.625762633213801018e+05
1.639503312197473715e+05
3.485190968881375738e+05
3.764226008123802603e+05
1.969831150957446080e+05
6.654570848595686257e+05
1.002422160766991437e+05
1.147387505074340879e+05
5.535587681389592763e+04
1.512183480911657971e+05
1.760734230243817728e+05
4.819203081751530408e+05
6.296908482209964423e+05
3.921718444807546912e+05
7.671802226081943081e+04
6.856318785527551081e+05
1.027407389597058762e+06
7.143641233233813546e+04
1.768946456445734948e+05
1.187150757939510950e+05
7.298793623993082438e+05
5.386770851961318112e+04
3.617629402681953798e+04
8.208007817005448742e+05
5.940011619839776540e+05
1.744456356354443124e+05
9.459338437017536489e+05
2.981341082441671751e+05
3.583202438931461656e+05
2.419681592490259500e+05
2.397280164608889725e+06
1.694877829865937238e+05
6.209966281445168715e+04
7.342666864064021502e+05
1.844046742799612402e+05
3.017006641346644028e+05
1.589468898978262674e+06
1.830742692602246243e+05
2.688582420536630088e+05
6.248453738230019808e+05
3.815636880253619747e+05
5.024517126489121001e+05
8.351560621168302605e+05
2.295459179735579237e+05
1.262957531561258947e+06
8.848941937748366036e+05
4.400442321868837462e+05
3.694976491942177527e+05
2.804330647075346787e+05
8.249061597006883239e+05
8.183862750342348590e+04
6.628325164921500254e+04
2.263538512305150740e+06
2.469033717481697386e+04
8.631749337607117195e+04
2.324245813869942445e+06
1.303767304012868044e+04
1.348626446764298016e+05
1.038986905138086149e+05
9.646661458079748263e+04
1.207172048540278774e+05
3.243742775735572795e+05
1.481386641887309030e+06
1.174870238247101952e+05
1.458625520421284018e+06
4.041074561873729690e+05
1.764858074550896126e+05
3.235454030198883847e+05
9.026913513240515022e+05
1.814869011923758779e+06
1.092420216482582182e+05
4.434538685977719724e+05
3.228202032528006821e+05
2.542843202374858083e+05
2.825840015690827931e+04
1.412909475113408462e+03
1.040108505762297573e+05
2.664641335738535272e+05
2.696475310588382417e+05
1.198369187585628591e+06
5.687031551833830308e+05
2.467648856951827183e+05
6.069239325993942475e+04
2.478694009629157081e+05
7.042369711801977828e+05
1.732359968153207956e+04
1.089968593593533442e+05
4.473122499789033900e+05
1.054652654616099084e+06
4.935141529921101755e+04
5.574934332499394659e+05
5.609283212300878949e+05
6.112153270792399999e+05
5.362040154212948437e+03
3.059037989611679222e+05
3.308724312834182638e+05
5.691979625489190221e+05
1.156525960286639311e+05
6.071198595160646073e+04
3.882256095813334687e+05
4.126877923263827106e+05
7.465893057495419635e+04
2.900469947439754033e+05
1.361742540334617486e+06
1.669580629726515850e+06
4.701648234902084223e+05
2.389342481264117174e+06
3.862721510168968234e+06
6.170017251896461676e+04
1.272505711212297610e+05
1.576679797426559089e+05
2.079992548112439690e+06
4.813286373595857731e+04
2.547060557013340876e+05
6.246998373942077160e+05
1.156458719877224416e+06
3.337771868167522480e+05
4.232704959514116490e+04
1.215700866452035960e+06
1.336254830571264320e+05
3.333901441863151267e+05
9.848744841042869666e+04
1.118720621265830996e+05
9.378700907694159832e+04
1.439071842180402251e+06
1.612199590587105136e+06
3.684632771166857565e+05
4.293282348126561265e+05
1.271539729993680259e+06
8.201201307232569670e+05
1.920303429508802947e+05
4.995441210279274732e+06
1.084468809559469344e+06
1.022882955578773981e+06
2.797373859997930122e+05
6.161165326609367039e+05
5.010774168224880850e+04
1.138759000534470979e+05
4.681597689369770815e+05
7.401288027392131044e+05
6.141369444704997353e+06
1.809614532164857374e+05
2.801138370224183891e+06
8.916761067462850770e+04
1.213359000593703007e+06
1.002396809345252928e+06
1.181902182535889551e+04
8.569324407591736235e+04
2.681084071367495693e+06
3.312170784943598555e+05
4.900610664051878848e+05
5.871291854144960234e+04
5.370205217729273718e+05
7.929659346818896011e+05
9.103434204088393017e+04
1.801850854406363564e+06
1.703428318264006521e+05
1.039710738939789240e+06
2.923998765434527304e+05
1.189219664579764794e+05
2.397361604356447933e+05
5.243608638948742300e+06
7.116205602753079729e+05
5.095523930707001127e+05
7.204541555912045296e+05
3.106085256595839164e+05
2.235970454355248075e+05
2.800160373982196688e+04
3.014684378290736931e+05
6.820050694459555962e+04
2.204697581119774841e+06
1.063131328416192671e+06
4.883715321852904744e+05
3.737735151619136741e+04
4.531855233847018098e+05
7.582199627058476908e+05
6.932144097622472327e+04
3.754922659543891205e+05
6.353573198851265479e+05
1.712737186907544965e+05
1.250485145352288615e+06
8.319437381559726782e+04
3.261224730834850343e+05
2.222941319790227572e+05
7.486524773311367026e+05
1.260500616474285489e+05
1.269694031361159250e+04
9.650192201914687175e+05
5.251512981224643299e+05
7.428915928612527205e+04
2.843993662168942392e+05
2.270016124826377199e+04
1.022875373130186053e+05
4.796620870838163537e+05
3.315910110083688633e+05
5.992718268644365016e+05
2.030449500711750239e+06
5.061003749970461940e+05
2.648040273418183206e+05
7.386839371776931512e+04
5.141294516958376626e+05
9.055987240653977497e+05
2.229935843172197230e+06
6.577893454524668632e+05
4.207557360193845234e+05
5.487890650357452250e+04
9.018153544717188925e+05
9.202244451330105949e+04
4.956349086789953290e+05
1.679890239162308571e+05
7.983533592373922002e+05
1.757425413063185988e+05
7.834571520889475942e+05
5.821794302262283163e+05
2.041455931744275149e+05
8.380604978345219279e+05
4.565531814427550999e+05
3.793109740718220710e+05
4.103010005000791862e+05
4.081244295089559164e+05
1.376682224683929468e+06
9.062512423464102903e+04
1.165859032683111727e+05
1.475281290383002488e+05
3.927809661031519063e+05
5.591722915533564053e+06
1.982079954404448217e+05
3.731566672356744530e+05
6.166613158373484621e+05
3.133974781507305452e+05
2.070662208301026258e+05
1.909999556914044661e+05
1.210902970136974036e+05
1.201301877879296953e+05
2.290969922618552810e+05
4.002322520811827271e+05
5.559281514676102670e+05
4.326466485159865115e+05
1.922006383763646591e+05
4.240020725736773456e+05
2.297682249965598166e+05
1.312707305776432622e+06
5.750277363342681201e+05
1.516743541552562965e+05
8.768208571417189669e+05
1.278874688099955820e+05
1.014567614995603508e+05
2.361399687411762716e+05
9.319313064401346492e+04
1.021934560609785258e+05
2.196662290209098865e+04
3.749027116404474509e+04
1.039511135617979569e+06
9.131806594427799573e+05
1.245350875793674262e+06
2.628568971336018294e+05
1.259524120238164614e+05
1.285062559857905144e+05
9.426428387533291243e+05
4.920459194940970629e+05
9.469082415410149843e+05
4.172991373500777408e+05
6.868720803225704003e+05
5.614192226253243862e+05
2.038841020507985959e+05
1.578402657581290987e+05
6.111843634761093563e+04
6.206538721880497178e+05
7.419838523988486268e+05
1.443922138228517142e+05
3.680123902634462574e+05
3.192497854387869593e+05
5.768421628608717583e+05
1.713217002404506275e+03
5.089976228461478022e+05
5.830576994580145692e+05
2.652971536475054454e+05
1.391600177154109348e+06
2.320973556478717946e+05
7.412896851544099627e+04
3.350197207941766246e+05
5.839800928095942363e+05
2.686593813134906814e+05
9.396198745524554397e+04
2.593084685190286837e+04
1.153783573861107434e+05
3.029209532293612720e+05
8.210668085823028814e+05
3.331792290704768617e+06
2.849761776639390155e+05
5.922668725622209022e+05
5.468780851743326821e+03
1.304171437995932298e+06
5.746041804287155537e+04
6.509511951637306483e+05
8.541459884048820822e+04
2.907376648021398578e+05
2.364772689029948669e+05
8.091262418836241704e+04
1.490841395536177792e+06
2.309306439833797340e+05
1.093618237000597408e+06
7.542507902688615723e+05
4.885326264072336926e+04
2.912973537663655407e+03
5.885757162762373919e+05
4.032838000787203200e+05
1.474674280666539213e+06
1.554903592033546593e+05
1.790852661758295959e+06
3.307972184484534664e+05
4.801583674284339650e+05
1.176549807481550961e+05
3.673157181671421131e+04
3.320456253787996829e+05
5.159974907896515215e+05
2.400231948071248480e+05
1.863577613716820255e+06
7.400523549396141607e+04
1.976186565642576024e+05
1.271679010522489552e+05
9.213728307288637734e+04
2.310488843686529726e+05
9.148128991816196358e+05
6.297938984558939701e+05
1.225347928760422801e+05
5.301197539143267204e+04
7.234778900629166747e+05
1.507094467520545004e+06
1.012414425194181735e+06
1.178369484145085153e+05
3.081275385014913045e+05
1.192034239223778422e+05
1.750390348868960864e+05
2.812931454670028761e+05
1.982251186304112198e+05
5.417975812230588053e+04
1.458480665361682186e+05
1.046867200275440933e+06
2.531794950372970197e+05
5.162870629318270221e+04
2.207724975010539871e+06
1.068883908545762766e+06
6.061383597366479080e+04
3.202998704768850002e+06
3.356135396255867090e+04
5.625647022208882263e+05
2.193485228805023362e+05
8.642735069621278672e+04
6.263260834539352800e+04
3.897624201051287819e+05
9.662018186658968916e+05
3.888358275439640420e+04
4.875745067983957706e+05
9.748192355856243521e+05
6.801157914880947210e+05
5.021441952430902747e+05
1.343679855270157335e+06
1.332019621874443692e+04
9.814546684582026501e+04
5.292786409046376357e+05
2.019261253807006637e+06
2.341271852456734923e+05
8.389260341904220404e+05
9.781052341053154669e+04
3.754919192045074305e+05
1.226661848815093545e+05
1.792596527385622030e+06
5.930096596605409868e+05
1.013377604270901793e+05
1.379925274830247974e+06
5.896863521346277557e+05
2.008406072389944748e+05
8.931820684448469547e+04
2.115882111140517518e+05
5.027730149135589600e+05
2.339070623511551530e+05
2.225451362025735434e+05
3.250057763410962070e+05
1.115257690300647169e+06
7.971625633632023528e+04
3.565949217224803579e+04
6.600044179293714114e+04
1.262510276096203830e+06
1.120069114193711430e+05
1.018089896054551471e+06
9.915283888039752492e+04
4.236130341902826913e+06
9.930170577875771414e+03
6.595557862898072926e+05
1.974842792640590575e+06
4.134616489028147043e+04
4.492322596529676230e+05
1.008585810865448206e+06
1.251685366199462587e+05
4.979453003187836293e+04
1.447912372041050985e+05
1.169908046426382614e+06
6.248021954719929490e+05
9.111998228566466132e+05
1.597712468941845582e+05
1.394557389931062935e+05
9.570374265107145766e+04
5.031838077650285559e+05
1.054944685029541608e+06
4.668779793728571531e+04
5.106242380372253247e+05
3.017596811449027620e+06
6.822527845043111301e+04
7.255683053728583036e+05
3.248204037461299449e+05
1.145778570508218108e+05
1.256555049487730575e+05
1.335654622927712262e+04
1.883205347156294447e+05
5.628322345147709129e+05
6.510748469299926655e+05
2.988163621085569030e+05
9.766518974438169971e+05
9.545851544098649174e+04
1.743950547112343775e+05
6.925421129203637247e+04
9.206392266400647350e+04
8.950811242636764655e+04
1.619641247096940642e+06
4.025937506763263373e+05
2.593889647077892150e+05
1.577160976773539151e+05
4.815113108812068822e+05
7.678953966474007757e+04
3.826345269588471856e+05
7.393079000950201589e+04
4.882408219034961076e+05
4.592537217342289514e+05
2.671336355295617250e+05
3.084901734042150434e+06
4.953733390358830220e+05
8.932541936863758601e+05
6.133228170510740892e+04
2.249515968221950461e+05
1.266026451635762205e+05
2.535366733975402021e+05
1.436632623472606065e+05
2.702956433592218309e+04
5.604935592031353153e+05
1.109533843488602899e+06
1.004028991561165312e+06
7.063014699533485109e+05
1.462693465847895248e+06
1.159793106239799876e+06
1.584802193847511080e+05
1.302403462693634210e+05
2.173862335645619896e+05
1.116471507461181754e+05
3.122591840874227928e+05
1.368639878704918548e+06
8.555276101004051743e+05
5.685257165890385397e+06
4.542985821014894173e+05
2.960717457129915128e+05
1.219219874055144755e+05
8.737737694137943909e+05
1.929857103254794376e+06
7.728092327714842395e+04
3.947348537296744180e+05
2.757011061125934066e+04
4.995540709609883488e+05
5.498030965940165333e+05
6.495457808808720438e+05
6.661778402292284882e+05
2.396316795343129197e+05
3.052962797520344029e+05
6.941064765630634502e+05
1.829066786516129505e+05
1.873921723460186040e+05
1.909455536967253312e+06
7.054029583084583282e+04
1.635564884328429587e+06
8.045388418902765261e+05
7.712031532143941149e+04
8.572169623375271913e+05
5.710589822232582083e+04
5.551668898552344763e+04
2.316015333328129200e+05
1.454261513923210732e+05
8.420180307404098858e+04
3.236893239753750968e+05
2.034863916308429558e+06
4.749955145895305322e+05
5.972594517807790544e+05
2.332068902849957522e+05
3.296362288391754846e+05
7.515070331687481666e+04
1.339118725934867747e+06
3.460386545593885821e+05
4.802186170236155740e+05
1.964786512827111001e+05
5.584798718131451460e+04
2.006730851726394612e+05
2.138181954367129219e+04
4.203066898566316231e+05
1.062961917325548129e+06
5.876638437012663053e+04
4.732328620971981436e+05
6.920931541397940600e+05
4.331129502542567207e+05
1.192429295443076408e+06
3.487271734564629151e+05
6.649093964874353260e+05
2.539454305766346515e+05
3.023231322439062642e+05
2.999512285956243795e+04
4.772421115017394186e+05
2.397890310557128396e+04
3.699994309049336880e+04
1.443995771293134603e+05
1.446130246407657978e+05
2.699890959779072437e+05
1.592574715034465480e+05
6.714302119600940496e+05
3.828492808953023050e+05
5.939886134157583001e+04
1.584665927714097597e+04
3.896596825700326008e+05
8.724436296651223674e+05
3.175953503186583403e+05
6.857118551240651868e+05
5.715946400181808509e+06
2.417817201336108556e+05
1.388878115989760845e+05
5.856691823320827680e+05
5.949109851722554304e+05
2.113089665123621235e+05
8.141022042058441730e+04
7.666338593896543607e+05
3.232859093358545215e+05
4.740799379493944580e+05
1.786557089773474145e+05
8.106289603963369736e+05
1.223422726111050724e+05
5.389116332659714390e+05
1.668341129082787666e+05
4.148210482966907439e+05
1.999711757500970736e+06
2.311757864095646422e+06
4.268706213703433605e+04
4.470058923887980200e+04
1.165496133155657153e+05
6.504301727350561414e+05
1.068113723740874993e+05
2.790838262949793600e+06
2.727214262159668142e+05
6.714090799360524397e+04
8.358511545048676198e+05
1.710518355044263008e+05
2.432734034093324095e+06
2.553996778572902840e+05
1.857572099582599243e+06
5.405768941218985128e+04
2.570241159404711507e+05
2.233122726047509932e+05
2.460843395010395907e+05
1.531487736317379866e+06
1.223948264325819910e+06
4.403435214852052159e+05
4.191952774383997894e+05
6.468098079899899858e+03
8.404884259929445107e+05
1.021940250850058394e+06
1.747781260272891668e+05
1.762706834278888768e+06
6.884889324213121086e+06
3.716615830358338077e+06
3.413514635731352028e+05
5.308284114363921253e+04
7.435245128929810598e+05
2.128694957637865155e+05
1.986779880263723899e+06
7.915670604515536688e+05
7.917585221200783271e+05
1.282973301432059961e+05
5.453617312851233874e+05
8.651542064904763538e+04
3.636752576917012630e+04
3.335244278690726496e+05
4.105830984601463424e+05
7.778768834229245840e+04
2.429170869688107996e+04
5.383146245834259316e+05
2.837683989223718527e+05
1.184381796828361228e+06
3.818834854450800922e+05
1.021247460929835215e+06
6.483496189454236301e+05
5.439492112569517922e+05
3.894884795495943399e+05
3.223227741538398186e+04
9.502047275376050675e+04
6.225659616961942520e+05
3.726337076445951243e+05
2.111291295414826163e+04
1.399226297204010771e+05
3.092408924551995005e+06
3.899871576509358129e+05
6.562379436532408363e+03
1.475638988547734334e+05
5.203742822021446045e+04
1.511489488011130365e+06
2.951049159207796911e+05
1.749297409752201638e+05
4.158964104037206853e+05
3.864066736986647593e+05
4.019926303853703430e+05
1.987391714497785724e+05
1.947435946846683692e+03
4.423659552854778012e+05
2.303200785384952324e+05
2.059673532070539659e+05
6.868423918770400633e+04
6.270653663487246959e+05
2.351603773420415237e+05
9.419387594847497530e+05
6.179620300214374438e+05
1.129614089234867133e+06
2.569109721944707446e+06
1.784671351468916982e+05
7.896232549592360738e+04
4.260114628493195050e+05
4.891926646067967522e+04
2.323248972451587615e+05
8.669679016990623204e+05
5.236059572028595721e+04
3.986791315539948991e+05
1.393117980703192879e+05
5.465242875114562921e+05
4.436191301830655430e+05
1.518161760295170534e+05
1.316173284005538095e+06
1.124379463143431931e+05
4.893116608956654673e+05
7.635262254370568553e+05
6.173408088697467610e+04
1.551851962079138902e+05
5.117454618288921192e+05
7.974739037200597522e+04
2.260498949725943676e+05
2.338294483191731852e+05
9.903901094592337031e+05
2.134738190927302931e+06
3.506555925188074470e+05
6.332721538757414091e+05
6.201863508029669756e+05
5.649497510365096387e+05
1.949077336827218242e+05
1.104254190107811155e+05
1.451948322869898984e+05
1.574308250586340437e+06
6.861729014449634997e+04
2.547480354981603159e+05
1.454478201117981807e+05
3.305730679178750725e+05
2.115769941236607265e+05
5.528644461214289186e+04
2.625408823514038813e+05
2.762750845903847949e+05
3.773609681483231834e+05
5.606204644136494608e+04
1.739820615816302015e+05
1.731675667170617089e+04
8.256414596031402471e+05
5.150936260221155244e+05
5.968795915810373845e+05
4.786294877799889036e+03
1.601565169283310650e+06
7.479623822664946783e+05
7.995875957769666566e+05
2.336654651629121872e+04
9.691872142554961611e+05
1.250554008383905515e+06
3.431109521337999468e+04
1.147911681312039727e+06
1.038244635845915764e+04
1.059972757725960342e+06
1.194434220062004169e+06
3.547737107518480625e+05
9.877489919006204000e+05
6.974347464399792079e+04
1.002952841162016412e+05
3.136002133473795839e+05
3.893352496576479753e+05
2.669611845702608698e+05
7.214998267514627660e+05
7.656627386552772950e+05
7.888427667167775799e+05
7.959848157804440707e+05
2.194346479955459654e+05
9.149315796955900441e+04
1.843413130501528212e+05
8.068770689640017226e+05
9.813010600626381347e+05
2.797937040052853059e+06
3.674366327947695390e+05
5.816778076272074395e+04
3.705131896480295109e+05
8.107519339591547614e+05
1.131612941340180696e+05
5.818636058339866577e+05
2.287888292985898152e+05
5.803517625325701665e+05
8.269453612282803806e+04
3.755083714134284528e+05
1.967530710187038931e+05
1.333169008928052499e+05
9.544835605607042089e+04
6.939960753223692882e+04
2.100743144730598433e+05
4.905742550411497941e+05
9.102258138451630657e+04
3.904547339296663413e+05
2.470937110535653774e+05
1.140024247284082230e+06
5.817353414586236613e+04
7.923106647018749500e+05
3.019370329107035068e+05
7.158802236091092345e+04
2.778862660395794228e+04
6.600490783844944963e+04
1.284168466216806264e+05
2.197646721277106553e+05
2.115758350671228836e+05
7.711043276007269742e+05
1.368681127008860931e+06
1.688043393221355509e+05
1.414671020468882343e+05
4.089137956468809716e+04
1.033999711048358353e+06
1.166886012084321352e+06
8.641848144476668676e+05
3.267926047345472034e+05
1.196730146352245501e+05
1.562361304455130594e+05
5.396400782612857874e+05
4.607489152815042180e+05
2.207447651987923309e+05
7.998670456846358720e+05
7.083293844499790575e+05
6.822780449494779168e+04
1.373053117986559519e+05
4.558084236957784742e+05
8.895628541790450690e+05
7.716180526438942179e+05
1.361319851139011444e+05
2.863793614121741848e+05
7.247192260099087143e+05
8.733068585462147894e+04
4.340362137272648979e+05
1.855708693716531270e+05
2.771689626686478732e+05
3.741206922368607484e+05
1.113572046656402759e+06
4.937738687067540013e+05
8.889107687912600813e+05
3.674732061124147149e+05
2.875953687574200449e+05
1.368035374910828250e+05
1.588481035045020399e+05
1.297065024845606182e+06
1.653070420597594639e+05
6.871816422907133820e+05
2.375236838080348098e+05
1.781874901539405575e+06
3.082250413757604547e+05
1.112310994882857340e+05
3.508199960319525562e+05
5.223317050425908528e+05
8.882955665877466090e+05
5.726500556553830393e+05
7.732383893183539622e+05
1.651466938524633006e+05
8.917616759344306774e+04
3.317176776019806275e+05
1.870498945274619851e+06
2.638329910297887982e+05
3.136284355250039953e+05
3.789185364106955240e+05
6.784944775365359965e+04
5.321747254205452045e+05
4.812039849339194188e+04
1.715340607846738712e+05
2.650458932249757345e+05
3.379911107177959057e+05
1.157495977138399379e+06
2.125335301510670397e+05
2.331770872746115783e+05
4.164469448275712784e+05
1.151664422889204463e+06
3.102690404306711862e+05
1.070260440605872078e+06
1.929343302778563462e+06
1.046857483873610036e+06
1.360227361730737903e+05
3.479000655409361352e+05
3.772792991924843518e+05
5.429738198404796276e+04
9.648707728309457889e+05
4.275331383282525931e+05
1.221232194494238589e+06
9.443621387320835493e+04
6.151595489565704484e+05
4.880800060526035377e+05
1.387726934858986933e+05
3.012564430591982673e+05
1.189070268576195231e+05
2.224832146981621161e+06
1.056472712160487426e+05
1.333494822467739927e+06
6.778608661403723992e+06
2.078769596484030772e+05
7.192281345597986365e+04
1.179832245624222793e+06
6.710480068781125592e+05
6.849636834405020345e+05
1.274330666610515618e+05
6.882045924112652428e+05
5.704815875184522010e+05
3.992138716159578180e+05
4.904841103235291084e+05
2.151472826743879705e+05
1.523476178373695875e+05
7.597888222618958680e+05
4.418684776854766533e+05
1.534661799205995339e+05
2.080618823155167338e+05
1.589710059257302200e+05
1.136288271212669642e+05
1.687187536275031453e+05
3.928899496701730532e+05
3.393982180993830552e+05
1.899968696953644103e+05
6.929289292636490427e+04
8.708944079578196397e+05
7.197368770297359442e+05
6.839748733318108134e+05
1.044338924577430589e+05
2.907451519560943125e+05
3.346255360539179528e+05
5.289354811847074889e+05
2.099677904183469072e+05
7.324096583740567439e+04
6.435942134757140884e+05
2.697540436742332531e+04
5.233906991431800416e+05
3.208548643643573741e+05
1.202763927922064759e+05
3.559442360270188656e+05
1.204573815309178026e+05
1.791390523731703288e+05
8.281175823951200582e+05
3.336053593665345572e+06
1.353438167869488010e+06
2.921745097174588591e+05
3.509105735964254127e+05
5.855515198751217686e+05
8.027381589451312320e+05
2.270787694931956939e+05
1.104061848557719029e+06
1.135192726958239218e+05
2.713019800869176630e+06
5.426481692552481545e+05
2.216737643248653621e+05
7.580694170322102727e+05
4.148364503777082973e+03
2.882164350178405875e+05
3.264757955327844247e+05
3.377591247562090866e+05
1.310059952535800549e+05
1.352709618529341533e+05
3.085210343785153236e+05
5.935293051735208137e+05
1.178185070669603301e+05
4.359632036734807189e+05
5.354412633832787396e+05
6.718090298508728156e+05
7.437970277945555281e+05
2.407182090784372704e+05
6.637623994564670138e+05
2.592343095836423454e+05
1.360067824970475922e+05
1.914372290761106415e+06
1.785462163183451048e+05
1.210535445739545627e+06
7.331432689073577058e+05
1.847355810132641345e+05
4.799308721512950433e+04
3.239654657659710210e+04
1.283792025315471110e+05
1.941566447651859606e+06
4.867475307465880178e+05
1.067027573564565246e+05
2.905774900147560984e+05
9.673001198923630873e+05
3.249051329405153519e+05
2.630896098726272117e+06
3.843581693365949468e+04
4.978192213681217399e+05
3.072587805209569051e+05
9.135963402135095093e+05
2.511428401005658816e+04
8.771167573174788849e+05
1.892888546056509076e+05
1.033577757494842808e+05
3.010404541321436875e+06
3.734405811790070147e+05
1.002110335413724417e+06
3.460821127496932168e+05
4.390304955395690049e+05
4.414559991177914344e+04
4.368333046985534602e+05
1.234323649606116960e+05
5.245259042892664638e+02
3.655169923283521784e+05
6.236931858293280238e+05
2.279805987079890037e+05
1.447156912833232665e+06
5.762077850830332318e+04
1.157889545266222849e+05
1.939166208145828685e+06
2.114785713526829204e+05
3.506415915369951981e+05
1.212293014985619229e+05
1.508629898914053920e+05
4.866557102218361688e+05
7.134975745789884822e+05
1.170023256338738138e+05
7.577449739620028995e+05
1.433332532008845825e+06
5.306311974333075341e+05
1.083057547469519079e+06
3.065238778076284216e+05
1.330890213833228452e+06
7.315387456926936284e+05
1.500417632366568141e+05
2.835049749730176700e+03
4.387505281666095834e+05
6.400654100585909327e+05
4.745059650874200743e+05
8.362940459869784536e+05
6.095916605633851141e+06
1.203650231398338452e+06
5.802788795373121975e+05
5.935348436122182757e+05
5.729154970687539753e+04
1.906136769197385293e+05
1.052999902831389190e+05
7.553629861393716419e+04
4.598566936386785819e+05
7.977548215251883084e+04
4.901630751453273115e+05
2.540632620842655597e+05
5.403631048847831553e+05
5.179289264795010677e+05
7.630602730979684566e+04
5.099234382299386780e+05
3.293635610950588598e+05
3.258174131006125244e+05
5.581097086151412077e+04
3.770816911046237219e+06
7.591397158055550244e+04
1.632077415045176749e+05
2.882456782222634065e+05
1.313248330827427329e+06
2.971785752813401632e+05
2.080772876515142270e+05
6.590215852668260923e+05
7.748966405788366683e+05
1.675928257014477567e+05
1.722722438648965675e+06
5.894823706725974567e+06
1.956325629317242710e+05
1.934244149197936058e+05
3.011918107909635291e+05
2.077766537411314668e+06
3.144688883318115841e+05
1.774763841005526774e+05
2.023278422395454836e+05
5.074610371523663634e+05
2.179946027695525903e+06
3.346936522147621727e+05
2.176651877727803774e+06
3.220033934703974519e+05
5.553339148287177086e+05
1.605541525754720438e+06
8.235301192749937763e+04
1.823411799455879023e+06
1.290488819364459487e+05
8.498806320206369273e+05
5.146035419203552883e+05
1.834117696986782830e+05
1.274750991291365121e+06
3.773243738031414687e+05
3.065555491595662897e+05
1.015251631986792083e+06
5.670664810450313962e+04
6.510847700585793937e+05
1.043082648874073057e+05
1.433314244104476529e+05
2.762201072261152789e+06
5.048187425331139821e+05
3.795385105452722637e+05
8.874844717325930833e+04
1.198393542722897400e+05
1.888265138598729100e+05
3.850288496029484086e+05
4.993190122233474976e+05
4.566622520542246057e+05
1.695605023334124999e+05
5.958427037190277770e+04
1.578590851617503722e+04
5.146338785664967727e+05
4.682855142937709752e+04
9.250524790147310123e+05
1.185082023638777609e+05
9.495492471449336736e+05
7.014395510148553876e+05
3.717464158596598427e+05
3.162972779584928066e+05
7.114111195627889538e+04
1.031346678230146179e+06
6.757143330550539540e+05
1.832090184104730608e+06
3.724056476919261331e+04
2.837927981266845018e+05
2.416930132876852003e+05
2.624141855160301784e+05
1.094459244778453140e+06
2.919851226833660039e+05
4.973425831522107474e+05
7.653874542718246812e+04
8.805471264872584725e+05
5.340655340873246314e+05
3.188888342478177510e+05
4.594516993731873226e+05
3.983591821775783319e+05
5.090775357482801774e+05
4.025358351723719970e+05
1.846245121051656024e+05
2.019989583192832652e+05
1.404384908916336251e+06
1.690325128129130753e+05
1.174314916724129434e+05
8.594555781536280410e+05
3.150957436573004350e+06
1.447409748833060148e+05
5.864157681073109416e+04
3.069501093858589302e+05
1.254310421719003702e+06
3.870868401910610264e+05
1.739316882484230679e+06
6.773383890505646123e+05
7.205698309365127934e+05
2.996078875307377311e+05
8.804809046248003142e+05
4.212654676385106868e+05
3.595272158488293644e+05
5.578356906546135433e+05
1.340095741751040623e+05
1.320764383489403699e+05
6.697124945292797638e+05
5.895162787946036551e+05
1.341127840454722464e+05
5.551239486957443878e+05
1.962463938545634737e+05
4.536979190023097326e+05
2.434129556410704099e+05
1.013915078826462617e+06
4.802328691885027802e+05
5.902565788386551430e+05
2.485179341272304300e+05
5.764700718285762705e+06
4.546029781898222864e+05
1.143928474266511621e+06
7.623521170619579789e+04
1.138597838949633006e+05
2.776438721888760920e+05
7.220850075600097189e+05
2.676984311452570255e+05
5.432445730877252063e+05
1.497188096580354904e+05
9.807131207856920082e+05
4.068079794925742317e+05
1.119779636886199005e+06
2.529411937669657345e+05
1.924365887163820735e+05
1.404288059383240296e+06
5.738602696606115205e+05
4.239912571320658317e+05
1.491058496755795786e+05
1.001779485007751500e+05
5.784291355491420254e+05
8.632000765986185288e+05
8.822117092759262305e+05
