1.007499470082008978e+06
2.301534572355415439e+05
1.682506299051430833e+05
8.740205352898098063e+05
2.811301169149387861e+05
3.039167424973326852e+05
8.420358377586005372e+04
2.280680292101783678e+06
4.038893817135063000e+05
3.583488335561825079e+05
4.499339293120611692e+05
4.626345578203544574e+04
6.957018335032627219e+05
3.831003050860214280e+05
1.550786438877277833e+05
1.724064354946040548e+05
4.250178843077879865e+05
2.683378015042368206e+05
2.197949604862739216e+04
2.680821780441253795e+05
1.124797998645049753e+06
2.472458541064695746e+05
2.106518571006685961e+05
2.604882017293450481e+05
1.681148843503770186e+05
2.749204193811603545e+04
2.110919653950812353e+05
9.235765333267176175e+04
4.717654473968836479e+06
1.711920584307366516e+05
1.149858940810794593e+05
1.160635752392275754e+05
2.947566759920243931e+04
3.726809831173501443e+05
8.738023595007037511e+04
5.925862405935061397e+05
5.151611546901118127e+05
8.228694154722890817e+05
4.186167242523191962e+05
3.449754026814529789e+05
2.290007806223870721e+05
7.670690997082453396e+04
6.220619726903078845e+05
1.661919875116461772e+05
6.398245594832651113e+04
1.166977731959391385e+05
2.339282718204247649e+05
3.934343930083571468e+05
1.363286270713377744e+05
6.409864444513339549e+05
8.774095131118686404e+05
5.916747815569563536e+05
1.737925709011183819e+06
3.375207779389211792e+05
2.081190684049847187e+05
2.263466115213351150e+05
3.025456671927163261e+05
1.504232559479344054e+05
2.470264873749312537e+05
2.189427245186125219e+05
4.409224967172432225e+05
4.360799990916496608e+05
1.401042224823905621e+06
3.434710166334119858e+05
1.695701540194914851e+05
2.710877771349392424e+04
2.139012084189131565e+04
8.580429950972696533e+05
2.403803278965392383e+05
4.609519636142454110e+05
1.426137132035365503e+05
1.084539340083903080e+05
1.058416080197294796e+05
2.348169322265085066e+05
1.322717805104203289e+05
1.789589909828332602e+05
1.317522894471054198e+06
1.990080409710037056e+05
4.022436698342024465e+05
3.475316302429632051e+05
7.848055021342859254e+04
7.995451852273818804e+05
4.968840810574702482e+04
4.561515379591542878e+05
1.237237619746083394e+06
6.424948760279583512e+05
9.764178399579699617e+05
2.943902674453154905e+05
6.619450555120516801e+05
2.748287736526678782e+05
2.132364057324188616e+04
3.348311701991242589e+05
3.742301849987942205e+03
1.295597325606606668e+06
2.425751885124122782e+04
1.809603721062368248e+06
4.609088740879866964e+04
1.955120172985969839e+04
1.224109900447261607e+05
8.554460401770741737e+04
5.289585876800575061e+05
4.904805576398866251e+05
1.211079388630244415e+06
1.689893462674988259e+05
3.094434750946200074e+04
1.752427647134773142e+05
6.292091073707070609e+04
2.612169311886366049e+05
3.912613659789359197e+06
9.476399801594589371e+05
3.727906638643572805e+05
1.924326254789592931e+06
1.372015029386609793e+06
4.314406248139280360e+05
1.634059768153576879e+05
4.866837392997735878e+04
1.916249613709096739e+05
1.664419811896268511e+05
1.960110870555250949e+04
2.007225702242086118e+05
4.659912741399873630e+05
1.113330583869365000e+04
2.991223962512952858e+04
2.574956514039611793e+05
7.145976141868490959e+05
6.719032753810379654e+05
1.064083457232242799e+05
2.431711355910087470e+06
8.948540143146718037e+04
6.033988302206477383e+05
5.336816992333814269e+05
3.355249224194993149e+05
2.048494155671846529e+05
3.293912634698268375e+05
1.148471213023270539e+05
2.621339560248870403e+05
5.028753239198778756e+05
2.578397957220647659e+05
5.195820623936480843e+04
5.985569527164165629e+05
5.302016283447626047e+06
7.487497551179424045e+04
2.859123320499202237e+05
8.916925524369039340e+05
6.365036159709203057e+05
3.268612658025200362e+05
2.411703012999311904e+05
4.318964926659089979e+05
7.883621263796811400e+04
3.021598350431046492e+04
1.429944563022279763e+05
1.137738195187856676e+06
5.116830515973367146e+05
2.431691490595249925e+05
1.233586545319684519e+05
6.614081912725442089e+05
1.056528274324233789e+05
2.489484801680483855e+06
4.732286528752021259e+05
4.260944717493406497e+05
1.321672290895464597e+06
4.439408209439534112e+05
5.746675532649556408e+05
1.067359259860918159e+06
5.241376757964830613e+05
4.254995804172544158e+05
5.358513954009333393e+05
1.929983679557102732e+05
1.115350808311127359e+06
4.572357878948635771e+05
6.786434311767142499e+05
9.178939237618881743e+05
7.025588548382591398e+04
4.234472005620167474e+05
5.750835879810964689e+05
6.203466570131300250e+05
5.748656280192558188e+05
3.016412489408207126e+06
1.093861347278895701e+05
5.027273582476239535e+05
2.203256637037758192e+05
6.297172261318579549e+05
9.797564637644297909e+04
3.183578541470705532e+05
4.858717222447704262e+04
8.791851552297339076e+05
1.962669431363807525e+05
7.831515204473950434e+05
2.596369261360220844e+05
1.426845207965089008e+06
1.447758082631623620e+04
1.846529899936054135e+05
1.405674757393421140e+06
1.448701267766594421e+06
1.766770610067665693e+05
3.907542225285632303e+05
2.866242554484098800e+05
2.490559244612161070e+06
1.620321028216921026e+06
3.044370421990492468e+04
2.080431550571931992e+06
2.959898407284297282e+05
5.436524413228494814e+05
1.893711407118472562e+05
8.359842747172064264e+04
5.297970798788840184e+05
1.671121068757567264e+05
1.135897233837399166e+06
8.712212482266495936e+05
9.309970181276489166e+04
7.052539301830701297e+05
7.288253597593237646e+04
1.056968396085364657e+05
7.477236064384838101e+05
2.557122008645021822e+06
2.731820793436941458e+05
2.567095070194688742e+05
1.269913124212514958e+05
1.188090735695539508e+06
3.201861941765652155e+05
8.894891712124563055e+05
4.958635286554107442e+05
5.972999759329044027e+05
2.880624361765041831e+05
6.683716679978069151e+05
5.539989585837003542e+05
5.563424236753288424e+05
7.049459765153924236e+05
2.684555961965685128e+05
4.557175389692814206e+05
6.673179340125009185e+04
1.486809087436888367e+05
3.062592413470754982e+05
3.411943409348622081e+05
1.062961565611573169e+06
5.033929917402558494e+05
9.055864575715109822e+04
4.628251451030159369e+05
3.673972408205065294e+05
3.351500182945885463e+05
2.074541949488936807e+05
2.456129800640862959e+05
3.746313011496226682e+04
4.374771597141497768e+05
6.075535759428389138e+05
2.895525380226059933e+05
2.485096835855339596e+05
2.440197819822040328e+05
1.124706262260299263e+05
9.849317360026234528e+05
9.987316274046317267e+04
8.456197526919494849e+05
1.123583788318984152e+05
2.410785230461356405e+05
9.877832394929615548e+05
1.031432355298248469e+06
4.615801556581215846e+04
7.434880603519191209e+04
3.330543005980334710e+05
1.527708074155919603e+05
1.335772052373260027e+06
2.752225973183378665e+04
4.477864574310872740e+03
5.627276895471086027e+04
4.671575852236027131e+05
1.735594990198031883e+05
4.912342428979784745e+04
6.374805517866533482e+05
1.201481441015145683e+05
6.506970935155274346e+05
2.239300419525557372e+05
3.960985037891697604e+06
1.119021189901934005e+06
4.584458883770740358e+05
4.011195602812035941e+05
1.952792152845642995e+05
1.172435763900976308e+05
3.936759654978805920e+05
1.112015974617551779e+06
3.647979890131531865e+05
4.269400345438693184e+05
3.932909619654015987e+05
1.661648523386141751e+06
5.224015029524124227e+06
1.082794938545239274e+05
1.632843194095523504e+05
1.276383930002978595e+05
1.424066950252747396e+06
6.328795530524676433e+05
1.640844232570617460e+05
1.497371453521603718e+06
4.564200182036792976e+05
1.243065488793679979e+06
1.893787991065358277e+06
1.994358937515787547e+05
2.571908255567627028e+06
1.902040308405462187e+06
1.227366665948438313e+05
1.112391171548765386e+06
2.047616723626167513e+06
9.979729016275499016e+05
1.087664758244478609e+06
1.333522432725313818e+06
9.214032556597179500e+05
8.959654233468737220e+05
6.084864446218496887e+05
4.469039240112787811e+05
3.994678765213917359e+05
8.470222041723874281e+04
6.551742072958466597e+05
2.461624259916291630e+05
4.967901889996824139e+03
4.313587603755512973e+05
1.477382303809068399e+05
2.956108736742691835e+05
3.886235229596684803e+05
4.893471039665528224e+05
1.601129030115757487e+05
3.089092500424446072e+06
2.314208287866037790e+04
3.824690456723720999e+05
3.854530050392639241e+05
8.518233036952636030e+04
2.130073750258405693e+06
2.913330407892466174e+05
3.310195925644690287e+05
5.969793325485548703e+05
8.975855195738974726e+04
6.598943592389388941e+05
4.943502425450999872e+05
3.324091282599544502e+05
4.781811643895258894e+05
7.186046149198855273e+05
1.645678619410901738e+05
7.179679810721055837e+05
1.137777165685357759e+05
4.149050782256782986e+05
3.554680348786773393e+05
5.591538049603669206e+05
2.694038355309552979e+06
6.634424166306128609e+04
6.984418727328461828e+05
7.809569057467615930e+05
9.893632924964000704e+05
3.492096895154199447e+05
5.412662988381053583e+04
4.412713237483487464e+05
8.974008834086073330e+04
6.719780842807097360e+05
2.875431273577970569e+04
1.768760246906412067e+06
2.279631107225393353e+05
1.517109229529972887e+06
2.428508091711640591e+05
4.407234420321788639e+05
2.091739375852109515e+05
8.850025645202748710e+05
5.303011439003580017e+05
3.144275200354799381e+04
1.424137069106386334e+05
1.884223713686465286e+06
1.517114124515427975e+05
3.692631510247485712e+06
5.992602429487788322e+04
2.240499265961404599e+05
1.180786497543098638e+06
9.907023099818463379e+04
1.382487617829809664e+06
2.854696107181458734e+06
1.278202222184129525e+06
1.207874718925996858e+05
1.586940598778070416e+06
8.631347606741887284e+05
4.827315421053789323e+05
3.795284590956118191e+05
3.485436003389404505e+05
6.587665866346131079e+05
4.675009177510140580e+05
3.196126491034698556e+05
8.520027151495995931e+05
2.522279345276999229e+05
1.126733025353116864e+04
1.529487375319346029e+05
2.067063074774027104e+06
2.936245208944982151e+05
4.356724304240298225e+05
2.793520303524702322e+05
1.347302690275842033e+05
7.638608203604219016e+05
4.147031922816664446e+05
4.770416033420949825e+05
1.287738222296168678e+05
3.008422883100680338e+04
1.489559712292575387e+04
8.604596419475451694e+04
1.639611384352168825e+05
2.302110952609709930e+05
3.376568875593559933e+05
2.218561038102485472e+05
2.791267116844065604e+05
1.560407710255933052e+05
7.496642407564128516e+05
2.849561668360987096e+05
1.075260701626084629e+05
2.147561085847336799e+06
1.528516048686920258e+05
1.054235857517605182e+05
8.127725249081308721e+05
4.350241886866728310e+05
5.100396549888159257e+02
1.487580407276240876e+05
4.707606345409489586e+05
2.589783892125875282e+05
2.393856919475462288e+06
1.857117060620348639e+04
1.576087084832730470e+06
1.070192502851082390e+05
7.493023961763884872e+05
1.565821076126687694e+05
6.761987389374297345e+04
1.107464320595305180e+05
4.009518933185040369e+05
2.282789508999345824e+06
2.466025415517929068e+05
9.938006978180128499e+04
2.352102259729925427e+05
7.852910150476541603e+05
2.883060956267809379e+05
5.290085282064869534e+04
9.539913169920294604e+04
2.242469158046533703e+05
1.487579878301640274e+05
4.666622550474663731e+05
2.007803952008776832e+05
6.532186667530996492e+05
3.889515499674074090e+04
4.942809810128320823e+05
4.512323248014822602e+05
2.803895808350148218e+04
1.333068205413249671e+05
3.478679218846021104e+05
2.878722780754331034e+05
2.343728224301865848e+05
4.014250991710704984e+05
4.713224251987665775e+05
2.164830661822667462e+05
3.854819411977672135e+05
4.131141683633975335e+05
4.728633335069754976e+05
4.386760659037680016e+05
5.478355069765225053e+05
2.957214426630740054e+05
2.535168224686379835e+05
7.190553278944877675e+05
6.962592998655945994e+05
8.192185866954260564e+04
3.272116246312982985e+05
6.657179260421261424e+05
3.009116244202784728e+05
2.750733765914224205e+05
2.426638395153555612e+05
2.047624528414422239e+05
4.357500345524638542e+05
7.164234958852173295e+05
2.975389870387787814e+05
1.703282624592961511e+05
1.901498034493209096e+06
4.198782533507833723e+05
1.893037003976803971e+05
1.191063987590480363e+06
3.539793141627458972e+05
6.126702699191170977e+05
3.064708779930736637e+05
3.438457522351387161e+04
2.059184117429431528e+06
2.000655878805340326e+05
5.266647890828488744e+04
1.034032268167582224e+06
5.508251601731192786e+05
3.409761871851754404e+04
1.427418734556724667e+05
3.521421951039225678e+04
3.664264838226215797e+05
1.113893445605087094e+06
6.922822265279373387e+05
4.229987478214675793e+05
3.665382955210417858e+05
2.898951916053708992e+05
2.213512067810767912e+05
5.085920769127507083e+04
3.797764859620128991e+05
2.015850103492275113e+06
1.329458244966366037e+05
2.920497567772682669e+04
1.091706192594846216e+05
1.821905269929798087e+05
1.113353742861496139e+05
8.401728421571293147e+05
2.114106932364908280e+05
2.806016400162670179e+05
2.573828058679841459e+06
6.631455759803921683e+05
7.529291005394252716e+05
2.808067946165877511e+05
3.919957424563933746e+05
2.307456007594698109e+06
8.969126223542605294e+04
1.968048191186488839e+05
6.678644833925983403e+05
2.299614677414652833e+05
1.221483879314207705e+06
3.391459626181666390e+05
1.941193500483920216e+05
1.538303113980689086e+05
4.395413742910734145e+05
1.179040043738518143e+06
1.082780423295095825e+05
2.026117644941450853e+05
7.391223838331795996e+05
3.423026999985047150e+05
9.257029223813134013e+04
6.708218003003419144e+05
6.390553875307099224e+04
1.390135360939282691e+05
5.030228556094522355e+05
2.347028572893612727e+04
1.429250430927506415e+06
1.424633496229644632e+06
4.705957770759801497e+05
7.657034728469904512e+05
2.403585296476976655e+05
6.568327403336488642e+05
2.659415002893804922e+05
1.801841126853003807e+05
1.719358491781092482e+06
1.431748381897619693e+05
5.417105423364716116e+05
1.831318327097423025e+05
2.139393382060129661e+06
5.410808993769097287e+04
9.353933312791057688e+04
9.142101130062101875e+05
1.060994235080935905e+05
1.597327609101947164e+05
4.516080457278082031e+05
4.871054131748239888e+04
2.219959748608060472e+05
3.732875938035701402e+05
1.240007800050020451e+05
1.250562362752461340e+06
7.099591795736828353e+05
4.355222885217778967e+05
3.437208489988176007e+04
1.090237339417213574e+06
2.474780642178673006e+05
3.480478584515608964e+05
5.563816934940787032e+06
3.620076533434996963e+05
4.788966369325909764e+05
4.291227119239756721e+05
4.225253125508989906e+05
4.223947762971300835e+04
1.025156246332640876e+06
6.034564226217403775e+05
4.647494982983515947e+05
1.945048258854347223e+05
1.661435094765396323e+06
3.236604858788332203e+05
2.993729770694728941e+05
1.337098765011778160e+05
7.171064874888352642e+04
1.000857010728063760e+05
3.322866374347092933e+05
8.262583888234369224e+05
3.360541997405885486e+05
1.576728646011610690e+05
4.075234641846509476e+04
1.098492075719911139e+06
2.084077681742564891e+05
1.319687309986137843e+05
7.912902669982028892e+05
1.460895454098597984e+05
9.396646987187933410e+05
7.013085349645293900e+04
4.828496258832913591e+05
2.842627117203456583e+05
4.227324168078664225e+05
9.615205454526214162e+05
3.824789477410882828e+05
6.146653835564855253e+05
9.591399808406917145e+04
7.645368795860721730e+04
1.258661618819633441e+05
2.335209188783409772e+05
1.376459291080024268e+05
7.098496559461111901e+05
1.278610376133672253e+05
2.519247160614949826e+05
2.080630836578821181e+05
1.026363963946244563e+06
1.752520094871615220e+04
1.691014209086387418e+05
4.731616091598231578e+05
4.349621378871025081e+04
2.380167107434193604e+05
1.118905905563325621e+06
6.110004438927486772e+05
1.838996320284572221e+03
4.699933839668153814e+04
3.168095700451364391e+05
5.065657393182470114e+05
2.678678268788050627e+05
4.054985767744870391e+05
2.303906649967835983e+05
6.546668219559485442e+04
2.436542634044578881e+05
1.618408370286667778e+05
7.344792961930440506e+05
1.145635605812812428e+05
6.320929445860511623e+05
2.087676759048272506e+05
4.037346689240184060e+04
5.737086095390315168e+05
3.286783614883476403e+05
1.034230784684604441e+05
2.504051781349285506e+06
4.932005277550378232e+05
1.876521316724127682e+05
3.574524828623716603e+05
6.122768297580703074e+04
1.412061056785384193e+06
1.222911350128574297e+06
1.172162124725398142e+06
6.844064973849880043e+05
1.088767915238816058e+05
8.383066294002626091e+04
5.854499556357648689e+05
3.001327870515916962e+06
4.738340038144002756e+04
2.793047240309453919e+05
4.913621210089078522e+05
6.923725266708048002e+04
1.333556141377013410e+06
5.396014254550721962e+05
1.010216308012098540e+06
1.269922217526749708e+06
5.474876360707279673e+04
3.629717889155486482e+05
4.030898066751735169e+05
1.088549812086946913e+05
8.910586020806232700e+05
1.216978143947627395e+06
3.406340049201101647e+05
2.307053360362589010e+05
1.613479231719543459e+05
4.636925914937086782e+04
1.724266327159084147e+06
2.039079582932280842e+06
2.354888459278268565e+05
8.156827474629291100e+04
5.036041282366274972e+05
3.847771457078315143e+04
2.480223901615643408e+05
8.888310553860762157e+05
1.675263984400972549e+05
5.601524893543465296e+05
1.597729757914977381e+05
1.410858006326801842e+06
1.309056938039370143e+05
5.710103617982179858e+05
5.797332435935861431e+05
2.857938980726648006e+05
8.760306821864600352e+04
2.641463926570972544e+05
3.393202107641555485e+05
6.734158533588753780e+05
9.274689852886825975e+03
1.570396347307884716e+05
8.232911307998435805e+05
1.004153525410186558e+05
4.974391650637622224e+05
1.365969342560653786e+04
4.591600102815089485e+03
1.433063027814886300e+05
5.624750531260221032e+05
3.093156675688853138e+05
2.024542441750112630e+05
2.640985474715810269e+05
9.835011688610770216e+04
2.147114900902757945e+05
4.371081291186864837e+05
5.551426158572686836e+05
2.796518565297261812e+05
7.868201971462379443e+05
6.073302227420390118e+05
8.561535503691570193e+04
1.678380742456946289e+06
1.223922733560675115e+05
5.444093360988910717e+03
9.718192556345138291e+04
2.238399747756890720e+05
6.952987188594214385e+05
1.293193671063491929e+05
6.254509852948917978e+04
1.313266746284677938e+05
8.596589387262615492e+04
1.991564984441204288e+05
2.910110603538767900e+05
3.286921107984058908e+05
6.430462764665607829e+05
3.969642796119039413e+05
3.877475769069239032e+05
2.643530168834209326e+05
6.224020820926891611e+04
9.610590704587490472e+04
1.918455666689272330e+05
5.725397422255822457e+05
6.944255784553295234e+04
4.022266773247250239e+05
6.008084171228980995e+04
5.143787004128660192e+05
4.037805417358574050e+04
1.754074395255667332e+05
1.340216424108890817e+06
1.089798213113556994e+05
7.482208866980434395e+05
2.341967087708833860e+05
4.263055596291300026e+05
8.043226797266206704e+05
2.027353995939767628e+05
2.881687671598822344e+05
7.373300631583730865e+04
1.017480158636254346e+05
2.220049005008691747e+05
5.644633685379513772e+05
4.664983654603875475e+05
1.691738346105618402e+05
3.614082924127623555e+05
5.458695030270403950e+05
1.433489479826540628e+05
6.539970092678738729e+04
5.260979711146762129e+05
1.118084682461906923e+06
1.295075133207553299e+05
1.736413798559626332e+06
1.546974026555083226e+06
1.335964496101527708e+06
1.109770110061510000e+06
7.665457646843461553e+05
6.401893811801869888e+05
7.135305649762094254e+05
2.245100715655031672e+05
1.459901602565948153e+06
1.150160204443963594e+05
4.603521827401595656e+05
4.326751495484512998e+04
1.256924651967299433e+05
2.327302604306329449e+05
1.151105716644521453e+05
5.664162845885090792e+04
3.673559840713860467e+04
4.571443575239892234e+05
2.033602630467975396e+05
5.815008525516354712e+05
4.003225839622881031e+05
6.882138743309024721e+05
7.425840487048425712e+05
4.879248194858077914e+05
1.548356676108557731e+05
1.335027111891999957e+05
7.675817723248448456e+05
6.900077936542545212e+05
1.019382727187891869e+05
6.978389188794648508e+05
1.025008319724869507e+05
6.258226892703090562e+05
6.068827549771816703e+05
6.371818151808109833e+05
4.975490070226995158e+05
1.858950120660636574e+06
7.456032336585386656e+05
1.299311032950655557e+06
1.027057330678247381e+05
3.446490442158125225e+05
4.658558809041388449e+05
1.956126682733974594e+05
1.554479300283144221e+04
5.704794292000441783e+04
5.953360201995185344e+05
6.692332938610036217e+04
8.038680724543100223e+04
2.062029712855161866e+06
3.789715164692683902e+04
5.114155357644004398e+05
8.840279791587725049e+04
8.742831386202092981e+05
1.778747329208631127e+05
8.099162230222295038e+05
2.208284447671394446e+05
2.137684148907501658e+05
3.984717601726368302e+05
1.351066339840826811e+06
1.854698946396726882e+06
2.092771218678366859e+05
4.012679100994656328e+05
1.376025271456398332e+04
1.126280253212765092e+06
3.518808743041166599e+04
1.140982362221484364e+05
9.879973024948081002e+05
3.647769776973917615e+05
1.716146213549528329e+05
8.817160372675865074e+04
1.358251484379823378e+05
3.921011043056342169e+05
1.149924260635354440e+05
1.445536067217388772e+05
1.061552128880275850e+05
2.103917759795492748e+05
6.237393318082587793e+05
1.784306652555681765e+06
3.496726069402328692e+06
8.148415801989199826e+04
6.095636086274159607e+05
2.067692199404332496e+05
4.848724640391978755e+04
2.909041154786928673e+05
8.932340967343376251e+05
6.256037966081657214e+05
8.350016961149504641e+05
4.450780080038466258e+05
8.749450094371332088e+05
6.061295747907104669e+04
7.049849122975477076e+04
3.736408892607516009e+03
9.852499502934399061e+04
1.351270413255559513e+06
7.640906294626187300e+05
6.619016648429968627e+05
6.120659636676001828e+05
1.859800083765831660e+05
4.333739726856244379e+05
8.697899813531826949e+05
2.916591965702029411e+05
1.780444182447378698e+05
1.074479605939345201e+06
8.761545618637757143e+05
2.046024163126050960e+06
3.590695927010420564e+04
4.160239904653291451e+05
8.397987141443467408e+04
5.992014825382294366e+05
1.015622184194739675e+06
7.748526643547303684e+04
2.488316745145409834e+06
1.226439651611195295e+05
2.065087042184928141e+05
1.695712012766078624e+04
5.024973823842905113e+05
1.943994510151473572e+06
1.066776737171897665e+06
5.251103964326679124e+04
7.760374238159649540e+05
1.880846008268938749e+05
4.327435111774646677e+06
1.050106103464343585e+06
2.474672432974443655e+05
8.227555847385851666e+05
1.552658120942032197e+06
8.025439658882417716e+05
4.231330445191477193e+05
4.526913948383280513e+04
3.037960236552905408e+05
2.270716425796118565e+06
3.095080240558926016e+05
1.177957814193450904e+05
1.838516721397684887e+05
4.733292056771652424e+05
3.848615181066503865e+05
6.969989147840418445e+04
6.785403997592424275e+05
2.090203012134658871e+06
1.402574910260901088e+05
2.575822050279079704e+05
1.332025433638273389e+05
8.806453793268939990e+03
1.097083579426008044e+06
4.668956619077509386e+05
3.483079101752226416e+04
3.890733036699724034e+05
2.426042112792344997e+05
2.271888323116871470e+05
1.320186897476821614e+05
7.648558825397227192e+05
1.002322945232621394e+06
1.834893115839816164e+05
2.060664287151477474e+05
2.435056094420003938e+05
6.415358205917549785e+05
1.476048613727544143e+05
1.419833235916137928e+06
4.823835074329810217e+06
1.063905311892466707e+05
7.838799262149601709e+05
1.975437813072930090e+06
2.316879828842024144e+05
2.891869849550253275e+04
2.312150516602073039e+05
4.216581621910383110e+05
7.875912521619283361e+05
7.938636855459042126e+05
7.286251277317365166e+05
4.574018110319864936e+05
3.464434310555563425e+05
9.111453967771898024e+05
7.637367283202148974e+05
1.044637419558122754e+06
2.122295254087925714e+05
5.549291445416421629e+05
1.092478156903763069e+06
9.575177718606074341e+05
3.330429956115066307e+05
1.373874515276194434e+05
2.685919316077195108e+05
7.603873190695801168e+04
4.451543769627960864e+05
1.849849709099710162e+05
5.085612901922468445e+05
2.482426878870827204e+05
6.921004034168330254e+05
1.101485783452768956e+05
5.458760246086850530e+05
1.100503499230111716e+06
5.373197434614913072e+05
4.588231549452766194e+05
9.381051540313417790e+05
6.447782363620680990e+05
2.328198096546085551e+06
5.944354434605799615e+05
6.216185268439230276e+05
1.016488842727374722e+05
9.916207223370994907e+05
1.636087171199165517e+06
6.524860586951172445e+05
6.970791375111510279e+05
5.414774823980906513e+05
3.580930889739374397e+05
4.659539491790764150e+05
4.698303644958329387e+05
2.032471332750222064e+05
1.150476717676511325e+05
1.409681268088074168e+06
2.280010449953558855e+05
2.979187228277240065e+05
4.032523866944739129e+05
4.715371186986854300e+05
1.004067810026569874e+06
3.970218534894959157e+04
3.317813245683272253e+05
1.303777943657117867e+05
3.050357398220681353e+05
3.546815857984680042e+04
3.539507763182397321e+04
1.216395371941147838e+06
1.268241581875677221e+06
1.788961987890526361e+05
3.202252109378520981e+05
7.438779151322075631e+04
5.766302650382725988e+05
2.059700430846166098e+06
2.519520040404109168e+05
9.564320644097457989e+04
1.268735471837737830e+06
1.150027908082026523e+06
3.325466028925390856e+04
1.218565580903493392e+05
1.084298411540631932e+05
1.465727202693854924e+05
8.950640869210072560e+04
5.126084904892927152e+05
2.966122885178223951e+05
1.396011252155094990e+05
1.612057338954945044e+04
4.480960180445634760e+05
4.136564046620801673e+05
1.549362802907919977e+05
8.899026351599430200e+05
9.523024532651045593e+04
1.028427228918568930e+06
3.347603173150813091e+05
9.321149246539847809e+04
8.013770513217948610e+04
3.784330669856258319e+05
1.201528063976735342e+06
1.548109834904559248e+05
1.955141626966818003e+05
6.483035866102045402e+05
2.604648284276145278e+05
3.064512759204189060e+05
6.564951203034179052e+05
9.772122149589343462e+05
6.226609687030517962e+05
1.148915811895026673e+04
8.851896889336792519e+05
3.076892837084867526e+06
8.829008548065418145e+05
1.477448838807126740e+06
2.185973744026657660e+05
8.772972960835145204e+04
6.164848334082679685e+03
9.385269125097439392e+05
5.408348376893108943e+05
4.149947209464369225e+05
2.916394794440011610e+05
6.644055399201088585e+04
4.626320689096320421e+05
2.213177066598706733e+04
7.512459510561317438e+04
6.949539574959407328e+05
3.416946864723010221e+05
2.312921089047910064e+05
1.690061053006215661e+05
7.321326845938366605e+05
8.888720107871889195e+04
6.766676556675449247e+05
2.013529324795224529e+05
5.523887736651506275e+05
7.386100894930292852e+05
8.873611958081567427e+05
2.078041891803985927e+05
8.058640174047609617e+04
1.795715223713174695e+06
9.215116543732547434e+05
2.143907650958712678e+06
2.896376911617611186e+05
3.161929883740351070e+05
1.138659840719918284e+05
3.278449901290951530e+05
1.907915632335967093e+05
9.130797531800195575e+05
1.821580006148313987e+05
1.856510269645243534e+05
7.708793160444878740e+05
3.201077249853383182e+04
7.733873638500348898e+05
7.337667356446287595e+05
1.794277241430011054e+05
1.697855481463734293e+06
2.448351574484868615e+05
1.349026841148518492e+06
4.155386107659233385e+05
4.377447184329021256e+05
5.420544298471788643e+05
2.625377665457171388e+05
1.031681861019787029e+05
2.598631042584888055e+05
2.092624776892491209e+05
1.749178686196263588e+05
9.110798838423533598e+05
3.583464984509748756e+05
1.144394808268479537e+06
1.230924638386261940e+05
1.032107146056385129e+06
8.853911358435478760e+05
2.124800913564803341e+04
1.044755316741093877e+06
4.945737689139286987e+06
9.934261574251827551e+04
5.525665563056744577e+04
4.219550213616107940e+05
5.677961290299674729e+05
3.838209205900380766e+04
1.470033877788576763e+06
1.711290495469588132e+04
6.325353220530155522e+04
9.997171850616565280e+03
2.121515900989776012e+06
2.025231475733807602e+05
3.728379373167633457e+04
8.810195015046994668e+05
2.584248044750200934e+05
3.674030068417433649e+05
1.633077843303100090e+05
8.500065092009778600e+05
5.961114743123796070e+05
2.242948799548924726e+05
3.468990459596618894e+05
3.328182495384123176e+05
1.934987482322265860e+06
2.092808865577407996e+05
1.371573537549792556e+06
1.021909052270493412e+05
3.945615960211718921e+05
1.758937119816096965e+05
8.886570322853262769e+04
1.415811184018144377e+04
1.284247435819553502e+05
2.035164543630772969e+05
9.703419112161127850e+05
2.118412147069968050e+05
1.938377311238667462e+06
9.337730248067153152e+05
2.174050060301649792e+05
8.067078412651059625e+04
2.372035111279088596e+05
1.216780405150407692e+06
1.368875604714920919e+05
8.626497585995047120e+05
1.148206890150101535e+05
4.285218858646299341e+05
5.734431009304657891e+03
1.927319306243232917e+06
1.372979427286431019e+05
2.069258980466078810e+03
1.085328650694573880e+05
3.291997808826704277e+05
2.948755395706180134e+05
4.314582784739946510e+04
5.401938709816485643e+05
1.198235927056752262e+05
6.263037296400731429e+05
2.102498065888436395e+05
3.262718238038368290e+05
3.964085457791455556e+05
8.104345887317416782e+03
4.385980566812932375e+05
6.704111961740153492e+04
9.419471514988371928e+04
1.569585319105670787e+06
2.749431833280283026e+05
1.968579403488152602e+05
5.659065059895640006e+05
1.105327954217946681e+05
3.774129010557217989e+05
4.013674023947269307e+05
3.531287779162476072e+05
3.052413300337312103e+04
1.092916300214614603e+05
6.903846557222832926e+05
1.753928859934464563e+06
4.969733699875880848e+04
2.405464696125019109e+05
3.976679673531368608e+05
1.225529564260845364e+05
1.099749239205959486e+06
5.046846114260665490e+05
4.316604847578202025e+05
1.830256685488414078e+05
5.336268899207581853e+04
1.010557763588563539e+05
2.085357036846559495e+05
1.419623950098525675e+05
4.348932939767910866e+05
5.459019971935275244e+05
1.861030590112476784e+05
1.762502084612431063e+05
1.227444660521018959e+05
1.603394086707301438e+06
5.434299328415166819e+05
1.842730858556111110e+06
1.891445127015211619e+05
3.995073842144748196e+05
1.411446837947174208e+05
8.172933249841950601e+05
1.212601513623277424e+06
3.522731828074668010e+04
2.453352422009052825e+05
3.126160877437204588e+06
7.254795625058083097e+05
3.244024957683339017e+05
1.082706413222386269e+06
2.037499104869017901e+05
8.123728415987444168e+04
3.924442172227940522e+06
1.524741721466025338e+06
9.776018960579547565e+05
1.540427109190552263e+06
3.902149071637695306e+05
1.461455718052095908e+05
1.386118485858070489e+05
2.431799323823427840e+05
2.050359540650939452e+05
2.829444322663485073e+05
2.263107272161492147e+05
4.967285125136192073e+05
1.626895465738756116e+06
2.026634795821970620e+05
8.670821043416587636e+05
5.389754488882867154e+05
2.474230702162038360e+05
2.085718124769259011e+05
7.997785667106373876e+04
6.839080714498221641e+05
6.322441665454038593e+04
4.378805289816348231e+05
2.233379687836858502e+05
2.638933806721554138e+05
1.545906820985711238e+05
3.355149125713824178e+05
2.074441055869712727e+05
7.132836074260155438e+05
3.443454768962603412e+05
1.674974010563093238e+06
5.877039782692986773e+05
1.196554364641121589e+06
2.643495935270548798e+06
5.921868545156685286e+04
8.430423826469395135e+04
3.081711808348800405e+05
2.209286470469507040e+05
3.512172550754619879e+05
6.892789033626692253e+04
6.285968095423220802e+04
7.523830596269951202e+05
2.951887972908596275e+05
1.429233649328554166e+05
4.639956559795383946e+05
9.006570705792208901e+04
6.295507359078188165e+04
4.885516913450945867e+05
9.311545153429532656e+05
2.537752383355542552e+05
2.857434479304576525e+05
7.806748368037649198e+05
1.183828252998129232e+06
5.425608340913569555e+05
1.121474839124284626e+05
1.248309352329802001e+06
1.766369576480615069e+05
2.457244155681466218e+06
6.828684916458327789e+05
3.809829525869951467e+05
2.998712285880602896e+06
4.691962786012802098e+04
3.947583778262588894e+05
2.143513812576148775e+05
1.367647407704388606e+05
5.030631366421150597e+04
7.230843472552242456e+05
1.124599770759487990e+06
1.595741027350582299e+05
9.999255634546700458e+04
8.400308538401684491e+05
2.989239706225094269e+05
1.057460778683495882e+05
6.437788116021057358e+05
9.942252534308244940e+05
1.357607629308773321e+05
3.605536421485313331e+05
5.169091771876069834e+05
5.819671492293229094e+05
7.599897265796439024e+04
4.896443146913260716e+04
5.351373317834933987e+05
1.031387040669408016e+05
1.757776033536469331e+06
2.120226287996693572e+05
1.181774461366389587e+05
1.037765743590947706e+06
3.944793011724744429e+04
7.939052856811734091e+04
7.479428504049098410e+04
3.507375327628451632e+05
1.779841895434662583e+05
1.658085029032683698e+06
1.055848239372055745e+06
1.698142235639362480e+05
1.124121193713121320e+05
4.260793655804091250e+05
1.093280416914115049e+05
1.001889927750538220e+06
1.316254445940305945e+06
2.202140948766366928e+05
4.951993179683606140e+05
6.537782658492764458e+05
1.338585495282928692e+06
1.449026673357434047e+05
8.974169180745860795e+05
3.868564468306837371e+05
6.415649188916421263e+05
4.966022717414503568e+05
2.541454752750759653e+05
4.548546874029129976e+05
1.922572178806581069e+05
3.264177668907176121e+05
1.491057931708849501e+05
3.240117513289530179e+05
2.334593102303998312e+05
8.056507582004944561e+04
6.163500280592469499e+05
1.383779360527289973e+05
8.256059243298408110e+05
7.600105272012317437e+04
2.282039731277451792e+05
1.524657184016869905e+04
3.249722555123193888e+05
2.654086423588034813e+05
2.769270480643955525e+05
1.796180654203743616e+05
4.076868875264943345e+05
4.125304138270201511e+05
2.057478436195058515e+06
1.237413153870230075e+06
4.195736352685594931e+06
1.541883982730977936e+06
9.140595460161424126e+04
7.231331254802336916e+05
4.302499818733550637e+04
2.474536401701863360e+04
3.778624639749277849e+05
1.521725021314213809e+05
2.731815340570602566e+05
1.040295885270058527e+06
2.980070040535180015e+05
3.835992564598759054e+05
2.250602992031624672e+04
2.878426532042625826e+06
2.196721453157169744e+05
1.730925166131626174e+05
1.143549732031175226e+05
1.185821329042842845e+06
5.595664950070017949e+05
2.072249912111376398e+04
6.073585337162551004e+05
2.109123053288866300e+06
1.264580079060375574e+05
2.272365035351999686e+05
6.095030242926802021e+05
3.668593673485097679e+04
5.682783220553095452e+05
6.736546179200413171e+05
3.655598900431270711e+06
4.977334147866779822e+05
2.765034375508023077e+05
1.344513781262213131e+06
3.261827965959369321e+05
3.974738733649589587e+06
1.913845924329456175e+05
1.154131418445743620e+06
7.396573434445929888e+04
8.994827151624761755e+05
1.520235584962157300e+05
2.470225170264162880e+05
7.528857762595938402e+04
1.655465488176810904e+05
7.712226140561703360e+05
7.027784644566797397e+03
1.191627085497242515e+05
1.320139722337201936e+06
2.324492681151297002e+05
2.538455187467341602e+05
2.126717745592400606e+05
3.991112829493628815e+05
5.139059891595641966e+05
2.907255426841436420e+05
1.158186791207941860e+05
2.886980874218748068e+05
4.525358964162618213e+04
1.629041899479610438e+05
4.676263040616873332e+04
1.593136727107964689e+05
2.717099007832356729e+05
1.735086685295285133e+05
3.218586374571644701e+05
1.012772553666947788e+05
1.898545642056154553e+06
1.772965076098962920e+06
7.935579750487977872e+05
1.044311928706103354e+06
2.601746273644289933e+06
3.640092104010664043e+05
2.065750604735695233e+05
9.935655971103155753e+04
3.207338550815367489e+05
2.874801734698029468e+05
7.708230863529849739e+04
5.045746080576201202e+05
1.828106037256283162e+05
4.499017538896542392e+05
1.200571415854963008e+06
1.050601632513302378e+06
2.257076682262521936e+05
1.706166504955349490e+06
1.756736127499453432e+05
1.090444967790636874e+05
5.632928288726297906e+05
1.496405209797787538e+05
1.540118065332854749e+05
1.492551623360205558e+05
1.034859016943594324e+06
3.932910939411896979e+05
1.153235482018265320e+05
3.685744872824571794e+05
4.680617314829119132e+05
2.999436839984245598e+05
2.289915284275956801e+05
1.352293572930958588e+06
4.248683577939427923e+05
4.724018124611458043e+05
1.183905529272667191e+05
1.606374609931849991e+05
7.577027849826612510e+05
5.259557967795442091e+05
5.475555435641248478e+05
4.481764098296903830e+04
5.902632587625161977e+04
2.167488587949995999e+05
4.235011837583822780e+05
3.856760506903019268e+04
6.221670585547961527e+05
5.278230187468151562e+05
4.916362689148253994e+05
1.741371616715396754e+06
1.648874216704088962e+06
1.366122925899607071e+05
9.478689109242951963e+05
5.963652126361165429e+05
3.279448147990479483e+05
1.474690685537308687e+06
1.785993982602527103e+04
1.576844603581432893e+05
6.364238365375809371e+05
1.562672902756171825e+05
4.962542285259744385e+05
6.386391909579258645e+05
6.459259662268675165e+05
1.962731636734743603e+06
2.066684735182260862e+06
1.562271256277464330e+06
6.345585012840591371e+06
3.611627632806824986e+05
2.839268306176588521e+05
5.571057966243529227e+05
2.474633443901418650e+05
2.747575883803557372e+05
6.501675437217563158e+05
6.224068988694433210e+04
3.614291949476212903e+04
5.376217932774219662e+05
2.307198665558023786e+05
3.827397361797039048e+05
1.313156475614021998e+06
5.401017372172254836e+05
2.305805070628668764e+05
7.793302284985247534e+05
1.452306635208912194e+05
2.699146756999197416e+06
1.969113248737230315e+05
3.947779710291457741e+04
2.444959898452674039e+06
1.468190614767844963e+05
2.361170544235667330e+05
2.140761147409344849e+05
7.787131321610850864e+04
3.773984921226177248e+05
8.213433955726384011e+04
1.243546922598080477e+06
3.563738775493878638e+05
1.266999547676502261e+05
3.903674017468901002e+05
5.066816591052864096e+05
1.664327528769981873e+05
2.215533009769968921e+05
4.299983408389019314e+04
2.780224891605634184e+04
5.461057478930922225e+05
5.104509446746371686e+06
2.227267968696795870e+05
1.046779393919260037e+05
2.745548364669528324e+06
1.460393800706847396e+05
8.096457980597429560e+04
1.396539753076643683e+06
2.023936972586172633e+05
4.214256382368427003e+05
6.224978278619160410e+05
9.505135510319919558e+04
6.793364027612156933e+05
8.917872352397977374e+05
2.639203964529512450e+05
1.021254283714827761e+05
9.862760560959049326e+04
1.882741180347136222e+06
2.096500449405405961e+05
2.137163344570168701e+05
4.035613914643037133e+05
9.859424178617900470e+05
3.141190912618091097e+05
2.089251799298657861e+05
1.067884301868227078e+06
1.542181825819903315e+04
2.651538104394758193e+04
1.615870916452759178e+06
1.076359394641405379e+05
1.682395390310349758e+05
1.310422807186073769e+05
7.038692533763272222e+05
4.580692260989316856e+05
2.714643228074064245e+05
2.979776413466309896e+05
4.225638215015021269e+05
5.195548169727617060e+05
2.757615872546661412e+05
1.288932170113902539e+06
3.922756382294128416e+05
4.479879525295749190e+05
3.167778073788335081e+06
2.499750301328894566e+05
9.081969096086634090e+05
2.006745034259934328e+05
5.838277739548592217e+04
3.006201684838701040e+05
9.230959167733226786e+04
4.804349979183013784e+04
4.035991138933763141e+05
7.012682744067782769e+05
5.183098961862745346e+05
2.406285477254250553e+06
3.525867793683769560e+04
4.883990298972425051e+06
2.711524249212332652e+05
7.291769422957801726e+04
5.748227504626088776e+05
1.419316291016254807e+06
1.903578860452504305e+05
6.499960917123536346e+05
4.382514168927289429e+05
1.440506554783671454e+05
3.840386887060943991e+05
7.779282614691801427e+04
5.329592647539308527e+05
4.155787046165217180e+05
3.085930544224925325e+04
6.190595451824673219e+05
1.120435234812042210e+06
2.431122607110342477e+06
3.367455111054567969e+05
8.229022614223748678e+05
1.205209407259128988e+06
1.373557218148389366e+05
9.717333864834664855e+05
1.190360910750393814e+05
1.747049136730047394e+04
4.905435602747658850e+05
2.075802936090853473e+05
3.835491092087782454e+06
4.632579189002335625e+04
7.650249199285160284e+05
2.079671549104428268e+05
4.364512227026322857e+06
9.011493659036507597e+04
3.398038175366282230e+05
1.629512902435675263e+06
5.640043570231365738e+05
5.923265849768136395e+05
2.347551092567463056e+05
6.397228631141758524e+05
6.401738581927502528e+05
4.706401642230023281e+05
7.406438334484174266e+04
5.914017900036922656e+05
2.730798551426904742e+05
2.041140078172779249e+04
4.558023299256981118e+05
3.193973429059748305e+05
1.382469690129836381e+05
1.084045100636441261e+06
5.085162486694024992e+05
5.780956232849290827e+05
8.339210128054002998e+05
6.860355994717504364e+05
1.423076620998808183e+06
1.424662730114802544e+05
1.740249822026541515e+05
2.208884142579386942e+06
1.464904040992822265e+05
2.255000477074290684e+05
2.064879577648219711e+05
1.252994465603897115e+06
7.374956981588632334e+05
3.049582588400629465e+05
3.155922124718926498e+05
7.746795174784170231e+05
3.712197117667522398e+05
8.706792305480547249e+06
5.756239586550479726e+04
4.038609404824489029e+05
6.058114989967822330e+05
1.238326788600916974e+06
4.334901379983829102e+05
5.142819249639469781e+05
4.006101445016067591e+05
1.412884912462500797e+05
7.253686573887022678e+05
5.931357267297939688e+04
1.229555085186780925e+05
1.439606507637543255e+05
2.527542700620851829e+05
9.766813805330096511e+04
1.167293566204975214e+05
6.130568252373584983e+04
1.283101243577331770e+06
1.988923848707797879e+05
1.284787034872851102e+06
4.995253863964376505e+05
1.950938962140277144e+05
3.973303686203590478e+05
1.461903844984834177e+04
2.228362893922761141e+05
1.361614659916678502e+05
2.305319947845291172e+05
5.494039480398606975e+05
3.482028809399789316e+04
1.027501213054636319e+05
6.227394688716648379e+05
1.886548077637725801e+05
1.183404859316611197e+06
5.151653497112276382e+05
1.280564639883027645e+06
3.232077030886435532e+05
2.431500214121461031e+05
9.893210279011758757e+03
4.107317730446666828e+05
2.589317599377532024e+06
1.925901971320752928e+05
2.337127937965849123e+05
1.486485804537166259e+05
1.093532543457148131e+05
1.774831546267443628e+04
8.802317892271887977e+05
5.135142488342677825e+04
5.026562485975446762e+05
4.217142988350947853e+05
2.668008091365134460e+05
1.792108345607685915e+05
5.532113566094303969e+05
2.251536015787647630e+05
5.554421540981261060e+05
5.465418692335603992e+05
4.881429378648967831e+05
3.815227913508194964e+06
8.542073901210686890e+05
1.140927356665461120e+05
5.629236890441596042e+05
8.073524203291950980e+05
1.253054401585676242e+05
3.970110183649340615e+04
5.066933311961896106e+04
3.531869779864394804e+05
3.793468745299923467e+05
2.267450175206834392e+05
4.024208995783862192e+05
4.712894668786730617e+06
1.611646678776963672e+05
4.116188251675954089e+05
9.904928003237184603e+05
2.781620486666058190e+06
1.547880508765450446e+06
6.283725299320660997e+05
1.333827147766898561e+05
2.871734718773889821e+06
3.929480867544841603e+05
5.485192061077816179e+05
4.048685528433966450e+06
5.352529361420386704e+05
2.250865017757434398e+05
1.238864796732100367e+05
8.011969263380583143e+05
1.189670705794551410e+06
1.389114793904216494e+05
2.182716357180592604e+05
7.910178777704625390e+05
1.415753573877680115e+06
1.048426813122393680e+06
7.296641586204283522e+04
7.140849466227423400e+05
1.618441586429632269e+06
1.517330731851735618e+05
1.639901973295374482e+05
1.095270868098642677e+06
4.537888738500626641e+04
4.156363538309714932e+04
1.668786232832240057e+05
4.301451127132638940e+05
2.841647617484704824e+04
1.230188223253263161e+06
1.599814669965666835e+05
3.576158705061620567e+05
4.657729278647772735e+05
6.298083133314296138e+05
2.872977146365354420e+05
1.822965117293408548e+05
1.573534479175728047e+05
4.038022155237118714e+05
3.535375214507242345e+04
4.304835002761724172e+04
5.944037052244562656e+05
1.139747071597649716e+06
1.500802718797540583e+05
2.390288209007907135e+05
1.399695192566914193e+05
7.546610312518831342e+05
1.206505149448576121e+05
1.383095452294899384e+06
1.043172876368814521e+07
6.156884758051873650e+05
6.701656865657168673e+05
3.352009480085878749e+05
5.894112787347180711e+04
8.524501674339572201e+05
2.270821118844811863e+05
4.260433351288200356e+05
6.517347341648017755e+04
3.367836519017489045e+05
1.637668969381454866e+06
9.834228460071397712e+05
7.341310044492798625e+05
1.509428181801400380e+06
2.084535603726322006e+05
4.117184530239181593e+06
1.086378036538886081e+05
1.129413143308322760e+05
1.275327735031192278e+05
7.744845460788238561e+05
4.418063903503845795e+05
7.100262238881483208e+05
1.317838281380546279e+06
5.680764572491549188e+04
9.341315408980603097e+05
1.093260512526377570e+06
1.537896708025216649e+05
3.775115142110643792e+05
1.986736316369286214e+04
1.564319569654257735e+06
1.164696722524196142e+06
5.982501603384558111e+05
1.803237030179966241e+05
2.163375744448720943e+06
1.960366246019671380e+05
1.384494696921994037e+05
1.490437562647579762e+05
3.885119850950821419e+05
1.946945408523996011e+05
7.078235888929900248e+05
4.506367017682130681e+05
4.757659582688556984e+05
9.377190825206862064e+04
1.594835050198556855e+05
4.711860504572702339e+05
7.505766186453240225e+05
1.560219458649802546e+05
1.022021506720118341e+05
1.813348623832618468e+05
1.606762732720890781e+05
1.760074624827892985e+05
1.219692600883958163e+06
1.435747305817843298e+05
1.206752530477782246e+06
6.879222148686012952e+04
6.443948136035286589e+05
9.247819131088953873e+04
9.441092920262098778e+04
7.230867555007210467e+05
2.769049747488225810e+06
9.500554910011818865e+05
2.727687638189673307e+05
1.024059203558768146e+06
3.153637871118785697e+05
1.538127354267467512e+06
1.038835190856726840e+05
1.879750370441182167e+04
1.312818398448843509e+06
2.072539897954830958e+05
1.268219328199689480e+05
1.053472077919682721e+06
4.101075831739032583e+04
4.416581915050005773e+05
1.186173505666586570e+06
1.986997816481622285e+05
1.557182475824365611e+04
4.578748039074792177e+05
1.122048206886380678e+06
8.819425722973420052e+05
1.641190298529867083e+06
1.287361491179498844e+06
9.271148051579076855e+04
4.331029742228119285e+05
7.024831139404395071e+04
4.433272299645667954e+04
5.479544933061195770e+05
2.913616520336711546e+05
1.897174462895494653e+05
1.054708167739944998e+06
8.118061134001078608e+04
3.906184505876300391e+05
1.323403247646610253e+05
7.687576328342106426e+05
3.370229435840574442e+05
2.566751375624874490e+05
1.123113052341003204e+05
6.446970319147407281e+04
7.168192158776122378e+05
7.589928861362827010e+05
9.979169970112132141e+05
3.801271674528917647e+05
3.040406630789126502e+05
1.736238699016409228e+05
9.069629883741308004e+04
3.656958515073198359e+05
4.903804578712110524e+05
2.637181751673277467e+05
2.634835447640677376e+04
1.048251148870195146e+06
1.228484317836180708e+05
1.302547575243739848e+05
2.197725951916636899e+06
2.427531556686443946e+04
6.030027422787826508e+05
1.144909335694149137e+06
2.554822207685696776e+05
6.534913248582667438e+05
2.411298517936950957e+05
3.636902860154919326e+05
1.974420800943567650e+06
1.387571034403068479e+06
5.243632714251538273e+05
1.207502705397919053e+05
3.004454669919315493e+05
1.077673588717212668e+06
1.981366964087439934e+06
3.961329241811805987e+05
5.883086681763946544e+05
2.527167308480794600e+04
6.829983191543200519e+04
4.839192829657541006e+05
5.013120202519939630e+05
2.898504697482925985e+04
2.732008821351591032e+05
1.079121805566276998e+04
1.912132801212962950e+05
7.998711445902886335e+05
7.224647788310145552e+04
1.457116090071088111e+05
7.142910953635151964e+04
4.755391166922112461e+05
6.546726302467029309e+05
1.710925220512310043e+05
2.016967534025578061e+05
3.612980270575539907e+04
1.358845281415354693e+05
3.970346521921416279e+05
1.381504469184372108e+06
7.494272715146673145e+05
9.213011336730005860e+04
1.956416005904574413e+05
2.106755777372687298e+05
1.762245949911433854e+05
8.366215522938544163e+05
6.048510200383944903e+05
5.248694675053448882e+05
3.475085577521262167e+04
1.036201883435024880e+06
2.482314244206513744e+06
1.062005838326195022e+06
5.788683776711715618e+05
4.103585202591904090e+05
3.477577840653866297e+05
2.027260444028469967e+06
9.543913871608156478e+05
2.111187329976758047e+05
1.418232563919900567e+05
6.833174776685559482e+04
6.562232330750053516e+05
1.481790744387427112e+05
3.371385625168349361e+05
2.216445652875903179e+05
1.526910235595489794e+05
2.425503733433505113e+05
3.114767786724487087e+05
3.786089735588100157e+05
1.574486063571177510e+04
1.537069115037887124e+06
6.501358537762248889e+05
1.774012590093979961e+05
4.914797817212849623e+04
2.954900208335074130e+06
1.379355823519988044e+05
5.917062435041749995e+04
1.106261669707537396e+06
7.094558404151707655e+05
3.010069125696331263e+06
1.409594951595111983e+06
8.941841792047848867e+04
7.096348200130420737e+05
4.611290143051232444e+05
2.774370283212728682e+05
1.665469129137645650e+05
3.970004613789944560e+05
1.858066442055775551e+05
5.082326386074772454e+05
2.369162866953811143e+06
1.644593491803861223e+06
4.828293340583979734e+05
1.879046670949166175e+06
6.109082950908036582e+04
1.437348933047593746e+05
1.281920922352810740e+05
2.130381604186388140e+05
2.526771757128041354e+05
6.837288189117601141e+05
3.383503465264331317e+05
2.624117409380392055e+05
5.997687549986289814e+05
1.297753216256303480e+06
2.107079255650430860e+05
1.011423056287982734e+06
5.730240136835497105e+05
4.587765747872720473e+06
5.241864670566224377e+05
6.669766542555378983e+05
1.301283520122647751e+06
5.086656927607412217e+05
1.205548236288959306e+05
6.029319341856297979e+04
1.762565622348287608e+06
6.063227343363787513e+05
3.549521103435145778e+04
3.194887514946930605e+04
5.118347168048826279e+04
9.126523325647812453e+04
9.718209447543724673e+05
2.629498999235175870e+04
1.124049219137539912e+05
4.279835450901902514e+05
3.995337699396681273e+05
6.437567010000938550e+06
8.611521838728974399e+04
4.016490835365962266e+04
5.683591341844745912e+05
1.007270606208014797e+05
4.625237888784345705e+05
5.207827983881930704e+05
9.120927962334800395e+04
6.079426624978353502e+05
5.393553262462145649e+05
5.792628507607280044e+05
5.885149146808199584e+05
1.753028863996402943e+05
2.960454364633108489e+05
2.397571732943943935e+05
5.475395258314204402e+05
4.155690762166820932e+05
1.480151154269223625e+05
1.626622475442552473e+06
9.109516647151359939e+04
1.311533697805595584e+06
1.410972432157345349e+06
1.845063903366950981e+05
1.586344233498500253e+05
1.261629518724291265e+05
5.630045498221151502e+04
1.733742907621194900e+05
8.242227668142339680e+05
2.160603374290480569e+05
2.560463180812873470e+05
4.565520202776382939e+04
3.559376211281687720e+05
1.009622692635171930e+06
1.173417389051819919e+06
4.684690345601608860e+05
4.540590759431099286e+05
4.609397111259836820e+05
3.556663342968052166e+04
7.597914198254542425e+05
1.059396520635872148e+06
1.541333181600363459e+05
2.342402960605916160e+05
1.016286370556060865e+05
6.023842214917750098e+05
1.604127961044577569e+04
8.344389949746566126e+05
4.697958085576602025e+05
2.262874712387880936e+04
1.210677260468711611e+05
1.283620562640856515e+05
7.432731071244570194e+05
6.866948357809130102e+05
6.247652462320136838e+05
4.936694832988759154e+05
5.649490781335188076e+05
2.155357377346007270e+05
1.434787837680886500e+06
3.279704126196882222e+06
1.675795282716815593e+06
3.474075388352456503e+05
1.056845565772110596e+06
4.204266346439569606e+05
4.299110848216048907e+05
5.112576204267585999e+05
7.642179559098365717e+05
2.714089841948609683e+05
2.618923738621436351e+05
4.191671975315311574e+05
4.556529661736133130e+04
1.870274581591943570e+05
6.619180327542005107e+05
7.788154286075168056e+05
3.163423506799451425e+05
4.512970230148229748e+05
5.140432103290032246e+05
1.198903375412473688e+06
3.336638122222734382e+05
2.448572912686484342e+05
1.244547881896901672e+05
4.411755766890604718e+04
1.354488726659037929e+05
3.005719778842195519e+05
9.262017555282087997e+05
1.195073610409103130e+05
7.065594883800974640e+04
5.655501226882947376e+05
1.056256983427306841e+05
1.929428830688549206e+05
2.006450471224440844e+05
1.824801075932317181e+05
1.091411494547117763e+05
1.340362587286268717e+04
3.038423628701977897e+06
3.415355436499756615e+04
4.843744653663558420e+05
4.273592871410732623e+05
6.572630152894557978e+04
1.640960639622196613e+05
2.312290212914508302e+05
2.800426433316988405e+05
6.586333094586341176e+05
3.739503437652750872e+05
3.763069791095887776e+05
1.454989843092699070e+06
2.575825434491200940e+04
1.930337849429316993e+05
3.450117987412267248e+05
1.192360629123929393e+05
8.240620498243159091e+04
2.513139956341453071e+05
1.070958736396277789e+06
1.453998865179587388e+06
5.102345466226093413e+04
2.228304028464209987e+05
4.632820311050866731e+05
6.330007730531420093e+05
1.367362609281603945e+05
4.639846949410251109e+05
7.768674210816668347e+04
2.431338483036796679e+05
2.197276636431064398e+05
3.373978229795186198e+05
2.272345057192335080e+05
1.812257860938533267e+05
1.995204083197608823e+06
1.169887205210299464e+06
5.191952348582017585e+05
1.282144935582313337e+05
2.917124905337321106e+05
3.397505044997853693e+05
1.376978145486717112e+05
7.473498176482090494e+05
1.885681288937469362e+05
3.136827664545069565e+05
9.972877279427306494e+05
6.994351969611890381e+05
1.095658802356248954e+06
2.476270143247220767e+04
4.659509903645295417e+05
2.854296488068404142e+04
2.210928768112417019e+05
8.223649574489719234e+05
8.764767051653636154e+05
2.956304383301843191e+05
1.535055273518347880e+06
7.740733520335271023e+05
4.239826584793863003e+05
2.207741943132972519e+05
5.157013787785212044e+05
7.172440337037222343e+04
1.378081795239966596e+05
8.736298357884866709e+04
7.518677951148615102e+04
7.839893507808275754e+05
3.127545714199267095e+05
2.079609177343356423e+06
2.826952209293273045e+05
1.063610929377452470e+06
9.018770216454979163e+03
6.134578283469982125e+04
5.233817066135785426e+05
2.842427643557181000e+05
1.964489329793535871e+05
3.572316600903763901e+06
1.269842679708903423e+06
3.751559391318369890e+05
1.449797986691253725e+06
4.064949187300464837e+05
2.802405767271578079e+05
4.865146728228398133e+05
1.505970914729307406e+05
2.292844340111717174e+05
5.694593003867802909e+05
9.451324626612560824e+05
8.563479112240410177e+05
1.522735405301128339e+05
2.189547770003014011e+05
4.316437889906595228e+05
1.213688407737331232e+06
7.341554792458208976e+05
6.692443406169845257e+05
1.092158445720736927e+05
1.165560480768181442e+05
6.118580789833715971e+04
1.565416574760575313e+05
7.899233850718060276e+05
2.483525617823352222e+05
5.580541265674671740e+04
8.881456595893774647e+05
5.904688175318619469e+05
7.629768097794454661e+04
2.190557559159660595e+05
4.680868810946565354e+05
7.989463906344175339e+05
1.306412266280098120e+06
2.695993749445703579e+05
1.558422562939727868e+04
3.517758366893479251e+05
9.742688374287374318e+05
8.928891488268241519e+05
4.536685525453674927e+04
3.215577372307794867e+05
7.259895571983463014e+04
6.892945923338321736e+05
8.199581781991455937e+05
1.306019129394760821e+06
8.802872293449840799e+04
1.242110437768894946e+06
1.305690387849895924e+05
3.469197304187359987e+05
1.482791189766718016e+05
7.687337154693629127e+05
1.007235785044593213e+05
1.103470048538920004e+06
9.942531774159007473e+05
1.331961457888003788e+05
2.267560085932762013e+05
5.085972397127941367e+05
1.667082623118189222e+05
5.745255104571201809e+04
1.109508444933400955e+06
9.205257585249969270e+04
6.306019497054319363e+05
3.224794536881497334e+04
2.751167483208473423e+05
4.328496567067861906e+05
9.399579517794105923e+05
1.308388138396281429e+05
1.985739887373018137e+05
2.726366829973992208e+04
5.152005585953277769e+05
3.243527226426324341e+05
7.142760444725895068e+05
9.906441911436713999e+05
7.332508375471248291e+05
2.520287454438851564e+05
6.769157088582066353e+05
1.483763057509278296e+05
4.671847478608494857e+05
8.204627394207059406e+05
8.764587130051258719e+05
6.606058325841051992e+05
1.968572021474006760e+05
4.369285024972729298e+04
5.083787048024506075e+05
4.953095604296200909e+05
1.111498786295978207e+05
7.270147778171068057e+05
4.165079836045790580e+05
4.661146644562899019e+05
9.480836546618216671e+05
9.380035699943560176e+05
2.097230358736561611e+05
3.605287902808163199e+05
2.411345222094584606e+05
3.588536405595819815e+05
5.131512106857685285e+04
3.748992147047583712e+05
2.325293468485581398e+05
3.106345454235057114e+05
3.873141335716593312e+04
7.179346985860874411e+05
1.633729584685396694e+05
7.877091917861311231e+05
1.613844644835169893e+05
4.517498107661469112e+04
2.338743274587273190e+05
1.243698503598870884e+05
3.315680728447968431e+04
8.477212370940606343e+05
7.732843739482024830e+03
2.151231452574389405e+05
9.350164711475334479e+04
2.517725149120999049e+04
1.226200401149598329e+05
6.807304964332873933e+05
9.370565055269334698e+04
1.414283139126240043e+06
3.013859177292861568e+04
2.459962805605982430e+05
7.129179857518246863e+05
6.799821130757495121e+04
4.283445678929950227e+05
3.981064304332366446e+05
1.731080384214004152e+05
3.410070406589113409e+05
2.377813676860033593e+05
2.158859749281521072e+05
4.197009387294334010e+05
1.159785383381113177e+06
1.699067224487567437e+05
1.574750332601231639e+05
1.172907703033979669e+04
2.797577829865084961e+06
1.589084955331144447e+05
1.256513752588175936e+06
1.200013905993351218e+05
1.659677895897860872e+05
3.160026776688874816e+05
5.671365496278251521e+05
2.611006807760425363e+04
9.898133244404775905e+04
8.271582051946610445e+05
1.554819044939211453e+05
1.587990979471091996e+05
7.133143594882205070e+04
2.418639919457245851e+05
7.221568839776911773e+05
2.787779856422298471e+05
1.448924112249968457e+05
1.470236224515044014e+05
1.433821758982307801e+05
7.947964198071949068e+04
3.861083868758852477e+05
1.995644702246607631e+04
1.297261847413913812e+06
2.445399036967845750e+05
1.246837274140661029e+05
2.033555421775300638e+05
1.209840533868938946e+05
6.729873266678421060e+05
2.668599468220025301e+05
5.001311578774137888e+05
3.491586192026199424e+05
8.098190968596430321e+04
1.147794498582939123e+05
1.087636798411596246e+05
3.457063583392421249e+06
3.044623149740157896e+04
2.565430574927989219e+05
3.551174766576258116e+05
2.844840826187147104e+04
1.963183495475428062e+05
2.594824756246389879e+05
4.122204599468531087e+05
1.840118420107368147e+05
1.343835277599951485e+06
1.504924223182551330e+06
3.828025809708992019e+05
2.215345482036737725e+06
4.550299347479238058e+05
9.378242883632163284e+04
4.953940256502699922e+05
2.295898870869570528e+05
2.384495831667399034e+06
1.707268779616022715e+06
8.313366850328712026e+05
1.223765765697765601e+05
5.910966151904398575e+05
1.334129729988107283e+05
1.609085784256483312e+05
2.739030784963056794e+05
8.629419885042928217e+04
1.564750883784895414e+05
2.171439929483176093e+05
5.199862232797908364e+05
4.044841087458044058e+04
7.159063382305632113e+05
3.659722370512782945e+05
2.449446449774616049e+05
1.964566361905689118e+05
3.918409051808901713e+05
1.736960213866787090e+05
3.213481977901241626e+05
2.129326527246742335e+05
2.233878217593916925e+05
4.534007603659675078e+04
1.609094113657170674e+05
2.012165960293160751e+05
7.314662535311062820e+05
2.900231939629336121e+05
1.478601786602552980e+06
1.379678256055150414e+05
2.192438557722087426e+05
1.097332456048480381e+05
7.265301740170898847e+05
4.206578290898434352e+05
1.227721123759696347e+05
2.789574081961203483e+05
9.216283731169827515e+05
9.157240403536715312e+05
3.319829742447672179e+05
9.898547821322800883e+04
1.168315243286711047e+05
8.067700278109693318e+04
2.531879348859390244e+06
1.486232971231760457e+05
1.384853353101094021e+06
6.134448613936166512e+05
1.821360819470455463e+05
2.711062727744601667e+06
4.350937027942517889e+05
1.388899649942895339e+05
1.694985320439046191e+05
1.990892524584712810e+05
1.718064916991828650e+05
4.209923797875863384e+05
8.643761608191524865e+05
1.562637156738128979e+05
1.997792366247845348e+06
6.741221309053783771e+05
1.660654042748957640e+06
7.937016205057404004e+05
9.157253310776854050e+04
1.056021001825890038e+06
5.789062675752027280e+04
1.207260739663983462e+06
2.838132836297582369e+06
3.057811094786750618e+05
1.784110456506574119e+05
1.581773735375473334e+05
2.483822319342358387e+05
6.137642244294386182e+04
9.279002888271848497e+04
1.143161008940090833e+05
1.805303926398085896e+05
4.867303843387719244e+05
3.120294034320174833e+05
6.292265551923528546e+05
1.419985649925374018e+05
9.507600047428000253e+05
4.479079368271167041e+05
1.805529023074470169e+05
1.457000656791163492e+05
1.977812241303958232e+06
1.921676039581433288e+05
3.229715126795378979e+06
9.538865447727833816e+04
7.584327647790833726e+04
7.757168868247586070e+05
3.301179397181953304e+06
4.172097482063823263e+05
4.018906505783473141e+06
2.669384856865604525e+05
1.984138396773532033e+06
1.109012142041746265e+05
4.953968905208079377e+05
9.267388890112507215e+04
1.346160516135116108e+06
1.875838705071626173e+05
2.951106254989755107e+05
5.839500830130781833e+04
3.126227265158550290e+04
4.663717773350863717e+05
2.656225008895675419e+05
1.358812584519884316e+06
5.745621928960555233e+05
3.302812772244705702e+05
1.975726435306691565e+05
7.868040157013403950e+04
3.501054897485695546e+05
5.664895832113981014e+05
1.678804137711518852e+05
2.836702184185005608e+05
3.655148285292937071e+05
1.066584829835048913e+04
1.766871101906030672e+06
5.478858586233847309e+05
1.111729176877525169e+05
1.262462033505962463e+05
8.433076515426419210e+05
2.777413857182922075e+05
5.116766202995601925e+05
1.389833851638344058e+05
1.373862844611420005e+05
9.564910608862301160e+04
1.458591106750045437e+05
3.325783172777612926e+05
1.264492172117309674e+05
1.031326548141281935e+06
2.335264918191623583e+05
1.945321287837827578e+06
6.685950317960939137e+05
3.565262286327315378e+05
2.652621702954220236e+05
1.915801041272984585e+05
2.610202228102332447e+05
9.074230611437874904e+04
4.041523015227028518e+05
1.030196885211846326e+06
1.862365556526698347e+05
3.252869067667748459e+04
6.517941137531386921e+05
6.567136451067926828e+05
1.185905021908912749e+04
5.774062073924771976e+05
5.246855951667339541e+05
4.793092572930824244e+05
3.840238293340174714e+05
3.703423260136941099e+05
2.259413915396138036e+05
1.622799087798060791e+05
5.869910283847844694e+05
9.582590548656073224e+04
3.568290256498415692e+04
2.159307920367059342e+04
3.531786377286870847e+05
1.910180674480657617e+05
1.835279843649347022e+05
9.110995286472077714e+04
1.406957838405558141e+05
5.667830027692058356e+05
1.907643884522964072e+05
3.195907258592632134e+05
8.501330092064039491e+03
2.589336367812648532e+05
5.048628153863120824e+05
9.500618311442801496e+04
1.822425469812984738e+04
1.177127059301470174e+06
2.045490264339510817e+06
5.895389838054148713e+05
1.342398042160128010e+06
2.386815214199319016e+05
6.524627011745147174e+05
1.074580643968963297e+06
5.009740349382808781e+05
7.338153825393348234e+04
6.981483223696962232e+05
4.758719641775584896e+05
2.397441540547804325e+05
7.740166831795159669e+04
2.499851512469193432e+06
2.351715707114818972e+06
1.166769101117734332e+06
8.891024119817028986e+04
3.401243914710171521e+05
2.296108489150445967e+05
1.289771021920574567e+05
1.287121338514349918e+04
1.251355768655435531e+05
5.516814086197733413e+05
4.962845769578964682e+05
1.018764136063677259e+06
3.646890814526124450e+04
6.513854383343225345e+05
1.099765872186885914e+06
1.089706231172995322e+05
3.394334105885264580e+05
3.429216806829746813e+06
5.149031537591181113e+05
1.796481903467211232e+05
1.183788547150287079e+06
9.336837186034109618e+04
3.064980844821396167e+05
5.160261225990438834e+05
1.806394950947200705e+05
5.016964163776726928e+05
2.971983929593990906e+05
3.103114676457324531e+05
4.213347548003286356e+05
2.073275406738848251e+05
3.720336748617644771e+05
4.607950973191799130e+05
3.803770748197781504e+05
4.495416253299559467e+06
8.003884121153845917e+05
9.947127472480198776e+04
1.659762489711769158e+06
2.564024822815665975e+05
1.328628060231660784e+05
2.850249937331532055e+04
1.789852266844660626e+05
9.652132767396986310e+04
1.140154041853217932e+05
1.970679242624207109e+05
6.355848634138779016e+04
4.968142688488673302e+05
1.612085933585154125e+05
1.253618057000701083e+05
2.204969954139621113e+05
1.799576803700766177e+05
3.127760090348256927e+04
2.249432419587507320e+05
2.155727841218959948e+05
2.518161812656905968e+05
3.082408368210147601e+05
7.930891817921609618e+05
2.676349460381602985e+05
3.280463161572344252e+05
3.425835256938001839e+05
1.746977113255682343e+05
5.698562559083874803e+05
5.691244442519107834e+05
4.065711797250963282e+05
8.675667339420086937e+05
5.406918995346160955e+04
1.044070931405026466e+06
1.004695894041529391e+05
3.376303784042879706e+05
2.591764251364574011e+05
6.758085095825708704e+05
7.971589103631309990e+04
1.220725865269224625e+06
5.465451998098255135e+05
6.524616066705929552e+04
2.552726125790739025e+05
5.776302036922004481e+04
2.156066799960923381e+05
9.919729762872011634e+04
1.643577287939519854e+06
2.298231282487239689e+06
3.840272186815564055e+05
2.529582934257216693e+05
1.781895510783182457e+06
7.924013744056739379e+05
1.846018249031736283e+06
3.440436558269956731e+04
3.291215659885948407e+05
3.497326472704063053e+05
2.403010712072922906e+05
5.167646768217541976e+05
6.264025876220170176e+03
1.204837082481104298e+05
2.040868315476918651e+05
1.067775014498339151e+05
2.055263102371913265e+05
7.331359866242805729e+05
2.338372139088358381e+04
1.089358369565481786e+06
1.634869603694844991e+06
6.446522042331929551e+05
1.963348258434224990e+05
7.014664811868439429e+05
9.913572746179191163e+05
7.642740936654418474e+05
1.420824005063067307e+05
1.866515186671677220e+05
7.029026481634209631e+04
8.710778574056995567e+05
7.568114028754207538e+05
7.084509895603380573e+04
6.007803723913938738e+05
2.623975458167345641e+04
2.843555765226844233e+05
1.094084514096453640e+05
1.845066366694663593e+05
2.712130124819678604e+05
5.787626956106751459e+05
5.437558031929245917e+05
3.280979103418699815e+05
5.062618431551686626e+03
2.083911828097542981e+06
3.556921581852320116e+06
6.766070740731599508e+05
4.202056167970826500e+05
7.398865032425083918e+05
1.046034853193505551e+05
5.144538352849314688e+05
7.432891484835878946e+05
6.997418992711786414e+05
2.292209376626666635e+05
3.680653344936828216e+04
1.193633985484386794e+06
8.328515021578180604e+05
1.801608309701743303e+06
4.940219567115079844e+05
1.727291834235424467e+05
2.197104596603157988e+05
3.867184330731075606e+05
1.506863275189018168e+05
1.523606526641942328e+05
8.572182783440400381e+05
5.499125958055852971e+04
3.807105343577830354e+05
4.402388463165993453e+05
6.024633365376231959e+05
3.397243290901388973e+05
2.910173897228142247e+06
2.768052862538509071e+05
1.638709018546566833e+06
1.255890071406802454e+05
1.334413580503275385e+06
3.853836344257307792e+04
1.758750431377968052e+06
3.916277671100561274e+05
4.658593090302353958e+05
4.960288816839743522e+05
7.600258437340302044e+04
1.314902346868995519e+05
7.617617034648553818e+04
1.085451365781933535e+06
1.877153758389031747e+06
5.168720242584882071e+05
1.238737870715433499e+06
4.539689996957937547e+04
1.929517794734799536e+05
8.183882588855680078e+05
1.093280623466257966e+05
3.083828990760657471e+05
4.580849870582350559e+04
9.791786373629423906e+04
2.906291105403968832e+05
1.642882526073910412e+05
6.183174091888761177e+04
2.577884676221187110e+05
6.520390853337528097e+04
1.623204411773916800e+06
3.566367905608052388e+05
1.258815776957731287e+05
7.234344825205360539e+05
3.530287532915790216e+05
2.296992788916550344e+05
2.907178484883734491e+06
1.500498323047734266e+04
4.550105424123183475e+05
5.011570527724947897e+05
2.668097461789699155e+05
3.282103892168449238e+06
1.199054776755475672e+06
2.640347257100015413e+06
3.853988144534679595e+05
5.020142440545472200e+05
2.115227658646699507e+06
9.925377044086544774e+05
9.726344082371941477e+04
1.479766821323927259e+06
4.727706636323867133e+05
1.440874096432358201e+05
9.353240377501347102e+05
8.914876162449839758e+05
1.188916843345992034e+06
8.816447997953591403e+04
7.383011977897750912e+05
1.959565149473408936e+06
1.688611356251125981e+05
1.622030480623374926e+06
4.893878872011708445e+05
1.161609950816530036e+05
1.102939844486039365e+05
4.472877882130054786e+04
2.625162601507285144e+06
1.988118049545960093e+05
1.868118697261127527e+05
1.119830209697924729e+05
8.909574837560533779e+05
6.177596763634713134e+05
1.284234199102508574e+05
6.534528535812566988e+05
2.455568760045640171e+06
2.672609355281387107e+05
3.573040594424280425e+04
9.268635369439654460e+04
1.785742085587716720e+05
8.226747352140404109e+04
6.744202978072213591e+04
8.322343627644748194e+05
2.014917456535212405e+05
1.458342223081322154e+05
3.952718322952082963e+05
2.184449408342317620e+05
2.756896066102271652e+04
2.090231835547216469e+05
2.028745704960173462e+05
5.639248601660341956e+05
6.004368963322308846e+05
2.878438861315035261e+06
1.862099713060437061e+05
2.086951857751613716e+05
1.177738447666234104e+06
2.157712028235850157e+05
1.295599513338653342e+05
1.496535716213041218e+06
6.532514748576390557e+05
1.286881577231689735e+05
4.027139895618904382e+06
1.714374798935553990e+05
4.327213688601918984e+05
6.848550674921937753e+05
1.089659469219157938e+06
7.961661995932550053e+04
9.979593777003891591e+04
4.434413798969970958e+04
8.611689217707951320e+04
6.329015302516727388e+04
2.231937101062167203e+05
2.358296909773743828e+05
1.262807334764027502e+06
2.324359565297410591e+05
4.786345184837005800e+05
1.026783186266697128e+06
4.630215679382454255e+05
4.014672964171753119e+04
8.493099573768542905e+04
1.040641430982713791e+05
1.726434633884815848e+05
6.237496375729542342e+04
3.184914738810802810e+05
1.874780171884428710e+05
1.206948455618104199e+06
1.493345179185578600e+05
1.324341991004120209e+05
3.628026185917171460e+03
4.157568038178207353e+05
1.979547481782040093e+06
8.969050815503082413e+04
1.372217610669152346e+05
1.659888794635253435e+05
1.027276847709341906e+06
6.841690878121992573e+05
9.691321006888849661e+04
5.387655088099361164e+05
4.329865763909011730e+05
7.009051720142248087e+05
1.581312779907467193e+05
1.568020404040177527e+05
2.220272937859748024e+06
2.827020128637204762e+05
2.686655258573286847e+04
2.879619353516019764e+05
3.640261787512893206e+05
2.483962445017106365e+05
3.021661612570208963e+05
5.712522683737339685e+05
1.649721062226325739e+05
5.436541065193178365e+05
5.525691236288378714e+05
1.615324938110849122e+06
1.021441377413179434e+05
7.154144635691116564e+05
1.982915014886654972e+05
8.105241851378170541e+05
1.890291809176217648e+05
1.108144879926323658e+06
2.479906136203255737e+05
9.236955259656126145e+05
1.304800675723873079e+06
4.907227247430188581e+05
9.350641160672344267e+05
4.708962450596321723e+05
6.501503915477420669e+05
1.785900240171652986e+05
1.116248762558523158e+05
1.151697365269955480e+06
2.718310171772186295e+05
1.533585464312764350e+06
7.021682711723801913e+05
1.609435422693572182e+05
5.624190470194426598e+05
1.292348442523885984e+06
4.823901862278311746e+05
2.247989886914743984e+05
8.283154346984816584e+03
1.234070016530932859e+06
1.288395794111092691e+05
1.185818962753954547e+05
8.883340071202986874e+05
4.539331435501917731e+05
6.527185467412995422e+03
5.733734368558222195e+04
5.393562615010283189e+05
2.246651667333080550e+05
7.194391551141452510e+04
7.429846814182975504e+04
2.992231954221578417e+04
1.149287243041860405e+06
1.190049690984974150e+06
5.725487036172570661e+05
2.691331000835088344e+04
2.765756782375192270e+05
6.761628389639292436e+04
1.589654985433345719e+05
2.147777435271095310e+05
1.171054663566729520e+06
6.881520063926048169e+04
9.737103230754304968e+04
9.045688953756644623e+05
2.650746597556677880e+05
6.332742908412946854e+05
2.453636213359539979e+05
4.077329252454880625e+05
2.332621950157253596e+05
6.834516242010486312e+05
2.516618415006300434e+06
1.653888953470140405e+05
1.698402079996873857e+06
1.963867501637386158e+05
4.479044045240402338e+05
9.230121328254975379e+05
2.988594533922400791e+06
5.091245839671529830e+05
4.595042000856854720e+05
2.199535861386524513e+06
1.084777964829787088e+05
1.832091389649236517e+05
7.297807322846433381e+05
2.807228877655412070e+05
1.046722962740361574e+06
3.953409772009111748e+03
9.593468613956676563e+04
3.981261414123826398e+04
3.757793529883461306e+05
2.128536968544439878e+06
1.787749144175187976e+05
3.444461141519962694e+05
2.758203559017199441e+05
3.174519672424160603e+02
3.881656886715117143e+05
1.902056841358966893e+06
6.196044604398559779e+06
1.022746972324025934e+06
6.584710988676644629e+05
3.473424293762645102e+05
1.377044606355129217e+05
6.384655518478378654e+05
1.267028130167687486e+05
3.399967292004370247e+05
1.550838725904813502e+06
2.629066456603044062e+05
1.093204363657618407e+06
3.744843880385189550e+05
1.041589771581083303e+06
1.543997711654301092e+05
1.562375918479332468e+05
1.386853490546658577e+05
1.824253954666256031e+05
4.594492082414245815e+05
2.417710730994521000e+05
3.454407400082310778e+05
5.367462201707802014e+05
2.326002171044418646e+05
9.201674036401179619e+05
7.437437703714735107e+05
1.558346577297013428e+05
2.619281169274670538e+06
2.544190226303772361e+05
1.369696864626633469e+05
8.280419497194008436e+05
2.301085745108304545e+05
5.320619675816668896e+05
1.627132569253532565e+05
5.958317761765926844e+04
3.679310350851000985e+05
2.328274368733321317e+05
5.246758793767391471e+05
1.177736904656849103e+06
2.322409275147039734e+05
4.521521761834885547e+04
8.796858390735508874e+05
5.238108678274638951e+05
5.756275353426956572e+05
2.949669011384909390e+05
1.619693065286402358e+06
1.596961615565739921e+05
1.093586875576011604e+06
6.439349293139942922e+06
5.904298570476986933e+05
6.902348948744297959e+05
5.369337560678373120e+04
3.819069944107735646e+05
1.673246066651787842e+05
2.779170392971814144e+05
4.239866246211569523e+05
6.591370697308976378e+04
2.354416977398508461e+05
1.184983124253981659e+05
4.555738166032537119e+05
5.666951747188702575e+04
8.680438552475052711e+04
3.598122507463486545e+04
6.248912898533296539e+05
2.272842464111433947e+05
6.115658000382940518e+05
1.360558226365048031e+05
4.377927087192737381e+05
8.688077625078619167e+04
5.742905179870350985e+05
6.573313913775368128e+05
8.777746543456689687e+04
2.834678406871861080e+04
7.862932967349082464e+05
1.252962080305688782e+06
1.277634261273178970e+06
6.654477349529156345e+04
3.602105330374453915e+05
3.803855570333304349e+06
7.333512765922461404e+05
4.375683456415047986e+05
1.501068125655353651e+05
6.493520073992907419e+04
1.441617352377171919e+05
4.626956901279054000e+04
9.863465786072399351e+04
4.904030972972866730e+05
1.992013803633216303e+05
1.706560768656520668e+04
5.861699001296846836e+04
1.223672972299574903e+05
2.309596545724025927e+05
5.126521552182432497e+05
3.972983246151780804e+03
8.440533681161438290e+04
2.801048339087134227e+05
6.010812209127618698e+05
4.858870833239411004e+05
1.660527742020373116e+05
2.762669432970137568e+05
3.817137855746584246e+05
6.114671142169579398e+05
7.291086084805730497e+05
7.799165599900833331e+04
3.820523442082372494e+05
1.245960520448294119e+05
2.722776938769164262e+05
4.342913874161279091e+04
7.817822386256456375e+05
9.559512200583591766e+04
2.155454352060166711e+05
1.328539888013447635e+06
1.556905984638401307e+06
6.681003588126251707e+05
1.229253545061977813e+06
1.121140304663902149e+06
2.098915171469817869e+05
1.118393435646697180e+05
5.879888070991697023e+05
9.952440841650273651e+05
6.942477176725274185e+05
4.512301156993480981e+05
9.011922070089362387e+04
6.480457468341471395e+04
1.930755517156969654e+04
5.666142214652831899e+05
8.990416403871453076e+04
4.745735944060729817e+05
6.428363757720697904e+05
7.407231617623240454e+05
7.720550605506858847e+04
