2.750120723977718735e+05
1.176814153779464541e+06
1.447038106500801165e+06
1.948372993630048295e+05
6.532528469623108685e+04
8.794136762581387302e+05
1.084469232826470979e+05
3.994079069769167691e+05
1.764167607813305804e+05
3.611791618674144847e+05
1.033707797192743979e+06
2.042280782954288952e+04
2.819520567048918456e+05
6.192097470635775244e+05
4.126147609658220317e+05
2.889833239098143531e+05
5.649822666190331802e+05
2.191305833210521843e+06
4.807121669315340696e+05
1.780054294474663620e+05
3.460988271191936801e+05
8.636663349342123838e+05
4.582991909085367806e+05
7.289516883636001730e+05
1.954272908959090128e+05
4.003376648829084588e+05
4.379648446149682859e+05
1.284021452032338362e+06
2.873163747154075536e+05
9.782489372791922651e+05
5.821326994314108742e+05
4.051883727696966380e+05
4.099288079932353576e+05
8.240699059138048324e+04
1.814356048616203771e+05
6.842075124434208265e+05
2.213901913518515415e+06
1.886411604251453420e+06
4.900331165937705373e+04
9.906645127689210931e+05
7.784230997240568104e+04
2.070994229707260616e+06
3.737725731627025525e+05
4.339087021689448011e+04
1.286582283314904664e+06
3.911348318847267656e+05
2.955802304503277410e+05
1.890738304173244687e+05
2.207587990092365653e+05
1.388266028166208416e+06
5.507217221891289955e+04
9.314772749353793915e+04
7.282005639468323207e+05
7.263285435712143080e+05
4.371845599542055279e+05
7.393809303819954221e+04
1.821225977990183746e+05
1.056155892643114785e+05
1.384221394985930820e+05
4.849951833589007583e+04
2.487125964046133158e+05
1.182563282242670248e+05
1.008090542552220140e+05
2.931384442361931433e+05
8.267872129951729439e+05
7.396751007639201998e+04
6.895780437644022459e+04
8.351167457642285444e+04
1.661473393627956393e+05
2.226628059592181526e+05
2.941487355345894583e+06
1.394552904276130488e+06
4.862162506252549065e+04
3.565040821850342909e+05
3.614962231367792701e+05
2.885612099826236372e+05
2.384164246298783983e+05
1.312563487946796522e+05
8.539027774629318155e+05
8.942521435736912827e+04
3.369304456449456047e+05
3.084388886518898653e+05
1.898723816752023704e+05
2.923371573693573591e+05
2.355737343088507478e+05
9.071247975822574517e+04
9.372859750724289916e+04
1.207537292542157811e+05
1.533072344931138796e+05
4.628046039572589216e+05
1.017060062535531761e+05
2.893344624496814213e+05
6.784915617499132641e+05
2.189436658321377181e+05
4.002057017470663995e+05
6.198546837928448804e+05
5.216854045348717482e+05
1.050241406675466569e+06
5.151039928830472054e+05
6.014365639421532251e+04
8.372793357607319485e+05
5.542104838406892959e+05
1.539403737276734901e+05
1.558384860124278115e+06
3.427257196370385354e+05
2.235099586077314743e+05
2.483868174481865135e+05
3.776652104811007302e+04
2.430888805826674798e+05
2.375307925376942381e+06
2.454341400791578053e+05
3.448297705614436883e+06
2.863083918435924570e+05
6.981092543781033019e+05
8.913287631779783405e+05
1.323262569058641384e+05
1.003486699569669581e+05
2.370489942775785748e+05
1.620615147475623817e+05
2.160826839374159463e+06
1.263415077211489115e+05
5.900094664883377263e+05
5.978219944696065504e+05
2.702076976828144398e+05
4.063221186742842547e+05
3.624833097750070738e+05
8.322527783934940817e+05
6.614874032264300622e+05
3.824022374058949645e+05
3.704653676916403929e+05
5.804695615989866201e+05
1.827843194946752395e+06
3.376667757634795853e+05
3.735253938937158673e+05
6.598714368106183829e+05
1.380019673416781938e+06
1.588083330925711743e+04
3.282969832865925273e+05
1.500816557078190148e+06
3.661187917072844575e+05
3.658997512081409805e+05
4.720821639419624116e+05
2.531967860756976297e+05
1.482255335100799566e+05
1.970073041396203043e+05
3.329528318857884733e+05
1.401844666518633312e+05
9.261703393891835585e+05
4.022979930473819841e+05
2.216573170657865994e+05
1.791253001629978535e+05
8.402220201077310776e+04
3.179710136375876755e+04
2.019731924301508989e+05
7.133608093145299936e+05
8.916342496089014458e+04
8.134031701458097086e+04
6.670318171990849078e+05
8.301007824557783315e+05
8.566937409819681197e+05
7.578609604990514345e+04
1.235610146974345203e+06
3.237840340523413033e+04
7.272238043526724505e+04
2.458282726351246238e+05
8.145502387845328485e+04
5.950937236857330427e+05
6.757595932823177427e+05
6.189977814326006919e+05
1.178342696776173310e+06
1.142503682537296700e+05
1.428313650880225701e+06
1.194962053338042460e+06
4.926138824662280385e+05
2.297907758907022071e+05
1.920011441477921326e+05
1.165677101031319238e+06
4.544423862612403464e+05
6.643040850253563258e+04
1.402607960694682552e+06
3.291825940568234073e+05
3.060825129753253350e+04
1.476453871026721550e+06
3.477690104095499846e+05
1.871553314765290634e+04
4.591682103080258239e+05
5.923459644674409647e+05
1.405956932174988033e+05
4.540180893897332135e+04
5.255209674443185795e+05
3.104373725302626844e+05
9.048091412759700324e+05
1.199284136584375519e+06
3.982143954153422965e+05
3.999345407468275633e+06
2.223908169427033863e+05
5.741617865562724182e+05
5.604114174743393669e+05
1.974430762708040420e+05
2.064401147112593171e+05
3.831201375202400959e+05
1.111209158430029172e+06
5.146590248980256729e+04
3.490763999216586235e+05
1.579400246104024409e+05
3.221116924292509211e+05
4.261126466065616114e+05
1.841866399805579567e+05
8.096036728275669157e+04
1.223753739389611175e+06
2.417562662286608538e+05
1.520338295322391496e+05
3.464650618813852780e+05
5.014190313996744953e+04
6.390466550097088329e+05
3.294442480142838904e+05
3.082307992990721250e+05
3.316892595338632236e+05
1.121926878577652853e+06
2.115648248480725568e+06
1.192750923534725734e+05
5.740505270625965204e+05
1.540389753118231311e+05
2.906440765883296262e+05
2.389171206565724569e+05
1.493995849524785444e+04
4.564144085799547029e+05
5.116101214373631519e+05
5.608896357575015863e+05
5.302747535563341808e+05
2.389831296970146068e+05
5.920674714599881321e+06
5.385260528470820282e+04
4.407835892509844416e+04
5.825295292362413602e+05
5.562807948432843841e+04
6.437694996526447358e+05
2.600508077039724216e+06
2.590689462490790902e+04
1.193435943971659057e+06
3.324959427070038510e+05
2.986381980378585868e+05
9.506915322758344701e+05
7.418064957114985737e+04
8.107453565363094676e+05
2.910255577539486112e+05
5.726137861111030215e+05
6.811286638950406341e+05
1.538180989714972093e+05
6.413563663524648873e+05
1.123872572847067844e+06
1.961244030140154646e+05
3.981495496309285518e+05
1.317467513610922615e+05
6.720098719423363218e+05
1.785388987751312670e+05
2.798650293798206258e+05
3.603213250599403400e+05
1.163271044837825233e+06
2.365903618336086802e+05
1.967773742342731915e+06
8.728193806770087394e+04
5.198496641628122889e+06
6.522343166193611250e+04
1.516728459991053969e+05
7.578883991485517472e+05
1.006114173767552478e+06
2.453181199731302913e+06
7.387488833155041793e+05
1.280284866615139879e+06
2.555306100980952906e+05
3.299444280289487448e+06
1.700101345328704629e+05
2.260423075446115690e+05
3.407296825839637313e+06
6.105644568110034015e+04
4.959799488327769795e+05
3.307209375971494592e+05
2.734132335661597899e+05
1.025064348314986855e+05
2.887794227929424029e+06
2.048641185464710725e+04
4.034020678693216760e+05
1.355455518961341586e+05
3.980682602379256859e+05
1.990733117098306073e+06
8.921943512543250108e+03
5.710509181074939988e+04
7.267240488882472273e+05
4.315035387500225916e+05
7.035000203537966590e+05
7.827840941313140793e+05
1.095046447531901649e+05
8.413387921117391670e+05
9.471407956764469855e+05
3.108389642931795097e+05
1.067163718450044980e+05
2.183137586660187808e+05
7.009341274593030103e+05
3.223513045091649401e+05
2.808199714291599230e+05
2.541596154374460166e+05
3.359492847814073903e+05
8.977382496938927798e+05
2.225647889746378933e+05
4.023083627548754448e+05
3.625723966839821078e+05
4.418934543412844650e+05
6.218639172421514522e+05
5.329326919751364767e+04
6.423869393099390436e+04
7.363756057447404601e+05
1.150875221871787944e+05
9.400603359321185053e+03
4.292034651865438791e+05
2.329889090334043140e+05
2.538972626460945758e+05
4.656014536525519798e+05
6.641348144073635922e+04
5.402081093902335269e+05
8.413091502672786592e+05
4.331120133489433676e+06
8.296151341105712345e+05
2.517663516978686966e+05
1.843525499465855071e+06
2.784927339858242776e+05
6.630596454488708405e+05
8.173099483800610760e+05
1.979643128709256882e+06
3.713785422787839198e+05
3.687009076721500023e+05
1.136962795481887879e+05
4.179522041324194288e+05
1.600611677348874218e+05
4.477786760331672849e+05
4.517785827456754050e+05
7.319195556288961961e+04
2.642977720228234539e+05
4.347439309293738916e+05
4.355284106724950834e+04
1.281260431383345509e+06
2.672970573598713236e+04
1.546067049456126369e+04
7.725302191270352341e+05
7.920768213862300618e+05
1.394700699761926197e+06
1.261902149761321489e+06
4.756307786979818484e+05
6.294050210633031093e+05
2.627679752581788343e+05
1.102800162377005676e+06
3.840363148644291214e+05
2.100783221113863401e+06
5.178452158208507171e+04
5.782594718511058018e+06
2.537042616268514190e+06
3.761947124562629324e+04
4.451547234301579185e+06
4.561976693697944575e+04
1.016614640880340012e+05
2.642888702545096749e+05
3.909671864757579169e+05
1.447151991306895798e+04
2.524786240647912200e+05
3.206825177478268961e+04
1.124703604171487270e+06
7.472956568330803420e+05
1.244323959316246677e+06
1.899020777726063679e+05
4.117393599440500839e+05
8.227488347195048118e+05
1.402794414625598292e+05
6.152125030990857631e+05
4.286214374691466801e+06
4.748477680684534134e+05
1.276615543851516704e+05
1.872025851208830500e+04
3.997676125598729705e+05
7.168714543527737260e+04
1.095245902510242304e+05
6.038163797643894941e+04
1.428144143024754012e+06
2.509358087059263489e+05
4.550030950311977067e+05
7.734640447066759225e+05
1.242832864388105518e+05
2.766337956839845865e+05
2.048593612660524086e+05
2.737525321695835795e+06
8.540187730827564374e+05
8.844821374601620482e+04
4.504764069213531911e+05
7.702300181146524847e+04
1.115120579619075143e+05
1.492789468236697372e+06
9.970370696824620245e+04
3.940393477038935525e+05
1.251604177105087874e+05
8.227804137362264737e+04
5.000107705134631833e+05
1.123901496727221878e+06
2.197649142628579866e+05
1.223818472766418563e+05
1.142292921106796945e+06
1.051134087345385691e+06
9.703817606108690961e+04
6.220335142358352459e+04
3.524826946313519147e+05
2.236587361823163461e+06
7.388165864710264141e+05
1.023402917209974839e+06
1.941941465706849995e+05
1.514327965939581918e+05
3.602461795794148929e+05
4.116880320844238740e+05
1.868658706585563486e+05
4.910852551239928289e+03
7.271370387991833559e+04
2.411743923496452044e+05
3.483973226365691517e+06
1.367676717326407321e+06
3.120261970766914310e+05
3.368713644963944098e+05
5.464059095096043311e+05
3.857802522598908981e+05
3.372861836249859771e+05
6.249311504338104278e+05
1.308191889021970099e+06
1.168301633886103751e+06
1.292857215632222069e+05
4.929013895615705987e+05
4.599389650443043793e+05
4.170185676526281750e+05
4.215782220594040118e+05
1.246009888607514295e+05
6.889745064671930159e+05
8.464829838147222472e+04
1.089933538585598035e+04
2.117423393586908642e+05
5.079712070460103132e+04
3.253099175763347375e+03
9.736382409079653735e+04
2.447585279215338640e+06
1.458597875646979373e+05
3.552586142528862110e+05
1.153590698149459902e+06
1.287169107197202742e+06
2.604436093168773368e+04
2.660487914441758767e+05
4.933844731930044363e+05
1.009295799104644975e+05
1.810229328413689043e+06
1.263674805445756938e+05
7.442977497410500655e+05
1.270815651319089375e+05
1.176701816963250749e+05
1.190975382640265889e+05
1.003490395132325502e+05
4.203523706746926764e+05
9.066160974474274553e+05
1.013982737511301530e+05
6.068815674694188638e+05
9.402150502379823010e+05
3.728329010035948595e+05
4.518171233390165726e+05
5.119569661298317806e+04
2.197950546797997667e+05
7.692406020637158072e+05
1.559293352655343711e+06
4.753667915420336067e+05
7.244974869422299089e+05
6.372975270412644604e+05
8.594088063906963216e+05
6.814851204320644028e+05
4.181078275786243612e+05
2.151245306222282125e+03
3.421410174045768217e+05
1.358949021792003768e+05
8.040432441322942032e+05
3.993340856909304857e+05
6.658279818361157959e+04
1.555772124548887368e+05
5.326832052218004828e+05
2.190667715713572979e+05
2.542023238175544247e+05
9.927844750292275567e+05
4.167444648729445908e+04
2.627519485481276060e+05
6.199439320268421434e+05
2.326998125452859793e+06
6.678001130832078634e+05
2.759947185223941924e+05
1.733759850869167130e+05
1.708492698292206507e+06
2.118972779159080237e+05
2.058747388470317819e+05
9.445316097882740723e+04
2.529950114370588271e+05
1.721914959326209791e+05
2.827667590908509446e+05
3.006269164329299019e+04
1.971247184860185662e+05
4.827730507480023080e+05
5.003570942419339553e+05
3.186107271359344013e+05
6.038032580405960325e+05
5.803275376535344403e+05
8.190120696311967913e+04
2.269097341736127564e+05
8.908091039375946857e+05
3.990378360848862212e+06
2.298911890753738990e+05
3.985923107688230812e+04
2.903761604509822428e+04
8.962686496804311173e+04
3.476245430122138350e+05
7.888973410710846074e+05
1.037446918313130009e+05
1.381451675420590676e+06
1.067477446538790595e+06
9.984207346748304553e+04
4.101140246434125002e+05
2.132264944016980007e+05
1.977430541773202131e+06
3.360340234708574717e+05
3.478487258747071610e+05
2.755980845241332427e+05
1.419098881074574310e+05
6.640251762186687847e+04
7.535960797031378606e+05
6.821849553108047694e+05
5.889496130826711887e+05
2.100279111917780829e+05
7.902717830524621531e+05
1.228974202992828097e+06
6.431078929322867189e+05
2.036025033031887724e+05
2.822023959805006743e+05
4.283104391282775905e+05
5.840667125503146235e+04
1.421832223568550544e+05
1.079297180318287807e+06
1.614611861834910931e+06
9.021257788820528367e+04
2.700126010788481799e+05
8.280443708001195046e+04
1.104715217649993137e+05
3.225917103885733988e+06
4.225329144032968907e+05
2.326115667101535364e+05
6.241043658739815000e+05
2.094783464701173943e+05
1.315127469250238268e+06
3.929327738225595676e+05
9.862300878438939108e+05
8.944926923988549970e+04
3.091634357617214555e+05
6.498386786154408474e+05
1.320343820722331875e+05
3.091811961401913781e+06
8.642571450622052653e+05
5.803964159864616813e+05
9.486325029267920763e+04
5.561792327692804392e+05
7.120978051642118953e+05
7.945480637639545603e+04
5.008537804884975194e+05
5.518511022742792265e+05
3.654221449684911931e+04
1.699622292424083687e+06
1.997775948207173205e+05
1.602671866696453362e+05
4.445325908692586818e+05
8.084663280873341719e+05
1.686891320264298934e+06
8.550465071744730230e+05
1.313085138014873955e+05
2.163746102379343938e+06
3.781963919700960832e+04
3.875586720948814182e+05
9.477739110751907574e+05
4.907643633954854886e+04
3.454388956910352572e+05
1.386934987473252404e+05
4.059104155262447312e+05
8.354735417493854766e+04
4.935894512581234449e+04
3.153922337049044669e+06
1.065322325187098468e+06
1.148426269930636627e+05
1.020271815915796615e+05
1.035360508671133866e+05
8.013167099196599156e+04
5.223671475104222191e+05
1.362162390913533163e+05
6.279064769046545262e+05
9.081093742798492312e+05
4.133496128745948081e+05
4.278580303270012955e+05
1.935741937387607468e+05
1.244461895019955002e+06
2.911850923890149570e+05
1.631522114465783234e+05
4.748108509323606268e+05
6.542093159908367670e+04
7.257140868290244834e+05
1.266619327178059379e+06
1.176028756788087485e+05
1.734897110449497588e+06
6.681963195460807765e+05
9.604380428903623251e+05
6.988565732786184526e+04
1.679378389546782710e+05
3.853365288376464974e+06
3.764759297535058431e+04
8.497759506763996324e+05
5.776138001661659218e+05
8.267921976909569930e+05
2.305093627133528935e+05
4.724231006489588763e+05
2.749420119209030527e+05
3.721624518767376430e+05
4.461964439955734997e+05
4.325648376357460511e+05
1.210400700651637162e+05
1.248814929489453090e+06
7.480407332800270524e+05
3.072595514514676179e+05
5.373632308204519795e+05
1.429738251412470359e+06
4.185927337503951276e+05
1.992997833605482941e+06
2.665316446946498472e+05
4.840905185962574615e+04
2.119744058063795092e+05
4.657069184650942334e+05
8.439026191648279782e+05
2.033920590041480027e+05
1.470699712259887019e+05
2.478536297937333584e+05
1.192933448361661285e+05
4.428410320267538191e+05
2.320533575777373917e+05
4.671029090819404228e+05
5.813645933234847616e+05
4.730793600286123692e+05
7.542420883361399174e+05
5.170294672159092734e+05
3.198385432823423180e+05
8.556665993253968190e+05
5.025103260268028680e+04
2.153875575449433643e+06
7.684123546650374774e+05
2.374785736742575828e+05
1.016093172879254795e+06
2.844665848764558323e+05
1.084798087718163515e+04
2.526996922448679397e+05
1.900107573654827720e+05
4.919092568845883943e+05
1.023199612326256349e+06
5.145134402934701066e+05
8.878799276633466361e+05
6.187772888062200218e+04
8.045442976524955884e+04
1.773855682559117209e+06
3.543891365628547501e+05
4.680600546354941325e+05
7.105948196301949793e+04
1.302309297177583212e+05
2.047980874341436895e+06
1.510340721686520614e+06
5.551671033627616707e+05
4.722978036760059331e+04
3.192578017308396520e+05
7.776519329664534889e+05
8.198870076727471314e+05
2.326319683319405303e+05
2.881950850189722842e+05
2.173421603116568876e+05
1.606418501863399579e+05
1.215023309609909629e+05
8.910299755518476013e+05
3.388569952152434271e+05
7.386602332629894372e+05
1.189500274662695127e+06
4.053760723576723831e+04
2.846538492824143032e+05
1.623871547876857221e+06
4.790197249165937683e+04
1.855372637327013072e+06
3.128930752457384369e+05
9.098607183987060853e+04
1.951544870413652854e+06
1.011346276541811065e+06
1.062230470196003094e+06
4.404523226917497595e+03
5.357734271234131884e+05
6.808519104738358874e+05
1.407749323384939926e+06
7.509580757949635154e+04
2.534826914211069525e+05
3.631708902247533202e+06
2.739439086180131417e+05
4.955991359186147019e+04
4.153223671921741916e+05
2.667561408409957075e+05
5.081514603003700613e+05
4.893847300521726720e+05
2.829330469048272818e+06
5.561767220773076406e+05
3.294601426825940725e+05
5.627942349595119013e+05
5.503415620353523409e+05
4.947907762188018532e+05
2.146812699688262364e+05
9.396740951984110288e+05
3.590241048739369144e+05
1.029999632188305375e+06
3.802488868902561371e+05
9.932923368392291013e+04
8.667418490668128652e+04
1.368480105491402326e+06
4.399091676114173606e+05
1.372993937369519845e+05
4.435763300523392973e+05
1.041166190061605652e+06
4.459519197188812308e+06
7.637246669256358291e+04
2.231912758646047150e+05
1.240781874352080282e+06
2.794310615457639797e+05
2.263975953212369641e+05
1.034440801696539420e+05
1.231805168161267182e+06
1.099014380187667441e+06
3.309624756120713755e+03
2.806510898342536530e+05
6.711221940081225475e+05
4.178903232165709051e+04
1.866841334781276964e+04
1.614390787256807380e+05
6.184947597045213479e+04
1.104012209050650010e+06
4.137186163885472342e+05
6.372939924962095683e+05
7.036588948940712726e+04
4.880511190157048986e+05
2.624288279578476213e+05
2.959129251445304835e+05
3.175466648457313204e+04
5.969336499100553337e+05
4.017834584087997791e+04
1.271188029199037119e+05
1.024125427241635974e+06
5.100710958138735732e+05
4.313214351473093266e+05
2.230540234372191189e+05
3.112072377679143683e+05
8.122643853507012827e+05
3.315929294617067208e+05
2.602873333210241690e+05
4.525434536565657472e+05
2.612403483487721242e+05
2.208061746940457728e+06
7.154863468336386723e+04
5.190745155676195282e+05
6.292917909036218189e+05
4.691223064751083439e+04
4.310988448820196209e+05
3.524279333942521043e+04
1.071195921083503345e+04
2.732205754101928324e+05
2.921747675232734997e+06
1.472758862950343464e+05
2.650498403014913783e+05
4.402413541492781369e+05
1.342623906511355017e+05
1.805373864365663379e+06
7.068580180743394885e+05
1.608953500711070956e+05
5.615483395637226931e+04
1.403738916105762124e+06
2.466139001047014899e+05
1.884259080741778947e+06
2.504032124525110703e+06
1.041912956058619544e+06
4.847216559718013741e+05
1.420832618302506744e+05
1.458873065026646946e+06
8.503596021784732875e+04
1.717115060479264474e+06
4.177218520289126900e+03
4.331850634123021155e+05
3.600213163023464731e+05
7.640307046319640940e+05
1.057565331407819176e+06
1.577595429773166252e+05
8.340665311132543720e+05
1.645596534763113141e+03
5.185600441988605889e+05
6.826043566118904855e+05
2.963338394114149196e+04
7.714681005080585601e+05
4.203074731568492716e+05
9.793101388632653980e+05
3.620628008011289639e+05
2.867855617246485781e+05
2.327861706812497228e+06
1.747244126077525652e+04
2.779126346459789784e+05
5.881566512574348599e+04
9.658057803797026863e+05
7.675667360041507054e+05
1.974846967084261996e+05
1.825910193116329610e+05
7.332061073861453915e+05
5.575307035914401058e+05
5.001190606188068632e+05
2.955429947509277263e+05
1.298472833747288096e+05
2.259422094074785855e+04
3.524214142366057786e+04
7.696899955480036442e+04
6.164852779096112354e+05
2.860401639285992715e+05
8.763556868954272941e+05
2.006862759863526153e+05
2.089960209196053038e+05
4.874576131154423347e+05
5.730276290156076720e+04
1.011536044481806457e+05
2.905371250715947244e+05
7.249211399935354711e+05
1.100174012072509358e+05
1.563341003805186774e+05
3.193423647810454131e+05
7.567059524497673556e+04
5.124972385835926252e+04
1.465823068917794735e+05
1.093729713779076701e+05
3.168464948075557477e+05
8.748896490440795897e+05
5.637118971354772802e+05
2.084600037343333825e+05
5.216625629245638265e+05
2.173351156282431912e+06
2.237457743117738282e+05
1.252300021319271065e+06
3.002611902091247030e+05
2.509052037075376138e+05
6.790987578285466880e+05
3.255256764964275644e+05
1.769104474783486919e+06
6.386272733183475211e+05
2.607899299617367215e+05
4.671254346933874767e+05
3.529420030604880303e+05
4.067113931925396319e+05
1.540041929401485249e+06
4.273707994243419962e+05
9.268924289555734140e+04
1.032566580816456408e+05
1.447881761797787156e+06
1.892132774311545072e+06
2.458855553777206514e+05
5.064387016406178736e+04
9.520426517755088862e+05
3.857933768337566871e+05
8.023193800546247512e+05
4.566648001855557231e+04
8.948282745349030010e+05
9.369937503367147292e+04
5.452728946211098228e+05
4.557745925304391421e+05
2.720000009042134043e+05
3.249442976430184790e+05
5.913058375339920167e+05
1.518656510549224913e+06
9.849063536767082987e+05
3.697907840248227585e+05
1.602199975296862249e+05
7.982613058306394669e+04
7.007053743115914986e+05
4.537180495427038986e+05
1.558229186562617775e+06
6.999325431649275124e+05
2.284600960567640432e+05
8.321698152521468000e+04
7.934294231583549408e+05
1.853950479943703685e+05
8.866217320966308471e+05
4.902269393357114866e+06
8.045791283768435824e+04
1.139224254805345554e+06
5.803351464593668934e+05
9.312625505196996965e+05
5.082981756653639604e+05
1.148551110135638737e+05
1.643467221530896859e+04
1.509258091363722051e+05
1.462607119234710262e+04
2.652083459980526241e+05
5.624028002037702827e+05
1.913369170939479591e+04
7.937406180351759540e+05
3.893034915140428930e+05
1.026037493768121814e+06
6.416026353521875571e+05
2.171010011692192347e+05
8.004399644432180503e+04
4.109764166061868891e+05
6.293281025163645245e+04
2.805744799460591748e+05
1.461542555191966239e+06
4.582363305457698181e+06
7.502368723434162348e+03
3.023986644549047342e+05
6.378107255872457754e+05
4.021771121785899741e+05
2.866949941538648563e+05
5.067378711757565034e+05
6.698039601413639029e+05
1.713241262827387254e+05
1.202558889037718327e+05
4.694846367080384516e+05
1.109908205339765642e+06
5.108123663792713196e+05
3.369399569896124012e+04
3.931206064655894879e+05
1.812052703953621443e+06
1.472729585104773054e+06
1.123073856040033046e+06
2.961715484934079577e+05
4.686374023373316159e+05
1.008667289937292575e+06
7.652888110962584615e+05
1.503498750294086989e+06
1.501644210110510699e+06
6.137019170666707214e+05
2.774771064147683210e+05
4.711661402396907797e+05
1.744623723484276270e+05
1.156270099493445829e+06
1.235649968706648098e+06
2.243268062838341284e+05
1.037509545916413190e+06
4.733448073252600152e+05
1.490042155351957190e+05
2.543038000153771718e+05
1.563649814017479948e+05
6.193621108056398807e+05
1.667184759587722074e+05
3.393998323534089723e+05
3.880803833129031118e+05
3.595325747773715993e+05
4.597200268279643205e+04
4.194441964546752861e+05
9.457393901503917004e+04
7.214649848647566978e+04
1.736963292805433157e+05
1.207617998825011309e+06
4.657696194303952507e+05
4.214992520273207338e+05
9.103516888201239053e+05
9.416130687427383382e+05
1.520865599317180749e+05
1.092768475176051288e+05
4.048342007819810533e+04
1.475517857365182426e+05
1.338044944777837954e+06
4.140801146353416261e+05
6.601332036024978152e+05
1.698931151743272203e+05
9.025878974710793045e+03
3.410963359803097555e+05
2.215102321324190998e+05
7.250791772665863391e+04
5.216145782320826547e+05
9.312893350271522067e+05
1.361294670279317303e+06
2.482077839323234221e+05
7.601764430785765871e+05
1.993326855081184476e+05
1.533032228525088867e+05
2.773106595898960950e+05
5.179385891055111424e+05
4.351532733305637375e+05
1.821109410260103643e+06
7.275738162340591662e+05
4.073396064138839720e+05
2.438585278338057105e+05
2.203116703138532175e+05
2.207502747576972761e+05
4.712685712014437304e+05
3.856060064360290562e+04
7.337600156468722271e+05
1.368667399857988639e+05
3.057467430543020600e+05
9.124882114941466134e+05
8.260839520357918809e+04
1.339883932114771742e+05
1.883914725568284281e+06
4.348374570636526914e+04
1.416805819798043696e+06
2.881028758101467392e+05
4.650518936737782205e+05
1.084633596139445901e+06
1.869430066173741361e+06
2.454648611451232573e+05
1.466605636373809539e+06
1.095098676646913664e+05
1.151136500550731784e+06
1.048900082101287553e+06
3.774534172658746247e+05
4.127532404455424403e+05
2.706834178538946799e+04
6.819580618521237047e+05
1.093342551116617164e+06
1.711766086423232628e+05
1.748180756957227597e+06
6.953637659180774062e+04
2.135977645742664114e+06
3.591209997909475351e+05
7.033067230783017294e+04
4.440815289825900254e+04
1.908823891356707900e+05
5.732722358457935043e+05
2.058736867698660353e+05
6.278237991224323632e+05
3.063312291043681325e+05
3.386427664396940381e+05
1.505632700524698594e+05
1.833182089199440088e+06
9.316235480635552085e+04
2.416552671857615351e+05
1.339574266374689760e+05
1.709983567126424517e+06
3.500094863554317853e+05
8.285844068514612736e+05
6.509832008966198191e+05
1.412177044703542488e+06
1.471629679558527714e+05
1.601182715527024120e+05
2.574361204841877334e+05
3.580930645543595892e+05
2.003136760072177567e+05
2.656687088139434927e+05
9.142250517814725754e+04
1.124030045963609125e+06
1.000573496373074129e+06
3.806700754833598039e+05
9.337277124131163873e+04
7.741140269632316194e+05
7.356978493214801711e+04
1.391342544839056791e+05
3.576529470529778046e+05
3.703641478487087297e+05
9.085968582574005704e+05
9.627319292177224997e+05
7.813969066556278849e+05
1.029177169945841306e+05
1.013241347579082649e+05
5.679657241396718891e+05
4.452441688147363602e+05
5.964276155508871889e+05
7.376572480399336200e+05
1.485444284242697759e+06
2.012407469507738715e+05
1.358539665063961584e+05
8.280525934740887897e+04
7.562212147554665571e+05
2.262003826222870703e+04
2.643564102887658868e+06
5.563617110739874188e+05
3.405714381094668061e+05
7.764655069650055375e+05
2.147944051576973579e+05
3.338732744703877252e+05
3.317985600695026107e+06
1.939263677293731016e+05
3.272760195350755239e+05
1.506214905036757700e+06
3.198513506018260960e+05
3.061736797867210698e+05
3.538590487861543079e+04
4.564149449439457385e+05
3.191887222163483966e+05
4.743441501733844052e+05
1.852610972133108182e+06
2.200385298996088968e+05
1.726032324621617154e+05
3.715982545458975947e+05
1.538827447028423740e+04
2.350232030939335527e+05
9.073585782697472314e+04
1.010569132181101246e+06
1.667046454443320690e+05
2.569086305447042105e+05
7.700187380761539098e+05
7.779558935968587175e+05
6.881491638375407783e+05
2.435717479308166075e+05
1.738511518117675150e+05
1.062987655618785881e+06
2.676647359971896745e+06
2.729475984315081732e+05
5.130184740246981382e+05
6.846110665708400484e+04
4.239355459132909309e+05
9.581882131038804073e+05
8.204872403885605745e+05
6.838891330964501249e+05
8.402928660529365879e+04
4.444782037597263115e+05
2.188342304427214549e+05
2.277985509934251313e+05
7.696363806435588049e+04
4.596869246976329014e+05
2.373790923432457785e+05
9.569868784296323429e+04
8.117968053203810996e+04
4.934760666116352077e+05
4.445718265618764417e+04
1.006359896401909995e+06
1.907281076290061465e+05
7.347174289726319257e+05
1.760282182454533759e+05
1.832938106344158296e+05
2.440806100347954314e+06
6.476506073768252827e+04
8.330355959498903248e+05
3.559960900974104297e+05
6.970518536782035371e+05
6.133271956571389455e+05
1.053734368695059791e+06
4.848580283274513786e+05
2.055681576822711213e+05
4.097570352787946351e+06
1.385397072328601498e+06
1.219378662185768917e+05
1.383320321816955584e+04
9.285467102015746059e+05
1.081079673741276347e+05
1.602716120444585395e+05
1.191571965258152486e+05
1.168482496923386119e+06
7.866460602003196254e+05
1.662814681734954938e+06
4.846288681991648627e+05
2.189566365991896600e+05
4.244793553944284795e+05
2.704860950535077602e+06
1.412064451457558607e+05
6.647454808957077330e+04
3.855000190340558533e+06
3.191028686914130230e+05
6.852592393084440846e+05
1.395825353248520754e+06
7.118493439256171405e+04
2.959458132388341473e+05
5.815001878783033317e+04
1.693376017179894028e+06
6.096396491938138934e+04
5.912249358403562801e+05
1.317620794111391588e+05
1.505788562208488584e+05
6.999415093138186494e+05
8.110561181308564846e+04
3.253735783933213679e+05
7.897739210022878833e+05
6.553965690687596798e+05
5.810757588697348256e+05
1.555355541735815117e+06
4.466181961729405448e+05
8.626086595644502668e+05
1.385102477433914610e+05
1.144309243257236667e+05
6.223128999299758580e+05
4.879293416732574406e+04
8.493375705359963467e+05
1.598550009227082228e+04
2.219008819447755814e+06
1.795154755940783944e+05
2.831309871975777205e+06
1.578925320232645608e+05
2.739654497637942040e+04
1.242203969547205925e+05
9.308119021221067524e+05
9.696409705367597053e+04
1.289013052221157850e+05
2.691427154095157675e+04
2.673271834426025162e+05
2.642246246008927119e+04
6.816228273243065632e+04
4.318186456241564592e+05
1.863960624568570172e+06
9.313839964408220840e+04
1.458041761559800070e+05
3.160356824336593854e+05
8.443537469420102425e+05
6.417195641096109757e+05
5.672510640289328294e+05
2.605563128621349824e+04
8.137944358873181045e+05
2.968960158073637285e+05
1.436369881540076341e+06
2.969214386311136768e+05
1.683510250714908179e+05
1.599976059326155344e+06
4.247188208192195743e+05
1.034765161926216751e+04
1.005481763802686241e+06
1.258814054593994661e+05
4.964911643771794625e+05
2.589643042946211528e+06
1.712003250335733173e+05
8.081453688393319026e+05
3.230231423926786010e+04
2.216940733879505424e+05
2.518796485150010994e+04
6.019407221239420323e+04
1.748486125847138755e+05
9.915443608776758192e+05
2.634548606085872161e+05
1.378707925820831908e+06
8.680449094585375860e+05
1.153210557421943871e+06
2.864610887092694174e+05
2.457948113387070480e+05
2.608574192416634469e+05
1.149421498293194920e+06
9.131951544569645775e+05
5.190784954634262249e+05
1.262310598732708953e+06
1.723822403958250361e+05
1.349948166982553666e+06
4.738236482299707131e+05
1.228659870137922699e+05
3.121203307948670954e+03
2.300013190486394800e+06
1.181599228923375340e+05
4.879705667886423180e+04
3.134200868151055183e+05
1.131534298493274982e+05
4.623112881128505687e+05
1.370143015936882875e+05
2.443824320756877714e+05
6.411194351667341543e+05
1.340853819869401632e+06
2.835560418920428492e+05
8.171302561226733815e+03
3.909892844313075184e+05
3.262009265431244785e+04
6.328866060859144200e+05
2.574682968719117634e+05
2.673843747546090162e+05
1.163996973977487214e+05
3.631549148068838986e+05
3.246467513218970271e+05
1.666551003829295805e+05
1.526950587037903097e+04
2.053110975622546684e+05
2.280058518882909266e+05
1.435101051723774290e+06
7.469611579061695011e+03
2.241916444071190781e+05
5.967668881856407970e+05
2.079659683521418774e+05
6.272275505632591667e+05
1.722387014913836538e+04
3.522496795089005172e+04
2.819724413339378661e+05
7.129334268394229002e+05
6.018576375223633659e+04
6.705680341621088155e+04
8.374789682602489484e+04
8.466676238218515646e+05
2.772248385237318580e+05
3.345092840930245002e+05
7.243926465713874204e+05
1.247600187235740304e+05
2.357971468287080279e+04
1.319284549321793893e+05
2.159332708643941733e+05
1.005390500969036948e+06
1.056823701422409795e+05
2.715881646936322213e+05
8.914921776485112787e+04
6.059094777735636308e+04
2.319797152272217500e+05
3.449738450013390393e+05
6.116728411338881124e+05
1.207624710805296199e+06
5.125397433915170841e+05
7.534254884354746900e+04
1.769744401514685014e+05
1.268036247814639239e+06
1.765576040823908057e+06
5.039621868346075644e+05
6.772006107410913683e+04
2.699512413250897080e+05
3.324416039466857328e+05
7.252929192527571286e+04
8.293777510097005870e+05
1.155078416342139099e+05
1.020423927891606290e+05
2.035092965012436034e+05
5.816464895672189305e+05
2.024328996030584385e+05
1.723167974756280892e+05
4.301572657418093877e+05
8.097966498162919015e+04
2.359517692623568233e+06
1.266364232420827466e+05
1.251666177389441873e+05
3.055884994086349034e+05
2.872162751143170753e+05
3.218168804901068215e+05
1.365398591790371574e+06
2.111681700943001488e+05
3.556305901892770198e+05
1.441546118153166026e+05
4.158987942577879294e+05
4.275150882372139022e+05
3.118025444019307848e+06
3.095682863955883076e+05
2.905261889306496014e+05
2.207257225126116464e+04
2.305892535325406934e+05
3.470266742522367858e+05
1.231838932122031692e+05
2.220567592601110227e+05
9.360738558597162410e+03
2.552392296518720686e+05
4.258683788271796890e+06
1.057482595303793205e+05
4.917354869744494790e+05
5.287694031791674206e+05
4.310994901531195865e+03
8.065725919340412365e+05
5.041993719270572183e+05
5.718342671688984410e+04
1.894701882503393281e+05
3.101524142208748162e+04
1.684835905119329924e+06
5.623364068583019543e+05
2.462259294563522853e+05
2.994446610119847464e+05
2.091651300852174871e+06
4.261983118510232889e+05
4.321940426907807123e+05
3.684462945387421641e+05
2.351515716411598842e+05
5.664431771253731858e+04
3.882930658375255298e+05
2.940160300930021913e+05
9.846240521944394277e+04
1.231667231814842526e+05
2.899299949249734054e+05
5.429352855875400128e+05
1.095259983988162596e+06
2.747820878631608211e+05
2.243900550571377389e+05
4.479229814764908224e+04
1.880260946287453698e+05
1.608972599416524754e+05
9.406133822537132073e+04
4.046187306906253216e+05
8.201223436754412251e+05
3.788499967897789611e+04
1.764985448599068215e+06
4.816219216084321379e+05
9.638347520499763777e+05
2.664467870493627561e+04
2.788774715767226880e+05
6.611109137714185053e+05
4.815794161211540923e+06
5.950063717843900668e+05
2.243958839781402494e+05
1.108825977454492822e+06
6.385807736993955041e+04
6.145306417161280988e+05
2.587655834907423996e+05
2.302180691154822125e+05
9.164860460448384983e+05
3.890000710732333828e+05
2.780809975904264720e+05
2.629633881745518302e+05
4.350309499732754775e+05
5.844270210298338206e+05
3.071987014210202266e+06
7.150277244164931471e+04
1.631907774551222683e+05
6.197408863602983765e+05
2.034048278429974744e+05
7.798006966874202481e+05
2.943369384737687069e+05
8.566752449183532735e+05
2.750972440565990983e+05
1.527854899952215492e+05
1.315389479297996266e+06
2.211275246078774799e+06
7.490377954883754137e+04
6.377194382121245144e+05
4.605801712539559230e+05
4.736142729942502920e+05
4.525730892081020866e+05
2.676957085891037132e+05
1.689268450294010108e+05
1.843635050547282444e+05
6.760231357618338661e+05
1.853638454123691190e+05
6.750257303671687841e+05
2.912111146153032314e+05
2.480488691149851657e+05
2.582558454457872140e+05
4.236355601316980319e+05
2.727271631779549643e+05
1.401942359194988967e+05
7.467557031820338452e+05
1.816431102887442976e+05
9.405903097245107638e+05
3.569561079931686982e+05
3.628191197349661379e+05
3.657345612430339679e+05
6.337854639609446749e+05
5.636545477022518171e+05
1.855528305458367569e+06
4.678680712179333932e+04
5.207883244470162899e+05
1.844003316989520332e+06
2.233329847409992362e+05
1.059249073870419379e+05
2.296918270519444777e+05
3.717747361359021161e+05
1.832347917505483492e+05
2.403784462224431918e+05
3.250848317965961178e+05
5.984569172087874031e+05
1.376519155042875209e+05
3.667938590118940920e+05
2.026279631580207206e+05
8.091981894340270665e+05
3.221251337960864184e+05
3.243281902433385840e+05
3.119069754794409382e+05
4.847676319242079626e+05
5.284776169414017349e+05
2.204159270164780319e+05
3.609286578176651616e+06
6.222665386808730545e+04
1.584768335287467577e+06
4.156144197778775706e+05
3.750349629186959355e+05
9.674945495042891707e+05
1.999629012702106265e+05
1.168941565757735632e+06
7.851851851080879569e+05
1.038148417976177298e+06
1.567913600992816828e+04
3.760974025126541383e+05
5.140949997286609141e+05
7.422554486468050163e+05
2.564955674624070816e+05
9.996142306191119133e+04
4.643600325685912976e+05
5.064786614503148303e+04
2.988967733448438812e+05
3.111472765609118142e+04
3.779278045684893732e+05
4.887749942033149418e+05
1.021595875382994534e+06
1.773233999606587167e+05
4.539259897848646506e+05
2.881371308315582428e+04
1.483710387136740028e+05
8.005644211011927109e+04
8.356776837529698387e+05
1.742019953051547054e+05
2.316547738399210502e+05
7.329947738755160244e+05
1.180102690321000060e+06
1.090123891764179803e+06
4.132714234189569834e+05
2.136168291010504472e+05
3.233411152696450008e+05
1.211467027037290391e+06
7.987409849054082297e+05
4.892413639385805582e+05
9.985462597297981847e+04
2.337309714632327668e+05
1.850587703596820938e+05
5.595409274898916192e+04
2.434879768803293700e+05
8.869971977878431790e+04
1.469844904041043774e+05
1.403059925718842715e+05
1.270864393306893995e+06
1.552570220071234740e+06
4.032985264089050470e+05
2.323908074868744588e+05
1.851283021569230827e+06
3.137165937398133101e+05
1.469945966523850220e+05
1.051701560391325271e+06
5.148835948360546026e+05
2.832918449962492450e+05
2.350206718688486435e+05
1.437116683293267561e+05
3.020676472715453128e+05
2.154349465527577850e+05
6.137089214211249491e+05
7.064367013609335991e+05
4.374769609050199506e+05
2.714763391404552851e+06
2.996953833861250896e+05
5.810015062682989810e+04
4.738393764847430284e+05
2.061741598170487443e+06
2.694613978859243216e+05
1.765279161555830215e+05
1.384241722877193941e+06
1.016514347841150244e+06
1.766635852802464506e+05
1.149943639952795929e+05
2.019058885277144436e+05
1.248816420151133789e+05
2.086841500435234047e+05
1.620629935419197718e+05
1.234584414059543487e+05
1.647337049962969322e+05
2.068189587355983094e+05
1.367590378110484744e+05
1.562856404970482690e+06
7.866652620830736123e+05
1.535999890360751597e+05
1.459298573772596428e+06
3.508190078754679998e+05
3.205782255545718363e+05
3.503892339129611501e+05
1.294601062668173399e+05
1.410054490299413374e+04
1.265780231283973437e+06
2.100155980542647012e+05
1.664924831462302245e+05
3.559870184614324826e+05
2.686499259888836532e+05
1.238743754109600995e+05
1.159200339660338359e+06
9.771863519646469504e+05
6.741393046452535782e+05
3.445209464257190120e+05
2.458654406299878610e+05
2.301283154741577455e+05
5.217011742317517928e+04
3.850029052832358866e+05
2.517941383368464303e+05
1.686137126628592086e+05
3.395931859940990107e+05
1.266037527768775763e+05
1.365393015704288147e+06
9.048791442026251461e+05
1.667982043524441251e+05
2.458836414404479729e+05
2.734313395004541962e+05
2.038223205998702615e+05
1.125502803879515501e+06
7.964456225205910159e+05
7.640583401712733321e+05
1.254070100706725847e+06
4.453729181517661782e+05
4.574980841631903313e+05
1.689707548944820155e+04
5.289968385305177653e+05
9.314025771776582405e+04
4.377801141620173003e+05
4.255375833916092524e+05
3.381789364817138761e+06
3.349696033627225552e+05
3.527068387262244505e+04
5.029377734531052993e+05
7.621344529254556983e+04
5.482105270151940931e+04
4.564724995732034440e+05
3.747226131721849088e+05
4.401333424687096704e+04
2.949061077248669462e+05
8.230478037770170486e+05
1.378067220592453668e+05
1.146358842673737556e+06
5.928714551050440641e+05
3.143577707795012393e+05
2.008587588157933787e+05
1.364367129556086613e+06
1.158443441557970829e+06
4.508905363565980806e+05
1.150763983604402049e+06
8.845258675593769294e+04
2.604716151894675102e+06
5.295840151357662398e+05
2.729554539882669924e+05
7.049644027285613447e+03
4.786202590572627378e+05
1.457779112165947445e+05
4.765867409083501552e+05
4.741694024243932217e+05
7.996174322547420161e+05
5.198684916003948310e+05
1.915522216192382621e+05
4.097804380931995693e+05
5.768672824769626604e+05
4.574875265395187307e+05
8.709259030624602456e+05
7.553135390828171512e+04
1.717493730559347023e+05
8.882572760684697423e+05
4.622328901981858653e+05
2.909906791679329704e+06
1.110139159636198456e+05
1.889792520719090942e+06
1.314273320804699790e+06
1.704698369364300161e+05
3.015384797298602760e+06
7.362316596073696855e+05
7.037003405219217530e+04
2.309002190350818448e+06
6.924109346582942642e+06
1.883104413848570781e+06
6.799649176605478860e+05
2.806858746304235538e+05
1.477791387946215924e+06
2.018939965281843906e+05
4.083705619738423848e+05
1.210626227845770045e+05
2.477186814255886129e+05
8.745250288100856123e+05
3.635903140898890560e+05
2.072867126345536963e+05
7.101632090217380319e+05
2.131888469714290986e+05
2.130719005486668029e+05
7.665585082932226360e+05
1.630086713607306592e+05
2.298731688201914949e+05
8.366904687485992326e+04
2.399535448465508816e+05
1.487163144707583822e+06
1.215391114631199744e+05
1.560728129957825513e+04
2.914190370273604640e+05
4.750880434297007159e+05
1.953242919977950223e+05
7.521621847733444883e+04
1.393995490276610653e+05
4.592572324503411073e+05
1.114055706322012702e+06
3.538460687999955553e+04
1.946287523580337875e+05
2.469204059676524048e+04
9.071110806842718739e+05
1.968880365593302122e+05
9.978730225717584835e+05
1.856344776305380743e+06
4.503154750573597266e+05
3.516664709276946814e+04
1.003446642893314012e+06
1.464639557174816728e+05
4.760758433213972021e+05
2.758691127026114846e+05
2.211031456137998612e+04
3.138920604037155863e+05
1.767480848923566518e+05
4.144758531237845309e+05
1.351780336292444961e+06
5.800791715716472827e+05
5.653065022327109473e+05
7.366620659719427349e+05
1.513435707179437159e+05
4.303293331839369785e+04
1.878744956800572691e+05
1.982720129765626625e+05
4.393025092178241466e+05
1.435025784321323736e+05
9.585810050340657472e+04
1.533467502972725488e+05
9.337643874569232576e+05
1.761046979270981159e+06
6.453384847534238361e+05
3.097222933889121850e+04
7.424738620611637598e+05
2.213346527193669695e+06
2.144854436718563375e+05
1.768030393816794385e+05
3.152489096449721255e+05
1.831203760401647014e+04
2.251730010602903494e+05
5.053951986001750338e+05
1.020406133751011337e+06
6.708813854495304986e+04
3.461052041607376304e+04
2.690715181322428398e+05
2.159194078107500682e+05
7.869608610324483598e+05
3.886583006103481748e+05
6.159214001893682871e+05
1.605139551087931613e+05
3.508697192472773022e+05
9.192750637717405334e+04
2.128883689632775204e+05
2.916725785441446933e+05
4.651331664251998300e+05
1.095762492836766876e+06
7.806723884870176335e+03
1.152302504017111147e+06
9.073330550096083898e+05
8.762961196481950174e+04
4.263146718849686295e+04
6.587663211093397695e+04
1.248269263215324318e+05
3.846841602682198754e+03
1.834361965854258742e+05
1.014080604885329958e+05
9.147982764731743373e+05
1.170149312848072732e+06
1.669059658220092824e+05
5.927855550369239645e+05
1.287077897375131724e+05
1.901800910883061006e+05
5.321192851031846367e+05
1.173963660906490870e+06
3.397797125507793971e+05
5.048829888613727526e+05
1.231372167121668754e+05
6.386847203395190445e+04
6.022511725834178505e+05
1.039630088273555855e+06
8.041744417080207495e+04
1.852660437775005994e+05
1.774180443124448066e+05
3.438235534103003010e+04
2.674128668301324942e+05
6.938980696934174921e+04
6.358973265434379573e+04
1.114089080645758804e+05
6.029768265279843035e+04
2.699429820047424073e+04
2.951447511773359147e+05
3.467821491249565152e+05
2.044506400068175572e+05
2.542355828987908317e+05
9.613173304224776803e+05
6.689877913660312770e+05
7.559906507765998831e+05
6.946274886101171141e+05
4.870101908712764853e+05
3.386275739807509235e+05
5.296222415798146976e+05
2.403228346638194125e+04
9.075232586976377061e+05
7.490652144836919615e+05
1.375689493156347657e+06
4.349856688855677494e+05
1.977014640498778550e+06
1.048760988297832198e+06
3.746282025457354030e+05
2.266905666371944244e+05
3.195248524402918410e+05
1.039022121491917060e+05
1.192925640137311530e+04
1.772185124096621003e+05
1.473310408863773919e+05
4.509936594699491397e+05
1.228916715896434151e+06
3.271437094549487229e+05
4.612160288123943028e+05
3.638324931324959616e+05
3.337496376618507202e+05
1.319062640331913717e+06
4.857661392799132154e+05
9.789509334158462007e+05
1.742485507608229236e+05
1.749607721863754792e+06
8.196413248567556730e+05
4.408032883111996925e+05
2.364108401526003145e+05
6.526451806552833878e+05
1.931338436736087024e+05
1.546854685098970367e+05
4.625819966666160035e+05
1.165852339149949403e+05
2.885347891485709697e+05
2.238354941944791470e+06
2.324447760665368987e+05
1.888063106468118960e+06
1.681821695403496778e+04
8.496560769249720033e+04
1.917557673954125028e+06
3.032302296828026883e+06
8.453786137278719980e+04
6.093827621268904768e+05
5.611322355181562016e+05
8.400716506511570187e+05
1.559176910784461943e+05
6.616940696173027391e+05
1.913061692667419848e+05
1.167065988484016852e+05
2.889637883728704765e+05
1.226757126149883494e+06
1.857528366457410739e+05
1.569553953027627897e+06
2.731706182213186912e+04
3.983118079526762012e+05
2.433320847238979768e+05
1.948709949511115556e+05
8.432368313414775766e+05
1.095049211310650426e+05
4.328060515857022838e+05
4.677552907238738262e+05
1.241064764790423214e+06
3.246845592899078620e+05
1.891964310939073039e+05
8.820280835333474679e+05
2.952577651358012808e+05
4.653761877154217218e+05
7.013933437097629067e+05
1.294842151501343615e+05
7.388310075602513098e+04
6.145250484944855561e+05
3.581859722684289445e+05
4.072982616262632073e+05
9.718591184157993121e+04
6.701732252283071284e+04
3.594165032156606321e+05
1.447701444787764922e+05
8.495661624036279682e+04
3.153781824475649046e+05
9.279680170750294346e+05
1.548527578598302207e+05
1.861043795089102117e+06
5.619792336203844752e+05
1.334702514724187786e+06
2.782790621756979381e+05
3.758196121406836901e+05
1.067519623783977877e+05
1.117331232227137953e+05
2.292795850647886982e+05
7.506274368710711133e+04
1.120296304742441134e+05
1.308408499470398296e+06
2.989059173655105988e+05
2.411720594396059460e+05
1.043371259753483318e+05
5.525877846563130151e+05
8.617595130657199479e+04
4.239216595590706565e+05
2.488501979696063790e+05
8.524011416572207236e+04
2.606893131394215161e+05
9.149478721312384005e+04
9.200965978129810537e+04
6.018912862216522917e+05
1.770480183773320459e+05
6.534721459995763144e+05
1.140163248833286343e+06
7.308992826177862007e+05
6.243727402751903719e+04
2.765535113291227608e+05
4.130428463096155319e+05
7.753666025231905223e+04
2.054685096179630782e+05
4.102829669440352591e+05
1.315676828485509381e+06
1.045950859172620578e+06
3.399450936397874262e+06
1.349761305122014310e+05
5.460483578538905131e+05
2.458203875635596924e+05
5.393760810641540447e+05
3.460878050967294723e+06
1.113837065098105522e+05
1.000538744481341448e+06
6.144216353296241723e+05
3.599841781740716659e+06
8.864307566501259571e+05
1.526843415479850490e+06
8.931066941306441731e+04
7.476970455185532046e+04
4.126014796055964543e+05
4.440728960442319512e+05
1.754532638402684359e+06
8.062247529557655798e+05
7.269782805592326913e+05
5.427088458197846776e+05
3.774364954514606507e+05
9.351748371073985472e+05
2.686061836803633487e+05
3.824372616200477351e+05
2.063066776821250678e+05
2.060482320762646152e+06
1.331579172602051869e+06
2.401708708386553335e+05
8.380200968626867689e+04
3.911517940011984319e+05
4.962398164850698086e+05
3.120164531363980495e+05
2.656394891482641106e+05
4.509995909064985462e+05
2.447465903474259656e+06
1.211175209450683760e+05
5.858515527333111822e+04
5.130754857600599644e+04
2.216496028913455375e+05
1.480615684370357078e+06
2.423313341893581674e+05
1.330679218100704718e+06
3.367710473394508008e+06
2.093945589945058746e+05
5.859823108987294836e+05
2.611118639836304646e+04
9.450607800145342480e+05
7.970289337768750265e+05
2.840750089950102847e+05
7.070469041692384053e+05
1.349812571641546965e+05
4.984603485621022992e+05
1.110981552150513045e+06
2.347950492529745097e+05
2.739056653644103208e+05
1.935566207444463216e+05
1.365208149910118431e+06
7.233944777349755168e+04
2.575035316506545350e+05
6.851814023593632737e+05
3.449813208020936232e+06
1.136660798399095802e+05
6.713733382365373836e+04
1.063845544560793089e+06
5.857452799332472496e+05
4.367574040507364407e+04
1.187467162999357060e+04
1.232774536631349474e+05
6.720782694984316186e+04
1.940928391995523416e+05
1.725749586240999633e+05
6.320546742292336421e+05
3.664257319121474284e+05
2.124772608869157848e+05
1.254115101744067579e+04
7.066874253981692018e+05
5.826232577980690985e+04
2.982410681828361703e+05
1.040726832527329243e+05
4.824292957225663704e+05
1.168648927424346766e+05
4.455875554545618797e+04
4.622312192460749066e+05
2.347823082429493079e+05
2.887619810419354122e+06
1.995447561068201903e+05
3.251753265128595522e+05
5.978198553771636398e+03
3.267384839255084516e+05
1.623822816165212542e+06
7.791026151226398360e+04
4.022470911685135798e+05
8.459675472045651404e+05
1.365510912533838069e+06
1.004261371058929508e+05
1.011536732511348382e+05
3.733340804457996855e+05
5.644324366083339555e+05
1.187632653582209896e+05
1.764846336377312255e+05
2.429630885631944402e+05
7.051341941244281770e+04
4.296458940262914257e+04
2.086539161179057264e+05
4.836635492041955877e+04
1.981314529921135982e+05
1.077593425676327664e+06
3.246489357888052109e+04
1.982427640018206148e+05
3.880712612849362631e+04
2.337441297771209385e+06
9.318975533597306639e+04
3.310425268079779344e+05
1.408095786843345966e+06
1.743588362017203355e+06
2.049123774235572491e+05
1.337296546383195091e+05
4.390080192969401367e+06
3.913920761644508457e+05
1.630926496408111416e+06
1.986327043528529757e+05
4.592786467134800478e+04
3.610885954187234165e+05
8.097032171578505950e+04
1.774799804289682361e+05
2.255904765124063008e+06
8.331921313880111557e+05
1.785117709221692930e+05
3.905875733274833183e+05
1.876342036606683105e+05
2.163863844533376396e+06
4.379337469244506065e+04
7.579845410639485344e+05
7.657041386893760646e+05
3.615516609952305444e+05
3.308393802331063780e+05
1.045580735076087760e+06
3.822940658691214630e+05
5.674985595621683169e+05
5.348195638434321882e+04
2.622336720628232579e+05
3.373083792390074232e+05
9.621319122689572396e+04
3.305896384429105092e+05
9.299852663369174115e+05
8.079995426889711234e+04
1.065700952842990868e+06
4.624407476184745319e+05
1.645379141104943585e+06
9.545511769737278519e+04
1.260712031788795430e+05
5.373678783384708222e+05
8.766980211602352210e+04
5.640247427598563954e+05
4.728886379765883903e+05
2.663478886874688396e+04
5.512877097044646507e+05
1.060020779087598930e+05
9.471538547940691933e+04
8.221682471245880006e+05
3.353012566965795704e+05
6.382752076142865699e+05
2.840588905374776223e+05
3.056032282425538142e+04
5.062293694564380567e+05
2.721234082232033252e+05
1.472619078004478361e+05
2.532951912213221658e+06
9.847662630273038521e+05
2.360646694765070279e+05
1.211743675319788279e+06
1.146836524331940338e+06
1.393029328514067456e+06
1.510952921478800417e+05
3.616743680242220289e+05
1.364411946211961331e+05
2.083200598328158725e+06
1.030340418458659784e+06
5.356279140551979654e+05
6.212827480115258368e+04
1.953570038294389960e+05
9.248542623116016330e+04
6.538374368020145921e+05
9.112758582066533563e+03
4.860148926276994753e+05
2.729184875240465626e+05
3.520654139331403421e+05
5.699505809309981996e+05
1.617986568377013085e+06
2.631685813051110599e+05
2.145837765872624877e+05
1.135237572673606453e+06
3.321257045307703665e+05
1.230764972896669206e+05
3.548381965108489967e+05
1.903697631708488043e+05
2.243002690960482287e+05
3.358585445565354894e+05
4.138797090995506151e+05
1.174697016492917464e+05
2.483569720645600755e+05
1.119061222972783289e+05
4.893145732201582869e+05
7.984387647274087649e+05
1.503675494477847824e+05
4.186153054271978908e+05
1.078730730559744174e+06
9.703270242196749314e+04
5.590323499641413800e+05
1.203864941165917116e+05
9.203104248799494235e+04
7.082740286094810581e+05
1.257966726400736952e+06
3.178516149329517502e+05
3.135484775617952109e+05
7.010710815929100499e+04
4.016017204859292251e+05
5.361126463255579583e+05
7.179297477244485635e+05
7.996207315365910763e+05
2.074791140627893910e+05
4.100453112238072790e+06
2.439378192241713870e+06
3.525455549737469992e+05
1.811081581842345768e+05
1.326590723610586429e+05
1.876346953986271983e+05
1.439268074124210943e+04
4.949012389055363019e+05
9.545164276516826358e+05
4.189640262287990190e+05
7.927029324286582414e+04
1.279778268603981269e+05
3.707755282022428582e+05
1.482624392085881904e+06
4.581017271146448911e+04
1.010555346828412730e+05
1.923871022051431937e+05
7.006336091023369227e+05
1.392335658445721492e+05
1.927637955135556869e+06
1.281007269320584601e+05
4.768395463542965008e+05
1.224475384894205956e+06
1.754905464479830349e+06
2.123311807948550559e+05
3.684059217920414521e+05
3.356245904405436013e+05
3.716702029122713720e+05
1.380993485070124734e+06
3.528399207105791429e+05
8.127215880327227933e+04
4.223794319730335701e+04
1.071306501404912211e+06
7.303473295424067182e+05
2.433760543960713316e+06
1.045007958631160436e+05
1.964384201281107380e+05
6.398763822703486221e+04
8.767482325621409109e+04
1.860142787490336050e+05
3.344084090017657727e+05
2.879901156071216246e+04
3.386471257798520382e+05
9.432890245751474868e+04
2.246128123173512053e+06
2.278556386649006163e+05
9.415260029394259909e+05
1.251023999348644429e+05
1.187626455888368655e+06
7.684533775110323040e+04
7.295842607951155514e+04
1.076295626909404295e+06
1.206126821891393338e+05
1.365325765344702522e+05
1.476550244427981554e+06
1.068175489591691148e+05
2.181386535471811076e+05
4.712843061451364338e+04
3.128368063383821282e+05
4.382339945640685619e+05
4.650861491804979159e+05
3.626535842693239101e+05
5.506808902169538196e+05
7.911079871947652427e+05
2.301566397548628447e+05
4.187511625727980281e+05
2.699842290517767542e+05
1.238070527633071411e+06
9.347035056228383910e+05
7.643737795804273628e+04
5.877598135582345538e+06
2.735559836130271287e+04
4.726897166903788457e+05
1.221717719095322900e+04
9.893104833988071186e+05
1.089210944909657992e+05
8.632435312478384003e+05
3.236246565817546216e+05
4.364181859176028956e+04
1.563760825611371838e+05
1.480076596849970752e+06
4.672356930540575995e+05
3.956796002680730307e+05
7.121102690428450005e+05
2.439923233981530939e+05
3.487932617837414145e+05
3.630041758240509080e+05
1.239807335586960689e+05
4.519760662585994578e+05
2.466753093242054165e+05
1.127697003663060168e+05
2.019513913254733779e+05
3.762074792268158635e+05
7.738349070965540886e+04
1.049365628011760302e+06
2.655024886145866010e+06
2.188063869773187325e+05
5.857244737176924536e+04
6.887166109334564535e+05
8.737384237079728337e+04
8.933012586946543888e+04
3.000066401721775183e+05
2.607684096975851862e+05
9.505839705218876479e+05
1.190259421193745511e+05
9.280067233385827858e+05
2.017194696091312508e+05
8.956809655885335524e+05
2.238761445095265663e+04
5.149424042018505279e+05
2.611135655732912943e+06
4.927245683333228226e+05
1.439321298023327254e+05
1.450236717895480106e+05
3.707532708922771271e+05
2.566095159093737602e+05
1.097474931037065253e+05
7.628434950220667815e+04
3.080122293038024218e+05
3.335606832399700652e+05
3.361519226995653589e+05
9.139125777029128512e+05
1.626535415720283752e+06
3.343061965519820224e+05
9.033419151004294690e+04
5.029057993443340820e+04
3.151777782130367123e+05
6.888044566446610261e+05
8.531970613919662719e+04
3.898623310895314353e+04
5.081532189586065215e+04
3.161140016395117273e+05
3.133274630787155475e+05
5.485240500883306377e+05
4.486016673398869461e+05
1.129531572210672777e+06
1.354299185165186180e+06
1.068602430119327473e+05
1.401204530467348195e+04
4.592113288031194359e+06
1.185057373718749732e+06
3.287820632569498266e+05
2.679358194973726058e+05
1.221384349465342093e+05
1.223048751427244628e+06
3.134420605876687114e+04
1.997388463409669464e+06
1.020348372501483682e+05
3.427926724582492607e+05
9.127296808204085100e+05
7.691259317558923503e+05
4.238653120405309019e+05
3.768867707329546101e+05
1.600816471513865108e+05
1.493162336545815691e+06
2.869228107493522111e+05
3.357725257640874588e+03
3.372779570038671955e+05
7.524234233384172512e+03
3.250652683684352087e+05
1.415938285947909753e+05
2.576391027398885053e+05
1.339455522556568612e+05
1.012122493683102308e+06
5.663625146390086738e+05
1.195327949037847575e+06
1.015027602604799613e+05
2.588199237480049487e+05
2.512634549404501158e+05
3.317922096025407081e+05
1.379793797725847224e+06
1.185583255862184567e+06
5.946778156635017367e+05
5.918789193920315010e+05
1.327741520175734302e+06
4.281552129275134212e+04
1.833852816607849963e+05
1.278594329341397097e+05
1.297302818675903109e+05
9.433058936890250770e+05
7.701026735265202296e+04
2.155579809667446534e+04
5.630921958657339565e+04
1.471576626405844872e+05
1.814821147549191955e+05
1.865274528398122930e+05
3.020353823375068023e+05
1.145200814985480858e+06
3.204701430773143657e+05
8.474582754099727608e+05
2.806828003775912803e+05
6.862123346483812202e+04
1.078217366423132626e+05
1.073572347572610015e+06
7.035818855273227200e+03
3.949027493679969921e+05
4.038766502425089129e+05
7.150633051176067966e+04
1.096544512096982449e+06
1.488528815325630712e+05
3.309116354907890200e+05
5.851640402471284615e+05
2.077717875098717341e+05
2.339836954104960896e+05
1.572415919963210355e+06
6.099463286639592610e+06
2.243131079153063183e+05
2.975826218003996182e+05
6.391490238822287647e+05
1.430381541662036034e+05
2.818033314553196076e+06
1.185494399313435279e+05
4.274899867864667322e+05
6.565572265775448177e+05
2.638337931962175644e+05
3.319856798950398224e+05
1.439621266687394585e+06
5.172925047091476736e+05
2.045843396484988974e+06
3.048306527879122877e+05
1.803296367819998995e+05
4.290686118646333925e+05
4.127576911183158401e+06
1.157512636189573677e+06
2.525750370934591629e+06
3.299160484100715839e+05
7.248459147857996868e+04
3.392581922525850241e+05
8.445959894435761962e+05
1.072058536066853703e+05
2.897351767948762281e+05
1.975478980154114077e+06
3.404294762843730859e+05
3.802232472492376110e+04
7.379359561746077379e+05
1.643908351206787862e+06
7.734023808654946042e+05
7.691738059038995998e+05
1.808577473763570597e+05
8.455471921662609384e+04
1.503741845519546187e+05
1.355683971251546609e+04
1.082741424817639403e+06
3.000006947938851081e+05
6.978213277645459166e+05
1.691743917033394100e+05
6.908134347485104809e+05
1.110850538290616358e+06
5.166530349804286961e+05
1.143047670631027722e+05
2.184360731028514856e+05
5.166055436440746416e+05
2.021054132834346456e+04
9.275742057002204238e+05
1.259756433231690753e+05
3.208309672073884867e+05
5.623040266275044996e+05
1.257315561831815721e+05
1.051007434581883252e+06
2.186165412099706940e+06
1.074900179894551839e+05
9.946222727309458423e+04
5.328505460927771637e+05
6.472928075347439153e+05
1.557155318244189257e+05
2.160367965891431959e+05
4.928836549382554222e+04
1.062622029147283756e+05
6.368492610920392326e+04
6.141905741957821010e+04
6.420885588725846901e+04
1.634471418236399069e+06
1.966546701148248278e+06
1.771240367468624754e+04
1.749248927473335760e+06
1.036466489237707807e+06
1.910926189789328491e+05
9.026835390372197144e+05
2.036353906450944487e+04
6.381383598891046131e+05
2.584106869654689799e+05
2.515467811549605394e+05
1.850379462341469014e+06
7.671206339458856382e+04
6.467256326259722118e+04
3.574555405258181854e+05
3.622399198282633006e+04
3.023537023296076222e+05
6.172395574981920654e+05
4.767543331855586730e+05
2.652259629294637125e+05
3.854707963276298251e+05
2.293315354000701918e+05
2.536351404572130647e+06
2.188809372500568279e+05
6.929384039402143389e+04
6.289456101820298936e+05
3.083480756767136627e+05
2.998353582585689146e+05
2.426458667222779331e+04
1.824794618774229893e+05
6.608110961079270055e+04
1.260658085252083256e+05
2.447538777553064865e+05
4.115584130909985979e+05
1.905779490105978039e+05
2.942181272572822054e+05
6.370857483509777812e+05
8.073762173408595845e+04
7.878025276768844342e+05
8.950858078884139104e+03
4.838846825593092362e+05
9.689251525977068814e+05
8.631266291029797867e+05
5.855226146890386008e+05
6.895557097952070180e+05
1.448470843771322106e+05
2.390733168284350540e+05
1.877585810610950459e+06
7.382449503962646704e+05
2.247329645252922783e+05
1.877322297988472274e+06
1.821055628379289556e+04
3.005180051037615049e+05
2.385597634902864229e+05
2.038551767839035951e+06
1.218103879844743351e+05
1.358652531122094078e+05
4.246979898826340213e+05
6.396612157441055169e+05
6.473305634070005035e+05
5.040274261059617274e+05
7.493054285657764412e+05
3.827837868414049735e+05
9.796069382663349388e+05
9.180374748053033836e+05
2.552592320662791608e+05
1.981149881843567709e+05
1.248810275210016553e+05
5.119851750665936852e+05
1.305151054482353065e+05
3.809576220029929536e+05
1.175990632612794434e+05
1.226783982152102253e+05
2.020252568536133622e+05
4.066447859490928240e+05
5.028345346266606357e+05
2.518439762029516860e+05
6.327498800107590796e+04
2.219464337252858677e+05
1.016671558976941305e+05
4.675621098684452591e+05
6.176779357419322478e+05
3.145247467662902200e+05
4.183654689486871008e+06
1.441048166688116034e+06
4.510636908843317651e+05
4.192596776932656649e+05
1.784273741594729654e+05
1.522319721212746808e+06
3.609651943772068480e+05
7.539205191467454424e+05
9.236952366421251791e+05
2.257197351382937341e+05
1.702507536722682125e+05
2.501854107905690034e+05
2.880177557107318426e+05
7.243716352942140074e+05
4.517813683225894347e+05
5.573615093971593888e+04
7.269091287871391978e+05
1.334204151499631989e+05
2.259065039786781126e+05
4.599232897428738070e+05
1.684580411178376817e+05
1.831898700441402150e+06
2.958416106471358216e+05
3.808205218113339506e+05
1.414615092757975508e+05
5.813463637313708896e+05
7.785621579471547157e+05
7.195065437774212332e+05
6.100536988077166025e+05
1.396125642052254640e+06
7.606959241179095116e+05
1.113989782173443236e+05
2.858035064399069524e+05
1.172416249372671591e+06
9.131347865784617607e+05
5.005286291192595381e+05
3.736160330405401182e+05
3.555889194278108771e+05
2.649973324717300711e+05
4.183474931825633161e+06
3.478061928482912481e+05
1.083234228251956811e+05
2.556113323427966388e+05
1.371285996921228711e+06
7.096658759790360637e+04
1.922539859957829467e+05
4.222096809383177897e+05
3.867679078045777860e+05
9.284013725475597312e+04
2.448252005870543420e+06
3.212456117931858753e+05
5.575322741239477182e+05
5.577156172750294209e+05
1.034364944399668166e+05
1.336679909858487081e+05
3.022267554717463208e+05
2.643088240534188808e+05
2.640931413783827797e+06
5.869483000231821788e+05
4.849886286834184284e+04
4.124772939174104249e+05
2.708407265807095609e+04
1.278903321938323788e+06
3.962302100421099458e+05
6.922412169364534202e+04
6.039107492543547414e+04
1.727421794844595715e+06
4.837082660019087052e+04
5.108101946696206141e+04
8.124252093896375736e+05
1.999095568397205207e+05
7.110300296446591383e+05
3.174542992636107956e+05
1.574653863102187461e+05
1.708745375887186092e+05
1.168839921706808032e+06
6.079232337647423265e+04
3.772452614873338607e+05
5.181017211547569605e+05
2.354405211292960157e+05
1.102427377787714358e+05
1.856236499521091580e+06
1.784989504845996271e+05
1.055837211816975381e+06
5.517424505708693760e+05
2.069948178076907934e+05
1.055438312684527365e+06
5.223481603959503263e+04
5.193008147121007787e+05
4.069096403144816286e+05
2.337032494763793948e+05
1.464029881022225833e+06
1.701541679057969595e+05
2.750680767615248449e+06
5.290554243040346773e+05
7.317559614949657116e+05
3.525178591044458095e+06
2.552233209119910607e+05
1.591955338551995810e+05
5.753229352537490195e+05
3.125300305486993748e+05
4.473327643028462189e+05
1.391510681600000535e+05
2.148822562403778720e+05
1.108989109782643936e+05
2.593780489959324768e+05
8.869960947397924028e+05
5.940602407483691350e+05
4.020424587032475974e+05
6.072096328429895220e+05
1.530856519241311180e+05
2.303547484181123218e+04
1.025759280700825737e+06
2.063071294315345294e+05
6.371400955680056359e+04
7.307180188117752550e+05
3.170442665431134519e+05
5.818600472457063152e+05
5.745545374961089110e+05
1.649496152353192156e+05
1.105917803537782282e+06
7.385196644356644247e+05
1.049874776193676051e+06
1.133892979754409520e+06
4.229752613690206199e+05
4.484112018222413608e+05
6.241156047651631525e+05
1.133738913131324516e+05
1.604199812108119368e+05
2.335795265867948765e+05
3.020100244628873770e+05
1.839175533195247772e+04
4.240565642442897661e+05
1.493875997418876505e+05
4.932956474784987513e+05
1.355390850699309376e+05
6.088149641113352263e+05
2.217504279820150114e+05
1.372120421644437592e+06
1.172220174348892644e+06
4.637401085302387946e+05
4.917087200835146941e+05
6.492984001311718021e+05
4.863979807917806320e+05
3.654010808782150852e+05
1.369329948031360982e+06
4.664513139706005342e+06
3.577352114430253860e+05
1.201361665682811057e+06
1.927727039052858527e+04
4.722014854592409392e+04
4.712370588629893027e+06
5.634855990992009174e+05
2.221456298570814834e+05
2.539353736263598315e+06
6.520966824235356762e+04
2.076983562716940942e+05
6.082980894134248956e+03
8.723727074575128790e+04
7.677955161424441030e+05
1.340054724520714080e+05
6.567436445873255143e+05
6.226876402162813611e+04
5.848073476656638086e+05
2.600491860823910611e+04
3.347319890567488619e+05
1.984551439472232305e+05
7.066473852765505435e+05
1.086977188018281246e+06
1.706305931165233487e+05
5.515608908418633509e+05
1.846807404485979932e+05
5.911159979484954849e+06
2.358378009714423752e+04
5.807612247310028033e+04
9.143427334837822127e+04
2.099656122302667645e+05
8.711815063775995804e+04
3.027299104551497148e+05
2.805825392425151585e+04
3.273076265553120757e+05
1.537168486515500816e+06
1.579267125789252808e+06
3.968049612526614801e+05
1.304367245426562877e+05
2.405649937333783600e+06
3.986631817426290363e+05
7.727886861976393266e+05
1.381636810718584748e+05
5.429396048005470220e+04
1.200623648829166545e+06
6.796705934513199609e+05
3.534711416163522517e+05
1.484690078804445919e+06
2.739831980649652542e+05
2.265565973342045210e+06
1.251370713209090987e+06
6.705284380918039824e+04
8.564783415665068896e+05
3.753377125091362395e+05
5.790182053818356944e+05
1.262845308664459735e+06
2.350905465860443655e+05
1.054129645799592370e+06
2.090731054926416255e+05
5.539847170633011265e+05
5.016773478229723696e+04
8.369394552710575226e+04
2.102760053121335295e+04
2.725738527686904650e+06
3.365831246978583658e+04
9.417302657388827065e+05
8.214820273303373251e+05
3.502249447215571417e+05
2.912067177469535964e+05
4.050945167766462691e+04
1.671964446911185281e+06
5.344648802094171697e+04
3.133856577332391753e+05
3.224188789049918996e+05
2.305596832060161978e+05
1.203649615207360359e+06
2.119966999465713277e+06
9.469889579843461979e+05
1.385178854245187904e+04
6.242973561464090599e+05
1.256418706665973645e+06
3.322843626860331278e+05
3.067842316442021547e+04
4.143455592083189986e+05
1.352405560375961708e+06
7.171197321605670732e+05
4.701991174091491848e+04
4.224013241391116753e+05
7.030119621749828802e+05
1.737822699288320146e+05
8.550331916862598155e+05
4.162035859077796922e+05
1.126498325790896546e+06
2.823482394512385945e+05
1.326781045942119672e+05
2.355681951144109771e+05
1.479068938522371718e+04
3.021343379447701736e+05
1.325531789924288460e+05
1.259179471446916927e+06
1.657362484804583073e+04
1.497433753955516731e+05
6.700913040847001830e+05
3.688217262811781256e+05
4.878558533513441216e+05
2.417081968526065175e+05
4.901025581259364844e+05
4.662336402170063229e+05
9.774014448912756052e+05
6.010155453480820870e+05
1.168590853529947199e+05
3.143122417552559054e+05
5.606994955343166366e+05
5.353146112009526696e+05
2.740764373708101921e+05
8.292798243922473921e+04
9.890007193181097973e+05
9.502250545046220941e+04
5.343357671415583463e+05
2.432123603201080114e+06
1.193083406766728440e+05
4.704563068258968415e+05
2.745671624283657293e+05
3.044958060145393829e+05
3.984235881652678654e+04
1.237385196316833317e+05
4.250427235149312182e+05
3.920417211585701443e+05
1.412888258053416794e+05
4.108668634032635600e+04
8.236002185607507126e+05
5.042217810682030395e+05
1.151744829731042497e+06
9.778520536445570178e+05
1.843371689678522525e+05
4.334708447869135998e+05
9.738559251396739855e+05
1.704777954908302927e+05
1.039400273592154990e+05
6.256223424220578745e+05
1.812777261428468046e+05
2.754730667029602919e+05
4.266704179214096512e+05
7.408349585012684111e+05
2.877962292600119254e+05
1.749782703691239658e+04
3.227586591025347007e+05
3.121898914156046812e+05
1.216445718549882760e+06
1.132287253669985337e+06
3.317639196639785659e+05
4.500822297376218485e+05
3.041901555017130449e+06
7.205166851498864125e+05
5.787559446852607653e+05
1.068786738624793710e+06
3.113529742199867032e+05
8.078400856389354449e+05
1.326885975870516268e+05
1.764403253379326197e+05
9.531125550341170747e+05
4.397208360869929893e+05
8.719447688655809907e+04
1.963421503033201152e+05
1.420913291565759107e+06
2.108065973485403520e+05
1.080166745571659645e+06
2.415575928517515713e+05
9.316672331963149190e+04
1.177362784021503059e+06
2.921536245982412365e+05
2.062245214043805317e+05
1.330709144384957326e+05
5.881184353656399762e+05
1.515133930416848743e+05
3.050809397941350835e+04
3.261655714608863345e+05
5.450846236395845335e+04
2.937025242050522356e+05
3.399302789289930952e+05
2.713631209921325790e+05
5.447921501212720759e+05
3.138787524886763422e+05
7.799442545470460027e+04
5.439900609007880557e+05
2.392584815174542891e+05
2.455128551203944371e+05
1.994436927680434601e+05
9.667950402699926053e+04
8.134759828071692027e+05
7.273194671009533340e+05
2.442052270435630926e+05
2.207021362695328135e+05
2.515856551397713192e+05
8.566594231030825540e+03
5.549353507026132866e+04
3.556256048610716243e+05
1.519109411440253491e+06
5.755609485081022285e+04
3.122212723007544409e+05
1.505318480467137997e+05
5.828706992000692117e+04
7.186890072153043002e+05
3.338872988894479349e+05
5.808083449997330317e+05
2.800489929298107745e+05
7.932740673645440256e+05
4.670702321670681122e+05
2.741278972612106591e+05
8.047072234515772434e+05
1.218683680894181016e+05
2.399587469432268990e+05
1.636676161171951389e+05
3.631229700123441871e+05
4.009692215645519900e+04
3.023621061436395976e+05
1.050855096050799359e+06
2.529018124449660536e+05
1.933138996648520231e+06
6.182409365343147656e+05
1.193676503147031472e+05
3.838998028397166636e+06
4.176634755388295162e+05
5.658443762290161103e+05
3.645264609121258836e+05
6.226306478591468185e+05
2.721667651156836655e+05
5.888928905942281708e+05
4.993976093774713227e+05
1.776593964911555639e+06
1.998890224604831019e+05
2.673615234853527509e+05
5.560865349145462969e+05
4.365178833961342461e+05
3.797702937561976723e+05
1.800583486815326614e+05
2.512203430583862646e+05
5.018366504687006236e+05
8.116069231268935255e+04
1.108602711720988736e+05
1.515969867892714683e+06
9.438535614422123763e+04
6.836684462957289070e+05
1.333484684072941891e+05
5.983401459051857237e+05
4.562513825156861567e+05
9.079625588294888439e+04
5.832476823372025974e+05
1.666367444312803564e+05
5.597847137905587442e+04
4.475535950840743026e+05
4.589688426088906708e+05
4.729458413345271256e+05
6.372320502579499735e+05
7.255781674417970935e+05
5.139021898375843884e+05
4.266217929357250687e+05
3.970394406882392359e+05
3.876661333439841983e+05
1.227099036222274881e+06
7.778333370883367024e+05
3.242628061050696997e+05
4.978452245396051148e+04
1.291750929991342127e+05
2.757445018154932768e+05
1.511909882599626144e+05
5.801086261301804334e+06
5.421829751383095281e+05
1.011732945405789651e+05
1.862830746808025870e+05
1.869274741398644692e+05
5.838567007693755440e+05
6.764929616643092595e+05
4.712432279310597805e+05
6.255264350641008932e+05
9.452343608250176476e+04
1.707040724100393418e+05
8.755180213206956978e+03
3.665118229766416480e+05
7.157967360427073436e+04
7.901135665164180682e+04
1.723855707738414640e+04
1.383348564327653497e+06
4.360721578350829659e+05
2.628259201143515529e+05
1.457180275493779685e+06
1.135754118233856745e+06
6.975126594361450989e+05
5.888593932334481506e+05
2.271828152946232585e+05
8.743520695140126918e+04
3.889355717102347262e+04
1.594806318101145094e+06
7.131509001190146664e+05
4.913047389197340817e+04
7.838260285349970218e+05
2.209944635246344551e+05
7.578669334712074487e+04
5.896392769728840358e+04
5.059444516491734539e+05
2.765115323437118786e+05
4.946240665410667425e+05
7.146009867513052886e+05
5.282878264977744548e+05
1.982078604645462183e+05
2.695710957337467116e+05
8.533511210394052323e+05
8.931677969019836746e+04
2.209169103359567525e+05
6.557525261155071203e+05
2.962536690526952967e+06
8.179647045467131647e+03
4.002404295043350430e+05
1.790677125808612036e+05
5.633945265365061350e+05
1.652578485658975784e+06
3.254034263993338682e+05
1.621075413166811690e+06
3.942985868069185526e+05
5.933814471515636251e+04
1.825367502493476495e+06
2.015624534796444932e+05
2.280348299701081123e+06
1.028611980665090145e+06
7.305704218942596344e+05
5.198663514939666493e+05
4.981692571005267091e+05
4.694866868238096358e+05
1.800576601079588290e+05
2.742149553425037302e+06
1.025906166550178168e+05
1.728488979480474081e+05
1.476767200369116617e+06
3.829907149359519826e+04
8.564819810687101563e+04
3.544678534748795209e+05
1.146460959449715156e+05
4.226663606651276350e+05
5.754937331121560419e+05
2.720380388140421710e+05
5.028116177702787099e+05
3.744158884507533367e+04
6.654582947517060675e+05
2.811387788000793444e+04
1.206907843118228338e+05
1.253398965904407814e+05
1.893002045427832636e+05
