1.213583563177417236e+05
2.761342487361837993e+05
1.099594040727295680e+06
3.424510292185891885e+05
8.428324760857329238e+04
1.330094260634483653e+05
3.236607128045827849e+05
1.641318956438103669e+03
2.118211794597255648e+05
1.286393140969073167e+06
5.290658433500809770e+04
1.200388774284282408e+05
1.330223351205474231e+06
6.525599325677201850e+05
7.188264203119333833e+05
2.640713236014446011e+05
1.074604855659689492e+05
1.286057239503339806e+05
1.442889304589519044e+06
2.877545593904727721e+05
2.816187337624547072e+05
4.808940715065010008e+05
3.503120514509377535e+05
1.605666702570811030e+05
9.804950959642037924e+04
1.836083873977039184e+05
3.205289299306134126e+04
4.625393600617730408e+05
3.031329967056713649e+05
2.163657414787062444e+05
5.615110483952873619e+05
1.981672113374922192e+05
1.711391085631581664e+05
2.672140288328800234e+05
2.384164012628901401e+05
2.101814868775127979e+05
1.138861198014697758e+06
1.957813429899047478e+05
2.010053210306664405e+05
1.398918373201218856e+04
7.603532782722574193e+05
2.044266417086361907e+05
1.920020985583287897e+06
1.374103774113650725e+05
2.354347960295799712e+05
2.058139303000047104e+06
2.325661869993845467e+05
1.157219038707550353e+05
2.532792497722044936e+05
2.495265530316132936e+04
3.280118047264939523e+05
2.760230994145588484e+05
5.056776165343762841e+05
4.625085279993523727e+05
3.460216911593222176e+04
8.044135412928299047e+05
1.872962194103759830e+05
1.556542356101912737e+05
5.036337182674209180e+04
5.212269512677717721e+05
4.893087380379423121e+04
9.797806631019873021e+04
1.327863505391855142e+05
8.589006398815305438e+05
8.119620099242967262e+04
4.784792514308223035e+05
4.139348575944741606e+04
1.159336418260888750e+05
9.185518113057342125e+05
5.827739370005871024e+04
3.889159658824558370e+06
1.448199930857760366e+06
1.301222971304687380e+05
1.728214774642871052e+05
6.636074808372019324e+05
6.492583266296830261e+05
8.051269330342937028e+05
1.798775118834449095e+05
1.280042033984499518e+06
6.548423922964402474e+06
8.796416071940142501e+03
2.805579090301520773e+05
3.849719330332944810e+04
1.974553025551071856e+06
3.102604754284293740e+05
5.055253636942494777e+05
2.409149397957276960e+05
7.987313944038251648e+05
5.401395607673726045e+05
1.195935008007048746e+05
3.789865052950804238e+05
6.873713778662696714e+05
1.549052473277753743e+05
5.061118033457664424e+05
8.851947494881137391e+04
8.509566396163617028e+05
6.165382681470304960e+05
3.281872795282570878e+05
7.681434197993610724e+03
1.760771310166009353e+05
2.059558651442628470e+05
6.318864006040159438e+04
2.125473217386327684e+06
8.579773263164043892e+05
1.720439927864047000e+06
8.015912839498941321e+05
1.127890639047859149e+05
6.111203349667364964e+05
4.231284913831711310e+04
8.685581870633558719e+04
9.002407744179314468e+05
1.362839287834690185e+05
3.238090326644578017e+05
1.510170283609828912e+06
2.910061420111132320e+06
4.387234421572563588e+05
4.144998408269073698e+05
7.477875074547203258e+04
7.766873065562279953e+04
1.254934516802476137e+05
6.099644857279458083e+05
5.790666313546203128e+03
7.991387872798320313e+04
2.383372424969331478e+05
1.340366204551368719e+06
3.970338189079407603e+05
1.544968010183815204e+05
1.063030828732121445e+05
2.384395094353622990e+05
1.965027622201359482e+05
1.436747178524343763e+06
1.189797977925085463e+06
4.168115104613081785e+05
2.462617097956578247e+06
4.562549668802923989e+05
6.681899672354863724e+05
2.591657609591119108e+05
3.905586564237677958e+05
1.623173810443391267e+04
2.014908149247605761e+05
2.406920903028900793e+05
7.591699137291929219e+05
2.254305104112981353e+05
1.068093290035887185e+05
2.012641159544301918e+05
7.201462270285631530e+04
1.800712101626849733e+06
4.918622527965381742e+05
7.837352600240589527e+04
1.778275853965626738e+05
8.684251608584250789e+04
4.654559434405730281e+04
2.889231365450901212e+05
4.254387843500808231e+05
8.182263366215259302e+05
2.823814557704422041e+05
3.367320088923227740e+05
8.999986650055342761e+04
3.005374597196209943e+05
4.483148904187814915e+05
4.521719370004339144e+05
1.026682069368064287e+06
1.098937172575531586e+05
8.818168387361924397e+04
7.869511748960384866e+05
1.148185701387801673e+06
1.322835083932704583e+05
6.714122483032471791e+04
2.456130361547839711e+05
1.042802692721807980e+06
2.345480700071242609e+04
1.375188891439638392e+05
1.597268422311289178e+05
1.044226043484789625e+04
4.614992472052723751e+05
2.053809651900569152e+05
2.542097454889788351e+05
4.034682253944852273e+05
7.817853682521969313e+04
4.231510087415103335e+05
6.153851916002382059e+05
4.429412542529427446e+05
1.960890600266433903e+05
7.298502568884929642e+05
6.263486730784901883e+05
7.422303456045519561e+05
2.675891113792537362e+05
1.684992125664772466e+06
3.304524595762573153e+04
1.949706770102877927e+05
2.365561109654532280e+06
1.677028859637234418e+05
6.121397761884898646e+05
1.556072794728388253e+05
1.667464498936206510e+05
2.506114285536012321e+05
8.312095445892253192e+05
2.803037421257809037e+05
7.991807568671673653e+04
7.002454014500067569e+04
1.328769493202354352e+05
3.581577237644737470e+05
8.192894086773992749e+05
3.808115050336848362e+05
1.984995645740600303e+05
3.189966640408549458e+06
1.902230957684620516e+05
3.845006157357344055e+05
7.288896658388464712e+05
3.427710597160223988e+05
4.333187404833913897e+05
5.969786516491987277e+05
1.953709038068993948e+06
2.006178246462391107e+05
2.825218090958398170e+04
4.167597475275083561e+05
1.091717143615469831e+05
6.711924181799030339e+04
4.050593214688862790e+05
2.001566789881976787e+06
6.068174589248071425e+05
7.464435365913288479e+03
6.998262540340663400e+05
6.305894125455886824e+05
8.292805701780509844e+04
1.900876599025437899e+05
7.992584343284163624e+05
1.810051086279511583e+04
7.579263014491206268e+05
3.234409749831632245e+06
3.870702031875522225e+05
9.955546155453720130e+05
4.875057825696554966e+06
3.487260362092906144e+05
3.165838667313612532e+05
4.761842621057891520e+05
4.674385508690485731e+05
9.282416401553446194e+05
5.039101207569490653e+05
3.645427029379803571e+05
3.732280377815378015e+05
5.063659795378794079e+05
1.065195672599959944e+05
2.439739097679347833e+04
1.401581311330272583e+05
1.341387932884480106e+05
8.283542496834687190e+05
9.381912808657641290e+05
2.456533867128143029e+05
1.645519880477210099e+05
2.584442107036371599e+05
1.958658113426972996e+05
1.767934331456666987e+05
4.109454848416246241e+05
1.877016101588384190e+05
7.857738911763275973e+04
1.585262423120186431e+05
1.309562016010336083e+05
9.755602323861694895e+05
1.188446844064559409e+05
6.098036371755483560e+05
3.286955895344476448e+05
1.382304394384337356e+05
1.496499197484520264e+05
3.617651544577989844e+05
4.143598072181654279e+05
2.275605829414061445e+05
2.987829126835379866e+05
9.480150724464767845e+05
2.273957079458240769e+05
2.589456560899838223e+05
7.269788971933387074e+03
8.675844998897489859e+05
4.613671941920552636e+05
1.166029634410219267e+06
1.895123322298076237e+05
1.236084177015705209e+05
3.733703512964184629e+05
3.583621959435777389e+05
7.916220394549813354e+05
4.048623025337520521e+06
3.556291396153029636e+05
1.187306826348454691e+06
3.002517326133938041e+05
3.211685736484537483e+05
7.638273917054103222e+05
4.424129367090438027e+05
2.082072762644152390e+06
1.976991583826508431e+05
1.444755743391804572e+05
1.623066128787829657e+05
7.032782604076576536e+04
3.583168638295955025e+05
4.502481315340962610e+05
5.601569848940620432e+05
4.511979567616715212e+05
1.636730353284736921e+05
3.567342719535465585e+04
1.422133171319931746e+06
6.413896564426171826e+05
4.299255199296709034e+05
1.221649099120543688e+05
5.551136647958613466e+05
4.867370743955200305e+05
2.098377940516229719e+06
6.148571345737400698e+05
1.837202905459582107e+05
4.007746320854923106e+05
5.059444650870491751e+05
7.325559068768486031e+04
5.696119317215267802e+05
1.042017650421259226e+06
2.261575855407905299e+06
2.642891005636039772e+05
2.721921494368549902e+05
1.632363877555360668e+05
3.513373878841582919e+05
1.151360833388934261e+05
5.568180892450221108e+03
8.231803623684004415e+05
2.142692531670882017e+05
2.150464425899460912e+05
7.116152031894151878e+04
3.426393236511439318e+05
7.512640947034271085e+04
1.375137262821814278e+06
6.485022290145200677e+05
2.912101268806807930e+05
1.545088602910401532e+05
4.203292608830533572e+05
3.667565865734728286e+05
1.705540939875531476e+05
3.144370154266289901e+05
5.286590506466233637e+05
1.539882196052282816e+05
3.094264437187186559e+05
1.160218808474769612e+05
2.058532170557303834e+04
1.136635384456309112e+05
4.167043419943386689e+05
3.371451182344950503e+05
5.791504846006602747e+05
1.355642762014543987e+05
5.566385059789831284e+05
3.393485780676472932e+05
4.747180242173042498e+05
6.208160789783315704e+04
1.041392606766762619e+05
4.660714327455394086e+05
2.951911650197867770e+06
2.510203910012632259e+05
4.043703537234485848e+05
3.111017833127958584e+05
6.714915654868015554e+04
1.163057629224473203e+05
1.785146652644342103e+05
1.420701106760071358e+06
2.869467035523704835e+05
1.149372532005459216e+05
7.017597103506390704e+04
7.957227241401390638e+05
1.256794447505905526e+06
8.011712238425668329e+04
9.815865850290904054e+05
1.311945241223632765e+05
3.598214714624208282e+05
3.645156854793205275e+05
1.032453615566204069e+06
1.550016511467747390e+06
8.952463247570260137e+03
5.286129997023142641e+05
4.414029704057978815e+05
2.483169368447073794e+05
1.917092238652883389e+05
1.368171843668642687e+05
5.828700621964177844e+04
7.244412392412526533e+05
1.997642634965775942e+05
3.067019260999828693e+05
2.704436031801837962e+05
6.561037160487253277e+04
1.327007040069997776e+06
2.064538432308912161e+05
3.104075418144579089e+04
1.966084093844922958e+06
1.213676304556863033e+05
7.278995186230725085e+04
2.762666451979681733e+05
2.165658255846611282e+05
1.014799380962328869e+05
4.230996761984801269e+05
1.477571458384861704e+06
1.540051129866685020e+06
8.906417819148686249e+05
1.198705875857493957e+05
9.329032406165266002e+04
4.347662541635972448e+05
2.714189255267055123e+05
3.514984879308380769e+05
1.181847390941212419e+06
7.746453514978415333e+05
2.221503839580108877e+06
8.880556806310662068e+04
4.353087543524872744e+05
2.164216003991392907e+06
7.810594652594319778e+05
8.005130472737356322e+05
5.863549382406960940e+05
2.660846354141803458e+05
2.358218576814403641e+05
2.979527041533321026e+05
4.104033811133699957e+06
9.695529427706626302e+04
3.183806686320724548e+05
3.776018578524907120e+06
2.861464600718013942e+06
1.482725778902079910e+06
3.558075089890360250e+05
1.527211050112247176e+05
7.840262351219760603e+04
5.817024389006496640e+05
3.110089587802270034e+04
4.455975066423240351e+05
3.700271761710742139e+05
6.642941128043407807e+05
8.882345604883144551e+04
2.867546285267164349e+05
1.360606729956709081e+06
1.217684282666136976e+06
2.330329316544962057e+05
1.124107975424255274e+05
3.590736862092616320e+03
1.210743532353490591e+06
2.911581175552828790e+04
5.902157320387713844e+05
2.739285527421814622e+05
1.472059221491092118e+06
2.982203213311937870e+05
1.371716321428576251e+06
1.066175027227188111e+05
1.370728309284725692e+05
2.297467113454384671e+05
1.025479329007617198e+06
1.426101016045031720e+05
1.285841120619728172e+05
2.171979534825289738e+05
2.735918610576326610e+05
1.508131554838157259e+06
1.115837920372852241e+05
3.621315810917111812e+05
1.197214068947843509e+06
1.380905060538087972e+06
7.893029623002039734e+05
1.278567458521693246e+06
6.474953683770570206e+05
4.690736856570504024e+05
1.556089071047352627e+06
1.408390401553449919e+06
4.768034365333954920e+05
3.508476169625030598e+05
7.815223060082347365e+05
2.008146685250620067e+05
3.582611912950000260e+05
1.633408013264612528e+06
1.273195036101539619e+06
1.426941869145252043e+06
1.727166438458160846e+05
2.451290404462338483e+05
3.098929731681642807e+04
2.138082356904466287e+05
2.653973900811327039e+05
9.174623090653214604e+04
3.871345386654838221e+05
2.599589490764204413e+06
3.359635948654380045e+05
2.177076583548298571e+06
1.346797782647923450e+05
2.698333287759998930e+05
2.221808504692848306e+06
6.849785308202156797e+06
1.161689053821261972e+06
1.275573669923902722e+06
8.448528577098068490e+04
3.670427457543800701e+05
8.764896031542135461e+04
7.015273286775789456e+05
3.324490004983199760e+05
2.209689983904880864e+04
5.395815146735892631e+05
2.664911852720783791e+05
1.916404273351942829e+05
1.279980155399706680e+06
8.793770284453473869e+04
9.079995999935000145e+04
1.725764085081356461e+04
3.492260858170734718e+05
4.390559841881626635e+05
3.534543866240004427e+05
1.968689698089060839e+06
6.275333964113462716e+05
1.319380164108469326e+05
3.144557166764482390e+05
1.158842037117402069e+06
2.896061917941657593e+05
1.899451613517369260e+05
6.657104354153672466e+05
1.833280040445715887e+06
7.880339921389023948e+04
1.319991839442237979e+06
2.087139227127994527e+05
1.485822092524984910e+05
2.583183040746993502e+05
4.338900987572812010e+05
2.231724192760563456e+05
9.269984850805322640e+04
3.540120259470444580e+04
3.240544870200795121e+05
3.981978926337061566e+05
1.531059535062610405e+06
2.741071884788832394e+05
2.700478892784756026e+05
9.625742370184768224e+05
1.294751774438945577e+06
2.579404253833441180e+05
5.491542266811369918e+05
4.959123984966150019e+05
5.000038949741931719e+04
9.337935217808218440e+05
1.794407814998924499e+06
2.747068015057834782e+04
2.658106811199510703e+05
3.184632153541679145e+04
3.458474397837704164e+05
1.005783073010358959e+06
4.665975688395621255e+05
4.525934291848336579e+05
2.550106774981725321e+05
8.947927215719029482e+04
2.534474827217284124e+06
1.503737085836569895e+05
7.216875903825208079e+05
9.498643031355335843e+05
7.492820404899696587e+05
4.164385233079762547e+05
2.766240495144390501e+06
9.959584426508554025e+05
2.456229577260903607e+05
9.193620028047795640e+05
1.764344923082514433e+05
1.914775692461120663e+06
5.495660783426425041e+04
4.832366399377553025e+05
7.514145221601718804e+05
7.946456281183686806e+05
1.617248858746431069e+05
1.872306916530549061e+05
7.870520043822684092e+05
4.330010953967155656e+05
2.111805555789598147e+05
1.218763056754115503e+06
2.493721490197459207e+04
7.573101119697003742e+04
1.615119462441310461e+05
1.324493788477771450e+05
6.309687309309643460e+05
3.769703262631981634e+06
1.059219667380277999e+06
4.236401844582999474e+05
1.257578713995048893e+05
1.781515402868092860e+04
6.251599199807639234e+05
1.730060142065775814e+06
8.185522881089898292e+05
2.553910392652159557e+06
1.649102521083156462e+05
5.306060308076465299e+04
3.607895326642414555e+06
2.083474622804887986e+04
7.068373950847520027e+05
1.607142810627914150e+05
1.579652780978678202e+05
2.581847312999185175e+06
6.981245919549551036e+04
1.756614769156749127e+06
5.923512999093888357e+04
7.171997501820673933e+05
4.717450437217266881e+04
2.153688367294405180e+05
5.649886542785099009e+05
1.564371542163000850e+05
2.191221024307355983e+05
4.269971025042574620e+05
2.416084637671705568e+05
4.089899255209999974e+05
9.461106231647793902e+05
5.929303513597810525e+04
1.654377042649334180e+04
1.400989026439760637e+05
5.588908736027505074e+04
1.549388766956789477e+05
2.424532487857849337e+05
1.918254039049395069e+05
3.216520073373314153e+04
1.806002441859238548e+06
4.662786764946931507e+05
5.047517634987451602e+05
4.455066313873241306e+05
3.393326848497928586e+05
9.594333044827285921e+05
5.997098816416384652e+05
1.881122540129121917e+05
1.059725764842758188e+06
1.250958304420690285e+06
3.696021733513443032e+05
1.622208256659160252e+05
2.457807188934058649e+05
6.104235888643686485e+04
7.533733035840046359e+05
2.178636517498637550e+05
3.569533724855807377e+05
1.720411952787157861e+04
2.156655087133258348e+05
5.320942195430652937e+05
7.547696633195610484e+05
2.034062795698288828e+05
1.733341638119159034e+05
3.675821271286212141e+05
6.079785304567184066e+05
2.725658181002176716e+05
2.147217093577594496e+05
1.084110226582639152e+06
1.808517933105652686e+06
4.433755365067589082e+03
3.181554780488446704e+05
1.102889314035714924e+05
2.409467170746830816e+05
1.813700638667525345e+04
2.144658632731896651e+05
2.242104962353042210e+05
5.415863222100212006e+05
5.663466458700029179e+05
3.046399214319292223e+05
3.745178609478890430e+05
1.144142320716871880e+06
6.364288333733924665e+05
5.623941358489313861e+05
3.281460105265873135e+05
8.166288246258427389e+05
3.700101888099296484e+06
1.586548900908125564e+06
4.645431145298665506e+05
5.779704776179125474e+04
4.840053559130601352e+05
6.507254455915833823e+05
1.142265844997081673e+06
1.116405670561981533e+05
2.389146764380988679e+04
1.220491600868657406e+05
5.478941131117544137e+05
6.988652986500206171e+05
8.325459341894680983e+04
1.126934904885602155e+05
3.371012977814719779e+05
9.253934163758595241e+05
2.326289438688298105e+05
5.939438835097600240e+05
1.050228505702805269e+05
2.172193524520033679e+05
3.328067288071915973e+06
2.481699319937466644e+05
2.118673064625001512e+06
4.326818746266509988e+05
1.117458007609182736e+06
4.856366885295727407e+05
3.493850818682714598e+05
1.314330382544577587e+06
5.601498124159011059e+05
1.670903446708530246e+05
4.982303064968930557e+06
5.126306130516881240e+05
1.028831254876016174e+05
4.730446823416111874e+04
4.695851600794189144e+05
1.110516642383734506e+04
8.263081854966594838e+05
1.933711814261631662e+04
5.324462083838221151e+05
8.283826540975404205e+05
1.848741405610662769e+05
1.033177446037786140e+05
2.607206923591384839e+05
3.130982761332612135e+05
1.532748263441267773e+05
5.355100025830273808e+04
1.090877850784734765e+05
6.889371930750760948e+05
1.892967938689783332e+05
3.579334922194192768e+05
8.195483175661825226e+04
7.496572462256352883e+05
9.150387110753244488e+05
3.716267004333826480e+05
1.387736477734678425e+06
2.695294087329811882e+05
8.642242335315394448e+05
2.595419404469447909e+05
3.244551633398046251e+06
4.469516717771006515e+05
1.175605358210528066e+05
1.802311895684876479e+06
1.326466990588796034e+05
7.655031752969518129e+04
1.481770781951050507e+06
1.294620422994545370e+05
4.097560501549785840e+05
2.082778710071155801e+05
3.701332806316775386e+05
2.947801807005952578e+05
5.979424340855308110e+05
6.833210446487351146e+04
2.488859162190094066e+05
3.591550766824467573e+05
3.849352806238822523e+05
6.162630078733580885e+05
3.556135737113600771e+04
1.109973815846837591e+06
4.514459772078304552e+06
9.024046554874595313e+04
1.125419677864129655e+06
8.498760359942242212e+04
1.224870751266340492e+06
9.738380588736252394e+05
4.938003600409303792e+06
5.714485031200519297e+05
5.943786527970571769e+05
7.105658009137677727e+05
3.662252626157247578e+05
1.968987575273730792e+06
4.951464590389366494e+05
7.322614374048915925e+05
4.186195537157903309e+05
3.145095181884619524e+04
3.240682189751062542e+05
1.900942404999470164e+05
2.060651921986814355e+06
1.482539932479668641e+05
1.400585063941356959e+06
1.431434128659781709e+05
2.214962318593710079e+05
4.124764755253947224e+05
4.993811707694534212e+06
6.445132036568720359e+05
1.063719695081185346e+05
2.785504008452118142e+05
1.954011071999902837e+06
4.282717540389763890e+05
1.660279364522733958e+05
3.503614271428126376e+05
6.483990968319763197e+05
2.777298643102229107e+05
3.795738677167670685e+05
3.417290476412249263e+06
1.152015309664303641e+05
8.578699844016242423e+04
3.629424288407621207e+05
6.521796293305101572e+05
7.357542968886657618e+05
8.021051934544109099e+04
2.392623467646244098e+05
2.893072057328561787e+05
5.500137374165459769e+05
1.694522941317021323e+05
1.173354019202028401e+06
1.083693268397217180e+05
3.612860128536667908e+05
4.528352190353371552e+05
4.581241358730063075e+05
1.951601396917738719e+06
2.388969411118053540e+05
1.977890466491181287e+05
2.753158572878785199e+05
8.215622469859337434e+05
3.795187400065385154e+05
7.769556020072769606e+05
7.167585563301348593e+05
8.700016619717298308e+05
1.715492712388533982e+05
1.469676207503739279e+06
1.590022101124722976e+05
5.328989134017998367e+03
1.346321532697365154e+06
1.008113607867185492e+06
3.883760895312210778e+05
4.932920137386743445e+05
8.448609964325719047e+05
5.602713691481078058e+03
4.523489890535991872e+05
3.352389448168602394e+04
9.776126968211743224e+04
9.488857612385968969e+04
1.302173325420264155e+06
9.942846444025276287e+04
1.033781353289042745e+05
3.223579307859562505e+03
3.858875673099400010e+05
1.367648476538566756e+05
2.071962434100656537e+05
2.842097252121845959e+05
2.711384159086716827e+05
6.970041803574098740e+05
3.828186752793016785e+04
1.154982107044240402e+05
2.276231732355636777e+05
3.927572843848753255e+05
6.562992715433797566e+05
1.743180469531386916e+05
1.315128104368590983e+06
9.078489357372504310e+04
3.068497933404927608e+05
1.240733841710547858e+05
1.429069934279395966e+05
1.408663014891526545e+05
2.338384939404854958e+05
7.918033159668772714e+04
4.541967312104951125e+05
1.098291125604464323e+05
1.276433024750947807e+05
6.886293538600056199e+05
2.019545969204825233e+05
1.591749803534984530e+05
5.029264420467513264e+05
3.167150364177903393e+05
1.288460739949313138e+05
4.153073583012726158e+05
7.034300307506934041e+04
3.903713669468194712e+04
5.719035240706461482e+05
7.127396701069328992e+04
3.321183225508566829e+05
2.680097728566520847e+06
3.614331300600091345e+05
1.355400550830300665e+06
6.322566911667960230e+05
4.368399975032185903e+05
4.707536989658897801e+04
1.613589474922852532e+05
4.703451801555390703e+05
6.376841261267237132e+05
5.262006806075065397e+05
2.149949594393744774e+05
1.418448747135769518e+05
2.217387545628774678e+05
3.948999159052441973e+04
8.721167607237925986e+05
6.357555633079481777e+05
2.889872796822559903e+05
7.026383022461067594e+04
4.096481282767156372e+05
1.303132171286195953e+05
4.569325677511569229e+05
3.959416253763480199e+04
5.666640958858676458e+04
6.008879589848804753e+05
2.438977972509508545e+05
8.176335710175918939e+04
3.284866861616963288e+05
7.809323134373222711e+05
6.577365588789891626e+04
5.697271539425887167e+05
8.435610362323353183e+04
1.367788943790083984e+06
3.089501725767554250e+06
1.038159142955013667e+05
1.117166559656827943e+06
1.136535856382433412e+05
2.562555057473783090e+05
1.339710632836977253e+06
4.213359658213653020e+05
5.939749496679204749e+05
5.453351184270925587e+05
5.869409801002047025e+05
3.386387208984835888e+05
2.651029624333625543e+05
6.661944011342851445e+05
1.770193677122771973e+06
5.940793552174508804e+05
1.859964075468576921e+05
1.032016136495403247e+06
3.444960846125615644e+05
1.216943305014870421e+05
1.173907464706434868e+06
3.683717310124749929e+04
4.270883001758158207e+04
1.512818226754539355e+05
4.853927010562270880e+05
3.396058007415511645e+06
3.574500331343177240e+05
2.430865263683877711e+05
1.194259066429029917e+05
2.116779837612244592e+05
1.019019218693449860e+06
1.145597088634260726e+05
1.585396739615816856e+06
2.903475583825607901e+05
1.309756766110685188e+06
2.839180431443993002e+05
1.025432549012068426e+06
1.871634885267015197e+05
2.477555521685827407e+05
3.652989669364830945e+06
5.596848083657632815e+05
5.068526926590529620e+05
8.956364784217363922e+05
6.729393482818749035e+05
5.070578168377666152e+05
2.061504041623687837e+06
7.246540775680144179e+03
5.314314083466023440e+05
1.629874926750286832e+05
7.340611464744802797e+05
1.635356154380959691e+06
6.838267886116921436e+05
1.815525527908883814e+05
6.850182602613678901e+05
2.456369838928882964e+06
1.893818444753246382e+06
1.586725425221395912e+06
7.411949709233847680e+05
7.265005316406939528e+04
2.732002690860975999e+05
6.575403622660831315e+05
9.592658882273184136e+05
1.057176181295450515e+05
1.989952906564675795e+05
7.095075395400903653e+05
2.989353429210890899e+05
4.223816059146589250e+05
4.330715542875855463e+05
1.662136863170021024e+04
2.693246537079227855e+05
4.075659635921998997e+05
9.089950076661568601e+05
6.938262146150794251e+03
3.309127189489862940e+04
2.005309587159588045e+04
1.410897468447488733e+06
1.628061952778354462e+05
1.645106976753596682e+05
3.969694124718690291e+05
8.630678648008790333e+04
3.682316157393130125e+05
1.403045597837826353e+05
1.240880733779116999e+06
1.743594961229758570e+06
6.398101415158511372e+05
1.298933636546106776e+06
4.026343275928649236e+05
6.918947017293506069e+05
5.909778926350301481e+04
1.285303455251327483e+06
4.232258096127918689e+05
4.473048704280469101e+05
2.700637296307093929e+05
4.758924396473388188e+05
3.191730099671968856e+04
7.955315789260880556e+05
1.177872876114324026e+05
2.079420001398101449e+05
2.317540723638393974e+05
1.918464334538508638e+03
1.143878510802072240e+06
1.397227205601736787e+05
5.405294401583813597e+05
4.849301433989309007e+05
9.622517814981924312e+04
1.274994919129073154e+06
2.926388691563669709e+05
3.358383802658111323e+06
8.794692826440342469e+05
5.675084856995607261e+05
5.373437544433871517e+04
1.734220385211054236e+05
5.985257391274082474e+05
4.009315663351167459e+05
3.188780771077064128e+04
2.570661664695442189e+06
7.616639544526989630e+04
3.439911104583480483e+04
5.738242809110115049e+05
2.152592970697223209e+05
8.612402106671180809e+04
9.815000389817595715e+04
6.295583792310700519e+05
5.218507441193643899e+04
2.852864284712233930e+05
1.717082316513562109e+05
1.424258259203255002e+05
2.293550853341166221e+05
1.379647995300419097e+04
3.744970274406226818e+05
2.182665200141358073e+05
2.281556536661528808e+05
1.936465481191208819e+05
4.352162672796357074e+05
3.535434802787093795e+05
9.235885473594281357e+05
3.810513095776536502e+05
1.835867349081318825e+05
8.136044895718327025e+05
1.216771257112321910e+06
8.251975792113912757e+05
4.577545089713042835e+05
5.542841559102440806e+04
5.458636890610167029e+03
3.370239048960098298e+05
6.344883059376977617e+05
9.572393947855056031e+05
2.050629948495713470e+05
7.178560696032267297e+05
2.365007788261040580e+06
3.125744892682699137e+05
1.527982301770226622e+05
2.262969559760770353e+05
1.241302425853532506e+06
9.131292763119178126e+05
2.220428735512366693e+05
9.140844054293420631e+05
1.084507071310157189e+06
1.869395431066252931e+05
1.677596457575012464e+05
4.479207870957507985e+05
3.221599708883631974e+05
6.657280090117884101e+05
3.143270513261017622e+05
3.692293955185554223e+05
1.156915959609771526e+05
1.237553216169728403e+05
3.375927646455489448e+05
1.221207354634749790e+05
9.921959158204187406e+05
2.938924166485493188e+05
9.072610593660812592e+05
6.446860772019719006e+05
4.988791112156949821e+05
8.019711035741207888e+04
4.018072788515771972e+05
2.158301881065724301e+05
2.404503631796176080e+06
1.015307622865297017e+05
2.925355717812701478e+05
1.085219072336733188e+04
1.278652079493433703e+06
1.448333307794826105e+05
2.091138551436929556e+05
1.553558051732985477e+05
1.272942426370350877e+06
7.514174210316720419e+05
1.760113775352177909e+05
6.411827721923368517e+05
2.309841024603781407e+05
6.339537996847237227e+05
5.521701162568263680e+04
2.547136592933938373e+06
7.111875317271214444e+05
3.395274588029731967e+04
4.662182789404352079e+05
3.958812394667327753e+05
7.173411452742901747e+04
2.183303796428728674e+05
3.363046260389093659e+05
2.476824066560524516e+06
8.726329870192663511e+05
4.748583853808074491e+05
1.447745007736744592e+05
1.459688258629102784e+05
1.367697027320676716e+06
2.049623068362602498e+05
1.675862673049206496e+05
1.186899141376659041e+06
4.859652255878969445e+05
6.352752377396994270e+05
1.253516673401091975e+05
2.686379241123014945e+05
3.938174892183674383e+05
7.490831070359456353e+05
1.393065476158605190e+06
1.827455813002009643e+06
1.727882875842424692e+05
4.105291077834357973e+06
7.897444604351652379e+04
5.077056856018324033e+05
6.865091016914703650e+05
1.627690858543325157e+05
1.791446274176437582e+05
1.633186168692163665e+04
3.681117018602954340e+05
2.845827055560428184e+06
9.962385954843591899e+05
1.865818866631921846e+05
5.976467667472070316e+05
3.953408734653366846e+05
2.878140712345901411e+05
3.671454717367357080e+04
1.067647052457506798e+05
7.784689396916783880e+05
2.055691451378345664e+05
9.667409077547835477e+04
1.091003586583722848e+06
2.037166643211631163e+05
2.039523160912909370e+05
2.194729045251236239e+05
6.578613643300661352e+04
1.491939898243963253e+05
2.770824273467369494e+05
2.399342779558289039e+05
2.940188462110326509e+05
8.570847278657536954e+05
4.914954217849148554e+05
2.617772437470934819e+06
4.323003596812991309e+05
6.653546716408716748e+04
1.567246309257658722e+05
7.590911313201366283e+04
1.339596993650607998e+06
6.144566017794968793e+05
5.238649570620872546e+05
9.205582505296738236e+04
1.204136672417988448e+05
1.395064144301634806e+05
1.020353960486600845e+05
5.871158652360439301e+05
3.956385337603718654e+04
1.155547942685764283e+06
7.173937301055550051e+04
3.200724057565052062e+06
8.122099603707907954e+04
5.215187865956320893e+05
6.795883898858957691e+05
8.202975648726732470e+05
2.280303267307110655e+05
9.786192967064981349e+04
8.361557005534820491e+05
3.639955627040738909e+04
3.398995405111085274e+05
9.058603977032874536e+04
3.689613368078888743e+05
2.118853006301266432e+05
3.176294927107174881e+05
3.680160863285444211e+05
4.617434000765938254e+04
2.953700637723043328e+05
6.079247820851050783e+05
3.358779374678040622e+05
2.299027100376808958e+05
7.768908760183020786e+04
1.924360957607838791e+05
8.122750708781712456e+05
2.423061919019162888e+05
8.704257722735498101e+05
7.491877934248496604e+04
1.856810182293075777e+05
7.411615002120926511e+04
1.636243577308553540e+04
9.398873431552825423e+03
4.977771099492069334e+06
3.596478927720827633e+05
4.308113259976722766e+05
8.900470400503542041e+05
1.422548178127998253e+05
2.975364890834551188e+05
2.010554118441748898e+06
7.814450793857101817e+05
9.593831569033580308e+04
6.601319209077567793e+05
2.378509850282613654e+06
6.563352327818701044e+06
3.642546287691143225e+05
6.103078006338084815e+05
3.624827827218383900e+05
1.641447032563123212e+05
3.748204723939545802e+05
8.388153553110647772e+04
2.698418758127172012e+06
1.279949547281573061e+06
1.100333784385088948e+05
2.655015014051144826e+05
2.817235692661072593e+06
8.385627991554699838e+05
8.207386452284608094e+04
6.913365856720467564e+05
7.559080559362609347e+04
1.001838320837116218e+06
1.077196790738398413e+05
6.695488780347362626e+05
6.610871931162489636e+04
3.310126495132474811e+05
4.834521391798824188e+05
1.276263244258564955e+05
2.806130900241116760e+05
8.932128959430124087e+04
1.066641655949413311e+06
7.883856985027730116e+04
2.314034882596262323e+05
3.075886877506030723e+06
1.450157456345043029e+05
1.583026983059903432e+04
2.487771787443710200e+05
1.107155215129070566e+05
2.929865433134113555e+05
6.275248409618004225e+05
4.981425140998063143e+05
4.351776844772028853e+05
2.789259932618825696e+05
5.154559982573372545e+05
3.388405590179080609e+05
2.432054799181765702e+05
5.140542062256321660e+05
2.731224898409037269e+05
1.447921842001240933e+06
3.118973074530351441e+05
2.993866088839913136e+05
1.508330240861251368e+05
1.146460924508076232e+03
4.756765908142813714e+05
1.717967209079863736e+06
1.556766416958568734e+05
3.651974265679680975e+05
3.801457684906971990e+05
4.797297852874536766e+05
9.306818340094996383e+05
1.769963967901159485e+05
1.148415530141080497e+06
2.664554085095649934e+05
4.926193726545624086e+05
4.158286273467930732e+05
4.786704891399944900e+05
1.088723288121509599e+06
6.893868105941839749e+05
1.469989011725235323e+05
6.455281034442779492e+04
9.113111798166730441e+05
2.712994985752670909e+05
7.643928861263167346e+04
4.793543785635853419e+05
5.284808984827131499e+05
1.531854281699295680e+05
9.850135908257506089e+05
2.488690436120184604e+05
4.131201757939348681e+03
1.281397030087270075e+06
3.378180594208612456e+05
3.119400030133097898e+06
1.537200766252424955e+03
5.470655777445654385e+05
4.461304559996661264e+05
7.652612977437016089e+05
1.018187911846035277e+06
5.870363684278104920e+05
1.185931911725728773e+06
1.455575567251684843e+05
4.688779252618405735e+05
6.829990346800834232e+04
6.332501374056697823e+05
1.066150471448532335e+05
4.132101947654349497e+05
3.519769331194131519e+05
2.922549319368397351e+06
2.829520204078769311e+05
3.208914449559641798e+04
5.630362824537516281e+04
8.875958703188532963e+05
1.990175414755008242e+05
4.483514714714321890e+05
1.152275327906110324e+05
1.653343840628087637e+05
5.926021761864871951e+05
2.888456493018158944e+05
1.043139183361938107e+06
2.583296766748954251e+05
1.281878067768532928e+05
1.944752246115833987e+05
2.099844183211526833e+06
1.558030374150414951e+06
1.913981056318435585e+06
8.871471205126002897e+05
5.522053455309950514e+05
5.706180545556087745e+05
7.141522126185605885e+04
3.480692332084081136e+05
5.828596056173075340e+04
5.023124019122301252e+05
1.986101153015102027e+05
1.290155252770784427e+05
8.595787607449954376e+05
2.026836711582851131e+06
1.412193222042586713e+05
1.823983000423683261e+05
5.620181333956593880e+05
1.180794870785726700e+06
4.350577848918329109e+05
3.842631565752208699e+05
1.486374084191336588e+05
5.044853952783664572e+05
1.692856856079898134e+05
3.629327246974673471e+05
9.277340162186968373e+05
1.365229569334323751e+05
5.006470412909141742e+05
9.362096490151904291e+05
2.462001012947222043e+05
3.506831263350560330e+05
7.623509886638469761e+05
2.301899079278504068e+05
4.439669559081375482e+05
4.873417884545938578e+05
2.788985822173047927e+05
1.383456362335935119e+05
7.904295082731654402e+05
3.971715788411525427e+05
1.822200530067830696e+05
7.721567880971594423e+04
1.235448414334717905e+06
8.246882497627411794e+04
3.919056437593871378e+05
4.263471518641608418e+04
4.174841903336499818e+05
1.200942419098460668e+05
2.681994965314426809e+05
1.035159946407947107e+06
7.854790899765252834e+05
6.483442786446886021e+04
1.178504205471101013e+05
2.354763919826351048e+05
6.390580673372987658e+06
3.440317824081916478e+05
1.889557358280273329e+05
2.353812985942474566e+06
1.098346408202504972e+06
1.274309872387401119e+05
6.034577242749630241e+05
1.589989165585408919e+05
7.583926908359015943e+04
5.887772753985592863e+05
2.712096877204282791e+05
2.508009052377652260e+05
2.560735105491965951e+05
1.059125652925528353e+06
1.033365410801972263e+06
1.036291138468073332e+05
1.145128345075324178e+06
9.901402536299967906e+05
1.583248899064593948e+06
3.435350688355878228e+05
2.435341132242209569e+05
4.972259405330754234e+05
5.572491950014865724e+05
8.059821018509978894e+05
2.220266117614618561e+05
1.585936350709325343e+05
2.870061478960332461e+05
2.409058493872188497e+06
1.066845326946207206e+05
2.269313905843365937e+05
1.543492566996572423e+05
1.257949869227421470e+06
1.155459859069514321e+06
1.762327191063029924e+06
1.555356311351690441e+06
3.383629579997390974e+05
2.894453389565472608e+05
2.536327202973983076e+05
1.064328891165640671e+06
1.841760721347310173e+05
2.234446584353741724e+06
2.345851602832456585e+06
1.097679941191839520e+06
4.775949388290300849e+05
8.161387777884118259e+04
2.232429269836036256e+05
3.284943778937764582e+05
1.683690906037373235e+06
3.286640314613709343e+05
1.943094775499371463e+05
1.803388251442634792e+05
1.299072439724517317e+05
3.998957906788507244e+05
6.105966230865565594e+05
1.420866463860335934e+05
1.810612981035821373e+06
2.230699761095903814e+05
1.967183201712261653e+06
2.712331338288276456e+06
3.336181307406101841e+05
1.518141540971841605e+05
3.877732073812401504e+05
4.514914753747478244e+05
1.258750660508822766e+05
2.095906461725490517e+05
8.918937939214356011e+05
1.582861211840411415e+05
6.368435142662184262e+03
1.627102351717520040e+06
6.383353037938815542e+05
1.832654593403297476e+06
1.777476038445314858e+06
1.685583662415837171e+05
6.221966410499169724e+05
6.348244416444706440e+04
1.986940121251885430e+05
7.557506687334297458e+05
4.748901746109824162e+05
1.957461533054218453e+05
5.038200013078839402e+05
8.607097519334196113e+05
1.340845071489079564e+05
2.497090628248918336e+06
1.553891109805246524e+05
5.674027600813304307e+05
2.213370647861251782e+05
5.675469040370542789e+05
4.932108035653524566e+05
1.341300728027871519e+05
8.699773009556477191e+05
5.399727021557230037e+05
1.289670545216371684e+05
1.526113242690379731e+06
5.286977974291131832e+05
1.602208368947680283e+05
1.853362257515105885e+05
2.729508171005901881e+06
3.654656112769792671e+05
2.253018140374042268e+05
7.854661892877586070e+04
7.451784364195354283e+04
4.439821277610769030e+05
1.199518581209382042e+06
4.720224070663324092e+05
1.662278309542010247e+05
1.617738067919657042e+05
2.038487863212377706e+05
1.725596529892583567e+04
3.339055174879973638e+05
1.375567693617763580e+05
1.140759350632553920e+06
2.034793474025787727e+05
2.927913288649429451e+05
8.482865628998051398e+05
8.967679784661739541e+04
5.243446832238641800e+05
2.221316502422792837e+05
5.550421400852342776e+04
4.426738846010497073e+05
2.056851362629517971e+05
1.108980002392024733e+06
5.976789306675554690e+04
1.101797035077827983e+06
4.324450539159072796e+05
3.400754210330749629e+05
3.789261545937667252e+05
1.112846423532691988e+05
9.192086550258721691e+05
5.257898806989435107e+05
2.273547614470272383e+05
5.347800297403919976e+05
8.641869171492489986e+05
2.321844744942164689e+05
5.018562910675044259e+04
4.912068558443201473e+05
2.897279045630153269e+04
2.261664844694596541e+05
5.769055092701939866e+05
1.487734430212890729e+05
5.994133879118529148e+05
1.480753872033162974e+06
1.390946909935298609e+06
2.544024463289120758e+05
3.017742356334781507e+05
2.368921846466038551e+05
1.766097758403991174e+05
3.759785876218288649e+03
6.331396771128405817e+05
3.035693644907080103e+06
2.049470796585360658e+05
6.071940678990094457e+05
1.248762883462979691e+06
1.411689573072776431e+06
1.945331764891644707e+05
1.042455105141006643e+05
1.085129630428952398e+06
2.029312563117511803e+06
1.052138567563006189e+06
1.848203854067944121e+03
8.231205824973824201e+05
5.783534397069909028e+04
3.158765865321905585e+05
4.633631740666129044e+05
2.622137564840770792e+05
5.766940907126131060e+04
1.253012661429178697e+05
2.053603245274200337e+06
3.060826213254475733e+05
1.974793564433064545e+06
9.525115872342863586e+05
2.064457836726576556e+06
3.079490554199340404e+05
2.239339372672855388e+05
1.117012135366864095e+04
5.456776674469651189e+05
5.559161274650231935e+05
1.788735206723200856e+06
1.433524677763633372e+04
3.357350081393115688e+05
9.143360560157169821e+05
8.008761158427215414e+05
4.807945443124397425e+05
7.669756274731893791e+05
9.814213912671635626e+04
1.313401121446169273e+05
3.126343730766565423e+05
1.355035012822309043e+06
1.055653048204333463e+05
1.476076766267476603e+06
1.135052791664408724e+05
8.971003736924175173e+05
2.948866114767216146e+06
6.571680381956032943e+04
1.866760634735054802e+06
6.599796744098492200e+05
3.265629237470331136e+05
3.152697960985901300e+05
3.098184480430899421e+05
2.772864695491836173e+05
1.066309546175242576e+05
2.270555041896819021e+05
4.613507148994942545e+05
4.664704341843017028e+05
6.118850230252157198e+05
5.232925672944781254e+05
1.104135522434998536e+06
9.187842167858753237e+04
1.841067962728390703e+05
3.271122431291308603e+05
1.648645877141872188e+05
7.481909710708080092e+05
2.199655471672226558e+05
4.085277309889040189e+05
3.865193526621902711e+05
1.343700941658048658e+06
3.948760917671452626e+05
3.997612835837700870e+06
4.431191676890057279e+05
8.493385581991166691e+04
2.088062318276324659e+05
3.232693739355292564e+04
1.022474158719470870e+05
2.948916184449630673e+05
5.054764800527193001e+05
1.292837050342711853e+06
4.468925643890021602e+05
4.473867322593001154e+04
4.894382667402789812e+05
6.689741900897526648e+05
6.405269152526296675e+05
1.590367952677583380e+05
9.023039823167609575e+04
4.598531351987934322e+05
2.504684343874519618e+04
5.413920636579792481e+05
5.117038143388105091e+05
3.716580371764975716e+05
2.445089916204926558e+05
1.539795295825206209e+06
1.388547174638989381e+06
4.562997272860310622e+05
8.737609355117089581e+04
7.431422753170147771e+05
2.709561004289503908e+05
3.482249533765418455e+05
5.776287482837316347e+05
1.251184988341965945e+06
7.133484482489431684e+04
4.460912681445038761e+05
1.608662695696803974e+06
3.832823765264893300e+05
4.416881305933064432e+05
6.079791627190447616e+04
2.344195843205146957e+06
7.936522780037626217e+04
4.942068723089201958e+05
1.515447001376838656e+06
2.451586728580200361e+04
5.656862260134996905e+04
3.853017243257901282e+05
6.635800825277206022e+05
2.657360662609401625e+05
2.450598093002034584e+05
8.663636746394427028e+05
2.907863112744672690e+05
4.126273638170274353e+04
2.756359962978844414e+05
6.685480238463636488e+05
6.248801720612522913e+05
3.576277830369671574e+05
6.527828491723584011e+05
1.479651251740055741e+05
3.361557665896206745e+05
2.080185022427700915e+03
3.498347880755766528e+05
2.791825525659587584e+05
5.469844402049030177e+06
9.438922035932233557e+05
1.225285842383420459e+04
3.230929057019558968e+05
1.443468339902408188e+05
6.050783966526035219e+05
2.759593914812027942e+05
6.639053754644110450e+04
8.421193292589460034e+05
1.353615469084395561e+06
5.405853967372570187e+05
1.394727040404732339e+06
2.394329244065784733e+05
5.223736814114176377e+04
7.088149598512977827e+05
7.787315681213143980e+05
6.125585726937664731e+04
4.864687468451303175e+03
1.517396494114739180e+05
4.200151456880713813e+05
2.056544179931076942e+06
7.253053175058568595e+05
8.573007863287657965e+05
1.199631067665805109e+06
6.074437729432788183e+04
1.172838221579964273e+06
5.044477017769528902e+05
3.805143318232435267e+06
1.136725707990665920e+06
2.884056499126193812e+05
1.543747086731176358e+06
5.610124763262338238e+05
2.318237491673154582e+05
1.816144392482919502e+05
4.748126886087946477e+05
1.758810636190593650e+05
3.434100314508180600e+06
5.710688642715855967e+05
4.062097397577955853e+05
1.106891546080848202e+06
1.338633518467881950e+05
5.192859045544736437e+05
3.978876179817006341e+05
4.659347246146301040e+05
2.466532781583384203e+05
1.225191797801116481e+05
1.578501446153206925e+05
2.945610884690550156e+05
1.908982753457967890e+06
6.324433159296888334e+04
3.569064314112503198e+05
2.502866960983454774e+05
1.213540306531218375e+05
2.663905126115967869e+05
1.027087150523207500e+06
5.180451053831509780e+05
1.607474505385344091e+05
4.232922100439452915e+05
4.793997802659931949e+03
3.009641986010516412e+05
1.035710333886703709e+06
2.619778772211449104e+05
7.534800782908714609e+04
6.027477385854410240e+05
5.273360699848179938e+05
4.557053536546329851e+05
2.865932605143513647e+05
1.780040763074081915e+05
4.749040464086201391e+05
1.685230770788796362e+05
1.943236030743095907e+05
7.561821852567440365e+05
8.347714576454939379e+04
7.152307363653169014e+05
4.665215411569155403e+05
6.737187880004063481e+05
1.056486052791765251e+05
4.823741768691287871e+04
2.087021245992536424e+05
9.532479399723102106e+05
2.077390884749887977e+06
3.385665050250760978e+05
8.426234824443758698e+05
3.859749113335726433e+05
1.517672858872676443e+05
4.151157942582228570e+05
1.064895964275747683e+05
5.579961494723722572e+05
1.161414722940082429e+06
3.530935439141934621e+05
1.835498112104719039e+05
2.578502665289486467e+05
2.592301437705162243e+03
5.522654926939059515e+05
2.264124129987104330e+06
2.521677197678563534e+05
3.958944148506721249e+05
2.281869351009790262e+05
6.451274660501646576e+05
1.368816836062436923e+05
1.688652247414834565e+05
7.025411866788584739e+06
3.904020363426651456e+05
6.385098745127749862e+05
3.859766218175677932e+05
2.548915546866412624e+05
1.049860867124611395e+05
3.752002118127914146e+05
1.240080449344256194e+06
3.839989337685016217e+05
2.004786466720799217e+05
1.121630275363267720e+05
1.021503965205122659e+05
7.571142802671905374e+05
1.559622018397836480e+06
3.589608456599934027e+06
2.020229600844761590e+05
4.295491561307666125e+05
4.047240654157795507e+04
1.228667228627020813e+05
8.030389985874714330e+04
9.795869971706761862e+04
2.402937351989298986e+04
5.671923561044527218e+06
4.564029980467621936e+05
5.807702069959228393e+05
3.570801121093822294e+05
3.058859003037666553e+05
4.031823917237544083e+04
1.053105429333612410e+05
1.002315351444683620e+05
1.845953016308926046e+06
4.425175234000022174e+05
7.442129724106090725e+04
1.538822381775710033e+06
3.095532044640266686e+05
1.966638124769891729e+05
7.804210624157773564e+05
1.581485474257247290e+06
2.635223052692733472e+05
2.972262930838657776e+05
7.909133466638901737e+05
1.583735377713704016e+06
1.274528444360913127e+05
4.625453727704579942e+05
2.356592767583963287e+05
1.156030517614753917e+05
9.115092533295147587e+04
1.218745452670549741e+06
3.958178039728291333e+05
5.449679193655267591e+05
2.210307989420709491e+05
3.009041852089030435e+05
1.598227939497747866e+05
1.920369191430304782e+05
9.817767902437383309e+05
3.064200508785812417e+04
1.733292132031690096e+06
1.706193319208195433e+06
9.907199429900776595e+05
5.879551349085521360e+04
2.671115005030175089e+05
4.207609909565900452e+05
2.699690442962762318e+05
2.292168358612313750e+05
1.139377010631850455e+06
3.195270707560199779e+06
8.669056238984022057e+05
8.327965776280045247e+03
1.257682221878675628e+05
8.386385521644223481e+05
1.704602949672630712e+04
1.142745578631945420e+06
3.064387492328647058e+05
8.088314870070315665e+05
2.835603225057219970e+05
2.164031320134921989e+05
7.128213266911587561e+04
8.116264563036226900e+04
6.160189598305332474e+05
5.296362433481541229e+05
3.864389374059317634e+06
4.521095376292077708e+05
2.055835088824754930e+05
2.710385497732358635e+05
8.637807074140702607e+05
3.466776996739899623e+05
1.768990808585032064e+05
2.383352882343280071e+05
8.731119668374735920e+04
7.434300524063698249e+05
5.568223512712331722e+05
8.635954467466387432e+05
1.803908201853818493e+06
3.098227181656159926e+06
2.015274359610519605e+05
1.121905108913641016e+05
7.136137042714878044e+04
1.049785079670573119e+06
1.298472406183497980e+06
2.771717974282717914e+05
1.046011134284158004e+06
1.934116275389926741e+06
4.545782318641024176e+05
6.300354616689472459e+05
7.371588963929271267e+04
1.514926559710325091e+05
3.447881659687255509e+06
2.674399790196936228e+05
8.825268552575868089e+05
4.409898761199535220e+05
1.066683937207105482e+05
2.280455074521985836e+06
1.377565496344244166e+05
2.412038790553979634e+05
4.745054487584636081e+05
2.090425434966541070e+05
1.072416983693830261e+05
2.212798148394910619e+06
4.494150004212424974e+05
3.984179225847307243e+05
1.155962990690065781e+06
1.015244838803055929e+06
5.394271724107677583e+05
2.500161917120149010e+05
3.829673201167497609e+04
5.654355912837615324e+04
7.096688767611106159e+05
2.465232427142406348e+06
9.655026283962441084e+04
1.286073971387471101e+05
2.878304488980354276e+06
7.391648750120252371e+05
4.023715669166444568e+05
1.309719179772972362e+06
3.593628808409312041e+05
3.317139323673638864e+05
3.708901084655541345e+05
1.468886582498194184e+04
2.628449528229468851e+05
1.708984030392040440e+05
8.995998378940159455e+04
1.797086573738867446e+04
1.131315944354435342e+05
1.673954709748517780e+05
5.150422372259236872e+05
3.469347178120038589e+05
6.079385129981862847e+05
5.357434333707988262e+05
2.019302083001500578e+05
1.046839854820011999e+06
1.967397009837485966e+05
4.083680502671509748e+04
3.525598626032397151e+05
8.387243554416406550e+04
1.512350488718146808e+05
3.059633173190447269e+05
4.195113139412529999e+05
7.885043624466523761e+04
1.466407572592501761e+06
3.121781785693321144e+05
1.022723147573206108e+06
5.859019430489649531e+05
7.175184571773481730e+04
1.693901099515331734e+05
4.878780603928870405e+05
2.808621154409024748e+05
8.363855202875722898e+04
4.159240105979541840e+04
9.546751948390966281e+05
5.496027441177126020e+05
4.605827175155793317e+06
5.124899806485576555e+05
1.010776499851859175e+06
4.165668644927470450e+04
6.756998675095308572e+05
6.068831592647168691e+03
4.855768182392101153e+05
2.409262725417354523e+04
2.150921486960107868e+05
5.361435051981112338e+04
7.610708476959544932e+05
1.297884069457912701e+05
1.778022545569718350e+05
4.354760999287421582e+05
9.279419056734169135e+04
1.763320355540382152e+05
9.233655299643143371e+04
2.401017098933278248e+04
3.486615086015739362e+05
2.357259886733809020e+06
8.512190236379810376e+05
1.458047419950570911e+05
1.891089434364327462e+06
2.477343026509569609e+05
4.500035460466176737e+05
4.515349727807836607e+05
4.260176970310969627e+05
1.297485137432859192e+05
1.680713815729602007e+06
1.622612620281016862e+05
1.254491775964885455e+05
1.919461255633786554e+06
1.585519201450282708e+05
4.275446707816768321e+05
4.679889926116669667e+05
1.078465261795178667e+05
2.805071234812855255e+06
5.059553404186474509e+05
5.829860235427620355e+05
1.880484417422457365e+06
1.408918727024227846e+05
4.193339338039229624e+05
1.176524082006762765e+05
2.868975731043133419e+06
1.518258222309148172e+06
1.103668233635068173e+05
7.934720384845238877e+05
4.148798890852715704e+05
2.238340848129949591e+05
1.615478678731201508e+05
1.215447220297036693e+05
1.083350072786794510e+06
1.307942858215951564e+05
4.983476161556750885e+05
7.859081414205185138e+05
3.383435491923179943e+05
1.401195322774192784e+06
4.488677526294370182e+05
2.749647622579180752e+05
2.689157188151695300e+05
1.402155756850332720e+06
3.168246844771201140e+05
3.857766405899342499e+05
5.105913480258196796e+04
6.443280146333302837e+05
2.654645084825222730e+05
1.037304092238559853e+06
2.077233282880454790e+06
4.992872366606206197e+04
3.610697357856053277e+05
1.713516292502720898e+05
1.154345732433208323e+05
1.974200289821331389e+05
2.208354875721228600e+05
1.906927947145513608e+05
8.429308472169024753e+04
1.087728493465627398e+05
4.322771856046947069e+05
3.597411486259868252e+05
8.645900231304770568e+05
9.686424626585983788e+04
4.106135456471801153e+05
6.043403916053941066e+04
1.700076617340434343e+06
3.360730219537595258e+04
2.659618170712514548e+05
1.154769623395570379e+05
2.497046955192641821e+06
1.046630692671643337e+06
3.828394807759248652e+05
1.210627274573783216e+05
4.804378860034190002e+05
2.308747381659024104e+05
2.452391104170351464e+05
7.716471822100631834e+04
4.246623993761746096e+05
1.038660604870610259e+05
6.341849626300849486e+05
3.745038583122584387e+05
3.720665704099904979e+05
1.512269354094120208e+05
5.618302522331145155e+04
3.516708642687462270e+05
9.051765082067814656e+05
2.069043393295826536e+04
1.416409917221031501e+05
7.978775410542948521e+04
7.641267780723812393e+03
6.600137174500948749e+05
4.132564022524711618e+04
2.673864503554759431e+05
1.959693449805394979e+06
4.878918273120451486e+05
2.483081418218401726e+06
1.740894868813629728e+05
3.426484662775490433e+05
6.451047191652110632e+04
1.965710641660945257e+05
1.008284328473806818e+05
6.261495251111080870e+05
6.552496592648013029e+05
6.351448850893856725e+05
4.190578021604471141e+05
8.212671138553714845e+05
2.158852305712430971e+05
2.568827088842671074e+05
1.264883771172518609e+05
7.096027897082306445e+05
3.009332866999239777e+05
2.551388925265046710e+05
2.275929988903638441e+05
1.547952278760589543e+05
6.079165901906780200e+05
8.762027694375837455e+05
5.739963723991743609e+04
1.178305102381440578e+06
4.513521999286328792e+05
4.492403640872814140e+04
1.127156754935389617e+06
1.342729408880393312e+05
2.694776284268661402e+05
7.993019800991615048e+05
2.850057093367457128e+04
1.620119759104624100e+05
3.362393625738197006e+05
3.853827158926643897e+05
4.840448094387892052e+05
2.485690248661549704e+05
1.051029122853914509e+06
1.067210681708556833e+06
5.064991511562077794e+05
1.260168676031743234e+05
1.907830925452320662e+05
1.362492064745031239e+05
2.103584994344097140e+04
2.365554700253407937e+05
3.348703729055539588e+04
7.615495750944963947e+04
2.801115025363524182e+03
4.003605736685686861e+05
2.844992166116398294e+05
6.521709166520757135e+05
1.198296872004287725e+05
6.768523655705961573e+04
2.998592575159926782e+05
1.929526435365681304e+06
1.141926119811661047e+05
5.037246021058018232e+04
5.460805170352619607e+05
1.216938824877259176e+05
8.259963628498799153e+03
1.192946808758505795e+05
2.943979719289357890e+05
5.029474958729937498e+04
1.090343731016038364e+05
5.193879432988086483e+05
6.762189400974548189e+05
1.264728959316051623e+05
2.720269490325117367e+05
6.183489334040179383e+05
5.808629653906624299e+04
1.285862581259217259e+05
8.905501534084617160e+05
1.774110472724350984e+05
9.508233523967888686e+03
4.917839769728295505e+05
6.887512172103907506e+04
1.203078223197964398e+05
3.565972313922554167e+04
1.564074937371985579e+05
7.659341486700655660e+05
2.304523412417225481e+05
1.566629989898550091e+06
5.031158398313954240e+05
4.024808853957137908e+05
8.996394598358446965e+05
4.915512204800095409e+06
2.248844659445457510e+05
6.575377276576358418e+04
9.945175066612346563e+04
2.743728913748752675e+05
1.063404942782785511e+05
1.573644501435439568e+06
1.796268019422933459e+06
6.978234957710733870e+05
9.721245182186355814e+05
5.929581970308247401e+04
1.528880957222665311e+05
2.478487361472213641e+06
5.549408991791266017e+05
1.317271972790140193e+06
1.248732743952592136e+06
1.789649538877886487e+06
8.430349953856617503e+04
5.061710796950281947e+05
1.167210597696816316e+06
1.228596351320235553e+05
3.608363638860154315e+05
7.558831590212907176e+05
6.914173818239012035e+05
1.000316347372304066e+06
1.114511021595499915e+05
1.538020317856278270e+06
3.283738180627871770e+05
3.080748208018788137e+04
8.276348011999459704e+05
1.477327059510551044e+05
7.019901657501884038e+05
1.377974446096327156e+06
3.430805791652651387e+05
6.094370261806972558e+05
2.769022642018706538e+05
8.732827225313121453e+05
3.001583996115577174e+05
2.611853098377435817e+05
2.498339132935145870e+06
1.621388628894566500e+05
1.308736458451961953e+05
2.673845345827289275e+05
7.425667717539580772e+05
7.579946420732218539e+05
1.441286020290697459e+06
2.550298412629594095e+05
5.635783032850148156e+05
2.396770709474179603e+05
3.055764204775380204e+05
8.703462488352133369e+04
1.855988645800430386e+05
1.124853313193852082e+05
1.356678729383215541e+05
1.253801698399370252e+04
8.784366980976062769e+04
7.738040762742303195e+04
2.124045589423266647e+05
8.521374668199124280e+05
3.387712907816094230e+04
1.507407652087374125e+06
1.017325685107541154e+06
9.390171997638638131e+05
1.154866733001105167e+05
1.966996273364779772e+05
1.170514291365205136e+05
1.718015068474668951e+05
4.753573874055105262e+05
3.711378405578531965e+04
3.272383861417149892e+05
2.326628478914398670e+02
7.586589226485358085e+04
1.276438214493109117e+05
2.202229689560475235e+05
4.726485567367170006e+05
1.904167819245657010e+05
2.239538816075802897e+05
1.517911344980992726e+05
2.200777781370735320e+05
3.636948801278400933e+05
7.435365136364423961e+04
2.646078285551882000e+05
1.813912783079205474e+04
1.569662888290835777e+06
4.895344494104420883e+05
5.193753539610518492e+05
2.147328663710625377e+06
3.185173103559723240e+05
1.697368444725662703e+05
6.451271657284445828e+05
9.487782692682334455e+05
2.248945351844229663e+04
1.896864536474843277e+06
3.797965190528590465e+05
2.928566185878702090e+05
2.273102449222399388e+06
6.154488751203186112e+05
2.217277266727269744e+05
1.294448997416834900e+05
5.449283697172753746e+05
1.065052645438776817e+05
3.436467346936024842e+04
5.337961221077289665e+05
1.830053873632675502e+06
4.502243718121139100e+05
4.095769020889942767e+05
3.376056917007656884e+05
2.161297159246277879e+05
3.543627132498192950e+05
6.335492227089327062e+05
1.095954679509731504e+05
1.367969297356904135e+05
6.079018418050378095e+05
9.597425551379608805e+04
3.330518691519417334e+05
1.385175917453664442e+04
3.535993671087534749e+05
1.629786814661253884e+05
1.251063373623012798e+06
2.436951401837712328e+05
6.469180556775515288e+04
7.545931965294298425e+04
2.303622662915997498e+05
3.353725738853344810e+05
2.431201537953586667e+05
2.653940104170371196e+05
1.370752083928486099e+05
4.760257854416071204e+05
2.837818978864076053e+04
3.858453807933210046e+05
6.361064070749436360e+04
1.831834049553621095e+06
3.026635801346960943e+05
9.580174534870426869e+05
1.468420979908063891e+05
2.431924605783120496e+05
1.725355949081191095e+06
2.503923722397160251e+06
4.561935647175697610e+06
3.354735161575677921e+04
6.442001506267591380e+06
5.286792186092212796e+05
9.892572927585613215e+05
2.624299278018470068e+04
1.128937164648224862e+05
1.731712068875805417e+05
1.901323547416798247e+05
1.159993342594364003e+04
5.740733849813276902e+05
3.193334525862631272e+05
7.703005956183734816e+05
4.802549384154132567e+05
9.362437841120968806e+05
1.557531897784270986e+05
8.876307700019677577e+04
4.274399822471946827e+05
1.352209576105522865e+05
3.648463769754999084e+05
7.049633393224130850e+04
1.774319804522109334e+05
1.282754527523614379e+05
7.348633061611515586e+04
1.052141397346848826e+05
2.596524190439034719e+05
2.190105256201471493e+05
2.101882810616804345e+05
8.418412572481842653e+04
8.706884916667822981e+05
4.082055165668316185e+05
9.381614667467145482e+05
2.755621298953688820e+05
2.006514375695177296e+05
6.140571369383475976e+05
3.139908529343986884e+05
1.476383033023412281e+05
1.501548103774271207e+06
1.089774226724454435e+06
1.776790367132495448e+05
8.684790422668657266e+04
1.710835946072232618e+05
1.363187825473199482e+05
4.330412170222938061e+06
2.992176080782960344e+04
3.251955132830789080e+05
2.880993950934250606e+05
3.020898158402477929e+04
2.115541244099921605e+05
1.597816558545711159e+05
2.948477366486470055e+04
4.713547994529065327e+05
3.035395676328921109e+05
1.418878150060587097e+06
1.013564540447263047e+06
1.528421601046366268e+05
6.175459179790184135e+05
2.613647366384088236e+05
3.077900645069648745e+05
8.223520923912004801e+05
8.796013310359243769e+05
2.072492020837334858e+05
2.574016190651184297e+05
2.761381027429791284e+05
1.513187228558284463e+06
1.420301710499556611e+04
1.415052656125548237e+05
6.747268472639548418e+04
2.594997512887525954e+04
4.143890364337097708e+04
5.927311331091049360e+05
1.667801411880844738e+06
1.779390331093664514e+06
2.186407664286379586e+05
9.024236777938576415e+05
2.154538586944144685e+06
3.792223660001101671e+05
1.862134294920848915e+06
5.169604580479772994e+04
3.137725603278807364e+06
9.771919888264162000e+05
1.326096747453666467e+05
1.224418277009265730e+06
1.858901936985341599e+05
4.047533285380445304e+05
1.087633962558206869e+06
4.177986955205491278e+06
9.228693769720323617e+05
2.013762705874565290e+05
5.742875304750012001e+05
2.575471836362497415e+05
1.398223898013921920e+06
3.489452834470476955e+05
5.410063401912652189e+05
2.811992127418433316e+06
3.099023593562215101e+05
2.808437757935903501e+05
2.038024649874451570e+05
5.933175662999895867e+05
1.105022868961781933e+05
1.673645023376694880e+05
6.493353111260213191e+05
1.507144800858080271e+05
5.658693853516854579e+05
9.125201365833684104e+05
1.049777729967410269e+05
3.661321202569421148e+05
3.175823468985343934e+05
7.129544844632408349e+05
2.238496573492887255e+05
2.206202622110586090e+05
9.839704904708790127e+04
2.090151870600393740e+05
4.744210523742627702e+05
1.435888977570411749e+06
4.385369265319605474e+05
2.937488850260049221e+05
9.672839029983168002e+05
1.876861987085278670e+05
2.542182470578526845e+05
1.758839577197894221e+06
2.890514183923869859e+05
7.921796134726647870e+04
5.685773538251398131e+05
2.443728115322011581e+05
1.499482455912647769e+06
9.607296462417176226e+05
1.675068895676255692e+06
2.974304657673071488e+05
3.026208392777963309e+05
1.830243588630064041e+05
6.272972943914820207e+05
1.843160856316984398e+06
1.510868114016630570e+05
9.200800155372537847e+04
5.762708542878305307e+05
2.880045993501433404e+05
2.347537049302303931e+05
6.086169668651223765e+04
1.172723165831066144e+05
9.512190162248739216e+04
2.230211047990118677e+05
1.017115373394979833e+05
3.612296890794875217e+05
2.007017189004223328e+05
1.096284070981851692e+05
5.870652396496502915e+05
3.647938773542795097e+05
8.239951063414060627e+04
4.367143172221011482e+05
1.277532361879559758e+05
2.564086603831232642e+05
3.612107239700413775e+05
3.108677674206905067e+05
5.671017801410052925e+05
9.340384736864335136e+05
1.558849992197829997e+05
2.154574787059017108e+05
5.421656650570897618e+05
1.404051199434572365e+06
4.463448410021559102e+05
4.254532226923198323e+05
1.007475170045551386e+04
7.519085962057337165e+05
1.466446009864883090e+05
1.130445353737251833e+06
1.011421807971325936e+06
8.230757575403893134e+05
5.123766961718949606e+05
4.401108817422633292e+05
5.062667950986270444e+05
2.935735048843662953e+05
1.046419539625193574e+06
3.433247210587097798e+05
4.541626915006689378e+05
4.599527095643247012e+05
9.846129536605898757e+05
2.036713947679723424e+04
4.562337641272391193e+05
1.302070998924477753e+05
1.015510866832161119e+05
2.205084288641382009e+05
9.979436731754107313e+03
1.872140722229605308e+05
1.442714200575397117e+05
1.728029945261423563e+04
5.552689280838671839e+05
5.036909604795839405e+05
4.135369937957677757e+05
4.571273011903720326e+05
3.712671259988628444e+05
4.541244589030793868e+05
6.004759962334001902e+05
4.795362518622956704e+05
3.066730512905668002e+05
3.121421434720236575e+05
4.318857993549008388e+05
5.120809874045673059e+05
1.677371856549785007e+05
6.264345296418578364e+05
4.411551570652925293e+05
2.619778667895809747e+06
9.313791669729306886e+04
4.390187837658622448e+04
2.564764424387380946e+06
2.820234687298921053e+05
6.262076363829902839e+05
7.158861231478083937e+04
8.761984058212508680e+05
1.574967604448343627e+05
1.232888846776752907e+05
2.347188466155850794e+06
4.520344809527694015e+05
2.076853006428406225e+05
1.298209879801001400e+06
1.439503736878850905e+05
3.907464665314530139e+05
1.327943852352510439e+05
2.830204173697011429e+05
1.722332939682104043e+05
8.237291596553949057e+04
6.181994902845442994e+05
1.676555279619633220e+05
9.740868743300738279e+05
5.732289546384071000e+06
1.884129405544121983e+05
8.828451927617435576e+05
8.354051228130285162e+05
1.745639681809648173e+05
2.827468523453718517e+05
6.439539835833467077e+05
4.548839548305967764e+04
7.613745404843239521e+04
3.197754560534452321e+05
6.554449796836363385e+05
5.557683948450331081e+04
6.551413863215303281e+05
3.243442986363408854e+05
3.972571668983252021e+05
2.492345265999842668e+05
9.145373482473274635e+04
5.828654736996351276e+05
9.483302788893363322e+04
1.900308859557007963e+05
3.802594240900529549e+05
3.441816958212359168e+04
2.560506546389868017e+05
3.961837215681878151e+05
1.371080349246431142e+06
5.260621827439999906e+05
1.115813169519878284e+05
1.266326429568433668e+06
1.505752646592806093e+06
1.795556426781345217e+05
1.344716180479276925e+06
8.167728713785664877e+04
8.480523837840270426e+04
2.336042078202589473e+05
7.647060262413629098e+05
2.806273710117705050e+05
1.784062709532912355e+06
1.922339811243248987e+05
2.556802492555857461e+05
1.522778589763219643e+05
2.895402413300512126e+05
9.540285931832455390e+04
9.561336825940679992e+05
2.740203569149858231e+04
7.274823731810651952e+05
4.478181457742179045e+05
3.134427339840967907e+05
7.296589403753369115e+05
2.180902394384545623e+05
8.430855947133743030e+04
4.961077739764801809e+05
1.978095193289923554e+04
1.545851331995748042e+05
1.476209149240547267e+05
1.406646337177726673e+05
3.961716288370503462e+05
1.027854889693399891e+06
1.940622788114828756e+06
2.595507374291625747e+05
2.849752719176875893e+06
1.853650616474845738e+05
1.010887194301001378e+06
8.121271883242180047e+04
7.515654365492648503e+04
8.840138608570009237e+05
7.256797697798063746e+05
2.723883480237470358e+05
1.043522697031004936e+06
6.377007524379026145e+05
1.337761417059537780e+05
1.726203666368004400e+06
3.123463768659362686e+05
5.745095830956620630e+05
2.728953936290806741e+05
1.056588865881752223e+06
2.641459591024048161e+06
1.642634584183927800e+05
2.957936002894744161e+05
1.408717609748370305e+05
9.559754697214424959e+04
5.295823654983346205e+04
1.727403862799966708e+06
9.815939033725354820e+05
4.012826999450872536e+05
2.202319715077750734e+05
4.217424790349560208e+05
5.334790130169477779e+05
1.142253715717789717e+06
6.382322361294251168e+05
4.654942832071984594e+04
4.579677423973986297e+05
2.030158769679625693e+05
9.314469112243347627e+04
1.975980211761192768e+05
5.266891606866662623e+05
2.448932029289148049e+05
3.790978182224043994e+05
1.023987046426235465e+05
1.645859981318109203e+06
2.632937984468193026e+05
1.249957892383317085e+05
1.377967870477415621e+06
3.182509505194875528e+05
7.756151463596138638e+05
2.195334938983086904e+05
4.055959426484636197e+02
1.272627803556248080e+06
5.413137869690533262e+05
4.542713166904134414e+04
3.709755754140596837e+05
9.711250452066770231e+04
2.240369576906713482e+05
3.449805357756371144e+06
1.352605410286487779e+06
2.062996129852788290e+05
1.245144546774101909e+06
3.949261828387907008e+05
4.514822857907087309e+05
5.108703295592238428e+05
1.140493877325727604e+06
1.313557215204948807e+04
7.792535575442465488e+05
1.294840470424004016e+05
2.412344956368944549e+05
1.725815786709642969e+06
1.435192196812370094e+06
5.798777575131281046e+05
2.394760642112605274e+05
6.201602134388904233e+04
1.411503888001284795e+06
3.888696044598190838e+03
1.073977030600335449e+06
5.358084668356032125e+03
1.019322436642617104e+05
6.887949029936488951e+05
2.950359557776825968e+05
1.576676219113547122e+05
8.132674642276702798e+04
3.594974780777230626e+05
9.826734573917742819e+04
8.973482091475203633e+05
2.435259153824936220e+04
7.166115427706198534e+05
1.379479748326179804e+06
9.422635882525008637e+05
1.413698968759820564e+06
3.615340414190057199e+05
9.417719573708995013e+05
2.424162130988082790e+05
3.062565226081368746e+05
8.253910428741628130e+04
7.364966171794194088e+04
4.300024865347559098e+05
6.298695914351728279e+05
8.358857094903769030e+04
9.183671760649936914e+04
9.737578408502358070e+04
3.232449236247414592e+04
1.695661617122724710e+05
3.976515631101498147e+05
3.104830133137905505e+05
2.132121941250946111e+04
3.269356621173808817e+05
1.599123426223510876e+06
2.874285344539315702e+04
5.082308882932492415e+05
3.507060252705829334e+05
1.282327896674647636e+05
2.924816700292519294e+06
1.366217981224321527e+06
1.512175338412803598e+06
7.994498629841201182e+04
6.222514532789960504e+04
1.980297683617824223e+06
8.863618290690636495e+05
3.641444850587669644e+05
9.417881125497646281e+04
5.856814327607777668e+05
5.896585083014798583e+05
2.133254899023008475e+05
1.877887023929773364e+06
3.042346790744870668e+05
3.848884719423379865e+05
4.372153283149721101e+05
1.329420048309408012e+05
1.122698434139049845e+06
1.388625677479850128e+06
5.458001074689816596e+04
4.534841156945348484e+05
1.589424239708019304e+05
4.551406025737502205e+04
6.283064791979145957e+05
2.404850956198494896e+04
1.338502978698718362e+06
4.954980956571210409e+05
4.043863397913308581e+05
3.099070270118860062e+05
2.557436144033880555e+05
1.528624345366944326e+05
4.055240477914951043e+05
5.704959304322864627e+05
1.076282048681126907e+05
8.989204818058506353e+05
4.140944841011479730e+05
2.010835106871568423e+05
1.542594342228573805e+05
7.544350168824620778e+05
5.158259718237196794e+05
8.999697304250142770e+05
1.677875473296440032e+05
2.182134679258749238e+05
8.554283303696966323e+04
1.708124585748251702e+05
6.630945528013542935e+04
3.000951357702562236e+05
6.514326464952529641e+05
2.115583836653690742e+04
1.397745605308903614e+05
8.544471706117248686e+04
9.593872404813236790e+04
8.259921210830834752e+03
2.640494885470250156e+05
5.117573029650704484e+03
1.199535709298945498e+06
1.694128961894818349e+05
3.455357965838207747e+04
4.514279367052501766e+04
1.858251035575334390e+05
1.382186410280166892e+05
1.264331673214817187e+06
2.069754227022031264e+05
1.494664114914067322e+06
2.183151469618292758e+05
2.691477947737722207e+04
2.576470599530524923e+05
9.318856492126100929e+05
2.705234352539057727e+05
1.547236265755301574e+05
2.004059238650776751e+04
3.190300509873431292e+05
3.908764794769822038e+05
1.203515974148021778e+05
2.638415745158565696e+05
7.050171050711614080e+05
2.589349341567876982e+05
1.733223240149754929e+04
4.150776046125275898e+05
1.275974588718275481e+05
2.711400669306419441e+05
2.301127742510091048e+05
3.379111771539288457e+05
6.604319118918720633e+05
2.822884353110683151e+05
1.183381298298449023e+06
1.052438525224203942e+06
2.132293464395449264e+05
1.333928477798780077e+05
1.193356341199588263e+06
3.024513736151697231e+05
6.593897901987015503e+05
1.263921426456953923e+05
2.008185314232585006e+04
3.792849039698120905e+05
2.699995881284775678e+05
1.357960853333164006e+06
6.242489746185191907e+05
3.877706585886356770e+05
5.399845962080354802e+05
6.835884999010527972e+05
7.730854199802252697e+05
1.804533649801058054e+05
1.060352665001927962e+05
5.509505303218542831e+05
1.440082449149728054e+06
1.766782850962571101e+05
1.146437036406879633e+05
9.341509787574593211e+05
1.159740678024909139e+05
3.803957553613460623e+05
1.285364661267536576e+05
7.166656136702707736e+05
4.047303211630626174e+04
2.125987322185737139e+05
3.641773166507692658e+05
2.234057738056419475e+05
5.211865921279910253e+05
2.195653198149295931e+05
1.605979316219424654e+05
1.100715943992134649e+06
4.107262715718396794e+04
1.858648426918080950e+05
3.401094247027894016e+05
1.665088419620599598e+05
1.620549085916217882e+04
7.913306886140165443e+04
3.877718781402382301e+05
3.622624005375729175e+05
3.388914503188003437e+04
1.096387809666082961e+06
2.411178037925587851e+05
6.298393171093626879e+05
1.684667475230626995e+06
1.909022960526251409e+05
5.563100836684011156e+05
2.087487889688331343e+05
1.759403602435526263e+05
6.563907766890824132e+04
2.158644816617210396e+06
2.156724465628293401e+05
1.441600751622591633e+05
1.202577473116961075e+06
1.392441957424597349e+05
4.594775523900279950e+04
1.726982124533104070e+05
2.999487501272049267e+05
2.751504447344645159e+05
1.341239732344261836e+06
4.766962852045640466e+05
4.724469036446597893e+05
8.185757751075858250e+05
4.758861925281725707e+05
4.612696825128216296e+05
1.353441741289591882e+06
1.338447194747594767e+05
7.421520567343266448e+05
1.112312786022305809e+05
4.555269192004413344e+04
8.005789796118180675e+04
1.224565182680706675e+04
3.399375846887083026e+05
1.458802055539722787e+05
9.214762766210790141e+04
6.776541630093817366e+05
1.445399661571263277e+05
7.649011335950992070e+05
2.234876833093707392e+05
1.171619871974498819e+05
1.939365562851279101e+05
2.703913065198641270e+05
3.525403744428224862e+06
8.138937490469755721e+04
1.066591817597975954e+06
2.382002556454257865e+05
9.261247036102340790e+05
7.656881550015599350e+04
2.620615582836194371e+05
2.056855568273410317e+05
9.829939103095774772e+05
1.810455038299114385e+05
2.879385903627058724e+05
2.400635518941369082e+05
1.292430924585945031e+05
8.571309022820816608e+05
2.634390604828931391e+06
2.908190280859463383e+05
4.486270786511070910e+05
6.887015692993026460e+05
5.434259438378508639e+04
1.337095285123525187e+06
5.256366471271705086e+04
1.694808560493999976e+05
4.025481768280757242e+05
4.168082154339614790e+05
6.460674605241285171e+05
9.544795784647595137e+05
4.173297821834682836e+05
1.237572067441688559e+05
2.356490562448942510e+05
2.691559615816117148e+05
1.002903935728550277e+05
1.755635239509060921e+05
3.728084681271383306e+05
7.938008118535693211e+04
9.553233475415714784e+05
9.096983684935452184e+05
2.320545068351716327e+05
8.424449026794087840e+05
1.757430548585194920e+05
3.290176110937147751e+05
2.633422270717821084e+05
8.389258963048444130e+05
9.491281560603445396e+05
2.460119704193099751e+05
3.030983253833988216e+06
9.300510313125242246e+05
1.296243194356141757e+05
1.256271701835956424e+06
3.555362679244000465e+05
2.412612392104160972e+06
3.215931664204378030e+05
1.024672507324886741e+06
2.134792496507476026e+05
1.195897574348624563e+06
4.910664909703769808e+04
4.631095660576964292e+04
3.608301632170783123e+05
2.402253854111659806e+06
5.540484248221878806e+04
1.062368985842021357e+05
7.305214536711842520e+05
9.244370053736296250e+05
5.555569218208916718e+05
3.456453810399354552e+05
1.037571601757616299e+05
4.498099248829563730e+05
9.720530936097603990e+05
1.173425030154809647e+05
4.919202171411144082e+05
8.138215012557224836e+05
6.803457847833177948e+04
9.604961098182220012e+05
2.664742313736391952e+05
7.181810602732246043e+05
2.896982727526561357e+05
1.590622341521655442e+06
2.869139158743393491e+05
8.719424681732908357e+05
2.193886767691136920e+05
1.081713897116176304e+04
6.795436746843055589e+05
3.977340539473373065e+04
7.802173183799915714e+05
5.450143852605788270e+05
2.131614613456963561e+06
5.405855093631289201e+05
5.262588545574458549e+05
8.531856316563062137e+05
4.887683417799128802e+05
9.262886496286824113e+05
2.992048024433779647e+05
7.192986183722103015e+05
2.453848920836107864e+05
1.277849666858695447e+06
1.069634460913220100e+05
9.775886154727418034e+04
3.037127536761008669e+05
2.104412477262149565e+06
2.289271366668585979e+05
1.325561528142622905e+06
1.966722725420905044e+06
1.272282640995204274e+05
2.599352822682595288e+05
3.810068059959299280e+05
2.765217319098039297e+05
7.447214314766971802e+04
1.067860243793640751e+06
2.003615351574320084e+04
1.120312048996813130e+06
9.546920542871003272e+04
1.942232510208605672e+05
2.978266552487836452e+05
4.315336268048585625e+05
1.548007596083081153e+05
4.812377501771861716e+04
7.602235510571482591e+05
8.794886080798159819e+05
8.611887751006920589e+05
2.055055238395936030e+05
4.530241598281823099e+05
1.626729009274973650e+05
6.083403749562620651e+05
2.343737191329398192e+05
5.260985320671708323e+05
1.178416644308618561e+05
5.583106699179015122e+05
9.464776755061321892e+05
1.104547995990292839e+05
3.103168935932856402e+05
2.613461874507422908e+04
6.973849328864173731e+05
4.033757969933260232e+06
7.157781061209531035e+05
1.789456749320620904e+06
4.218813486433384940e+06
2.189966047813564364e+05
1.501517057080411760e+05
5.385588854468951467e+05
4.513441124122546753e+05
2.274852976896019827e+05
2.650499697923521744e+05
4.552905947835351340e+06
9.538791625971448375e+05
2.908054242558820173e+06
2.506890294917378109e+06
7.686966761249379488e+05
1.140816748530100740e+05
5.286039722670997726e+05
7.676124073683837196e+05
1.248599164569167478e+05
2.311623749832834583e+05
7.493976459631518810e+04
1.850692694135816535e+06
1.363174292639520136e+05
6.255271870741482126e+05
1.655853468022627058e+06
8.233822961542972189e+04
1.463019114662804175e+06
1.293302403427413265e+04
6.958251801067352062e+04
4.567280357696037390e+05
1.513558120010627608e+05
1.689308334040827685e+04
3.248689798142838990e+05
1.591891079396503279e+06
7.128421247063394403e+05
2.325448823155224673e+05
9.212317666995136824e+04
1.801406226691354997e+06
1.582194370326370234e+06
