5.557654402668260736e+05
1.620082968209114915e+05
2.960854768237360986e+05
1.301048620164366730e+05
1.796314207991015573e+05
1.294778095902465429e+05
1.244244895171845332e+06
6.645034297047248110e+05
1.672133497286150232e+05
4.423220521964959335e+04
1.296779738942259719e+05
7.532733851904690964e+05
7.517905030314577743e+04
5.877139766460856190e+05
4.011505522214890807e+05
4.757891193135312642e+05
3.916900208741967799e+04
6.934078077735734405e+04
4.920882773000368034e+05
1.842317290394846117e+06
5.328844112259388203e+05
4.801899439947385690e+05
6.056196589558612322e+05
8.727473678464045515e+05
3.872768508644147660e+05
3.442243124027411104e+05
2.688748315046157222e+05
1.406050302176136291e+06
1.608090346697162022e+05
1.060619053994051646e+06
2.204044084578343700e+03
6.859820005495973164e+05
3.175870812870812370e+04
1.204102760220405878e+06
2.598701748275644204e+05
6.389350009107049118e+04
4.699397196549977525e+04
5.064384960304925335e+04
5.419676628083904507e+05
4.930323672294295975e+05
1.525982235702256672e+06
1.683973411014807061e+05
9.662660829391694278e+03
1.686563050154627490e+04
8.193486366823653225e+04
2.239905425995389000e+06
1.567781776612924878e+05
1.901874668054251233e+06
1.984078020028381143e+05
2.402819070498850124e+04
4.722453313813256682e+05
2.246107045251332223e+06
1.534302254931206116e+05
3.745020841336398735e+05
1.749133892083030893e+06
4.849822138773312327e+05
6.046988476147312758e+04
3.828189319403763511e+05
2.737697860239624279e+05
8.772634359061146097e+04
2.167312980814936163e+05
4.205011748788938858e+05
9.005764545751097103e+03
9.495830975156898785e+04
3.203097888671706314e+05
8.188827705552517436e+05
1.614988455698415346e+05
1.568667319267853163e+05
6.888166797584891319e+05
1.663255021709424909e+05
1.376166316083423153e+05
1.467781633664179826e+05
1.895811188231840206e+05
5.717973595859443303e+05
2.862561635620877496e+05
1.057480950874194503e+06
5.401779836206753971e+05
1.148885052171979769e+05
6.585947492349095410e+04
1.511549325192082324e+05
1.119798023990417132e+05
1.670089826867838565e+05
7.255205991986839799e+05
2.418797595555190055e+05
4.087374799757594592e+05
2.898656657985244528e+05
5.354331885404467903e+04
5.484681139874395449e+05
2.137485039923112374e+06
1.284343394769187289e+05
7.315541871280256892e+05
1.135622130832744297e+05
6.875231683690227510e+04
1.579506676708223997e+06
1.854287977829612209e+05
2.819284830151306815e+05
7.370777421147817513e+05
6.452010470590365585e+05
3.167295258684933651e+05
1.844759164201653621e+05
9.917715982334319269e+05
5.729023231272640987e+04
6.401425863052735804e+05
7.565961779949611519e+05
4.229354410079068039e+05
2.530324092561319703e+05
4.220410567756957025e+05
3.612907080352900666e+05
8.056051031655726547e+04
9.657847075624653371e+05
3.377818668112630257e+05
2.149477744552080054e+06
1.473230090436233149e+05
3.011799191254057223e+05
7.921017792337051651e+04
3.064561428039397579e+05
6.210372526295093121e+05
3.554659039443315123e+05
6.276417389888903926e+03
4.583673918086160556e+05
8.146870624555366812e+05
7.735764445444544544e+05
2.283907393849315704e+05
8.685654239234892884e+04
2.306047520314906142e+05
1.881850104927422362e+05
9.150130199299613014e+04
2.512248476995708188e+04
5.056415577337004361e+05
4.451451498036641278e+05
2.039650327286282845e+05
7.627590645393430023e+05
7.397574623135384172e+05
1.723776546472878254e+05
1.369418056595908711e+06
1.237590253258511802e+05
1.797516057398912031e+06
9.239043143026230973e+04
3.169085847894525505e+05
2.226245962646188855e+05
8.144373115821489773e+04
3.652753184276680986e+04
3.632810880419628811e+05
2.859283043261463754e+06
2.640001126149700722e+05
7.629507096172527235e+04
4.704750871560735395e+05
1.672379416145851719e+05
1.400107908456093166e+06
2.413853404424279288e+05
2.583295162783052074e+05
4.429858054017830291e+05
1.588385031593705935e+05
8.809511429607945320e+04
5.498205805462620221e+06
6.365019462601284031e+05
3.095394328686504741e+05
1.094142461167674337e+05
6.805268081360791111e+05
7.125427238934283378e+04
3.797170889512065914e+05
1.057881402975868987e+05
1.236459512502485421e+06
2.929802073021425167e+05
4.794283368398715393e+05
4.513166631921700173e+04
7.772077212171728024e+04
6.894189468353401753e+04
1.283273109653296880e+06
1.263321884287457215e+05
2.336841704533155716e+05
5.340246901647931372e+04
2.817920136339498567e+05
1.307667404382218665e+05
6.729973378909303574e+05
7.549283199420917663e+04
4.189809902611020952e+05
2.205106887003477896e+05
1.603860544996756653e+05
1.842224231081235223e+06
1.850562787084552692e+06
6.529237219169583841e+04
3.559841290162638761e+05
1.162857686606655829e+06
4.811277622719291830e+05
5.812612215193838347e+05
2.662476746140246396e+05
2.016221948386167642e+05
1.957539538551174337e+06
1.578699295325983549e+05
7.752734055769161205e+04
2.974741080796356546e+05
6.089906778949420550e+04
3.485494944594945409e+05
3.184808644968179869e+05
7.327618139381514629e+05
1.020508687679528841e+06
5.116114942085656803e+05
1.236865876258155622e+05
7.679365733253487851e+05
2.431062185497318569e+04
7.062349180971307214e+04
9.297549626222572988e+04
9.441573288931116986e+04
6.537447508744314837e+04
2.571251533572951448e+05
1.245615502045516041e+05
3.624333088401147397e+05
4.306241372392245103e+05
2.388514650956176047e+05
2.618875339184020413e+05
1.403630789121241542e+06
8.262066124370095786e+05
2.232106056517943507e+05
6.300430253499027458e+04
4.157855292917024926e+05
1.899292853577389906e+05
2.819830297837455873e+04
2.020532529469699366e+05
5.567378102220461005e+05
7.942810424809550750e+04
3.953285902090047603e+05
3.212061221543234424e+05
2.918544120051802020e+05
5.593864184221252799e+04
2.431517856706195453e+05
2.106337452201129403e+06
1.425971418850401416e+06
4.530999715602353681e+05
5.030237433616549824e+05
4.182540119622420170e+05
1.351823797814319143e+06
1.478998794807898114e+06
1.465650430844779476e+05
1.463873895636911504e+06
5.378464556198357604e+04
2.116312467387711222e+05
6.775406801795088686e+05
2.709234486581551027e+05
2.936451094433931285e+05
2.959669145627238686e+04
6.746255369370637345e+04
2.238140380354162771e+05
2.727831004441039986e+05
5.023816607318107854e+05
2.735268345548621728e+05
3.839909119354863651e+04
3.800386841828345205e+05
5.923580778861432918e+04
2.959656970025926712e+05
6.453328016706922790e+05
3.451992255794926081e+06
1.884963570958671160e+06
1.497706506909414020e+05
7.885280466170550790e+04
7.128090900192760164e+05
1.147074873677316791e+05
6.418510407462016447e+05
5.343478368865610100e+05
6.751196867549474118e+05
3.922030272023602156e+05
1.082788600853436626e+06
5.524609336066799005e+05
2.195814440364078619e+06
7.011406332734184107e+05
1.533998410748256720e+05
3.066318987279199646e+05
7.207811478740390157e+05
8.198084334042206174e+05
2.166400345669702801e+05
4.604465936248406069e+04
7.568213863963341573e+05
2.906072969583257218e+05
2.927477995688009541e+06
4.577544615648995386e+05
7.244604381997084711e+05
3.859428285013651475e+05
3.562046965079366928e+05
1.496715667466079176e+05
1.111180849906447547e+05
1.636846234449529147e+05
5.803722618262043688e+05
3.866969070683380123e+05
3.912350632065733662e+05
2.980035547316469601e+05
8.284759697445139289e+06
7.853334625682722544e+05
3.481041071969239274e+05
2.024825798188889748e+05
2.801921040037759813e+05
4.734306726988244918e+05
4.219331211668644100e+05
8.064414760241350159e+05
1.341668934709518217e+05
1.186792878494299948e+06
3.615280085046282038e+05
1.816211968717229611e+05
1.169735566491533973e+05
2.879984610066045425e+05
1.358013832036138047e+06
1.282937412408794975e+06
1.045925167077982915e+05
1.075703809716876596e+06
7.595700805166929786e+04
2.024462412271612557e+06
7.689469070665378240e+04
7.885520728613862302e+05
4.293242942468064575e+04
4.573855531610362814e+05
5.446629682841121685e+05
1.005721876533130649e+06
9.699248522071433254e+05
6.746937265793688130e+04
5.697302416325905506e+04
1.658139078690144932e+06
1.752184885078849620e+05
1.019356647360919160e+05
5.736591132544788998e+05
5.067748574257312839e+02
1.191418125089342706e+06
7.876780558618666837e+05
3.215929068868297618e+05
6.341567063721120358e+05
1.488404567984580644e+05
1.433448811188059626e+05
4.531146273519489332e+05
4.408841892511997139e+05
1.389039426300696796e+05
3.055687040005497693e+04
2.722362857015273534e+06
1.616500179996724764e+05
5.299173187792777317e+05
7.986742825476682046e+05
1.590240657312219264e+06
3.778049478070644545e+05
3.385707147497895639e+05
4.572141869803583832e+05
3.783892666705333977e+04
1.312021347891780897e+05
1.383196329039353644e+06
1.966732410486201406e+05
8.082099691373317037e+05
2.238908996992628090e+05
2.510276796652837656e+05
2.020028422058756114e+05
2.825400226934165112e+05
2.072474240402973373e+05
8.676997651047434192e+04
1.924467442943407455e+06
1.850316505767913768e+05
7.238460094026396109e+04
2.221816414307086263e+06
5.302984700955015142e+05
7.496278479953879723e+05
6.839660962364175357e+05
1.747465737906031718e+05
1.602601462366709311e+05
3.642817567724423716e+05
1.653181724158678844e+05
1.802064221362450917e+05
4.302980464120610850e+05
1.880566366724606269e+03
1.432551306448980235e+06
3.084252038335559191e+05
1.949793724199793724e+04
2.520713839873195975e+05
5.806143926732946420e+05
4.702401655320411082e+05
1.822752915478194336e+04
1.881317860737882555e+06
7.401196232685289579e+05
1.199771292553952662e+06
1.048011523616923077e+05
7.884080763906154316e+05
4.384999051056358730e+05
1.700144931496235658e+05
2.042162591451092856e+06
2.501238994014941563e+05
6.638700805871745979e+04
2.753230859397235909e+05
1.265825106378092023e+05
2.076644433366600657e+06
3.652663010394677985e+05
3.060690416613566922e+05
3.210549179101107875e+05
3.307605151938006165e+05
3.040390087865347043e+06
1.108103372721380321e+06
3.415177134548788308e+05
7.923300657516361389e+04
5.874379207993472228e+05
5.507828067316805391e+04
7.710769463417888619e+06
2.059995219743575217e+04
5.740259919630996592e+04
1.076570129330482567e+06
1.161612995280321338e+05
4.676289535456898157e+05
1.173796013182487368e+05
9.148897746834314603e+04
2.157400688875807464e+04
3.015871719710569596e+05
6.268249285415665945e+05
1.720381680214119551e+05
3.136235335776644570e+04
5.361951238578554476e+05
3.205233736318844021e+05
5.690862668097745627e+05
5.109968107906496152e+05
3.792044642030338873e+05
3.040900243834131979e+05
1.789292023867934942e+06
1.323485073742842535e+06
1.897055017503676645e+05
5.359136028044002596e+05
6.723265115869132569e+05
3.173629577200265339e+04
5.016253801284300280e+05
2.668781300108096548e+04
3.687440448005184298e+05
5.016150308780046180e+05
9.629709057544392999e+04
1.104343733541980619e+05
7.567895298871750128e+04
1.179811473165994743e+06
5.039630507702532923e+05
2.719201600278271944e+05
7.617611160157191334e+05
4.355002247769114561e+06
2.832461906239415985e+05
3.949840123339568963e+05
8.029717250520626549e+05
7.222648683320349082e+05
9.798642013006159686e+03
7.456012095706807449e+05
5.810765408048695826e+04
7.186361957360390807e+05
1.022518138557526108e+05
6.344529327129576268e+04
2.724754610736953327e+05
3.079755492206659401e+05
5.175401758477144904e+04
3.253525449165972532e+04
1.072572512880580325e+05
1.163866534481947310e+06
2.517398733493658656e+05
9.067238472821319010e+04
1.361137639535574999e+05
3.111686758818746544e+06
2.641066261914126109e+06
3.027577950401511625e+05
4.238306310041114339e+05
1.486305901844394859e+06
9.811386107086570701e+05
1.378280570164785022e+05
1.651000077753531223e+05
2.032471601005803561e+06
2.470000568154674256e+05
3.257840221378534989e+04
1.464178697915500961e+05
2.759375213200102444e+05
3.550551098242849112e+05
4.986135349709727598e+04
9.829659660203431849e+04
1.747965065333239909e+05
4.522059751404962735e+05
3.793134358822474023e+05
1.930218928077984674e+04
6.789239429926578887e+06
1.017486544352784520e+06
3.026933214457111317e+05
1.312278655154790962e+06
5.127889881479999167e+05
9.184066039481279440e+05
4.319388041325700469e+06
6.119682764499436598e+05
1.134718750446805352e+05
2.656167831928465748e+05
3.788938644367679371e+05
5.993083339876612881e+05
1.153537972598581342e+06
2.141258301844410016e+05
6.086047340527100023e+05
4.356301248082278180e+05
8.505714451239499613e+04
5.937805349332132610e+05
1.488217432779697992e+05
4.354048526283885585e+05
1.518926976333477360e+05
1.561540390783334151e+05
3.063187261073169066e+05
5.211722740366986254e+05
9.925293652956137666e+05
4.845960305014554760e+05
1.733391400857931585e+05
7.478141524336629082e+05
4.610798522289743414e+05
3.329871303030316485e+05
3.471581258043837443e+04
3.205090028087069513e+05
6.331396626223375788e+05
2.595460905545004425e+04
6.499137468575477396e+04
2.903119376849072287e+05
9.039564700535160955e+04
3.729834555027721217e+05
1.031043837131673237e+06
1.838773508941445616e+05
3.376202043459679699e+05
6.969749955577141372e+05
3.486095081839521299e+05
4.598926720525302226e+05
2.808307967383083305e+05
2.555987932613131488e+04
1.763473104167208541e+06
1.359541632937090937e+06
7.575213773488110164e+05
1.023225221118117333e+05
1.222227753169667674e+06
2.921540084686931805e+05
5.744676817173245363e+05
8.301945287662154296e+05
2.272669173303544056e+06
1.634866857014147681e+05
2.100514772890225868e+05
8.109175497168746078e+05
7.265699114807655569e+05
2.796328909508278128e+06
3.026354467383190640e+05
1.853417877592850011e+06
1.553549455782826291e+06
3.567015237927360577e+05
6.597583528147898614e+05
2.202431648307561991e+05
6.486800000002890592e+05
5.516541970474239206e+05
1.515264824160710850e+05
6.822493965920186020e+04
7.794991122336769477e+05
4.952589668849097216e+05
9.416086815231227956e+04
2.459400018997963052e+05
1.179024751111270627e+06
1.429547518841639976e+05
5.213841029540357704e+04
2.629589445151669206e+05
1.908701148014797072e+05
1.741830088197687175e+06
6.917350683114462299e+03
4.074590677979293396e+05
3.049266159618855454e+05
2.118329238612096815e+05
8.999870072785227967e+04
5.904485043470537057e+05
9.359040580425208900e+05
6.568509950806056149e+05
1.646513190532221925e+05
1.902466668669681530e+05
6.048319270905026933e+05
2.601709409810120269e+04
3.451722258057519211e+05
7.436010763226135168e+05
6.316932311443059007e+04
5.353243774991992395e+05
4.889992678356016986e+05
3.846251403794594225e+05
7.231942066128220176e+04
4.073118670191211859e+05
4.020765133839004557e+05
1.245302941561880289e+06
1.773685217250193527e+05
7.926880945217433618e+05
4.964045166605286795e+03
1.784053054276746116e+05
9.121690111836465076e+04
5.876952594345184043e+05
2.926458308610732784e+05
1.010305346786762821e+06
2.099620576944443746e+05
2.490349255203325592e+05
2.330664540377648664e+05
3.695202725182576687e+05
9.387386765208083671e+05
3.576574006066907168e+04
1.027028143018937204e+06
1.444964784635526885e+05
7.082375971014090464e+04
1.187870106428616215e+06
7.018331861352133565e+05
2.426343066971135850e+05
3.577181159436501330e+05
2.270634991167184198e+05
3.180067071457612910e+05
9.512795407531107776e+05
3.270852255586684332e+05
3.840415678390667890e+05
7.654248211999456544e+03
6.490305307156359049e+04
2.819127375784757896e+05
8.436935384396550944e+04
1.453345423631356098e+05
1.695179941835772115e+04
8.185539752914870623e+05
1.666970294580025657e+05
4.319166471603757236e+05
1.211577306017875380e+05
1.098562760469930217e+05
2.454822368709219518e+04
5.460753213201365434e+05
1.880642110850362224e+05
2.201602204979558592e+05
6.958425526160298614e+05
5.394878722386428853e+05
1.885252847153871844e+05
1.868424846548722053e+04
8.286219384259495419e+05
7.188881561035350896e+05
4.276687672536235768e+05
2.769343558805800276e+05
1.287826455417116871e+06
1.988922337644444779e+05
4.938324682198301307e+05
1.621239600683350582e+05
3.716267545595463162e+04
2.716314242902406259e+05
5.680993376671841543e+04
2.156855755848198314e+05
9.754587837491855316e+04
3.784699414999617147e+05
8.174060154497531767e+04
8.791599177623176947e+05
9.943738342173519777e+05
1.894962505275045405e+05
1.167428706222357432e+05
2.679071490885201492e+05
3.739926884750226163e+05
2.222697026745692347e+04
7.941033539992873557e+05
3.204746057070535608e+05
3.647126477795436513e+05
6.422224477379429154e+05
1.937450820744415396e+05
1.681562743525263795e+05
2.119789862959868624e+05
1.945580484823199222e+05
2.807585415226849145e+05
3.662625449284428032e+05
5.056890843185898266e+05
5.180932494719904498e+05
8.968304643763368949e+05
1.889587701331418240e+06
2.563802792548559664e+05
1.734919958123549877e+05
2.580803193311934592e+05
1.120353846825699729e+05
4.431761586719171610e+05
5.973194417449949542e+05
1.305866498051253584e+05
1.790708256086951587e+06
9.114795616568399128e+05
6.843948983871252276e+05
2.139457394454501627e+04
3.468180739800620941e+05
1.872281901651128137e+05
1.182791117946903454e+06
1.978999120083044400e+05
3.588730612313387683e+05
1.306976832662210800e+05
4.657519790028491407e+05
7.790884239848089637e+05
6.883299919527781894e+05
8.319508285477006575e+04
3.201244707462671795e+05
1.921596412089270016e+05
9.888112352949494962e+05
3.169356608675535244e+04
1.484495868732375384e+05
3.306524309718161239e+05
1.635320956130389241e+05
3.355941654245373211e+05
7.437982830012933118e+05
5.627100264270108892e+05
2.923761227120351032e+04
5.011053340778030106e+05
2.804427107510869973e+05
6.126489337730758125e+05
1.978154396930573974e+06
7.524520649549912196e+05
9.605346016705838265e+05
2.363517419035517378e+04
1.994360873452569067e+05
8.754046695556064369e+05
2.998251860161994700e+05
4.224805920257802936e+05
1.382056858971968177e+05
5.208713662623757955e+03
9.665252399544719083e+04
1.049600853870546911e+06
7.428721347356469778e+04
4.815263100702391239e+05
2.873586869706276339e+05
2.017542528142509109e+05
3.122108242642038385e+04
6.488117152723497711e+05
5.083763693897351914e+04
1.367133941857035679e+05
1.168203233041052008e+06
1.072061272936863592e+06
1.337140047078681237e+05
3.799568345106956549e+05
2.113034900942757668e+05
6.287736587532248814e+04
1.772339274326363520e+05
4.386861071444777190e+05
5.711779529723071028e+05
1.114369817262226434e+03
9.605481403321893886e+05
2.755088175157425576e+05
5.845286612961105857e+04
2.784133844541017315e+05
1.953793667585436779e+05
5.031361601965259761e+05
2.439703437035219744e+06
4.545409039152380865e+04
4.477055539808821050e+04
1.014081180075199954e+05
2.393696790672493808e+05
9.891023903349225875e+05
3.967625126866658684e+04
1.336265850309520727e+06
2.242281295981995936e+05
1.034790591683584062e+05
4.378272559903647925e+04
2.434134118735328317e+06
3.551428284408264153e+04
1.887697902198773227e+05
3.858354058834204625e+04
4.155353369893876952e+05
1.292583982634602580e+06
1.804258226551423140e+05
6.990556022042427212e+05
8.111163081589253852e+05
5.516433174555790611e+05
3.807623361941353651e+05
6.275743973305213149e+04
3.073286349666457972e+05
7.121842804291917128e+04
6.160673679360284586e+04
8.606197567960158922e+05
4.235195462707068655e+05
1.071836847883542796e+05
8.575981261011213064e+05
3.741173777770913439e+05
2.062548828285848140e+05
2.544846488342593075e+05
4.646801326289749122e+05
4.475449035632474697e+05
3.190519199254231062e+05
2.232576070440871699e+05
1.081347297182733018e+05
1.460080720013644313e+05
8.861189519245348638e+05
8.476227383002411807e+04
2.109277657910160196e+05
8.237355811599189183e+05
5.117860074446807994e+04
2.666430390230667545e+05
4.909202030125356396e+05
7.776268014319910435e+04
8.301198883191001369e+05
7.663216721064697485e+05
3.805041094269824098e+05
6.489226335688156541e+05
1.212159915726499603e+05
9.667933219337106857e+04
1.345329420318990014e+05
1.186622786207529483e+06
1.931388342597947922e+06
2.022377899133601386e+04
4.340055248057101271e+05
5.013940357410074648e+04
1.174867307843763381e+06
4.116525602998414979e+04
4.152535150468425709e+05
8.193041321131861769e+05
1.991465606513254170e+05
2.540493615448563069e+05
3.752106696239054436e+05
3.738043089148772997e+05
1.247983579593630020e+04
3.097038804586817510e+06
7.808109996637545919e+03
2.911907407746257959e+05
1.900378849989775568e+06
9.530618343942534411e+05
8.057905874244536972e+05
7.725501624363319715e+05
4.145512514900170499e+05
1.291703304239841527e+05
1.506272674519315187e+05
6.702821941624770407e+05
7.139451831478490203e+04
1.162173132076407317e+06
3.336415451950446237e+06
1.010839363023478509e+05
4.826425581992902444e+05
1.855251161241754307e+05
4.456270440311677521e+05
5.639913888083182974e+05
8.078892676988131134e+05
6.269994083745469106e+05
2.662178766144357156e+06
5.703654816968945670e+04
6.888613780223462963e+05
9.560886513854184886e+05
6.403762087200620444e+05
1.649154735612696386e+05
1.157430861870296532e+06
4.903303541997519787e+05
3.668570405676836963e+05
2.634049486514960881e+05
6.878062513298745034e+05
2.968583095431127003e+05
3.535573593173736706e+06
6.672809455738004181e+04
4.107469238307105843e+05
2.514930324518217531e+05
3.590456665016087354e+05
1.490676875241537346e+05
5.298530633177700220e+05
1.210898715406988777e+05
4.832089217459162319e+04
1.992509315206208266e+05
1.966059357214181773e+03
4.100840763501581387e+05
3.791491682911671232e+05
2.489989778082897246e+05
5.202643434357453370e+05
3.277548380459555774e+05
4.689612663813814288e+05
2.158942370806916442e+05
2.122613251521717175e+05
1.525278104673045920e+06
7.441891317309283477e+04
4.176469154228344560e+05
4.045011559797082446e+05
1.293959564711863495e+05
8.765873350047143176e+05
6.577574160589578096e+05
1.469420440259905590e+05
1.086492072783172625e+05
1.772038412454235950e+05
8.473923420556550846e+05
1.228329615965427831e+06
4.320066552229812260e+03
1.517645713004290126e+06
3.776998331458115135e+05
1.528903297955442686e+05
4.871446330238525406e+05
1.002035104139530013e+05
1.451611180181067321e+05
1.086469186643034685e+06
3.479953165700600366e+05
6.873347658234143164e+05
6.345623700678589521e+05
9.049958272146437957e+04
6.492654256312700454e+05
3.554510781803669524e+05
2.473508436339982436e+05
8.029549297516515944e+05
1.140195153033825191e+05
6.425590863535874523e+05
5.800245068865363719e+05
1.850636297781736066e+05
1.085652797373916721e+06
9.438884004291551537e+04
4.791325515574747114e+05
7.475125322407103376e+05
7.945481443072362163e+04
8.601311223864353960e+05
4.442933577952360502e+05
2.277369919584245421e+06
8.391010292426020605e+05
2.325003088107266813e+05
2.031091722658487852e+05
2.856104220498561626e+05
5.040775134510472417e+05
9.756694307285754476e+05
1.345861887550136773e+06
6.953227028564144857e+05
2.509630102157029905e+05
4.799626673469959060e+05
4.556100466075199074e+04
1.116386317512504058e+06
2.186892576502836309e+06
3.253798501764137472e+04
4.385827129298820160e+06
2.836060237055919133e+05
7.880683780315781769e+04
2.861488879002069007e+05
6.321897614426267100e+05
8.323076080774357542e+05
5.224237707134123775e+05
8.419938125159745105e+05
1.885524006119192054e+05
6.993264869035570882e+06
3.193585737475226633e+05
3.017889075462595210e+05
8.968066486459802836e+05
5.059033935780285537e+04
1.370673372574063542e+05
6.052612207841973286e+05
3.511308289623038727e+05
1.054378756315168226e+06
2.269568432458164170e+05
1.889226951366518624e+05
1.723244854401217308e+05
6.320060695624865912e+04
9.203956275348566705e+05
5.334694350617163582e+05
1.878229055462553515e+05
8.823494123378647782e+04
7.817177966145856772e+05
3.593984050435693352e+05
1.015580051171571358e+04
2.430062115744906187e+05
2.497362737652046417e+04
3.872056700122065376e+05
5.792834043511803029e+05
4.283607719598285039e+05
1.499013495917269727e+06
3.804400105153308250e+05
1.903184940484933788e+06
3.293725647083021613e+04
5.700638475015974836e+05
2.556128201761507662e+05
1.392224563660646789e+06
2.532678543096275534e+06
2.537779913934413053e+05
2.567376666612401605e+05
4.324435944618631620e+05
3.468607663212344050e+04
1.622774191361608391e+05
6.113555258765860926e+05
8.605711476251058048e+04
6.540205597453423543e+05
6.996240055751898326e+05
7.138226126917980146e+05
1.395434067331919679e+06
2.627337282422666904e+05
1.307834676374305127e+05
1.128501051948403707e+06
3.804862652966549504e+05
5.424209675042957679e+04
8.012445839524705661e+05
5.357144601310891449e+04
7.894045492827644339e+05
9.675118706007961882e+05
1.651972587757245492e+04
2.151822130635385984e+05
1.475128744941863988e+05
2.355243562392249878e+05
6.919658047703667544e+05
3.919819479431160144e+05
8.256775066391483415e+05
5.418496335460231785e+04
4.129986114105532179e+05
5.495321667344315210e+05
1.307384916858770011e+05
1.814733662191758631e+05
1.322201461475300021e+05
5.628157236952739768e+05
6.575742141179944156e+04
2.584961310637395363e+05
3.040346170000578859e+05
3.719248843388112728e+05
2.570367254348753777e+05
2.369648591485924262e+05
1.179339748103250022e+05
2.909943559890012839e+05
1.007501867052057409e+06
1.268041970646343107e+05
3.242641932761989883e+05
1.025299976724409316e+04
1.629022515537832260e+04
2.455453278586499509e+05
6.850137871783304727e+05
3.377877132450568606e+05
1.547700485650477349e+05
1.574918493724745058e+05
8.567098723226158472e+04
4.789854533611780498e+05
1.765882250899153296e+06
8.692286950036488706e+05
4.741498910265185987e+05
8.620426965318339644e+05
3.567143325221659616e+05
7.172734003251150716e+04
1.386459026428796584e+06
7.875496563866337237e+04
1.210084775956273079e+05
3.772873888516973238e+04
1.273853198050487408e+05
1.365282290632387740e+05
1.819080110970160924e+06
6.646022263535740785e+05
1.888801254097212804e+05
1.044680548593418091e+06
1.312806831095615402e+06
9.827410989931330550e+05
1.454825755459788779e+05
1.495237868701732368e+05
9.785225525950804877e+04
5.321376549107154278e+04
4.378398908213595278e+05
9.904257472986259381e+04
7.131761855197111145e+05
5.357037673868931830e+06
1.053642620617242355e+05
9.267755567116580205e+05
2.194869319900169794e+05
4.272451848968644626e+05
2.732854315365120419e+05
1.015260627435287315e+05
5.177701733635698911e+05
7.301133780370900640e+05
6.985372199440783588e+05
1.607999892792711267e+06
2.118894731243663991e+05
3.590458997658750159e+05
5.070426823695044732e+05
4.782853806031508720e+05
5.321412402426773915e+05
5.495728584236925235e+05
1.264300236894657137e+06
2.427075184334483492e+04
4.034294699633693090e+05
3.452181228051250800e+05
1.435981317786651198e+05
4.621565517871587072e+05
1.014398785653291503e+06
8.168271580829324666e+05
1.536197019227919518e+05
7.489649155806907220e+05
6.269495548757937504e+05
3.817160174055509269e+05
9.981692580455549760e+05
1.990271899785615678e+05
4.943260434824458207e+05
7.668301571464852896e+05
4.246014143887675018e+05
1.538274983644287335e+06
8.544235168971509847e+04
2.233974544939509360e+05
4.014797684311483172e+05
2.059278994981315918e+05
2.354079939565302921e+05
5.734142240418434812e+04
2.712620243868333637e+05
7.733299576017579238e+04
1.149918298573810316e+05
2.566273847360106010e+05
1.043915285397164756e+06
3.910007247370092082e+05
6.084905606037198595e+03
9.551046523639278021e+05
8.732734318282224704e+05
1.357834893857499410e+05
5.484761814628653519e+04
4.124820286296538543e+05
5.349927069313885877e+05
6.256563870976819453e+04
1.616097907502850867e+05
3.229777098533315002e+05
1.883567657697813775e+04
3.889522450893814676e+04
4.154081191787651624e+05
2.836304673750905786e+05
1.090534801682671532e+05
1.651928091675884207e+05
9.441212547234287194e+04
6.148405784197167959e+05
1.662687822236316570e+05
7.770957646534665255e+05
2.037833343528390629e+06
1.653146778228316456e+06
2.634487017811057158e+05
2.523802590608247847e+05
1.225286211856735637e+06
3.675175848786436254e+05
1.748785684739066055e+05
2.982039339483351214e+05
5.348140783757056342e+05
9.094118053916598728e+04
1.322927423405462287e+04
8.654676726637842366e+05
4.616541457940696273e+04
4.062839845196928363e+05
1.056453216416400392e+06
4.405410327850189060e+05
4.459006851480599726e+05
3.109029989507659338e+05
1.547911864471602486e+06
3.394145382931670756e+05
7.309057212569274707e+05
2.397963917605375755e+05
1.561474910604007018e+05
2.962729572906953981e+05
1.774413520405089948e+05
1.702156691076792486e+05
4.617174834820680553e+05
3.785186346197279054e+05
5.733259586366054136e+05
7.151076647542585852e+04
1.130573253994229599e+05
5.325988556365608238e+05
7.147480604087194661e+04
1.048631720362022897e+05
1.032711474655008205e+05
3.964575570626422996e+05
4.076833431553922710e+05
1.513334583584598964e+06
2.139691730442615226e+05
8.162625185636661481e+05
1.001623649253464420e+06
1.389597006547887111e+06
1.467779496925645217e+05
1.257668495469837217e+05
1.185900804933686275e+06
1.042553261171845952e+05
6.256486680153254420e+05
5.561614586826098384e+05
2.848549100887738405e+03
3.221200728846199345e+05
1.816109775323762093e+06
2.804466594053086010e+04
2.281833865027426509e+05
5.447792610092003597e+05
6.526168473160626600e+05
1.336165782362712780e+05
1.231419119573077114e+04
3.254082755989488796e+05
3.580257279092092649e+05
7.473216448757624021e+05
1.147789748701777076e+06
2.346559358556212392e+06
4.902909790857909247e+05
5.954805342311573913e+05
1.501124207450467802e+05
1.313291698653654894e+05
1.213535367750675650e+06
3.686418152153674746e+05
1.047722465095329098e+05
8.214325910769226030e+05
3.107727533583157929e+05
2.952714355871807784e+06
1.673012714341626561e+05
1.804108472970963630e+05
1.044345357442270033e+06
4.812462187768722069e+05
3.965661098322993494e+05
1.862677183461615932e+05
1.731633086276869872e+05
2.884143643100565765e+06
4.517153658913343679e+05
2.516295304317632399e+05
2.965441271682202932e+05
1.773988281628801255e+06
3.584787269810841535e+05
1.084452174554371275e+06
8.439539311189415457e+04
2.679601792125806096e+05
1.929833064844248584e+05
8.046237356576784514e+05
1.834924595707434230e+06
4.063526076430036337e+05
1.425564957265999110e+05
3.632415044744389015e+05
1.118288405937794363e+06
5.270525008007928263e+05
4.589951493500991637e+04
1.656297305343098007e+06
1.147701997490335489e+05
8.291796543546359753e+05
5.427956569414504338e+05
7.149418903090432286e+04
2.094593456761584384e+05
1.612440743313836283e+05
2.499222450572985690e+05
1.209105618295313558e+06
1.288266964446505008e+05
5.224419271114213625e+05
1.421177690580856986e+06
3.073786061795750866e+05
2.263935358315778896e+06
1.748479284636147320e+06
2.639569417465435690e+05
1.649372399462868052e+05
3.156481699255648346e+04
3.083511489565230440e+05
5.957098633373397170e+05
4.599599422242689179e+05
8.759526405414784094e+05
2.278629968538019166e+05
5.269869509654642316e+05
1.592358350551579613e+06
4.989427744922164857e+04
1.479463122013664572e+06
2.791695470897625200e+05
5.054138613527065172e+04
6.289041184999478719e+04
4.773804390694910544e+05
1.207818652127103414e+05
1.843012983357706689e+05
7.590517707468336448e+05
8.695403452476776438e+05
6.534133283582178410e+05
1.371807920791161596e+05
6.655064385586692952e+05
4.472082745501109457e+04
1.262073211865160381e+06
1.453573009724235162e+05
1.114423551383673912e+06
1.268863244879158447e+05
4.105436309538715286e+05
7.941058837748563383e+04
1.149939392395871691e+06
5.986219714324425440e+05
1.971233921344322735e+05
7.757241249174880795e+05
7.791614514468050329e+05
3.813414077579647419e+05
2.020280026551455667e+05
6.846999148691968294e+05
1.835249107908759033e+05
8.452872354884705273e+05
5.866982626067492674e+04
4.845676279130348121e+04
3.542418671864675824e+06
4.040555993877802393e+05
1.382137688557975343e+05
6.941431941028911388e+05
1.896832507280605496e+05
4.727867624305950594e+05
8.962330598056763120e+04
3.481081337692728266e+05
1.708805049093353329e+06
4.230273927422105917e+05
5.994797837760626862e+03
7.300954156870415318e+04
1.213420545735092164e+05
1.185000411311592470e+05
1.956806577167267678e+06
1.357668670461380098e+05
1.048428406403735571e+05
4.408187346450360492e+05
3.362087727365815663e+05
8.536714879671980161e+05
2.830914113088896265e+05
6.482660058214961318e+05
5.767405197171903274e+04
3.544993103650888661e+05
9.661510243396028818e+04
4.348996497172571981e+04
2.358266679940050526e+05
2.739046623626869987e+05
1.108129330647453899e+06
3.481435584519745898e+05
1.052910823223482817e+06
3.400951846874129842e+05
3.678025496742398245e+05
4.555908753795081866e+05
2.667337148736354429e+05
2.296426994941716839e+05
5.166296432986552245e+05
5.145401702071642503e+05
2.535313908085017756e+05
1.603869549293714517e+05
3.053960630339680356e+05
2.706056149789062329e+05
5.311794181028884486e+04
6.056322113508405164e+04
1.989807620256359922e+06
7.048160179929818260e+05
1.676016045530688716e+05
3.606567332645746646e+05
2.899071338625604403e+05
2.651675896110298345e+05
3.033694724792402121e+05
5.476531140872853575e+05
1.295336026564244414e+06
5.009030339688137756e+05
1.715431401330806257e+05
2.408278903690620500e+05
7.180064070590308402e+05
5.561301883088506293e+05
3.390406724003394484e+05
2.088628378757458646e+06
9.260806407237332314e+05
7.382519626437628176e+05
1.711133741071538767e+06
4.908669158461643965e+05
8.589216498929277295e+05
5.668527931568621716e+04
1.682942609947324381e+05
9.522104544733260991e+05
1.161082112223602053e+04
7.101577054585017322e+04
1.697109428415125003e+05
4.538692126051354571e+05
3.994558609780481784e+05
7.717298922904670471e+05
2.419880523813570908e+05
1.627566187137715751e+06
4.899321559810685576e+05
1.027759222684350796e+06
4.592864887277745875e+05
2.619363737548684585e+05
2.175834800097303814e+05
1.994463962698661257e+06
2.682136585376185831e+06
3.019525797868041554e+05
1.272942038704721956e+06
1.393433196771432413e+06
1.305001788118892437e+05
3.333885363444893737e+05
7.574771882291263901e+05
5.968545827420786954e+05
2.913313539048418752e+05
8.930653729897869925e+04
2.854881101562422118e+05
8.972152743663690053e+05
4.455370277038871427e+05
1.648806148236646550e+05
1.365275091296209139e+05
2.490636547000564460e+05
4.588434832359846914e+05
3.467080723937037983e+05
1.091946253994273022e+06
4.417547129917111597e+05
1.257545101525364444e+05
4.842378982266404637e+04
4.521874630159704247e+05
7.625882979112365865e+04
7.001584772462057299e+04
2.755720439520285800e+04
3.407845345443406259e+05
7.417237776759693224e+04
3.464548429308190243e+05
4.366054670455904561e+05
1.165948581743890245e+05
4.450160197920827195e+05
2.748280554814159987e+05
6.409851178794385633e+05
9.152918501749246207e+04
2.126322964626481407e+05
1.185866421859337017e+06
1.523409102342929691e+05
5.000076298945901217e+05
2.067920886262013519e+05
1.422019584039240435e+05
1.768470019624769455e+06
2.358870750452567154e+04
2.834548522320624324e+05
2.305122926908769296e+05
3.477051385622472153e+05
3.136123677421765751e+04
6.365576916381302290e+05
1.913844235926909314e+05
2.099451296337811218e+05
1.237361097009796649e+05
3.928952665394683136e+05
6.519185488136533240e+04
1.591880599744035862e+05
3.729738620798853808e+05
7.873459289301639656e+05
5.203985473774021375e+04
2.520211519042172469e+06
2.352423273206535960e+05
7.735188828789655818e+05
4.998315336055924417e+05
5.503982245409088500e+04
1.012626836068834877e+06
2.107360811883285351e+05
2.677970156787001761e+05
4.704783189005922759e+05
2.074041043034625764e+05
6.047507663311264332e+04
5.088186936749242595e+05
1.277543499138894840e+05
2.350121571651510894e+05
1.230154531365114031e+06
4.555079608362214058e+05
2.120718469051565335e+05
1.174312341563902330e+06
4.015293325388326775e+05
1.181427992763309157e+05
1.221930815643727692e+05
2.785280329911953304e+05
7.083116849138769321e+05
5.292634391054201405e+05
1.347167229234965343e+05
9.114068952428895282e+05
3.181669847140056663e+05
3.725120483466589940e+05
9.362937894418463111e+05
5.976133500655188691e+05
3.809980195295790676e+06
2.092183397633946151e+05
3.738461587442560121e+05
3.086928554092547274e+05
6.040576944605477620e+05
3.076185314081413890e+04
1.707912244888865098e+05
9.428363694210402900e+05
4.264786339293904894e+04
2.308281013133638480e+05
2.381384220968978188e+05
2.481054078443167964e+05
8.123996442569648207e+04
1.931734280976971611e+06
7.642253812735553365e+05
9.623482487926146132e+04
9.118184638703857781e+05
4.537874414623473422e+04
1.541502480713204131e+05
1.830640174505710893e+05
1.409139807872829027e+06
2.506476754744717036e+05
3.137510852687251172e+05
3.745161497882041149e+05
1.007625073057544185e+06
1.275747455240673153e+06
3.009029176361965801e+04
8.322793781896451255e+05
1.710601866686470748e+05
1.848490998891577765e+05
1.067920963213034411e+05
4.497740323616955720e+04
7.164197503842219885e+04
3.547755803688515880e+04
8.060071059696790762e+05
4.452767960362092708e+05
1.991858672667491483e+05
1.725831169168760767e+06
6.047942365560134640e+05
4.461944451845613075e+05
3.244116686575409258e+05
3.060447280427621081e+04
1.572811461890148057e+05
1.914597624628211634e+04
7.053717145918562310e+05
8.150648559328153497e+05
1.930487709444188047e+06
8.529154633928935509e+05
5.363273702180595137e+05
5.374338991193261463e+05
2.433180835787220567e+05
2.444133568251508696e+05
6.984068991415527416e+05
6.421927399716221771e+03
2.757183847631144454e+05
7.581128008219383191e+05
4.264572375242859125e+05
5.170287158799901954e+05
1.235461799911121372e+06
8.867580282177444315e+04
1.188444697086622909e+05
1.619936943603369873e+05
1.512281158398194239e+05
3.214913744408773346e+04
9.980948813865416741e+04
6.165352404061267152e+05
5.847379245212055976e+05
2.712938210007910384e+05
1.666743937150337442e+05
1.352246449802678777e+06
4.698968542494680732e+05
5.302228274922578130e+05
4.280243634351470391e+05
1.108262565897320746e+05
1.884190836606474477e+05
6.064955060881513637e+05
2.762349167504695361e+05
2.869300742413645494e+05
6.443571167197923933e+04
2.952288616927152034e+05
3.615476540294479346e+05
1.236879605179793580e+05
2.799348759589754045e+05
5.421689157577889273e+05
1.665201675618876470e+05
9.967384513789175253e+04
1.680469090473068180e+06
5.662993156995789614e+05
3.429143367208230193e+05
5.333776485684254440e+05
6.671622872758849990e+05
1.962964069171831012e+06
5.359005829565055319e+04
3.645068038125406019e+05
7.127170963700413704e+05
3.697049026646445505e+06
4.740858295979272574e+06
9.580706805094043375e+03
1.105848755172168138e+06
1.503685928318630031e+05
2.520677509828011389e+05
7.027666077329227119e+04
3.304404961198705714e+05
1.924868110220084491e+05
8.721635152385101537e+04
5.202661750466211815e+05
6.161908415619661100e+05
2.965923439407985425e+05
3.464383360359067592e+04
1.342353252297909930e+05
2.143648409576460253e+05
2.430823851686810303e+04
1.616814204992426094e+05
2.169136222481201112e+05
7.021423209330152895e+04
2.359600141422836750e+05
2.491125901370150968e+05
1.144345572493051586e+05
2.105905257876405449e+04
1.601449906448764377e+05
5.686579516577731119e+05
7.932870516536979703e+05
2.955102414560802117e+03
1.803407584845795762e+06
4.449518532443658332e+05
3.298234634091207408e+05
1.516469231260011147e+05
2.523881483098989120e+05
1.011434897427835269e+06
2.916782281137405662e+05
2.048530554211140145e+06
1.299960864529034734e+05
3.968518993427632377e+06
1.121893034292062512e+05
5.418235593789828272e+04
9.657748652487667277e+04
2.818136978561695432e+05
2.507301756316251412e+05
1.327828539797782432e+06
4.844357764389246586e+05
5.894893730011141161e+05
6.951559239593360107e+05
1.556988307818130415e+05
1.535081410569623695e+05
1.774624493208292697e+05
4.754737473873291165e+05
4.171538167921928107e+04
2.028913158043657604e+05
7.200324900833572028e+05
1.579944870293895947e+05
1.339922377278202703e+03
7.058380811983257299e+05
2.267071173514560505e+05
6.972735456917017291e+04
7.271612600487706950e+05
2.268905075882246252e+06
2.338307904721774103e+05
1.610048852678990806e+05
9.512253238268994028e+05
2.931110032404888989e+04
1.402405192170236260e+05
2.789691321215380449e+05
5.584493208660293749e+04
2.331592946198823629e+05
6.420252849602939386e+04
8.222314650694465963e+05
7.590470698092652310e+04
1.229587665213139029e+06
3.708080410331384046e+05
2.236458816358706681e+05
2.454527970187685860e+05
1.430264109856614668e+05
4.518708312845923501e+04
1.597726297253020748e+05
8.267392412129311124e+05
5.430297789383276831e+05
4.365939880954495165e+05
2.754254833489683806e+05
1.248107316603519430e+05
2.279322733008354844e+05
6.527031654584150529e+05
1.149334226067977434e+05
5.405704819492490496e+05
1.777743922699187824e+05
5.992757005800739862e+05
1.613414186687990441e+05
1.070518936450099500e+04
6.422385358082922903e+04
8.704517107840264216e+05
1.703857814298100129e+05
3.307694876386747230e+06
6.720113373561338522e+05
1.189962282716711925e+05
3.260998800797758740e+05
1.050112419880348607e+05
8.682188248731827480e+04
2.209442159556905972e+05
6.114097933035382302e+05
1.220014355551980436e+06
3.279882656314039603e+06
4.049662627961109392e+05
4.400042420861525461e+05
2.218148568558515399e+05
1.075737883393619268e+05
1.684505880487340968e+06
4.873024903946555569e+05
7.863401893804894644e+04
1.156186208977306815e+05
1.068416755018086551e+05
1.086718027683699911e+05
8.433340388762985822e+04
2.508279175110567594e+05
3.444625879957693978e+05
6.226568013624636224e+05
4.708433304999335669e+05
4.641139703805373283e+05
1.668840866513477522e+05
6.052887589135719463e+05
1.205076540132298251e+05
4.258307588557952549e+05
1.493102848001586681e+05
3.263641416870843386e+05
5.475797509653186426e+05
1.719394209532531386e+05
1.552126411538073560e+06
3.734355779162035324e+05
2.080364155269104594e+04
2.113782317839116440e+05
2.910685358666453394e+05
8.062371995202959515e+05
3.874577427608517610e+04
1.507331981151462998e+06
5.034547375743983139e+03
4.237640593110239715e+05
1.512796914240697864e+06
1.429542626540109632e+05
8.575690922803250141e+05
3.227492322855215752e+05
5.263153477853477234e+05
4.883071978909143218e+04
6.634349832248213934e+05
6.400864496825335082e+05
6.597711585462717339e+05
7.672412716126453597e+05
3.974272786944408435e+05
1.114488853360789799e+05
1.003815182522031362e+06
5.713272000574971025e+04
1.338093146942474996e+05
4.298267855900679715e+05
1.832697368714313779e+05
1.935101920773776073e+05
1.176725921236277558e+06
2.017173368329828736e+04
8.285208278343395796e+04
6.608862149189483898e+04
7.835487530079507269e+05
4.279873895377191366e+05
4.747359063673664932e+05
1.029005354367707623e+06
2.274779126234062016e+06
5.586847182908999966e+05
5.147690980918945279e+05
4.910842701049973839e+05
4.486954544369135401e+05
1.308982155030776776e+05
5.095701364336795523e+05
1.719939014071113197e+05
3.831199980931836180e+05
3.551751418566815119e+04
1.863577859063974349e+06
3.352702991376380669e+05
3.536986273540943512e+05
3.639917874298759125e+04
2.253999965067203739e+05
3.747870534387386288e+05
1.689441609421900357e+05
5.664549857680263231e+05
1.487584603303620359e+06
6.634871227558498504e+05
3.500736148680655169e+05
1.021030610495168483e+06
5.518293119837797713e+05
2.820561237704370636e+06
2.257247120042413939e+06
1.124300016449440736e+06
3.023756164880493889e+05
1.246082771068026545e+06
2.721840835957218078e+05
3.898158075920159172e+04
1.115483063775771006e+04
6.347613541335228365e+05
4.068042999273485621e+05
2.707675690614076448e+05
1.051521372294286120e+05
9.790941693110497727e+04
4.392200286720725853e+04
6.157628387325756485e+05
9.798819608629199211e+05
9.198164598334560869e+05
1.605594127743164427e+05
2.465664434196935035e+05
3.537700923771938542e+05
1.324001982270956796e+05
5.480532677996297571e+04
7.059849638361423276e+05
2.316400406895730179e+06
4.921089522056771239e+04
1.425632625307290582e+05
1.460260054007963627e+05
1.196733031789095985e+05
1.089585905211198115e+05
1.166371381133875984e+05
8.433962073339339113e+05
7.805946642736826325e+05
3.405668497106142459e+05
9.875445222029907163e+05
1.490411886737926689e+05
1.235262745218888631e+04
2.126612326402319013e+04
1.879686768115583109e+05
1.538679447269395925e+06
1.623601234759074869e+05
1.717754093885975890e+06
3.701138104659283417e+05
9.817254089492796629e+04
9.285051639792392962e+05
1.355817062509920215e+06
2.972079390053438146e+03
2.391827778822980181e+05
1.260124516234274721e+06
2.172732960932325514e+05
3.538492235349318798e+04
1.686090668802018918e+05
7.311033553693490103e+04
4.748151901706845965e+05
3.997552775334243197e+05
1.109542719354541972e+06
1.849756857684529095e+05
3.294574247249338659e+05
4.128036844402722199e+05
3.411708405159021495e+05
2.274377546216571354e+05
7.510883110925883520e+05
3.488428568997266120e+04
3.909656722431069938e+05
5.035083478998334613e+05
4.969428990383804194e+05
4.768259177256184630e+05
4.923037877826991025e+05
3.062568640573496232e+05
3.045070339918481652e+06
7.279987752327376511e+05
8.982001701227496378e+05
2.558239461218867509e+05
3.065270531573454500e+05
1.023043568570201052e+06
4.674526516187658999e+05
2.029568898591891630e+05
2.505221298302631360e+06
1.128210792592591839e+06
2.716767522145059193e+05
1.316902842033428024e+05
7.713078266491289251e+05
4.741700572458147071e+05
1.535674860049706884e+06
2.219020133760069497e+06
1.271539226845790108e+05
1.208346944748369278e+06
8.030690260533765831e+04
1.929698111160213593e+05
7.142329114876828389e+05
7.353024394606323913e+05
5.907834925246196799e+05
1.739591898485715210e+05
4.148252788356586243e+05
3.962558142915072967e+05
9.449629239592909580e+05
2.350191406715112971e+05
2.350314143577625800e+05
4.208665438913588296e+05
8.048933501173037803e+04
8.011087107917880639e+05
1.835968996964704944e+06
1.357497148725960637e+06
2.662255719229079550e+05
2.118777528284032596e+05
1.106471372996914724e+05
5.620438065857237234e+04
9.210364855299970368e+05
7.257519976676566876e+04
1.302171745677339146e+06
3.055475781802702113e+05
8.603954636799587752e+04
2.539142585275408928e+05
1.450851978626830969e+05
6.442881061175675313e+03
3.113702791751565528e+05
2.945932406645147712e+05
9.408854549588386435e+05
4.074076573332730186e+04
6.743258818222079426e+05
3.845919080443208804e+05
7.630099429845369013e+04
2.180018143740542291e+05
4.053687254304884700e+05
3.434643277956469916e+06
1.313883518192517222e+05
5.175248213827865548e+05
3.083519374582026503e+05
4.485056160408281139e+05
7.396825758038826752e+05
1.569898045360201795e+05
4.058747799639947480e+05
6.986616041765222326e+05
3.868823296358697116e+05
1.500173694981604349e+05
4.327198332988223992e+05
1.240357603428299044e+05
1.768306155536714068e+05
1.812485670464485593e+05
4.337056393679817556e+05
1.193670320921490435e+06
5.185845911964088446e+05
5.323280200591221219e+05
2.550732899687882513e+06
4.035598548023833428e+04
3.163649614251705498e+04
4.253781250889176736e+05
1.811119246611797134e+05
1.900233912138325395e+06
1.173930752089790301e+06
1.588399346925133374e+06
3.039502369949061540e+05
1.622212838965239935e+05
4.123575995581683237e+05
2.020804254326137016e+05
2.725960982006366248e+05
3.412088371472110884e+04
1.106608925840415293e+06
1.332464351866904472e+05
1.354665267969254637e+04
2.601552264816273004e+06
2.951600693854641169e+06
5.959584809856984066e+04
1.393181713440110441e+06
3.531079927042846684e+05
1.737741067844269332e+06
2.106979129928178736e+05
7.182366762544132071e+05
4.309694564444747521e+05
2.746948817428126349e+05
3.163772337741460651e+05
3.214343821764478344e+05
3.405366743897457491e+05
1.056017708943369798e+05
6.024404820040101185e+05
4.172648479476367356e+05
3.723657774995687651e+05
2.548766142773263855e+05
1.024269044031031226e+05
5.213044135809702566e+05
4.215978791069389990e+04
4.011209543763246038e+05
2.128370037074119318e+05
7.001707031233174494e+05
5.325292043556418503e+04
6.841326495222210651e+05
1.639740320404608792e+05
3.108690161977755488e+05
5.195426012268277118e+05
2.554386401796128193e+05
2.103966237680070626e+05
3.243180894290474243e+05
6.551616162070517894e+05
3.420342297757077031e+05
2.226759668053181667e+05
2.125120666138568486e+05
1.191757456823224202e+06
7.811218532766464632e+05
1.773062556116102496e+05
1.524274838092491555e+05
5.307706396405750420e+05
2.915505079416016815e+05
4.031200822132959147e+05
2.028941328222427110e+05
4.362469213290556218e+05
9.027346748465385754e+05
2.851490328882136382e+05
3.021513421136318357e+05
1.764765379898814019e+06
1.011570475170453778e+06
1.279652962164267432e+06
8.770110313624568516e+04
1.176490143388924422e+06
1.106213396547174780e+06
2.569771864124970743e+05
3.861480107630289276e+05
3.055304316250014235e+05
8.042558300309453625e+05
1.313550250662526814e+05
2.655077783487754059e+05
3.156463790872580721e+05
1.129181663027088653e+05
8.315531950052843895e+05
5.500511353616813431e+05
1.006418449450220796e+05
2.214323022141784895e+05
2.117820248029899667e+05
3.506572393337435205e+05
2.241355816771471873e+05
1.777897298260149080e+06
3.036573435662590055e+04
1.718070478225409286e+06
1.266615276424081530e+05
8.871938627953159157e+05
6.388865182788998354e+05
3.908306802704336005e+05
1.093235899284430634e+05
5.162998333928843495e+05
3.539553832267886959e+06
1.665890107589850377e+05
5.596832459473008057e+05
5.407341311671463773e+05
8.896929666917999275e+05
2.484668390579886618e+05
2.895615815326076932e+06
6.455872527317976346e+05
8.373347398213401902e+05
1.221605438823610079e+06
2.403001514504207589e+05
4.543368253098218120e+05
1.793100399734749226e+06
1.695633038243197137e+06
3.844544037036918453e+05
1.156563150897279382e+06
8.419317332676611841e+04
1.516642153983302996e+05
1.120810111464751186e+06
2.826387809659697086e+04
1.648597396097687015e+05
1.500800981086824904e+05
1.096461136609098612e+05
1.972249838490379916e+05
1.326754862746367464e+06
4.704958546465866966e+05
2.975046235474700807e+05
3.287297394787718658e+05
5.584266051313750213e+05
2.590418763107161212e+05
1.924548118958762789e+05
3.708805963673140504e+05
3.094103621135309222e+05
1.735814123044673179e+05
3.306660959940105386e+04
1.978974183383462660e+05
4.901967367660980090e+05
2.165046894435921276e+05
2.604681083119712130e+05
8.059784916837401688e+05
2.437745405688702886e+05
1.887317457486778439e+05
2.620760019897232269e+04
2.848839974276343710e+05
4.018787468138518161e+05
7.199223808430373902e+05
3.930783769053374999e+05
9.204676632834038464e+05
5.892590491949906573e+05
2.769945871155330678e+05
2.728817420696694171e+05
1.010546487725350453e+05
8.278313231418058276e+05
4.950844306776087615e+05
1.765828157271479722e+05
4.693372029577662470e+05
4.234175631963603664e+05
4.393032420432791696e+05
2.386900780454213382e+05
1.653741605832330533e+05
1.372833434646210517e+05
1.008945470520684466e+05
2.157339443184256670e+05
3.746253334332300816e+06
7.416249614850600483e+04
2.889372234418651788e+05
1.112304057842500479e+05
2.391480781255799229e+05
1.289038922852181364e+06
3.434280685569876805e+05
3.676083034395216382e+05
5.093438489701483049e+05
1.342327868355712388e+06
2.368282264973006211e+06
3.962235526061211713e+05
1.952136898189879430e+05
7.586987063150719041e+05
3.331436631937192869e+05
8.039407686570483493e+05
1.324782074591234094e+06
1.343801339510467136e+06
3.644164136146184755e+05
4.445013453882877366e+05
9.952104157220894704e+05
1.050652082433110991e+04
2.023276765111228742e+05
3.476333270474552410e+04
1.193956477232448960e+05
4.025238180303970585e+05
1.489671877010186436e+05
1.528156906846983766e+05
2.495426622037742345e+05
5.231607796511366032e+06
5.558000715914546745e+05
9.093056400953078410e+05
2.363902831963294186e+06
1.209159618732005125e+06
9.047055868936902843e+05
9.926952353824243182e+05
2.545904995687272458e+05
1.549795490540478844e+06
1.202222829570935806e+06
7.307568168638934148e+05
2.639147900189721840e+05
2.217486716128517874e+05
6.249424213531331625e+05
2.066233562186090567e+05
3.981022237335795944e+04
2.242045902146080625e+05
6.182801287995291641e+05
4.079404845055915648e+05
9.318084508651773212e+05
1.427273601303087547e+06
1.245051569980268367e+06
2.382668344457455678e+05
7.710976801571620163e+05
8.450749023088768590e+05
1.688470377531434176e+06
3.491871887032606173e+05
3.698840891304826946e+05
1.644284614451793954e+06
2.136331796231955756e+06
2.577864667421240883e+05
1.547474635033942992e+06
1.054708269808976474e+05
2.341326198384882591e+05
9.026046937449763936e+04
1.952596904394384183e+05
5.546258713757862570e+05
3.856913835993637913e+05
5.277368533701888518e+05
5.024134204131547594e+05
2.046318294058001193e+05
2.211462231820505112e+05
4.898557870003900025e+05
7.748805610576096224e+05
9.956198059530565515e+05
4.430700269301858498e+04
3.725108154784551007e+05
2.538610685720739129e+05
9.329553600751882186e+05
1.364476097729933681e+05
6.643393827578263590e+05
4.190892464088345878e+04
3.330950446797693439e+04
3.015534722070932039e+05
4.558396625382109778e+05
7.435581018264500890e+05
3.225472745287851430e+05
1.111215234970486956e+06
2.652011854536860483e+05
2.844269362927590264e+05
6.571086685153334402e+05
1.334801850157486042e+05
3.490890696750724455e+05
2.701466085979757831e+06
2.437284899063414487e+05
1.103054193774967716e+05
1.219770669632953286e+04
9.153642894672231050e+05
3.104702648309913347e+05
8.888764919084355934e+05
8.026135156620854978e+05
3.768853396406180109e+05
1.581905277535931673e+05
7.559088072538689012e+05
1.504327591115294781e+05
1.967156658061918570e+05
1.115752707940988621e+05
8.132347696617873153e+05
8.550794963680855290e+04
4.650130103880596289e+04
1.236621208830771357e+05
2.028222604528196389e+06
2.096042079650233733e+06
6.011702431938424706e+05
2.090595802645513322e+05
3.926894719113650499e+05
1.055699359870945045e+05
1.733336977558648796e+05
4.509427125014277990e+05
2.043296541785437439e+05
1.807099095270291145e+05
1.536966201919061423e+05
3.584954455730745103e+05
3.543367663909670955e+04
1.046430692441915307e+05
2.943123293802515400e+04
3.834241086480979575e+05
1.253164245914619387e+05
1.473381555852330523e+06
7.596642829095624620e+05
2.477567798840907053e+05
9.286963068414744921e+05
4.595217435390889295e+04
3.158345623833976060e+04
8.687135398730126326e+04
9.405385226243310608e+05
5.336287841810174286e+05
7.382275953563335352e+05
5.735741502460027114e+05
4.632446193454855820e+05
1.777802110409381567e+05
2.418992349783338723e+05
2.914862744965351303e+05
6.603337907754993066e+05
1.193350329866396263e+06
2.920540191010964336e+05
2.635356643142106012e+06
7.283990422582788160e+05
3.024888753323525889e+05
9.790390164101176197e+04
5.743956199920187704e+06
1.099410504013993886e+04
8.269806119208742166e+04
3.895556341994271497e+05
5.178030409349194961e+05
6.081919688833834516e+04
8.716801298908311583e+04
5.554871068654027767e+05
2.060332247792573879e+06
3.424243003995920881e+05
1.916371226910345140e+05
3.001312930351441028e+05
3.354250830027514021e+05
4.620549716458422481e+05
3.609021447541446832e+04
6.775557467581027886e+05
1.362147875236148247e+06
7.809763973928111955e+04
3.776011460263503250e+05
3.694208507283732761e+05
2.091169965928781894e+05
1.149380489271082915e+05
8.712914799872166477e+05
3.806108208821705193e+05
5.860580612601834582e+05
5.523700921010347083e+05
2.301279320979149197e+05
3.146728803444803925e+05
7.145776524437465705e+05
3.488491896391063929e+05
3.677742826245861215e+04
1.605110486898529634e+05
3.778413804380743299e+06
8.027964726295995060e+05
5.914439727040618891e+05
4.778332767290563788e+05
1.666686002239630558e+06
2.499994098265936918e+04
1.929797037188316244e+04
1.070674165719983721e+05
2.137090646583583148e+05
4.888032558241477818e+05
1.044904604053463117e+05
1.869208304676237167e+05
2.643053139951721532e+05
3.822829576984154992e+05
6.712597343706070678e+05
2.608344348683262069e+05
4.837316977503634407e+05
4.240352424147564452e+05
1.085886759089066414e+06
1.640921644798834750e+05
6.427783099284626951e+04
6.579237119978623232e+05
4.572491036356027471e+05
5.521880364263023948e+05
6.773355691606835171e+04
6.939246383599258261e+05
4.007829079093611799e+05
1.001176281529143802e+06
6.798045276500390610e+05
8.362414297598778503e+05
3.329740288082415645e+04
6.101884348770296201e+05
6.135728277395381592e+05
9.532794684159783355e+04
5.682430743935648352e+05
3.259610723405133467e+05
1.736197797892009548e+05
2.637203400530069484e+05
2.774255691708254744e+05
5.018407031862893928e+04
1.659663753913016990e+05
7.880703102118690731e+05
3.456652746093459427e+05
1.340357943586608453e+05
2.946885918302484206e+05
6.367690825315109687e+05
1.578267124154300662e+06
9.849810929218438105e+04
3.194295700183092267e+05
2.934128976700518979e+04
3.766485947591975564e+05
3.652361627890313976e+05
7.542913614170635119e+05
2.355847381285841693e+05
1.600070471021210309e+06
1.522503106820241082e+05
1.017618585390200256e+06
2.230303825945282879e+05
1.848142614803978940e+05
1.015514863698713161e+05
1.357691987651166040e+06
7.170379496419699863e+05
9.164444170584884705e+05
6.407313089732925873e+05
5.293779666210438154e+04
1.044775182135892828e+05
1.851139079550008755e+05
8.704968044557861285e+05
1.704143886901569553e+06
1.295096911660484038e+05
2.021451349324315961e+05
2.817781107151262113e+05
1.083412811678195285e+05
2.371083550477468234e+05
4.829546972682563355e+05
2.579134878884374921e+05
4.875985172262684209e+05
2.859238359998139204e+05
7.362235545240210195e+04
9.233940098818143597e+05
1.099457073365796125e+06
4.552916847035716055e+05
3.953201275452332338e+05
2.718997282412112691e+05
2.449460152530426785e+04
4.408340055502488394e+04
1.012137945122586389e+05
1.220191132907042047e+06
1.757538639748294663e+05
2.981261119884948712e+05
5.986161784833177808e+04
1.066852584472190822e+06
7.084079757455517538e+05
2.778186937604871346e+05
1.747250464408606640e+05
7.283508314016785007e+05
1.358556614720941987e+06
2.929213213165401248e+05
2.179963637724643340e+05
6.985038967693917220e+04
3.018266904705322231e+05
5.378166484278060962e+05
3.065492139517816249e+05
8.643572169864476018e+04
6.323554360576214967e+05
1.044789908812651993e+06
7.640202343433920760e+04
2.129211925177122175e+05
1.234425040533065330e+05
7.635412189504773123e+05
6.835890527459701523e+06
6.188722485246964061e+04
2.739545992913974987e+04
2.707142882927956525e+05
5.699294884840955638e+04
7.488204716070878785e+05
1.283353420142842690e+06
3.462072713590626372e+05
1.608009020875380083e+05
9.589236372320321971e+04
4.286999160653973231e+05
1.858783516279847827e+05
7.630108114470647415e+05
5.292899668916428927e+05
3.478423845301116817e+05
3.684272885816043126e+05
4.258246463332536514e+05
4.391406995163718821e+05
9.322395968759557232e+06
1.548100962542811249e+04
1.687772076934761833e+06
7.763405101084391354e+05
1.919533025709347567e+05
9.968837242812666227e+04
2.094398264199315163e+05
5.355273743762896629e+04
1.663864991000267328e+05
4.635718456797465333e+05
1.176611508785967948e+06
4.061843946554569993e+05
5.855787841020155465e+05
3.838590329193098296e+04
1.037927740652659122e+05
1.197237534120156779e+05
1.789931602854954835e+05
2.053062539414725688e+04
6.751702972216507187e+05
4.697092172260489897e+05
1.061604134345667553e+05
2.588028222484090657e+05
7.630022785195405595e+05
9.338724785906953912e+04
3.174217939702112344e+05
2.203192496144598408e+05
1.045244757303297229e+05
4.214518691500673885e+05
1.287015026618971460e+05
2.975634365285119275e+05
2.488919685275304946e+05
1.780570133408368856e+05
1.269297223925482249e+06
2.719736847400611732e+06
6.108708500930637820e+04
2.398952267239295179e+05
2.157757352242619090e+05
3.427366274341724347e+05
4.917564079386622179e+05
1.923484932793630287e+06
3.843688668899143813e+05
7.869672741977607075e+04
1.509620871384477068e+05
4.009431830850756960e+05
1.034130457120774809e+05
2.116481335413611378e+05
1.112252196435284335e+06
3.084029986251161899e+05
5.786222328004297742e+04
2.155565529634235427e+05
5.507878480462263105e+05
3.969889782639667392e+05
7.552908514536434086e+05
4.972510534688838758e+06
1.556044887324516021e+05
1.837544649242138257e+05
4.750118246637190459e+05
1.598111037142204295e+05
4.304912924850843265e+05
3.435179474767285283e+05
1.510964168942689721e+05
6.352916251632225467e+05
1.680724873730991967e+06
1.276401481555841397e+06
8.307678650898921478e+04
6.700135504766704980e+05
3.028096660931772785e+05
5.627866016218280420e+05
1.630089169603677699e+06
4.244759137249100604e+05
1.010365661399764940e+06
1.899793759961688193e+05
1.497355867433406820e+05
2.382063997021484538e+05
1.989244057957011275e+06
1.087091365176784020e+05
2.626406895941918250e+06
4.436155159980189637e+05
1.196385743214917369e+06
4.325982425396571634e+05
7.524422549976526061e+05
1.623233191239824519e+05
6.618422543274937198e+04
1.911354015347821114e+05
4.151311617788165313e+04
9.744464437779765576e+05
2.832604327169667929e+06
4.575779194589065737e+05
1.801893626796637836e+05
7.460305098211859586e+05
8.773343234634880209e+05
5.859335450291006127e+05
6.334836819717934122e+05
5.391170025890384568e+05
6.394388132690618513e+05
3.745085154261594289e+05
1.297464040068975737e+05
5.165610894296840706e+04
3.362504328000223613e+05
4.870171111668813974e+05
2.452654852399874944e+05
1.574546378329458821e+05
9.739068951793339511e+04
1.986611804787437432e+05
6.759261973760034016e+04
1.189385836358930828e+05
3.692463900127211818e+05
5.542218263224732364e+05
4.485667552434378013e+04
9.950685277395974845e+04
4.024240875726589584e+05
7.992285156006427133e+04
7.038784743188809080e+04
6.309100056660495466e+05
5.315620427731898380e+05
5.919907328433803050e+05
3.587957281744729262e+05
6.914807640197637957e+05
2.096570400197689014e+05
1.699415017256036808e+05
1.029365888689415879e+06
7.437461253644122044e+05
1.160547594886293402e+06
2.128185703293948027e+05
2.946685308481824904e+04
1.669129384463919268e+05
9.653865968597368919e+03
3.880648945496905362e+05
8.879467250501383096e+05
6.054137597967270995e+05
2.204287462709840911e+05
8.053825244641999016e+05
1.593127508275787404e+05
1.237718340092202998e+05
1.644726416279997793e+05
5.377188851212677546e+06
4.231017999114281847e+05
1.329444019748061837e+05
9.023428686385401525e+05
1.482463972352593439e+06
2.630503780204482609e+05
1.303681564945515711e+06
5.272251568859911058e+05
1.036404513756192318e+05
8.245270670943630394e+05
2.142215873421572905e+05
1.451716505533339296e+04
1.140535830686744535e+06
1.141559745566800993e+05
4.333643410646502743e+05
1.171868988072340871e+05
1.415770232365975622e+06
2.274636292266025674e+06
1.505923401961710188e+05
4.863142091114917421e+05
2.790166438684363966e+05
4.381756806308910600e+05
4.767966410139781656e+05
4.072459040178833675e+04
8.316478919823127799e+05
1.924756224770373665e+06
1.324138907002419874e+05
1.651154017442084616e+06
2.891344265916586155e+05
2.721648188583805226e+06
1.333937399066381913e+05
1.242188934861161746e+06
9.527990526260320621e+04
7.247975290472882334e+05
3.896411102458659443e+05
4.661725931265857798e+04
6.425129132114421809e+05
3.782440759741970396e+03
1.718471744299913698e+05
4.229438881927205512e+04
7.690052533358170185e+05
2.843483723139386275e+05
8.767922936069600109e+04
1.834714350855248049e+05
2.160543594668044243e+05
7.553475619362753350e+05
4.255621893035889370e+05
2.729258108073459880e+04
1.391561657328318688e+05
7.335901701077920152e+05
9.126579750967226573e+04
3.513381776580915903e+04
1.493933831275792327e+05
2.637632245547820930e+05
7.176784016302974487e+04
4.747773883915509796e+05
1.640383210210279794e+05
7.864785666871911963e+04
1.438815991610686993e+06
6.505049562183221569e+05
6.892849908541078912e+04
5.989073828409210546e+05
1.492608498105494073e+05
2.639404260035660700e+05
1.220827778729683720e+06
4.358243785250649671e+05
1.777201290967811947e+05
1.361878779930691235e+05
2.287372927667714190e+06
3.924156941906125285e+05
2.578689544893377170e+05
1.135217880391413579e+06
1.888260004843023489e+04
1.101731736009748129e+05
1.051705895470591029e+06
4.620918603314185748e+05
4.037376584394247038e+05
7.705820393460298656e+05
3.391193663535246160e+05
3.216739954657214112e+05
1.514476488693916472e+06
1.097759784543684509e+05
3.697156680408047396e+05
5.918173871069822926e+05
9.181170606326113921e+05
3.209084192896027816e+05
7.073997269158870913e+05
4.127786237578488071e+05
2.091902586360080459e+05
2.255673717973392340e+05
2.859101588144756854e+06
1.402087073486590634e+04
2.585112116269054823e+05
9.686294654216467170e+05
7.833207506621850189e+04
5.544963293228066759e+05
4.656396973944533966e+05
7.403585507402003277e+05
2.111323837436237372e+05
3.100978063335952538e+04
1.967546635943286528e+05
4.177343347587081371e+04
2.378293868946340081e+04
2.616903903179641929e+05
1.279949696448816831e+05
6.967264306620431307e+04
7.761146282257513667e+04
3.503957377499233116e+05
6.595169658694848476e+04
9.745574446877782466e+05
5.058743765016776160e+04
3.368422289483100176e+05
6.539818757991017774e+05
2.325134936001753085e+05
8.484155701509113424e+05
1.524563672546778689e+05
1.870555860216416768e+05
1.349337904196144082e+06
2.262447558687444835e+05
2.491069357410212979e+05
6.411947025687737623e+05
4.636352713140558335e+05
4.373625609777213540e+05
4.722100621058718534e+05
6.654069826837200671e+05
9.246495026661860757e+05
2.982212869825806411e+04
9.916268700108769117e+05
9.967395644472411368e+05
3.197807410198145662e+05
8.375484890132907312e+05
6.800292260480180848e+05
8.330911634188373573e+05
1.000680987534160027e+06
1.963101333002706815e+05
3.969731945070456131e+05
1.759346695629659342e+06
6.351365292974237818e+05
9.393225424784151255e+04
8.478689751934353262e+05
1.759989562515997386e+05
4.396443215302542667e+05
3.062179895705482340e+05
1.702631980375141138e+05
3.409399641336504719e+05
1.343398455884647556e+05
2.433702225256406527e+05
8.818085294288170990e+05
4.763899259662398836e+05
4.822410011929679895e+05
1.980028497679929482e+06
9.241763688451143680e+05
6.968319501306391321e+05
9.816013928753979271e+05
8.177692038259479450e+05
1.307002205960166641e+06
4.546461831570974318e+05
4.057752018018928356e+05
2.717220274880883750e+06
9.152807171117184917e+05
4.592060615744438255e+05
7.772928706795106409e+05
4.807836659140396514e+05
8.933086590643154341e+04
7.642203928556643659e+05
3.452327289808681235e+05
2.654917809385116212e+06
2.055958746409913758e+06
1.350148674188388977e+05
1.175590752600636042e+05
6.761255312120744493e+05
4.095430103109907359e+05
2.459401313146093744e+05
2.310437263001567626e+05
1.016188579327606858e+05
8.518084463123400928e+05
1.964898906573026208e+06
5.166475655274718301e+05
1.430140403044059873e+06
1.238102700839987723e+06
3.435778251546324464e+04
9.840438520534095005e+04
7.986314143898809562e+05
2.755898333584821667e+05
4.844775968454733811e+04
1.715735704941661097e+05
4.661466401614613133e+05
3.263879987404851709e+05
2.712043785300168674e+05
4.178557343674325850e+06
5.942864029969769763e+05
1.241799728529200947e+05
2.840284167582344264e+06
1.019586511375730188e+05
1.670444302570421947e+06
1.957796144075783086e+05
4.162236916281945305e+05
1.300735405960124917e+06
2.086056357714714832e+05
4.611194084101371845e+04
8.532907955872804159e+05
3.408461516270866850e+05
2.122119161451093969e+05
7.925112620835608686e+04
5.560546657604940992e+04
3.748582943440048839e+05
2.263926209063100163e+06
6.597142036682948237e+05
6.672734774484501686e+05
7.607322299645833846e+04
6.001003474187181564e+05
5.586650652893029619e+05
1.104867359275694005e+06
8.390266424661801429e+05
2.766657467405042262e+05
3.311330969990220910e+04
1.651755445773862302e+05
5.077195130497714854e+05
3.302220695847372990e+05
2.308082768802061037e+05
7.909226398574616760e+05
9.055711307233255357e+05
3.196911122172123287e+05
6.281746492580429913e+04
2.207165107198497863e+05
8.918628740757984633e+04
1.175692259514132747e+05
2.845649483634392382e+05
4.161887031608438119e+05
6.380891216805428267e+05
4.633962666315807146e+05
4.578926711306220386e+05
1.629533170262206695e+05
2.631177052400631947e+05
2.162873987894903112e+05
7.404646758757763018e+04
7.713927269520306727e+05
6.355792765167047037e+05
6.010307185969437705e+04
1.169416099240901094e+05
5.119685296265525743e+06
9.198553825258085271e+04
9.563832335374914110e+05
9.384663896031815093e+05
2.198699142177936737e+05
1.098772302327474317e+05
3.514069623503729235e+04
2.794532185554697062e+05
8.809897187004880107e+04
7.880177255248505389e+04
5.491390569881642004e+05
2.339155320032738964e+05
1.271351332574792759e+05
3.099156199476483744e+05
9.053731143274765927e+05
1.091030679405404720e+06
3.694661923395738704e+05
3.078944654207417261e+04
7.717848872926684562e+05
3.840129199097168166e+05
5.481001435228045011e+04
6.036461850145474309e+05
1.818799565325129661e+05
1.906633982654282881e+05
2.282489495177288190e+05
1.385222646748505213e+04
2.509244890363346203e+05
2.217339479580578336e+05
4.904722601946686627e+05
1.614590929236948956e+06
1.315414736295351759e+05
1.164783933402156224e+06
6.216511318240119144e+05
6.814477314144504489e+05
1.866124850755351072e+05
1.785515495424746536e+06
5.681887335192281898e+04
7.051150089708495652e+05
3.298956109012548113e+05
6.101332622090339428e+05
6.886559268267586594e+05
1.110073963278915326e+05
2.102402045690114901e+05
9.747786628784665372e+05
2.511803886756623397e+05
1.203329523807679769e+06
6.404390679169428040e+04
1.003217012978886603e+06
9.859707990311465692e+05
1.987018265958972974e+06
4.947499138106207829e+05
3.181747701045506983e+05
2.250103818699391195e+04
4.264707113328546984e+05
7.302751057988574030e+05
3.936349483555796323e+05
6.338916086973544443e+05
7.292773156174209435e+05
2.114524998520493100e+05
7.325257146030649310e+05
4.620830729889057693e+05
5.289122215229847934e+05
4.716496038009937038e+05
6.838319751985699986e+04
8.500717606325735105e+05
6.856419046130876814e+04
2.759932994172141771e+05
2.332452214305041707e+05
4.501240802129257645e+04
8.257519046225142665e+05
1.770768633896067331e+05
2.266284364790601539e+05
9.173594061305496143e+04
1.283868036422104487e+05
1.822169336984750771e+04
2.528199498156825721e+05
1.586673674668781925e+06
4.664815166903513018e+05
8.792431463512337359e+04
4.748138667760483222e+05
1.099141204168282216e+06
3.587972645482299267e+05
4.300245365533719887e+05
3.734613485587906325e+04
1.497605158724656794e+05
2.636737983904106077e+06
3.818038116482181940e+05
2.020238543394329899e+05
2.677925522012542351e+05
3.536327217651305255e+05
4.571711333022413892e+05
1.729092891480216349e+05
2.926846912212893367e+05
1.032273049288881361e+06
1.137243574268868116e+02
4.198670394310033880e+05
1.527828566649152781e+05
7.852582635711530456e+05
3.035266821858729236e+05
2.002424128973625484e+05
3.504568795267122914e+05
9.429135620439396007e+04
1.253831755330754531e+05
1.810184488255379838e+05
4.230733892802689807e+05
1.185578809061966138e+06
1.092326048644124763e+06
1.479190427574044443e+05
1.861523135909453267e+05
1.199437624614635250e+06
5.164039335204929812e+05
2.231806078551170649e+05
2.004770211805969011e+05
3.817457245056451298e+06
3.741625788951085269e+04
2.127101501467294293e+05
1.104317528651822591e+06
4.584997588491062634e+05
1.375220924422245240e+06
3.563386664390601218e+05
3.713073868760667392e+05
3.451930033850010950e+05
4.827554909923214465e+06
2.400498602549919742e+05
7.282043555605575675e+05
9.884850164973693609e+04
3.111948149081137963e+05
5.730274987185632344e+05
6.626578369227938820e+05
8.956624126445280854e+04
6.221986977827103110e+05
8.185547066161311523e+04
1.255943334430673625e+06
5.805498065212933579e+05
1.407287375751490938e+06
5.182696684271304985e+05
3.494778081100825802e+05
4.881585291411015787e+05
1.201231363247609843e+05
7.672527325162017951e+05
5.620645203858608147e+05
6.382553686818009010e+05
1.561249886533085555e+04
1.553908044508230407e+06
1.438153389813511421e+04
3.266536371608983609e+05
9.143685085877632955e+05
1.742515218018613814e+04
1.065312709610552993e+05
3.159025900431274204e+05
3.960657992012390750e+05
8.036744834120345768e+05
6.029380245158874895e+05
9.564102349318395136e+04
5.269145285514353309e+05
3.338929933530651033e+05
1.741765872586991463e+05
6.587355350792992795e+03
7.067295525649978081e+05
8.668043671266912716e+05
4.902733470469116583e+05
5.451052437710963422e+05
6.934972167276428081e+05
1.470644616938344261e+05
1.491658187941247597e+06
1.549752091268428776e+05
1.624974673296422989e+05
2.646651126093665516e+04
4.175481938324993243e+05
1.204279917753386078e+06
4.853617804717388935e+05
1.512818103019411865e+03
1.505809356260414352e+05
7.817506156459270278e+04
5.740691071525401203e+05
3.303117194919517497e+05
2.957688513986804173e+05
9.824821997864416335e+04
6.960895309224180528e+04
4.393866727085493621e+05
7.631141624123660149e+05
3.275377230125922360e+05
1.076704907397150528e+05
2.377372159518413711e+06
5.152623579469572869e+05
4.232993976729708957e+05
2.361416016370677098e+05
1.105377968401498511e+05
4.220197504802879412e+05
1.656377859421534697e+06
3.312739126268909313e+05
3.125096985462984070e+06
3.850859632044065511e+05
4.659946304922644049e+06
2.304293193704653822e+05
1.428054804903267359e+04
1.373651803931846051e+06
9.128857179445584770e+05
3.171589737686544657e+06
1.116212136710442865e+05
1.848701180486700614e+05
8.101825642376478063e+05
7.361763192654527957e+05
1.830831942877178371e+05
3.341351179077818524e+06
1.112269113827149617e+06
4.780169293225567671e+05
2.208205660900743387e+05
1.418540035884849203e+05
1.593684118692342658e+06
3.156136734767381568e+05
4.497806300119963707e+05
8.744119608140658820e+05
8.561053348921066208e+04
8.738486563324325252e+05
3.735233623099196702e+05
7.536851182008428441e+04
2.148054737714508374e+05
2.171959790656166151e+05
2.690842325164164067e+05
4.232875400805989630e+05
1.591638799837799510e+06
5.677167230053597596e+05
5.095817489866582910e+05
2.546462924923059836e+04
4.687260881930845790e+05
3.064057469668169506e+05
5.626871753722879803e+05
4.662686023838322726e+05
9.584297211312958098e+04
1.234933200979859103e+05
8.160456152553121792e+05
4.220558497245128383e+05
1.880271909475896682e+05
1.010019494699478673e+05
5.285498721800148487e+05
2.664314936307260268e+03
4.293147637855629000e+04
9.233104373225516174e+05
2.012778369890449336e+06
8.447445142884921515e+05
1.633009955912494624e+05
1.896419988436825806e+05
1.051596373202699004e+06
2.963438802104661590e+05
1.970235441665234684e+05
2.164963427052250481e+05
7.451114186039816123e+05
5.381129101587973128e+04
1.365109953789870196e+05
1.552422859323217417e+05
4.917453226637412445e+05
8.446777728206971660e+05
1.103596320642682025e+06
1.112891595681661740e+06
2.367741152097648883e+05
8.746523990458747139e+05
3.983776485135789844e+05
7.138192282650771085e+05
1.875450071361451701e+05
1.273655278208588250e+06
1.066096628249331145e+06
1.666646639201821061e+06
2.565085563339399814e+05
5.122852851518757961e+04
4.319830301313120290e+05
1.914855488275088719e+05
2.251592129606400558e+05
5.668354146396904252e+05
3.454295490602315986e+05
4.101742984054770786e+05
6.861482001065538498e+05
1.260929293320985045e+06
1.856803143279085925e+05
8.598307634083513403e+05
2.423086701029873511e+05
4.942541990030261513e+04
5.645787793611590751e+05
4.981716192668026197e+05
1.783142240043787460e+05
2.724013034718864365e+05
