1.174625492482201662e+05
5.999678771981974132e+05
1.792984894625302986e+05
1.845070492466768948e+06
8.434818394388671732e+05
1.545109262362314155e+06
1.188325640525876544e+06
5.729652158826986561e+05
3.685535651604851591e+05
6.449889387341832480e+04
3.348101768844587496e+05
3.369579740629464504e+05
1.574393153401427437e+06
2.371871840514980431e+05
9.022421324927512323e+05
9.203531106471820385e+04
1.140614116989161557e+05
6.921126286031967029e+05
1.080598808643535012e+05
1.293921449135130824e+05
5.028409717237987206e+05
2.735633037361748866e+05
1.528219112814734690e+05
2.352355489256443398e+05
2.916336107445373200e+05
4.533638846228183829e+05
5.221635707607537042e+05
2.302427737773490662e+04
4.922278761781937210e+05
7.812829629187970422e+05
1.478523043152019673e+05
8.581244554888535058e+05
3.701031928468096885e+05
1.380448961068468634e+05
2.826757092814454809e+05
2.607166676856655977e+05
7.756755016280472046e+05
1.274387722412701696e+05
2.364061311422411018e+04
1.061752781367695279e+05
6.042364202042326797e+05
3.783630039199898647e+02
9.733718335472143954e+05
1.953277291818043450e+06
5.623082287306060316e+05
1.854356592224127962e+05
1.361047686464798171e+05
4.653009957330082398e+04
9.590306090557442512e+05
5.907218771510834631e+04
1.382782341854478931e+06
3.147800628947275109e+05
3.270069303984077997e+05
2.514973231182909571e+06
1.847373360377319623e+05
8.963475038781645708e+04
3.298124077227923553e+05
5.031210529747980036e+04
3.270144138649901724e+05
6.418539542938632658e+05
7.049717474812372820e+05
3.738028670439536800e+05
4.250198862968013855e+05
3.751237950198932085e+05
1.547024631871923048e+05
9.211297385614602827e+05
3.856370309734412149e+04
1.574792774598945107e+05
3.656534264290263527e+05
2.475414333563088439e+05
2.343282943351989088e+05
3.980154611483256449e+05
2.093745930029397714e+05
1.232762802765585075e+05
1.585103514518480049e+06
4.913863840555444767e+04
6.885715039880076074e+04
4.779595020471703028e+05
8.636856597436000593e+05
6.330860944417058490e+05
1.487993117783567577e+05
4.401735059237970272e+05
1.884878676351125760e+05
4.848039475058107637e+05
2.629541025274274871e+05
1.688737776922095509e+05
1.918701627891529643e+05
1.353981539832932467e+05
5.039121877062270069e+05
2.395444637602066796e+05
1.002470747873711662e+05
6.097276596883418970e+05
3.067618774204227520e+04
8.487666693992682267e+05
9.045705772165754752e+04
1.159591381229478284e+05
4.117217953420933336e+05
3.836042025156853197e+04
1.156070755706031632e+05
2.700481052414254518e+05
1.990071148976345721e+05
6.116505676726786623e+04
1.054234380157260020e+05
1.647219451983560808e+06
3.045192979198068497e+05
1.185012827012151392e+05
3.568132051843795925e+05
1.713866348545335641e+05
5.099371838307695580e+05
1.120900248127130617e+05
2.430516633965696092e+05
9.925760238283093786e+05
2.356479808361470932e+05
5.017069806598309660e+05
2.462573506507088605e+05
6.139029131540884264e+05
1.013551142181125586e+06
3.044903252670292277e+06
4.742009692697931314e+05
1.090702420077030314e+06
1.385648605258098687e+05
4.145085516024784883e+05
2.668521728121497435e+05
1.821650926657632226e+05
1.145717275379267987e+06
8.462104681241989601e+04
2.583069646089853995e+04
1.161161248329032445e+06
3.192115140107860207e+05
3.572480245066052885e+05
6.885633797584568674e+04
1.892577366840114992e+05
8.049280556718376465e+04
2.002238456536973827e+05
4.997815874488565023e+05
8.200547630770710530e+05
1.528189028062005294e+06
3.325331774667510763e+04
1.693824680279964523e+05
4.791207347415830009e+05
2.767359903296221819e+04
3.155074845876796753e+05
3.209994672280903906e+05
1.531224454840739490e+05
6.459474433727321448e+05
8.781843439206690527e+05
2.466422634696383611e+05
9.367637362377684331e+05
2.704641462873850949e+06
1.378401072769353050e+05
3.193704525027430500e+05
1.735348182885427261e+06
2.311520255503575900e+05
8.420926345032165991e+05
1.958015753694868647e+06
1.646371119830876414e+05
7.457856922634943388e+06
1.901175195655423158e+05
1.342223633191298926e+06
4.106842998700506287e+05
6.524529181281878846e+05
6.206757367581182916e+04
1.514889510905478150e+06
4.276090957456397591e+05
2.413600789035924536e+05
8.844637245593748958e+03
6.097287944446792244e+04
7.841008785287932260e+05
2.202022024392089806e+05
6.597577055644609500e+05
4.466038942820755765e+05
4.264076216207657009e+06
3.421209484134506201e+05
2.225931524653542438e+05
8.859547114829549100e+05
3.885912666990198195e+05
4.195013004980631522e+05
2.881814038419019198e+05
1.748615641281476477e+06
1.342094043174030725e+06
4.932737502095624222e+05
3.874381954846490407e+05
2.910612157398280106e+05
2.997357718631157768e+05
7.889470247456132201e+05
1.137330657028035057e+05
1.753201573678609275e+05
9.511255505021312274e+04
4.372549807679475634e+05
9.601417177311066189e+04
1.831616732340391958e+06
1.020614221933615394e+06
8.458518587946309708e+05
4.540253916105687385e+05
1.039324336701264256e+05
1.663910415907571150e+05
1.808646667606059636e+05
2.885048360434146132e+06
7.422712278117804090e+04
1.266201467143795744e+05
6.628446914344122342e+04
2.176142186478947042e+04
3.317888989498217707e+05
6.185300387253874214e+05
1.814913649790203490e+05
2.625929925178820267e+05
6.595038726686248556e+05
1.592441529310014630e+04
4.048160168037684052e+05
7.883440592857280280e+05
5.348690421179167060e+03
3.949689595951355295e+05
1.622123271401314705e+05
3.810966154847794678e+04
5.356389512645303330e+04
2.889326908561380696e+05
3.679969420933086076e+05
5.874735047063359525e+04
8.960022963344375603e+04
5.308088904331614031e+05
1.169978161468362203e+06
1.159182298236291856e+06
2.992546948762794491e+05
6.962529819744452834e+04
2.565000470359582978e+05
3.329969520276262774e+05
6.851783622821334284e+05
1.321674115189961158e+05
2.298999344958001748e+05
3.152669566871167626e+05
4.605295875449191954e+04
4.178738442220216530e+04
3.368376729165096767e+05
2.544933794469621498e+05
1.529944209093761747e+05
3.470208268284731079e+06
3.852926935837659985e+05
4.814257884135628119e+05
8.014745773977690842e+05
6.434875544027673313e+05
2.590109026172230369e+05
1.922286424604226195e+05
9.256882049042980652e+05
1.862287183862014790e+05
1.886325101980684092e+06
5.829924368015314394e+04
1.607607070475921209e+05
4.887022470056715538e+05
9.405438464058986574e+04
6.860979902719598031e+05
8.051342265907494584e+05
2.811064286450206782e+04
1.978669258778536750e+05
4.143749081962337950e+05
7.751797656190174166e+04
1.826174002795604756e+05
4.049958436942889239e+05
1.889295324428837339e+05
1.757158889853252913e+05
2.841872459172954550e+05
1.900719990371426684e+05
3.526490708033604315e+05
4.201235509509640979e+05
3.431510695872276556e+05
1.794713824713197246e+05
1.031187035828621942e+06
3.068628504337372142e+05
2.168335295913870505e+05
2.743684506312423036e+05
5.798799507586862892e+05
3.320024878861006582e+05
1.743306813727057015e+05
7.444414210764683958e+04
4.565989955688331975e+05
3.800596770372167812e+05
2.845864782924234169e+05
5.543238747210117435e+04
2.454225129169083666e+05
2.176551318087001855e+05
2.948977638263410772e+05
6.830984421094924910e+05
5.679599903877939796e+05
9.671889495403214823e+05
4.298709561438366109e+03
4.881254643725311384e+06
7.552554264583421173e+05
3.135525079535205732e+05
7.653738094901773147e+05
4.319390085632844421e+04
3.953551103690513992e+05
4.193436087323777028e+05
2.832377269715823350e+05
6.468100812329115579e+05
1.436992757201936620e+05
8.111157254784828983e+05
1.699854776871879003e+05
7.671470855625412660e+05
2.874401632982690935e+05
4.371637838450138224e+05
7.130435496353692724e+04
4.599036808026328799e+04
1.446296049204465817e+05
1.513152343062282598e+05
1.214833695173770830e+05
4.043466204651953303e+05
2.024699600063308899e+05
4.446573211850483785e+05
1.768705221819849685e+05
1.001890972162853112e+06
1.841648082044704934e+05
8.623933994627471839e+04
5.888926515717594884e+05
3.687523158832601621e+05
4.694613180270894081e+05
4.754339011645547580e+05
1.663721610981451347e+06
1.393956499195826007e+06
3.327723162899136660e+05
1.217843535091552883e+06
5.055568411595487851e+05
1.665710235927493777e+05
3.623587214116576943e+05
1.293499254038153740e+05
1.874544771492139553e+05
3.142501823913856642e+05
3.703968469683550647e+05
3.576004554861388169e+05
1.112892945145683363e+06
2.645523075943303411e+05
1.346640558927331003e+05
7.422099884749377379e+05
4.405809337178395363e+05
1.108967340043902223e+05
1.498448420532103628e+05
2.158622719991867198e+05
4.440599364691856899e+05
5.684065952036791714e+05
3.248826625148076710e+04
5.229446902014093357e+05
5.624824517247301992e+05
4.348215671568312100e+05
9.688751996423273813e+05
1.954591966711882502e+06
2.599516674506765557e+05
3.176256558159562992e+05
9.389100351642300375e+05
9.148128610543842660e+04
1.116860451918552826e+04
2.920378278359647957e+05
5.057129564018242672e+04
1.071199184381839732e+05
4.858829044354459620e+05
8.924980637116580328e+04
2.060605371760805428e+04
1.465154131822930649e+06
2.356442211884381541e+05
3.707924000713391433e+04
2.857107066989176674e+05
9.287449964689171175e+05
9.191670592978401692e+04
4.409758144539272325e+04
1.463912809411789931e+05
3.170235896348090610e+05
4.399457513156337081e+05
2.596313830302978167e+05
3.104850971511990647e+05
5.931194894427190302e+05
3.228655530289253220e+05
2.622861164806201705e+05
1.456358426364369516e+05
4.939573355473928154e+06
5.367131995973292505e+05
2.598082150200357719e+05
2.744202093988516135e+05
3.148369527811405715e+05
6.095280336700457847e+05
7.318635940002718708e+05
2.350330647366835037e+05
8.183566728519510070e+04
3.558017693866149639e+05
2.136576812228797062e+05
7.047861013057713863e+05
8.407666974762617610e+04
1.112848723249546485e+06
2.537939182748995663e+05
9.440739933112294239e+04
5.560765629408632958e+04
4.932825993365271715e+05
2.455276544603752554e+05
1.805671057629139395e+05
6.404587661132805806e+04
9.758940703121473780e+05
4.070137322238726192e+05
8.382342572657615528e+04
1.002537435906132567e+06
3.862855073162944056e+06
2.085599436458830896e+05
7.813778599461632257e+04
6.073194135481088888e+05
1.240376334938297514e+06
8.710116280473138904e+05
2.333339806225792272e+05
8.655558969183843583e+05
8.871167255924200872e+05
7.914762578630008502e+05
1.873697788320966531e+06
4.650032631386345020e+05
2.154357664735348895e+06
4.423287868078946485e+04
2.284590549252187368e+06
2.607772550643551629e+06
4.131397612886696588e+05
3.062930062167038210e+06
2.663914714329838171e+05
5.548835109296391020e+05
7.366785111839103047e+04
2.214184504337798571e+05
3.666037792645674199e+05
2.867406991099774605e+05
1.201114450469117379e+06
1.603639728467403911e+05
2.484553761214888946e+05
3.942091333709817263e+05
1.560380490638799383e+05
4.363422283097867621e+05
1.216204417818240356e+06
3.741488788445103273e+04
4.830704594949893071e+05
1.437876101026975084e+06
4.369508850449197926e+05
1.280491645588652231e+06
1.095388191804390517e+05
5.221764880474111065e+06
1.144795989496390248e+05
6.422864712085056817e+05
4.006322891859504743e+05
1.024585932542374474e+06
5.245650974821364071e+04
1.018195062731215497e+06
2.794725342596179689e+05
1.177532554761360865e+06
2.797061283571244567e+05
3.984232411114435527e+05
1.303941437697998015e+06
3.109809511050118017e+05
5.753171296590702841e+05
4.526787051041418454e+04
4.609376231064875610e+05
2.741123704242631720e+04
3.647080042647765949e+06
2.566132297500555524e+02
9.540922265316164121e+05
4.149908025612757774e+04
4.407738285427644732e+05
1.095695726324759162e+05
1.152990043625315651e+06
4.305865871715999674e+05
1.189243659134382615e+06
1.037532263765888783e+05
7.193921616331428522e+05
1.022376968311796081e+06
6.920342419328640681e+05
3.034461060154922307e+05
2.236554594736837025e+05
2.202587551386344421e+05
1.725191240381975949e+05
2.595875431900031981e+05
2.897993059311326942e+04
1.489062935957095469e+05
2.904858248495875887e+04
2.203898012454634300e+05
2.030880535464519926e+05
2.551423998892081145e+05
2.748878601785745122e+05
2.775892461580245872e+05
2.191372149194235972e+05
4.322888684520255774e+05
8.025172493906412274e+05
1.731323540355235338e+06
7.039160043015906122e+05
6.142990584943363210e+05
2.516422947159168252e+05
1.686817628130521334e+05
3.331049509297959739e+05
3.733009762603605632e+05
4.337742173730588402e+05
7.490318298818178300e+04
6.366109260424678214e+05
6.516249611982960487e+05
1.477958399513681361e+05
1.117501519065008470e+05
5.910722155571107287e+05
5.226294543099213479e+04
9.384782757425589953e+05
2.350030599110059557e+05
2.511791501292051107e+05
4.442799386980147683e+05
9.269284571787850000e+05
4.211140147343162971e+04
8.899851041914049711e+04
6.021050636278057209e+04
1.655984717277697520e+06
4.017693735232847393e+05
8.309423025101283565e+04
3.317615009212008445e+05
9.942403662800115126e+04
1.415662259344542399e+05
1.417713403081953002e+05
1.933419381144349463e+05
7.747808617581153521e+04
2.062854905663807876e+05
4.402041203499924159e+05
1.855665712110278546e+05
1.517497639577785740e+05
1.956159432269441022e+05
5.865219039147412404e+05
8.745571240317804040e+04
1.846192436151263610e+04
5.893987697000410408e+05
2.903450210939032841e+05
9.151424101799740456e+05
3.304030087638616678e+05
1.906859590774374374e+04
5.572217002775144065e+05
2.358498168415157124e+06
1.279996020511179697e+06
3.108272862163076061e+05
1.259019568131863052e+05
1.927679360112753420e+04
2.512638074380095117e+06
3.393369685023721540e+05
4.239674726948199677e+05
9.073921637850850821e+05
4.263807862193102483e+05
8.223930983487664489e+05
6.635943315513596172e+05
3.914681320319562219e+05
2.816045823145910981e+05
1.466224719934032764e+05
4.623648407654474722e+05
5.826116619607950561e+05
5.385249112812518142e+05
2.002727018120306311e+05
3.898607060777463485e+05
6.848523825731065881e+04
4.007303543240058934e+05
1.104124476600499824e+06
3.738446178214254323e+05
2.114364849271760322e+05
1.778962268429227872e+06
2.314726402875164640e+05
2.398461392094105831e+05
6.458861962290776428e+05
1.083464688017745648e+05
1.683482346608778462e+06
2.992509777647070587e+05
2.016051095692763920e+05
2.897786375959767029e+05
1.370695300088769291e+05
5.590277674003953580e+05
9.329236939710157458e+05
6.497874068840976106e+05
3.284697698241155740e+04
1.076220329951108579e+05
1.509115337534863211e+05
1.273471547095434071e+05
1.424608559079259794e+04
1.482223892505000695e+05
3.075770979226749114e+04
1.531513671073056466e+05
5.508729119106272992e+04
1.071719947156061884e+06
3.830293171691859607e+05
5.623355959733887576e+05
2.189329963038892485e+06
8.642692128041866818e+04
2.330737342426107207e+05
2.563321080571492203e+05
5.704997617918627802e+05
2.853425312564893829e+04
1.687997717028991610e+05
9.862594987841109105e+04
2.402100439861409541e+05
6.534715375150703039e+04
4.954131146998311160e+05
4.628580065316567197e+05
3.749505263761169626e+05
1.272659775527845602e+06
1.776378998239248467e+05
1.115484944933999213e+05
3.348412884042236838e+05
1.202659287199822138e+05
5.059680530109912506e+05
4.818601696949433972e+03
5.296814997682539979e+05
6.575156565354311606e+05
6.209776600564512191e+05
3.038268249843989033e+05
1.416015772308709333e+06
2.376027887055329978e+06
1.819514821509485773e+05
3.859280118233275716e+05
8.152850104449222563e+05
2.631809728599560913e+05
6.956580708165488613e+04
2.022057148504664365e+05
4.901296992626099964e+05
2.518665859481379448e+05
4.388992574717424577e+05
5.198986414291758556e+05
1.513702082492930276e+04
7.003443794077068742e+04
8.700951816806955321e+04
2.054032504493017332e+05
5.668837732788655558e+04
7.126894303324378561e+05
1.176558301668054046e+05
5.088967257240042672e+05
3.050843841056972087e+04
6.552952004991729045e+05
3.899660088137416169e+05
3.286230121183399460e+05
7.301412127105776563e+03
4.502102987327750889e+05
3.324181575089618564e+06
1.150023404596665059e+05
8.397529774511963478e+04
9.889212060678118141e+05
1.982231389659505221e+05
2.901031329226313159e+06
1.827630979920306709e+04
1.133822808582891885e+05
7.267915177929933416e+05
4.613562411690520821e+05
4.075358479609812493e+05
5.322786232643860858e+05
4.714517634965592064e+06
1.365772813969028939e+05
8.834234995869783452e+05
6.686536983676799573e+05
5.347754338159704348e+05
3.494544885982193053e+06
1.241973144406157662e+05
4.047172445604871027e+05
1.073592991373282130e+05
6.526102021375408367e+04
8.129777298392290249e+05
6.426358506962284446e+05
1.202243867324940627e+06
4.818539391726899194e+05
5.695158679272548761e+05
2.600931536933353171e+06
3.945734427808825276e+05
1.805822724913184065e+05
5.453942980564546306e+05
8.102612779366018367e+04
7.810362517420579679e+05
2.595806002901301254e+05
1.990383369098014955e+05
5.846526894751194632e+05
4.059459886572078103e+05
9.576802510917494074e+05
9.766822441789053846e+04
5.346934887165115215e+05
3.667105302013736218e+04
9.482121898080334067e+05
4.008748263702835538e+05
4.948411510829258477e+05
6.587154422563266708e+05
2.398522828136759927e+05
7.567682731364299543e+05
5.102710559423917439e+05
1.750201376472793927e+05
2.618366741436924785e+06
4.593119804417032748e+06
8.508303954835905461e+05
1.107886312906766761e+04
5.524703477463593008e+05
6.300912370821009972e+04
2.873856734257827047e+06
2.036284499087152362e+05
6.648337060843131621e+04
3.892560018523939070e+05
4.399590343448490021e+05
1.095242013381578727e+06
8.565847291795127094e+05
4.818351388303448912e+05
3.050638295962044038e+06
4.852697650069837691e+05
5.672354252092901152e+05
5.109495490761674009e+05
9.048610272694266168e+05
3.705454359693486476e+05
8.648903465831393842e+05
4.084180997478779755e+05
2.504892338043148629e+05
1.019355017298345920e+05
2.750570380504468922e+05
7.803626594119402580e+04
1.480248844618973555e+06
9.495824069868411170e+05
2.435124560778223095e+05
2.325981442438583355e+06
3.586762236434753053e+06
1.880830767978550866e+05
1.213098073400123540e+05
1.072731593673346331e+06
1.318936962320013670e+06
4.727157927444666711e+04
2.217981762977374310e+05
1.111482423002529249e+05
3.497218519412770984e+05
5.280309680108163739e+05
6.267267588906503515e+05
3.860382792233916553e+04
2.224982904404743749e+05
6.394105873231695034e+06
5.389651144326898502e+05
9.032988719518072903e+05
1.263158599448314344e+05
3.097830916587943793e+05
3.082768477311421302e+05
2.901867632874897681e+05
4.338327227396488161e+04
1.089851703261763032e+05
9.411260883596382337e+05
2.052142767123823054e+06
4.227071716628021561e+06
1.238157454612841131e+06
4.099085037995218881e+05
1.623301203270973929e+05
2.279535336266108789e+06
2.120363432354424440e+05
8.506814955790333624e+04
4.153733708315071417e+05
3.585866769612957258e+06
5.820239825799097307e+05
7.992274913290898548e+05
8.256919598226694507e+04
3.597652504371632676e+04
5.475305172781135188e+05
1.067438327904245583e+06
2.111496042494844878e+05
4.533150998089275527e+04
5.521204037880229298e+05
3.464060549231064506e+05
1.124654750087779248e+06
6.510952612788215047e+05
1.357172276883876475e+05
2.322880566011331975e+06
2.527898514367488679e+05
2.695690104294301127e+05
5.442282015356504126e+05
8.818058934854166582e+05
6.595431111935297959e+05
2.468169758903330949e+05
8.156136582328415534e+04
7.614842942455658922e+05
1.048092283688241849e+06
5.643261172990215709e+05
1.238101790567188524e+06
3.854863316988705192e+05
3.268231055689467466e+05
3.599181522514394019e+05
1.172552257346167171e+05
1.246704655526294955e+05
2.955985671914622071e+05
1.358286927849939326e+06
1.181941946764500899e+05
2.456900096894120506e+05
2.533831689305475156e+05
4.176520173024886171e+05
6.514308223925209604e+05
2.339526448120394780e+05
3.584323490951077547e+06
8.340475412552524358e+05
4.922887990545980283e+05
3.815149851821394986e+05
1.908884357547863910e+05
8.718268994186198688e+04
7.575060994284920162e+05
1.546180099519746844e+06
9.555140660336848814e+05
4.236123729951520363e+04
3.397745213013567845e+05
1.083139677849059663e+05
2.650975733170325402e+05
6.840793879824625328e+05
7.749876945832178171e+04
4.205095755688855425e+05
2.884062636384884827e+05
9.015954289695022453e+04
4.426040668403359014e+05
1.622353864253124921e+05
9.855057385059636727e+04
3.929644948208535789e+05
6.919864803708723048e+05
5.368298547338200733e+05
4.154823410785292799e+04
2.515725476364746282e+05
7.247863012159044156e+05
7.995228751960051013e+05
5.322167420349135064e+05
2.556516906841656601e+05
7.301330692117240978e+05
1.217261420296526339e+05
2.473055673167308269e+05
9.587485558697610395e+05
7.925866862396987563e+04
2.681106831592983101e+06
1.333059284086410422e+06
4.215463525318555767e+05
3.045652687854827382e+05
1.775639488139100838e+06
4.378548671878498280e+05
1.227564119743574847e+05
2.415298451033295714e+05
7.610880832444617990e+05
7.274521819295694586e+05
7.004378692330832127e+05
1.401544719658836257e+06
4.676080095264951815e+05
6.193165349187349057e+04
2.270609492121016607e+06
8.640911424843203276e+05
5.849088435703292489e+05
1.096129412089456600e+05
1.071504954340710072e+06
6.509964702690632548e+05
4.658835730085550313e+04
1.289023609801009152e+05
7.945106457162591141e+03
1.012730590168551658e+06
1.305318706715160748e+06
1.375029400394892764e+04
1.158901271798209753e+06
1.184322660353863612e+05
2.848060747393610654e+05
1.474726966921518790e+06
1.225883834292828804e+06
4.609959327434287407e+05
1.937931283981247689e+05
2.427206745284615550e+06
4.654358187249638140e+05
2.916715317085942370e+05
3.670702064577031415e+05
1.842374045007160748e+04
1.144946676027833251e+06
2.128173271153804963e+05
8.537031498313623888e+04
4.421605696424639900e+05
1.415892959980872693e+06
1.873551289423125854e+05
4.815164598279241472e+05
3.184069029778852127e+05
1.235986030896760349e+05
6.728893640166487312e+05
9.940609398154303432e+06
8.430473642838789150e+06
1.100433372183281695e+06
1.035769625521288108e+05
5.201005144817641121e+05
3.265536011645321269e+05
9.862829341736300848e+05
5.349543325579032535e+05
2.517542115063921083e+05
1.336867774612663197e+05
6.022976931281747966e+04
7.077760087336733704e+05
4.792332552885059267e+05
1.340917191621071892e+06
1.232288978488168679e+06
6.146391812625395833e+05
6.967804998719416326e+05
2.962266954320293735e+05
4.060671653227255447e+05
2.791112390537820174e+05
1.613043721647158090e+05
3.998956949237726512e+05
5.337202398797071073e+05
2.010246558872464520e+05
1.127330647665336292e+05
1.165377146268231008e+05
2.530033912699870416e+05
7.392170368615486659e+05
6.898689871780613903e+05
1.116786404562217213e+05
2.289905784329801827e+04
5.503683956480847701e+04
1.326433180938801670e+05
9.739578289285607752e+04
2.829371236533673364e+05
1.237550792531584157e+06
1.288582310073310655e+05
7.912249994797484251e+05
7.209277990469060569e+03
5.941439475579250575e+04
4.128788489755116752e+05
1.106334414608588268e+05
4.256392683096021647e+05
1.222735426863742992e+06
3.421221190555811045e+05
2.796016462568992283e+06
2.648795255648864550e+05
3.734670710727761034e+05
1.709376397197019542e+06
3.925506091071475530e+05
1.027687541760236927e+05
3.402319348061116762e+04
1.281322486033863679e+05
6.466377217316975584e+05
1.533585612401336839e+05
5.755732132923381869e+05
5.579424542097283993e+05
9.082454468737902353e+05
2.608111447869464464e+05
1.215408964220696798e+05
1.687280400888893055e+06
3.747904765593820048e+04
1.641463003081385512e+06
2.322000068696265109e+06
1.367537988814007840e+05
1.785968246593275762e+04
2.014233612874992832e+05
2.841653606707845349e+06
2.252811174131369335e+05
7.355826606574188918e+05
1.095600558025510400e+05
6.248994344783816487e+05
1.078838619333580835e+06
6.114280317403293448e+05
3.729635643559939344e+05
9.386216243424537242e+04
5.063254763494536746e+05
8.004849006333702710e+04
8.025921867372709676e+04
4.330599274612492300e+05
4.101695366714189295e+05
2.010881716600718792e+05
1.926830195013909601e+06
1.710898453574805520e+06
3.625308973847067682e+05
1.626203771854467923e+06
1.169593781927276403e+06
3.271215871374587296e+05
3.957033682416732336e+04
1.781765961385674018e+05
2.611084982395216357e+05
3.777383462284289999e+05
2.868235639616386616e+05
5.582781328855358297e+05
9.374819477605477005e+03
4.263555582658172352e+05
1.266156346132133855e+06
2.387890416575753770e+05
4.011777903157555265e+05
6.030943437644678634e+05
3.057532637583850883e+06
1.409994603954044032e+04
7.032801109106787771e+04
5.531734367014525924e+05
3.346529585152044310e+05
5.256364343500523828e+05
8.386082853204692947e+04
1.121873283105771523e+06
1.701682183372769796e+05
5.725527490673967986e+04
2.456481898476899914e+03
4.733717114258463698e+04
1.991160649244199740e+05
4.372675082679995685e+05
5.839557440481802914e+05
3.191220401436797110e+05
1.998302803250621364e+05
4.604732030790719436e+05
2.433727895431214944e+06
1.316181748871160380e+05
1.328605819873359869e+05
1.239409299326703884e+06
3.887152168697937159e+05
6.958052020955290645e+05
2.002112265799313085e+06
5.035642205189564265e+05
1.322925090933434432e+06
7.329610598027071683e+04
1.754352221780847467e+05
1.943612979245749302e+05
3.589291272679679678e+05
1.102271720035137550e+05
6.210758084075863007e+05
5.292132908256225055e+05
7.045371449216358596e+05
3.759538840187190217e+05
9.013943892263320740e+05
1.174260760333864309e+05
5.756028901521355147e+05
2.658644408621776965e+05
7.444837844823529013e+05
1.164273021300301654e+06
5.283742751462166198e+05
8.294393536256286316e+05
2.408742504070378491e+05
3.412087948125249823e+05
2.794873985707464162e+05
2.604979825437359686e+05
4.825937633926413022e+06
4.118958683366669575e+05
3.004088542523272918e+05
3.741014380609182175e+06
1.285425178162245778e+06
7.412917488123496296e+05
2.105063486750348238e+05
4.179409878769678064e+06
7.659169706894985575e+04
3.029928872457969119e+05
2.891458855621282055e+04
1.059506610031348653e+06
8.973164916846292326e+05
1.347229555694870651e+05
6.268302839436666109e+05
4.175177992480632383e+05
2.819083282489201520e+05
2.165912292498337338e+05
6.231967433032103145e+04
1.157128133155463183e+04
5.144318161297409824e+04
5.381498235251441365e+05
7.673801265966000501e+05
3.467674025216515874e+05
8.084735324726505496e+03
2.747447928976528929e+05
1.309695514933294180e+05
8.508799084781523561e+05
2.400431674271030352e+05
5.954816097253697080e+04
4.828429040669922251e+05
2.897634992899115314e+05
5.799713214406983461e+05
4.481033735323146539e+04
2.587312871770931524e+05
1.378987099874785403e+06
1.927573904542174714e+05
1.406953745420922678e+04
9.143860345786968246e+05
1.400020782166435849e+06
1.047485995396983781e+05
4.633580613615347538e+05
5.062967562757534324e+05
4.356580574725737795e+06
3.810329962214499828e+05
4.709500375087624416e+05
7.880163555057212943e+05
1.817657103626442549e+05
2.353072701904218993e+05
6.495192246346564498e+05
7.944644554235398537e+05
3.713850869920353405e+06
1.585240147897869756e+05
1.003827260945750022e+05
2.852181620470742928e+05
2.472112705190971494e+06
1.274297061458759272e+05
1.402589769318919571e+05
1.543533553501513234e+04
3.232453076533040148e+05
1.512164322407517466e+05
6.313732907310727751e+05
3.284424658746749046e+05
4.872129663624411478e+04
3.593163910150842275e+05
1.088566142406544386e+05
7.560871217229802860e+05
5.113869149003620259e+05
5.640547370074425125e+05
1.349464600892740418e+05
4.386770064614611911e+05
9.584412820788599493e+04
2.073797555119709286e+05
1.108248790286049043e+05
2.266213181834930729e+05
2.053738073320949916e+05
4.053264894084801199e+04
2.673890168236056343e+06
2.346490913982958009e+05
3.489147983555641986e+04
9.328418265962268924e+04
1.955956697123398772e+04
1.457114409677682444e+06
1.972125013817273430e+05
1.256685637787088053e+06
5.653631415412388742e+05
6.131694774732975056e+05
4.277077526274135453e+05
7.346324772989327321e+05
3.742830502434374066e+05
1.513649023104952415e+06
2.619077451442085148e+05
8.304909123887855094e+05
3.122282611082292278e+05
4.090025097911912017e+05
1.625601246544529917e+06
5.156350179155215737e+05
2.796803988320099306e+05
8.282114480339725560e+04
1.025451681539217825e+05
2.933901314828962204e+05
9.442524410038103815e+04
1.560944442557402945e+05
1.097879129901571665e+06
9.114844034896248486e+05
4.238359386220369488e+05
7.859027564836968668e+05
2.162425943821304245e+05
3.095413247009626357e+05
6.319305260297026252e+05
7.646329632203251822e+05
1.850273153551006690e+06
1.657291025643878675e+05
2.416425538879777887e+05
1.769051770774807082e+05
1.853860340912166866e+05
9.163358183252174058e+04
6.679647427840002638e+04
2.361887581539772218e+05
2.079656802511579881e+05
9.984039336749650538e+05
2.085611879747066414e+05
9.985118089409933891e+05
2.144384452982880175e+05
1.880927263257608982e+06
6.574940128589011729e+05
1.238216885336204199e+06
7.527341010168399662e+05
9.433346513963016332e+04
1.906016540891657060e+05
1.395216376413285965e+06
1.777921494566885522e+06
1.009281942506916675e+05
6.678523076237561181e+05
5.610824827885293635e+05
2.814945083152331412e+06
9.607065188024741656e+04
1.755615302014029294e+05
1.705326449587202631e+06
1.496811501473577227e+06
3.329773925595883746e+06
1.400190300615862943e+05
7.654994122336616274e+05
4.977007465548719047e+05
1.293378307796108071e+06
8.207464175088478078e+04
1.667849881066224305e+06
8.570948560952111147e+05
1.187646430328549584e+06
3.768508801553478115e+05
4.479758176131824730e+05
1.859218761563174194e+05
1.100683256916791288e+05
1.712399770522229082e+05
4.035111269259633264e+05
3.657272247640589485e+05
1.860050543223417189e+05
6.125128021359381819e+04
3.914431488425199059e+05
1.086183804778665217e+04
1.792631656618039357e+06
6.124254838998465129e+04
2.805217958283539047e+05
1.015008395292251807e+05
3.937239083085113671e+05
4.169677888622157276e+06
1.026386038267647265e+06
7.723050792786212696e+04
1.143144760160972073e+05
8.516285629017738393e+04
7.749538725083970930e+05
2.204757980631631217e+05
1.077681882207537565e+05
3.729229559825102333e+05
1.416438015620103979e+05
1.596842833923639031e+06
6.703117971153636463e+05
2.216439836084293493e+05
2.712164584165193955e+05
8.454189069033878623e+05
9.205266267551828059e+04
2.673631874598962022e+05
4.087514325532872463e+05
5.987870099183029961e+05
3.382025431028760504e+05
4.177832030221055611e+05
7.405879166010098998e+05
4.100428891144265799e+04
1.305099625715340517e+05
2.300832868843076576e+05
1.859652428801296919e+05
1.256218862894014310e+05
2.402652879846853029e+05
3.809864410033047170e+04
5.482966121917733108e+04
1.522992399041835917e+06
1.820521238967979443e+05
4.267430296602883609e+05
4.098778189995231805e+05
9.113201208513575839e+05
6.251507102563745866e+04
4.953337662585746730e+05
3.457827763559857849e+06
5.301460738286940614e+05
5.646492368535704911e+06
2.840083212028554408e+05
5.719179515461414121e+04
1.443862128130095662e+05
6.486727951135096373e+04
1.660198852499258006e+06
4.541385536545604118e+05
1.089420647127450677e+06
9.969008420622599078e+04
4.227265958557630074e+05
1.530527998798183107e+05
1.386231267136330716e+06
6.347799912240474951e+05
1.468881899483220768e+05
4.249419366593054292e+04
3.058007118069309508e+05
3.361822100600304548e+05
6.534994205965783913e+05
4.020914746265138965e+05
1.437763212056375109e+06
1.455426785441176326e+05
5.167484002358296857e+04
2.556361527750521433e+06
3.952878951163275633e+04
1.156453043025820982e+06
3.513697294995740522e+05
5.578097901944806799e+05
1.451820083613984985e+06
3.413979890072302078e+04
4.347228132785678026e+05
2.553672770031552063e+05
6.511668858118667413e+04
6.584315280088150757e+04
6.122576656594142551e+05
1.315301099758584751e+05
2.883588466721870354e+05
6.188650374054273125e+05
1.785687261933131085e+05
2.270337200503535278e+05
4.857270152312354767e+05
1.139801779613373656e+05
4.786130662393002422e+05
1.397542454892683541e+06
8.078727985714673996e+05
1.780640217450816417e+05
7.276803407858321443e+05
9.012937046694041055e+04
5.001338728358448716e+05
3.985829507557207835e+05
6.570700056417242740e+04
4.146119926893163938e+05
1.264387169439171994e+05
2.374072101494334929e+05
2.688756003600254771e+05
1.257686989896934479e+06
2.290285917728653294e+04
2.491364103631627222e+05
1.183321306071644940e+05
7.383454897444292146e+04
1.183371411027780705e+05
2.134577625539936125e+05
2.206491668377214810e+05
3.657388630929259816e+05
2.372309475203289476e+05
8.489294033695354301e+04
6.486328594056363218e+05
3.423346155871055671e+05
1.279246086638978217e+06
1.037605194169669296e+06
1.235035093466579565e+05
1.180220576650198782e+06
2.247868558601268160e+04
8.866777590877893381e+05
3.073260636381718214e+05
2.596889713196909870e+05
1.756421109318164643e+06
4.476655113389831968e+05
3.156166759347307961e+06
2.170919997505824431e+05
4.690685615254990989e+05
1.852441488476405793e+05
2.500804055178182898e+05
1.835079381974498101e+05
2.001168205835588160e+05
6.130441666455548257e+05
3.541429546340202796e+04
2.939189471671680221e+05
1.470210022070016712e+05
9.353775683938689763e+05
4.714818887155054836e+05
2.299102237717055250e+06
1.368986308920267620e+05
1.275784417162391619e+05
6.594890636733371066e+05
1.001775706818395061e+06
1.707317307842193986e+05
2.463226032999618328e+05
1.331501215432375320e+05
1.963883219390896382e+06
5.406699744172863429e+05
3.208734720877283835e+05
1.534986740213210462e+06
3.639566831522873836e+05
4.079768609085230622e+06
7.137124871109275846e+05
1.284193641831587156e+05
2.249546375651975104e+05
3.185222891269384854e+04
1.894522855851487475e+04
2.074736273842610244e+05
1.428492288923895394e+05
7.573647235992577625e+05
1.111899712363485247e+06
5.622514116295862477e+05
3.515496214154457994e+04
8.808852979006919777e+05
3.291038057176208822e+05
8.974642697998478980e+03
2.546870840868591404e+04
3.205870453312158861e+04
4.434801741226802551e+04
1.112026547164003568e+05
9.986359837288480776e+03
2.749062861370808969e+04
8.594621462640230311e+04
4.754320224965597299e+04
1.281433480487209512e+06
7.546058776460516674e+04
2.074327592784165172e+06
8.330637242618378950e+05
2.375924704239131534e+05
4.448833991269459948e+06
1.144596693728777580e+06
2.641801956803735346e+06
3.582735367653968278e+05
1.481189015018463251e+05
9.685524179163693043e+04
1.495576074213304324e+06
8.143685862092912657e+02
1.037731249983788119e+06
1.162603893493355572e+05
6.583653615993319363e+03
1.237378287412029749e+05
7.049030703389256087e+04
3.366494284249529010e+05
6.645379584122297820e+05
2.247350248581242922e+05
4.496493438821869786e+05
2.956135805214971770e+05
1.675527911627773719e+05
4.326705112247747020e+05
1.484159960404573707e+06
1.634203440621056070e+05
2.140457413215422130e+05
2.917088781951969941e+04
8.872630077748587064e+04
3.517540747459063277e+04
2.570975382389833612e+04
1.580224981288319104e+05
1.522286830656958744e+06
1.121728718128733453e+05
7.381135476953528123e+05
1.228242389702032524e+05
7.714749444355446612e+05
5.754548958167227684e+05
5.216565372457241174e+05
3.041104719965172699e+05
5.425696908227348467e+05
1.157114148323911242e+06
1.166206373436621390e+06
1.562538854575769801e+05
2.363814398126603046e+05
9.408745896381546045e+05
4.745400183061246644e+05
6.337142109805954387e+05
3.002155580704589956e+05
2.705727084540243959e+05
1.058901351860058639e+05
7.591415413970591035e+05
1.222667273746115825e+05
7.600844603542724508e+04
3.499481282152608619e+05
1.435945043719745940e+06
2.129721567176950339e+05
2.869214436471047811e+05
4.859652353687509894e+05
2.702158033954375060e+04
1.331365507098034723e+05
2.235015469172784651e+05
7.414586417223620811e+04
2.052357554263457190e+06
9.068740004315932747e+05
2.089550486106287222e+06
7.000909981326599373e+05
7.609454124313003558e+04
4.091959961392871919e+05
2.216671141248075874e+05
2.695279907690064865e+05
2.906032062535808655e+05
4.188594971965121804e+05
4.374555096489879652e+05
5.688270754940379411e+05
1.472307287504393375e+06
1.632791546702398045e+05
2.850776396737358300e+05
4.154395941071505076e+05
4.626041916360348841e+04
1.945476246186210483e+05
2.266072743916775566e+06
6.448063827558879893e+03
4.200172883464980987e+04
2.988667302526949788e+05
7.203273307774153072e+05
4.446844439823958674e+05
3.996462255289494351e+04
2.102331795122231997e+05
1.996004014899386966e+05
4.126763038003095426e+05
2.230212346502045111e+05
1.309874785630658036e+06
7.349984380622511962e+05
1.025388772859343590e+05
1.774590671405311150e+04
1.502559063841107534e+06
9.143578958965251222e+05
5.682170733382944018e+05
2.731483646487855585e+05
2.782170364089887589e+05
1.137675846155664418e+06
6.485372810744833987e+04
1.262499432227862417e+05
2.192316270639148541e+06
5.530170278739015339e+04
1.464355716389587324e+05
1.856004458580749342e+05
5.719983102925523417e+05
4.171994811436071759e+05
4.874885032450926374e+05
1.749335559015539475e+05
4.964513472797462600e+05
7.265670672806499526e+06
9.200528668363355100e+05
1.950906478236659605e+05
6.251356718514277600e+05
1.566996517818755528e+05
3.466619548545282451e+05
1.009119522636287846e+06
3.982797781928288750e+05
3.555904392830005381e+05
2.284033607769754017e+05
7.601625984657431254e+05
1.695543415947711037e+05
9.000790593202483142e+05
2.487815788227547309e+05
5.100602332734762458e+05
1.821256991386871377e+05
7.514929503669743426e+05
1.030666276052901754e+06
2.154624030270978343e+06
2.584519445503323223e+05
2.412757264445634792e+05
1.121703601453741139e+05
6.205306227591633797e+04
6.593808835677419556e+05
8.313570534679203993e+05
4.468981259488350479e+05
4.185263559882376285e+04
8.725235468081865693e+05
6.028247203371224459e+05
4.983571872267920990e+05
7.725354071503714658e+04
1.158643211669146112e+05
2.273498818565349211e+05
7.842714633453678107e+05
1.307973016203160165e+06
2.741299727667694679e+05
5.939193511526834482e+04
5.411895172528731637e+05
1.264841440055514686e+05
2.728065921274829889e+05
5.019188649528347887e+05
7.836413138412437402e+05
4.312762196733669844e+05
1.516590244904296705e+05
5.916743060853946954e+05
5.235024341513668332e+04
3.087941822742205695e+05
1.449181845263890573e+05
3.247235134718800546e+05
1.187593028246675676e+05
1.193185191253798082e+06
5.032238344928672304e+05
7.701833150377731072e+05
3.787240787365766009e+05
2.453084924311421055e+05
5.634427338632304600e+04
9.193288121462115087e+05
1.548385103982105211e+05
7.564847971929726191e+04
3.030298441295598168e+05
4.847897311031478457e+05
1.636634276497008686e+05
6.240822392508301418e+05
3.396570523157197022e+04
1.978345993817024282e+04
7.380905748080662452e+06
6.055816336313061183e+05
3.506005085071898648e+05
3.272205892250051329e+04
1.713385820905781293e+05
2.603696477596410550e+05
5.936086045739601832e+05
2.438447479788525961e+05
3.707414787811686983e+05
5.172845039257403114e+05
4.079986208750945516e+05
3.808444498114799499e+05
3.448946729032361181e+05
8.609389553591836011e+05
3.456000670367517159e+05
9.363244859186081449e+05
1.279594795575059718e+06
7.148105688899059314e+05
2.701598246823537047e+05
3.022403517465512268e+05
1.728188521491243364e+03
1.340099733412133646e+05
8.410770645169705676e+04
1.114228546386961971e+05
3.391085897093063104e+05
3.819003449653150165e+05
4.509908653554956545e+05
3.619520749314375687e+06
2.312011460288694361e+05
3.817845517340365041e+04
1.321678467285623192e+05
8.283566141383716604e+05
2.026115329671844956e+05
1.094137808919120871e+05
3.357131423188210465e+05
6.034171598511289340e+05
1.438146256092094700e+05
2.291519162302593468e+05
1.819711005743588612e+05
1.797714834889748599e+05
4.914152198944642441e+05
4.684336401780031883e+04
6.707699176061945036e+05
1.913772657424358884e+06
3.389572357923144591e+05
1.428669509540207218e+05
1.124675900986928173e+05
1.350249617735281063e+05
4.307273210203739582e+05
1.588869113190589938e+06
6.681432607100520283e+06
1.964424800200023165e+05
1.923676604621049482e+05
2.435211144430135901e+05
5.524104756677831756e+05
2.195543754668216570e+05
4.552521611436377279e+05
7.455122843098943122e+05
2.376315969517485937e+05
1.320489599192640744e+06
4.187810003631700238e+04
6.437799111285878462e+04
9.275199367007936817e+05
6.061187776171178120e+04
4.273676322249063523e+05
2.508202414011208457e+05
8.283847830574485706e+05
5.640918445604536828e+04
1.179324967746491893e+05
9.280953125102010090e+05
2.922665633815501351e+06
1.772798435422083829e+06
1.006896017100605241e+05
7.761164626923631295e+04
7.373076919850621198e+04
4.029950489512081840e+05
4.890535899274734402e+04
5.015303570600347011e+05
3.795979493060309440e+06
2.624841301042891573e+05
3.221669278030883652e+04
6.245210330195408460e+04
7.014279016271969303e+05
2.809060804359999485e+06
1.876512141644730000e+05
1.088966608833429869e+06
3.721870279037145083e+05
1.821668989143067272e+06
5.447331339815222891e+05
1.552343012152836658e+06
1.210206474233560031e+06
1.443385222031964920e+06
1.124810091747036058e+05
1.341493652846399345e+05
1.602507911529195495e+06
1.153877245279668830e+06
7.399173893359431531e+05
2.443113443310103612e+05
3.647063857393457438e+05
3.396382324993683724e+05
5.378997950377989328e+05
4.063139743144747918e+05
1.123422679437450832e+06
3.996308620424710098e+05
4.577213991563154268e+05
3.155073398849336081e+05
1.873573683054722496e+05
6.420512575649316204e+03
1.234690570572661964e+05
1.108563139047870209e+05
8.042998924164388154e+04
3.858713074541273527e+05
4.397801974357160507e+05
1.080510172327450418e+05
1.002174021300429158e+05
4.010698855464756489e+05
6.027341210468793288e+05
5.316030484672775492e+05
3.906073836769678019e+04
4.402580549363177270e+05
5.199949997028209036e+05
3.744506174728462938e+05
3.864460551956786076e+05
1.190999762128841976e+05
1.187906497292365879e+06
9.226127710037979996e+05
3.304397914869133383e+05
1.188605003020531149e+05
3.429649598691855790e+05
6.801177280865969369e+05
3.315455540239300171e+04
1.531561084729527065e+05
1.898098319409934629e+05
3.394527959681545850e+06
2.081171524986080185e+05
3.540390656924957410e+06
1.535341482560993754e+05
6.096317143666004995e+05
3.445874919499257812e+05
4.411264858051092015e+05
7.710711819920440903e+05
3.050107831453899271e+05
2.924342021951455972e+05
1.812684101171608781e+06
1.012303542210662155e+06
1.598835884781567729e+05
3.737828227815584396e+05
5.196165171562232426e+05
1.155339714259917819e+05
9.019805787486291956e+05
5.638685279666563729e+05
1.075658241543940676e+05
1.328127422767266107e+05
3.269136563746958971e+06
2.648855980035397224e+05
9.662002466868847841e+05
9.310305692017171532e+04
2.345010509475423023e+05
6.895375902337305015e+05
5.778700623152883491e+05
5.207587083394877845e+05
2.820110726730064926e+04
1.253044648788481136e+05
2.128410801189761969e+03
8.125611457479745150e+05
1.041733087009913143e+05
1.585674045377173461e+06
3.865497918173699873e+04
1.843780470516736154e+06
3.669538431446666364e+05
1.429461742362726014e+06
1.541869445895706594e+05
9.094394877577105071e+05
7.218670337643855019e+05
4.549337541505189729e+05
4.696080954935643240e+05
3.153333186115791323e+05
1.634806198821971426e+06
6.575537919989177317e+04
1.497351339297198283e+05
1.722514946271103399e+05
7.999108914246396162e+05
1.249956837583660847e+06
2.713462352811057353e+05
1.551128852908284352e+04
1.299945090389779070e+05
1.438997828809676575e+05
8.372779444081705296e+05
1.169792247234042734e+06
5.931146409554972779e+05
2.750516674072127207e+05
4.547214990064249723e+05
2.047545572899220278e+05
6.701316337636110256e+04
3.984090502895771642e+05
5.533635841455870541e+05
1.903154135872592160e+05
2.351200910358941765e+05
5.373328190116370097e+05
6.174599315454014577e+05
5.891485142017998733e+05
1.815317972029783996e+05
3.091996121668010164e+04
3.127211421057485859e+05
1.962280960612033668e+05
1.558136533113525657e+05
1.427219092441136949e+06
9.191964670250191120e+05
7.903497096274772193e+05
5.975539843620018801e+05
2.011335350216848776e+06
2.770251404272615444e+06
3.394003600916750729e+05
1.148835823646797799e+06
3.868356654167402885e+05
9.125857206750056939e+05
3.733555765381902922e+06
2.972774663482455071e+05
1.273966210906815482e+06
1.864550762473893992e+05
4.762095254692551098e+05
4.383811033113134326e+05
1.024190681205156259e+06
1.343483515006796923e+06
5.756524868232918670e+05
4.485717282892150688e+05
2.060400052834813541e+05
8.059400299109626794e+05
3.611777743057493353e+05
3.860474574218250345e+05
6.217937186791450949e+04
3.700571099874615320e+05
2.997540637428312330e+05
1.099351838812198257e+05
1.760452655910412781e+06
9.173233097119311569e+05
7.667009953625289490e+05
4.950907944435323589e+04
2.459168846749801305e+05
2.284539209360360401e+05
4.500199740233173361e+05
5.480090831632017216e+04
6.329337851025148848e+04
2.480680194756035635e+05
7.471271990295058349e+05
1.299878809042431240e+05
2.938392731994790374e+05
7.627939590710568882e+04
5.870081765830388758e+04
1.261281635594480904e+05
5.469739817424725043e+05
2.786681265985975624e+05
3.187511023077297141e+05
7.252547810637723887e+05
3.864390771236419678e+05
5.378662724003780168e+05
5.546631379071264528e+05
6.692276233573524514e+05
2.470503408187267371e+06
8.428661273346202215e+05
5.904976545383085613e+04
7.535806910096271895e+05
4.759985695424390724e+05
2.035932902679905237e+05
3.267623649488909869e+05
4.565131281915372238e+05
1.111991857644353004e+05
4.626788497759283055e+05
7.419195889274931687e+04
1.937492039011038723e+05
2.186071099691659911e+05
4.212679409889850649e+05
9.979818694057126995e+05
2.033007979985055281e+05
3.665249791072268272e+05
3.705654989673796226e+05
1.775113547536279948e+05
1.294091495070731617e+05
2.072243845292011101e+05
2.889415580982145621e+05
1.542140423207085587e+04
5.216596048288433230e+05
1.731156482737782411e+06
4.627201941960633267e+05
2.448696261147231271e+05
1.417642255492354161e+05
1.240613913122673112e+05
2.194406318893861899e+05
7.998407381918227766e+05
2.491844954060837161e+06
8.387194244132327149e+05
1.516391470397804398e+06
1.390694592743411486e+05
8.107052901743279072e+05
8.641219794004303403e+05
2.317075351562075084e+05
6.403124190883715637e+05
1.813610044899311324e+05
6.346007427012927365e+05
1.561710878443186521e+05
3.749442408586489037e+05
7.620761336285147117e+05
1.512310364155351650e+06
1.209819984099435678e+05
6.899820494608632289e+05
6.287351854531096760e+05
3.553798605493517825e+05
5.328560437084068544e+05
4.697316618110355339e+05
2.891916397486292990e+05
4.154175827373668435e+05
5.184045816300087026e+05
2.967895117305208696e+05
1.528105281936111161e+06
1.531419700274211646e+05
7.430578489107054193e+05
2.803954705708701513e+05
1.050082989176311763e+06
1.532732275910857425e+05
2.783003749298279872e+05
1.916962407571900694e+05
9.094248558124025585e+05
1.799697902643917478e+05
5.296609627454556758e+05
3.036731725574986776e+05
1.710286288821519702e+05
1.652787672409752486e+04
1.350064475828165887e+06
5.776209826901328051e+05
1.972949279075236293e+06
3.936523510186889907e+05
3.832573926183519885e+06
1.518538017177057918e+05
2.346102856566299452e+05
1.749613895275521500e+05
5.076143076421701699e+05
2.461721548010176921e+05
4.200175041288218927e+05
2.951599767071612878e+05
2.097177144321933389e+06
1.011978482353036234e+05
3.849416301363086677e+05
9.173639603479895741e+05
8.556907679594762158e+05
4.955299030901670922e+05
5.072747492320875754e+05
3.383923190555336769e+05
2.739023365396509413e+06
5.863203029220679309e+05
2.863183480964514310e+05
6.347066672140157316e+05
1.979060385371398588e+05
6.098536627603216330e+05
1.112738376362318522e+05
1.353850467674458341e+05
4.871226988495273981e+05
7.876425799354835181e+04
1.030941046303446055e+06
4.957147510846850491e+04
2.005756158287824655e+05
2.087130188163642597e+05
7.658061431818029087e+04
1.480521371158619586e+05
4.779227975391878863e+05
8.811039136425247416e+05
9.595124082434651791e+04
4.580482297826333524e+04
5.524283623075195646e+04
5.459258590640933835e+04
5.734294890934829600e+05
1.726629926406624727e+05
3.060824787322682096e+05
1.199229962440825999e+06
2.969768449767486163e+04
1.837967540406008484e+05
1.523877417993280687e+05
6.258632353213058086e+05
2.379506572076147131e+05
1.944934491026933247e+05
5.435543989114783471e+05
3.794084706665703561e+05
3.606401490312496899e+05
7.507263038819557987e+05
2.770824290134438779e+05
2.575024330731110531e+05
1.041646039766507689e+06
4.819818966998829274e+05
4.665370439740600414e+05
3.070845847344830327e+04
5.011060313701541418e+03
1.281636071078898385e+06
9.182405988673185930e+05
2.810087729799195076e+05
6.175804735826541437e+05
2.814367928087488981e+05
2.341353033219281642e+05
1.401068899026690284e+06
6.510047806601759657e+04
3.590779506870842306e+05
9.385500089095730800e+05
7.601552343389306916e+05
1.059162998079822399e+06
2.872922942422303371e+06
6.981431601381382206e+05
2.352360454635282222e+05
7.814868328805258498e+05
3.483686054614597233e+05
1.655365873467908241e+05
1.432163107588766376e+06
1.409432285138502193e+05
1.114121488577812997e+05
1.488591425295074703e+06
4.260961179700552020e+05
5.427089429865129059e+05
5.507444588473343756e+05
2.199786194831455068e+05
1.944679017382518796e+05
5.592431251446561655e+05
4.686135397296676820e+04
1.742433924717085669e+06
1.807010833150854742e+05
1.355800902395620942e+05
1.177600759201478650e+05
3.296532909477692097e+06
2.817849440375156119e+05
2.083612935553241405e+05
3.623172711771116883e+04
3.416221599101190222e+05
2.450963212918192148e+05
3.797705959390775533e+05
6.746475936435237527e+05
9.347893562987577752e+04
2.340496785123747832e+05
1.297113328930863936e+05
7.131269534946889326e+04
1.235529310992479150e+05
6.867587540825970063e+04
2.344935232017814124e+05
1.220056836138740415e+06
3.669585242353145150e+05
6.380181829007950146e+05
3.806777476224070415e+05
5.086206953279789304e+05
1.294823083906686865e+06
7.274227517134110676e+05
3.357359891646085889e+05
1.591770207251038519e+05
1.894634819618816953e+06
1.612250234371948463e+05
6.326565450402741553e+05
5.449143883540217765e+06
2.959692138536730781e+05
1.355707018698953325e+06
1.964708348399074166e+05
1.951658914497034493e+04
2.167126743957661965e+05
3.593331606169790495e+06
8.974806495364123257e+05
2.171704399758175714e+05
2.311606788728513347e+05
5.355806579119869275e+05
3.246134008591443417e+05
3.815714986618172261e+05
4.876092421136004850e+05
4.081524204004404019e+05
2.971192957128314883e+05
1.015332686050459044e+06
6.276563104366288753e+05
5.895101071202156600e+05
8.450377063497150084e+05
2.351924901800765365e+05
9.743356930217916670e+04
1.540246588278966025e+06
1.889175672780726018e+04
3.466278123585349880e+06
4.999761010733228759e+05
7.780005157049078844e+04
2.987752389115698170e+05
2.617462158032670268e+05
2.407622111971483100e+05
6.723391336225965060e+05
8.119846846548996400e+05
1.617062749241311976e+05
3.817926566542316577e+05
2.201673571236562275e+05
1.753614186824854696e+05
8.462307500134548172e+04
3.417468619897777098e+05
2.104934983282599424e+05
3.892980042124096071e+05
7.907667092384165153e+05
7.001702839657841250e+05
5.210687309344438108e+04
2.725970591405922896e+05
3.279480886619337834e+05
1.323691738366353093e+05
1.011521663137998898e+06
1.697786725974210713e+05
1.476297754372787604e+05
1.026817635326154181e+06
8.978519372342816496e+04
2.557614092389540165e+05
8.790499210790169309e+04
4.513676176320605446e+05
3.028618331576333730e+05
9.152184183091780142e+03
1.076216985190664418e+06
1.399051836756123230e+05
5.235561658925869269e+05
4.540721197836979292e+06
2.785944892932954244e+05
1.626337157099143078e+05
1.379252174138905015e+06
3.461627887676445534e+05
1.064928658950970042e+06
1.079305961052197963e+05
1.310754779304462718e+06
4.411833053717045113e+05
2.183209745554817782e+05
3.462265785290484782e+05
5.214290396969118738e+05
1.344861163609948475e+06
6.349776775040689390e+05
7.893016346336560091e+05
2.716479354368534405e+05
1.350186499130110606e+05
3.336929443462460040e+04
3.814118933489120100e+05
6.865586259568772221e+02
1.301007590028137056e+05
2.832863707133900607e+05
3.741323783659337205e+05
1.623894868559096474e+06
8.974242030279219034e+04
1.946657473500552122e+06
4.288129290646343725e+04
8.161888559786873520e+04
3.363192709805434570e+05
4.687433185297853925e+04
3.870964148891548393e+04
1.745262396766592050e+06
1.068529467871785397e+06
2.048357676385507220e+05
1.005980576941466425e+06
3.081162684532587882e+05
4.203443417937393533e+05
1.102536758136015618e+06
3.609423563123044092e+06
4.215836329867158202e+05
1.171939193331195565e+04
6.011736176142793847e+05
4.617941991297323257e+05
1.330654575375710148e+06
7.126953493036689470e+05
6.690750181763195724e+04
1.543682748525405186e+05
1.016336405845065165e+05
1.009001816143517790e+05
1.755528738043997437e+06
2.977184821212199749e+05
3.633644976265656878e+05
3.812084133335099090e+06
6.824713929901414085e+05
1.049177572025243891e+06
4.575681565298101486e+04
4.482284631529370672e+05
6.368560693228819582e+04
1.650983645499471459e+05
3.500075830798864481e+05
1.070608086091298464e+05
5.539918706486510346e+05
2.523696838279613294e+05
1.722441764632149716e+05
2.138770345213963650e+06
4.333524467184151290e+05
6.618013836155130994e+05
1.663278561753594258e+05
1.558923082478663418e+05
1.036724948044589953e+06
9.446923617452563485e+04
1.446036931647134188e+05
2.822319416532983072e+06
8.723081918811372016e+05
6.580539814780282904e+04
2.342852657632135088e+05
4.497174507001011516e+05
4.079773365552446921e+04
5.544909521290552802e+05
2.317290662943431642e+06
1.047009930345688554e+04
6.000443643960056215e+04
5.721738430537414970e+05
1.480473917856209155e+05
6.824954820478783222e+04
4.516843132367285900e+06
1.234617812264162814e+06
8.594712411072381656e+04
1.209586784044062370e+05
1.725187190559324226e+05
2.352728172385891376e+05
7.625888310025783721e+05
3.479041280516844243e+06
3.500798100081731100e+05
1.167255155179687063e+04
2.134359134317772114e+05
1.997361914202323242e+05
2.734217585919383564e+05
2.951279163452712819e+06
6.520397651553231844e+04
8.118394492684841680e+04
4.626674327721796581e+05
1.858085806607170089e+05
2.649093373038953287e+05
8.846976340335926507e+05
1.858365259064796614e+06
4.181516595524361474e+05
1.576218253354976478e+05
3.900960374013654655e+05
8.259865479344340274e+05
2.141792722579156689e+05
5.681470682596541010e+05
8.948808400917393155e+05
1.767745496143744676e+05
3.922531559073919198e+05
2.633089680385246756e+05
1.583091720574506093e+06
1.581851446195941244e+05
5.100585110497110145e+04
5.349633650990255410e+05
2.920590646731333109e+05
2.488942674003568245e+05
1.121479273525741737e+05
9.890689106252419297e+05
2.191937054696849547e+06
7.630755629319584114e+04
5.818764209392759949e+05
2.797392128123246948e+05
3.135887930673519731e+05
7.688961350954846421e+04
4.375106009449258563e+05
5.828094214151627384e+05
1.239759572637172823e+05
5.112727300729735725e+04
7.409252123994387221e+05
1.771156684896460501e+05
8.583844793785536604e+04
3.421603075272523565e+05
6.506872453836955829e+05
5.260476448290272383e+05
1.979082029212032649e+04
3.719617513946074760e+05
3.811385056237959652e+05
3.256188995948465526e+04
1.536730592435736617e+05
2.938750817442277330e+05
7.354137842344358796e+05
1.847215774696859589e+05
9.099461883074525394e+04
2.141176104255761602e+05
2.305742495862514770e+05
1.402205759810899617e+05
4.403492170505762915e+05
1.283805483634052362e+05
8.376106790382129839e+04
8.294305258771780645e+05
2.049912158726259659e+05
3.168962598847352783e+05
3.354501128148877760e+05
9.654710891723578097e+05
2.473843814574832213e+05
2.956679056265306426e+05
6.528650321170152893e+04
2.289129348539797938e+05
8.342719776294812327e+05
2.812325955907476018e+05
4.096077941125645884e+04
1.724638506878431654e+05
2.305134051403675403e+05
1.194725410545872292e+05
5.406962106592673808e+05
5.844855774575434771e+04
4.177804338953369297e+05
9.294828298561787233e+05
1.460569764920095215e+06
2.307473484059298644e+05
6.976054458729334874e+04
3.153906127568644588e+05
1.148316384999354836e+06
5.768890839828239987e+05
8.953224985072722193e+05
2.637080547017883509e+05
8.656213524786838389e+04
1.244150138015125704e+05
1.801567534077252203e+05
2.725008589796479791e+05
2.120731646076526376e+05
6.129569977965716971e+05
6.723023303880103049e+04
7.341980374890113017e+05
5.710793717236941447e+05
3.688566472016188782e+05
1.791569967672585335e+05
4.805611696054260246e+05
4.058614807129860856e+05
9.730298862340499181e+05
9.578399391057591129e+04
1.677959159216718981e+05
2.382671441427011086e+04
3.146823320321661304e+05
1.431824988224284025e+05
1.016117318765853182e+06
1.024097424813416204e+06
8.133685936120814586e+04
3.535461715611338150e+05
5.523146125844285125e+05
1.160810841279885790e+05
4.714294390414126101e+05
3.577787317218219978e+05
6.906894715017469134e+05
1.024751146847579163e+06
5.962295075504666893e+05
4.674075247332086437e+05
2.136963021380171995e+05
1.931030336887963058e+05
2.264959554180313367e+06
9.091959443455917062e+04
1.899097073310453270e+05
4.053889227831296157e+05
4.702257375343769672e+05
1.687820767109369626e+04
6.740442505321594654e+05
3.145138510202084217e+04
1.581575334429109469e+06
4.402732867123192409e+05
2.777640759091227083e+05
1.086355053429346532e+06
1.216525975808908697e+06
1.438288277178054850e+05
7.199328563173350412e+05
2.055345662881088501e+05
5.061581841424384038e+05
1.199006957604886498e+06
1.249055844039501535e+05
3.446972236768964794e+05
8.035685530275081692e+04
7.233045241731923306e+05
7.271524015969905304e+04
1.570519170213730540e+06
8.959732259113942273e+05
7.042545038072716852e+04
5.041852227201150381e+05
3.883789760678492021e+05
1.825852925131888187e+05
5.400367271770522348e+04
1.406238872536528390e+06
8.521208325461382046e+05
2.356506809853123923e+04
8.069618933442154957e+04
1.396990090026655816e+05
1.293166285547882289e+05
8.343528664477254497e+05
5.438767681628420250e+05
4.143342974700162304e+05
2.169426126961003989e+06
9.545993363949361956e+05
3.277437866777493764e+04
1.625942799595362274e+06
4.502986521678023273e+05
1.380720992543179309e+05
1.541273261131175561e+06
1.531413862884001108e+06
1.758134353452949435e+05
1.030205394405589323e+06
6.079024176528721000e+04
1.900794596160067245e+06
9.248385323923036922e+05
3.802100614929542644e+05
1.132919388480977854e+06
4.284785049844318419e+05
1.031671371363986284e+06
2.432446510223952064e+05
1.969101330491438566e+05
7.171433245705884474e+04
1.508669979481064714e+06
7.639421829176495085e+05
6.410231431089573307e+05
1.372814843143668259e+05
2.309048426401077304e+05
3.240834456625996390e+05
1.393311489269571379e+06
3.768296494857298676e+05
7.149443383066927781e+05
2.167986085513879370e+05
4.046137975714144995e+05
2.722310019645324792e+05
1.032963655601162347e+06
2.288582431174964877e+05
2.836455732402287540e+05
1.473221082712515781e+05
5.010375809072723496e+04
8.314911183239899401e+04
2.097040140075933887e+05
3.115019143455572776e+05
2.841683084403514862e+06
1.322475470701652812e+05
6.756673244537087157e+05
1.223936013095205562e+05
9.327134692606983299e+04
1.596115305291199766e+05
2.609743857396297099e+05
7.034563629059733357e+05
1.349579168297183351e+05
3.935805587159994175e+05
1.358411214487151301e+05
3.986364042545438861e+05
3.237078438325028983e+05
1.316134672760807734e+05
5.154969447098955861e+05
2.079382093532719184e+06
1.065009383815332694e+05
3.577164250261719339e+06
2.113236577323857928e+05
1.091856739424910629e+05
6.511193456733808853e+04
2.132095507803853543e+05
4.902371512892912724e+05
4.287814735269104713e+05
2.446964377446629805e+05
6.455169468462279765e+05
3.995946744843838271e+06
1.917088602980339783e+05
3.621661174910852569e+05
3.634456740409159102e+05
2.354389475503824069e+05
5.004034044187123654e+05
4.127223909070398076e+05
1.621652971297798795e+05
8.570445401220633357e+04
5.035280973901598190e+04
1.371110969123421004e+06
2.269169695688515494e+05
1.724421250002749730e+05
2.086510165788181184e+05
1.203598894907050271e+05
5.773777487458365504e+05
5.252690655793228652e+05
1.424042228402859764e+06
5.346947118880500784e+05
1.897922272392714876e+04
2.273248568688809173e+05
2.929478871845504036e+05
9.872937247413503937e+05
4.851304764460260776e+04
1.691869922668622457e+05
2.348180795899461082e+05
1.564260099046365576e+04
8.799478346419814625e+04
4.208819041426797048e+05
2.539591694293840555e+05
7.670559726861441741e+05
1.785525396033024590e+05
2.841269430731637985e+05
1.541883115743368216e+04
3.841363574249041849e+05
2.514950211053811479e+06
6.002021694327787554e+04
6.732962956893132068e+05
2.290978753386895987e+05
3.510705770163753768e+05
6.372754112393663963e+05
8.977814969662261428e+05
1.917657300403612433e+06
4.984701566114238813e+05
5.332682892531035031e+04
3.933450275285754469e+05
3.168649066481341652e+04
2.940946318464415963e+05
5.420088113307912863e+04
2.790381453857305460e+05
6.528623667255917098e+05
2.926724731465324294e+05
2.549953756569949328e+05
1.660311941088441061e+06
2.297935622642799746e+06
1.072766209239079384e+06
1.262310062091532862e+06
1.118185521542577771e+06
5.316356562355782371e+05
4.423209116247854399e+04
9.053226583844969282e+05
5.659293059412649833e+06
7.652929220122258994e+04
1.273916684549029014e+05
2.568019849515403330e+05
1.515903943488523946e+05
1.188244879209336359e+05
1.676665904390992655e+05
8.390050161383617669e+05
1.385749519057421712e+05
7.700406718654124415e+04
3.628830753524200409e+05
3.393698628182516550e+05
1.796682749818852171e+06
7.105763894881174201e+05
5.054268881637788727e+05
2.369904635968474613e+05
4.221501619040336227e+05
6.395207775083216839e+05
1.181172045124127762e+05
3.265039064463546034e+06
2.607494864614996593e+06
6.585861346545497654e+05
4.469340877406443469e+05
1.063865229305097164e+05
8.715481111589864595e+05
1.651179728780745529e+06
4.897060166743783280e+06
2.155926781668749638e+06
6.824042228213507915e+05
2.851736794120384147e+05
4.190689265742060961e+05
8.417433551728440216e+05
2.628271682738432428e+05
4.843772886644373648e+05
1.983214507683659758e+04
1.023674041065720376e+06
5.882618127240132308e+05
4.120832250675238320e+05
2.350644833340978657e+05
4.049027360420982004e+05
1.496421666225634690e+05
8.091477396785048768e+05
7.701809356611652765e+05
1.176237140502149705e+06
1.546227844100618095e+05
1.865901622081077076e+05
3.499432676399025600e+06
2.015018543153461651e+05
9.043568732913539279e+05
2.500657837299544772e+05
2.753780193292584154e+05
1.252111632537693949e+06
1.803512015797839733e+06
2.795209255691297585e+05
3.128474852884470019e+05
3.023411119185311254e+05
9.353164283070500242e+05
7.445103225096482493e+04
1.928398344035230984e+05
1.524061543829701259e+05
6.140609589061235311e+05
5.451344086951683275e+05
1.709961528456748056e+05
3.077609489864510397e+04
9.120942605944429524e+05
2.894316539174910286e+05
1.118791496544665890e+06
7.065135170255037956e+05
1.955676818508594297e+05
1.239276705744390347e+05
6.567753809896430466e+05
9.997503287473747041e+05
4.485198462887137430e+05
6.608849220655283425e+05
3.139054074237397290e+05
6.289111651120126480e+05
8.732372629258673405e+05
9.320833650129017187e+05
6.067997336703196197e+04
5.048607090966703836e+05
8.861120366624870803e+04
1.644675438921268797e+05
2.508551456216983206e+04
1.093684432862274116e+05
9.456340027514112080e+03
1.265155337743669661e+05
2.686512825189178111e+05
1.003627547940248187e+05
8.652337086722245440e+05
1.813748796647217823e+05
1.735198321770503826e+05
1.617660385888216115e+04
1.318633595807992620e+06
8.157238376253127353e+05
4.478104941259903717e+04
1.278565770185709262e+05
2.604134746413561224e+05
3.998087619523653120e+04
9.052495244683748751e+04
3.211966196927275159e+05
1.957229039256926335e+05
3.818420442225047736e+05
3.058054043331447756e+05
2.214196071198009013e+05
7.989859901722954819e+05
1.757716923779136036e+06
3.108408124030974228e+06
8.396703671585376142e+05
5.976138175765426131e+05
7.269451554510990391e+05
3.162704318489649449e+05
4.946679094845651998e+05
7.196416153241418215e+03
3.300866296141528292e+05
5.173352965801242390e+05
2.075978234088892059e+05
9.145328742238636187e+04
6.223225010115424811e+04
2.786688620309041580e+05
7.773120585935058771e+05
1.084499324418125616e+05
5.052783601378447493e+05
1.536764733626114321e+05
5.943938930315339239e+05
6.877885744203876238e+05
4.626506861663683230e+04
6.450909844440722372e+05
1.647913326349671930e+06
6.485819281010393752e+05
1.390349300535492948e+05
9.774484643435795442e+04
1.984799758788256149e+05
4.848950263676569739e+04
1.019645542130786576e+06
2.051676378957752895e+05
1.150639166738749715e+06
1.445355592120510526e+06
2.823751221685033670e+04
1.089823580642988672e+06
3.483513771823282586e+05
4.499312271413490525e+05
1.836417415131384972e+06
3.271116847590701946e+04
1.065522109037163667e+06
1.074092016333390493e+06
6.879941848334266106e+05
5.396919628067160374e+04
6.115128773325771326e+05
2.442505510372576246e+05
1.081717626765757013e+05
1.742880657733006228e+05
1.034367585966290673e+06
5.344890695587918162e+05
7.144695443917843513e+05
1.248775718949029688e+05
9.095719972892341902e+05
3.311676133767941501e+05
3.834723107527613174e+05
4.361881539286094485e+05
1.786254553412611422e+05
7.134829844015589333e+04
3.915861737739635282e+05
4.324229453230623039e+05
5.398247779183071543e+04
4.426758589081133250e+05
4.841116737191610155e+05
2.423689950196756690e+05
1.365367286807174096e+05
5.293043723716819659e+05
1.365251531273291912e+05
1.107579825833741779e+05
4.136130178957131575e+05
2.124179342643765849e+05
2.401625849002234754e+05
6.718295260588529345e+04
1.036358399864668172e+05
4.596972891792162322e+06
2.871805520124302711e+05
5.883678094265671825e+04
5.496343798822403187e+05
1.154330331791401375e+06
1.127889815562462667e+06
2.297730403145910706e+06
2.132337725343320344e+05
2.170334201433121052e+05
9.604187404258332681e+05
3.721170710209110985e+05
2.187272620470655616e+06
2.772435128495774115e+05
3.949696660416995292e+05
3.762491612064529327e+05
9.295774818712546257e+05
1.513531753060671908e+05
8.705562902074500453e+05
7.489536174992998713e+04
3.465985942676579580e+05
1.190759446737597173e+05
4.546852898965401691e+05
1.913338279146710993e+05
1.124959235698193952e+05
3.359739735325716319e+05
9.216039396164902428e+04
7.064870069046533899e+04
3.231445522065457189e+05
1.041342159710597829e+06
2.275600041576705116e+05
1.040271649646110367e+06
5.513608192194985459e+05
1.567123306970620761e+06
7.070930482742295135e+04
1.608486495010178478e+05
2.037056651048313593e+06
9.201214080276810564e+05
5.106230081544821151e+05
4.190159450336553273e+05
2.215045015301726235e+05
1.938135872619834554e+05
6.984941471418298315e+05
4.052842286006074282e+05
4.322067607802871498e+05
1.915779953586084885e+05
5.129874041603549267e+05
2.009909155449874233e+05
2.436388374113628524e+05
7.465251160473600030e+05
3.171069543175422587e+04
5.708367795654643560e+05
3.136761195883985056e+04
4.874698026051042689e+03
1.154174903610781330e+05
7.614049370773084229e+04
6.210468166007992113e+04
4.117759348178523360e+05
1.065421781426065718e+05
2.885629020689661847e+05
2.100903440825277939e+05
3.731094923709154245e+05
2.261508912276463525e+05
5.703443831551699259e+04
3.044183263270329335e+05
6.012219238430575468e+06
4.050959935342416866e+05
2.042392552736530706e+04
2.690006040830624406e+05
5.997190518520104233e+05
5.179492127344471519e+05
5.322049508270828665e+04
3.093520328920127940e+05
3.929395055356658995e+06
2.205604939985339588e+05
1.617500307309987256e+05
1.943516836715969548e+05
6.291109842297404539e+05
3.709624564566597692e+05
6.272462683420233661e+05
1.054168251877309056e+06
6.431227084629246965e+05
1.696884857402293710e+06
1.908428619200137327e+05
5.625387341932440177e+05
3.368016828144825413e+05
7.424160873771976912e+05
1.113019033948524622e+06
4.536166416214745841e+05
5.390541146627368871e+05
3.661633452169387601e+05
7.414460899061643286e+05
9.458600646968260116e+04
3.193237321553035872e+05
2.659335078695684206e+05
6.459924380386953708e+05
8.917358667735406198e+04
6.836633857177658938e+05
2.916715703440862708e+05
5.288949852063445142e+05
1.229575412090972386e+05
3.727250819733294775e+05
4.073150936862119124e+05
2.009266146331803466e+05
7.531431423022870440e+05
2.618455521070041577e+05
7.252304448371875333e+04
9.841876914201691397e+04
6.867899447324636858e+05
5.799489375622989610e+05
1.745599215141009772e+05
9.046069234607788967e+05
3.368918322655508528e+05
1.919351931932986772e+05
3.859775007694886881e+05
2.897941068758619484e+06
3.983715127854912425e+05
1.473018300997134938e+05
6.967921529291203478e+05
6.508971636724426644e+05
4.252064085649440531e+05
5.488015262826562393e+05
1.660247739562884672e+05
2.292029432399797719e+06
2.161052069734915858e+05
4.246703004925472778e+05
5.055263363085684978e+04
4.920016797178497072e+05
3.913371837596848491e+05
5.581034955611756595e+04
9.280656118313005427e+05
6.575133855393973645e+05
4.323641089531638660e+06
3.177396676817586558e+04
2.588795165473400848e+05
7.061463861023732170e+04
1.181602349730246235e+06
9.550571989647711162e+05
4.051993461721810745e+05
4.767143245947491378e+05
1.667223725400505355e+05
9.283934054199763341e+05
4.254427421245048172e+05
9.207819121037218720e+05
2.322585320015064499e+05
2.404482636372849229e+05
2.886916078670910065e+04
6.573726192030005623e+05
7.008812673092992045e+05
5.510706111148284253e+04
4.303468901908394764e+05
7.678719931235259864e+05
7.876357087972671434e+04
1.744198268851343601e+05
1.137739205077209772e+05
1.275026458886972541e+05
9.120900517773916945e+05
6.813972760032352526e+05
2.839034143595458008e+05
2.278139272577011725e+05
8.088046657715932815e+04
5.427747907393064088e+04
4.673709857586904545e+05
6.196429925519812386e+05
1.612286973274638585e+05
5.720828738772389479e+05
6.022403162737346065e+03
1.022295728650474339e+06
1.942518584825360813e+04
2.576586457184054016e+05
4.996270253794437158e+05
1.362373456903216429e+06
2.773764246519748122e+05
1.428893273200727766e+06
4.727732150827131409e+04
4.978048347095585777e+05
2.039666023357528728e+06
2.398396048483474588e+05
1.405158927344582742e+06
2.483407632262254192e+05
2.197580889500039120e+04
8.396209190950373886e+05
6.199227736714993371e+05
1.985092122710889671e+05
1.876130118802190991e+06
1.352450451347687980e+06
2.709652084867347730e+05
1.792978789069355233e+06
1.943139099012835650e+05
5.943213178813214181e+05
4.815402011748011573e+05
7.040251369311493181e+04
1.480415213034185872e+05
1.089023935869207708e+04
1.275156061465139268e+06
3.736573599497380783e+05
4.106063514633036102e+05
2.833088468149682158e+05
3.385187573505855398e+05
2.254742973614798393e+05
1.838284918528333073e+05
1.818697055504275777e+05
1.001133008299729700e+05
2.367344631047057046e+05
3.580097282870757626e+05
1.504118519579912390e+04
1.658033944813421695e+05
2.547037774965800345e+06
2.443640948592216300e+05
6.354653488446811680e+05
4.885534240858272533e+05
1.335803913166976126e+05
2.639924754017479790e+04
7.449027142537970794e+05
4.293517776191084704e+04
1.338099253421657777e+05
1.722196761522641755e+05
2.570284467046565260e+05
1.334277715175158228e+05
9.709727656705436530e+05
1.993995830332302721e+05
1.656905182019322237e+05
3.566308567810911918e+05
2.491929415526163066e+05
4.277134859870796790e+05
1.937476797772285645e+05
2.676191782780678477e+05
1.009902731057837373e+05
4.648741046202915604e+05
2.193585879693835042e+06
4.656699214650106151e+05
3.661474388838440645e+05
2.928081575302373385e+05
2.791737484593408881e+05
1.769534728806589555e+05
1.974963652295724314e+05
1.312096395040077041e+05
2.424959120960737055e+05
3.681224552033982472e+05
1.911161595710831461e+05
5.482902280771820806e+05
1.838167863753808197e+05
4.040837551444909186e+05
2.674475088445369620e+05
5.876321636821018910e+04
5.938708589354234282e+05
4.767445148535653425e+04
4.938151465548760025e+05
5.627825960838209139e+05
2.169166783510707319e+05
5.742904084305647993e+05
1.078970978540414508e+05
1.493053494639665296e+05
5.827716463915315457e+06
2.173404313318152563e+05
1.212919603381759080e+05
4.602059687560795574e+05
1.874484535030597472e+05
3.082600411419329612e+04
4.535309005768595962e+05
5.275051874306920945e+04
1.283277446203892818e+06
2.131937023974570038e+05
2.271386145182887267e+05
8.108587966574321035e+05
8.783839424302043335e+04
2.581597291956920235e+05
3.830690476122084074e+05
8.395917919062478468e+05
1.906243619785865303e+05
2.064007834670308512e+06
5.976527475090019871e+05
1.516732355793714814e+05
5.143871041401939583e+05
1.532607437036309566e+05
3.199118824384199106e+05
1.592882636891522270e+05
6.276587859256187221e+05
4.444437949031254975e+05
5.912834563748440269e+04
3.421191627038627397e+06
1.078179531111787801e+05
8.997889819322063122e+05
5.560629603561538970e+05
1.727964575226023153e+05
9.367040610987821128e+04
3.646425759390422027e+05
1.981924116511179018e+05
1.597797049138077535e+06
8.495738559005460702e+05
1.166564720065085421e+05
2.214137038268852048e+05
2.752230988415121683e+05
1.997981361266509630e+05
5.499579716594540514e+05
4.838959193777341861e+05
2.291523843951762537e+05
2.758768402273274260e+05
1.864224777595338179e+06
5.506058561574963387e+05
6.365733868478974327e+05
4.044120533227201668e+04
2.115645683206591289e+06
1.899986037059339928e+06
4.655115901961847703e+04
2.806880661817986984e+05
6.764057311548362486e+05
7.894395319852849934e+05
5.259403457707775524e+05
1.932446681862381520e+06
1.484537405023360625e+05
8.888723132669192273e+04
7.007195935787711060e+05
1.623658805184051162e+05
9.492848048974690028e+05
3.401993182791242143e+05
2.365677660434175632e+05
1.103928592153348494e+06
1.006945317437967402e+06
8.296446936030910001e+04
5.481799822647427209e+05
3.174336280467608594e+04
8.747643312276717916e+04
5.057935606335062184e+05
5.071297473158871289e+05
4.300031157726410311e+05
9.564291188233262801e+04
1.993211954971566156e+05
1.642942671622925845e+05
1.124125756581173337e+05
1.619634957316407817e+05
6.761899763936675154e+05
2.179474937668380328e+06
1.321586184125111613e+05
2.307489376976299391e+05
5.430987336652780650e+05
4.718694514883948723e+05
4.202725412712882971e+05
2.129478600972823915e+05
1.118249632603476784e+05
2.831526430734356836e+04
1.020101366992853727e+05
