3.687268789096861146e+05
4.072309908354420913e+05
1.093136162983155344e+06
3.503628259840052924e+05
1.352330630619893316e+06
3.794959629686871194e+05
8.173560743990414776e+05
1.981758596946694597e+05
3.046012818964027101e+05
1.324299126883998048e+06
3.692922647329040337e+05
1.369087858976164134e+06
2.502469108913330361e+06
2.002988864001702750e+06
1.081262058285007370e+05
3.717153663675282151e+05
2.018724022139089357e+05
3.166730284970804933e+05
2.342417004751910863e+05
1.550656789086072939e+06
1.172769688267786289e+06
6.322701047298902267e+04
3.823653495529262000e+05
1.325669263342410792e+06
5.461837014593923232e+04
2.234011079144015675e+05
5.276460776731554652e+05
1.272178543035027396e+05
1.018953932208408718e+06
2.693205529536366812e+05
2.397658476502835983e+05
4.297537924116970971e+05
4.150128648144173203e+05
1.728085535491980554e+05
6.161305163588299911e+04
6.087159453451038571e+05
7.356802529312387342e+05
6.859250608370029368e+05
2.144095024266999098e+05
5.898597614081152278e+04
2.186921577690303384e+05
3.049712527838990209e+05
7.537487591704524821e+05
6.385812495603931602e+05
7.469778987396317534e+05
3.844835274012220558e+06
1.733119457460203266e+05
1.149926139662716771e+06
6.706674666573475406e+04
2.598405417169748398e+05
9.909883654636119900e+04
4.448381745143942535e+05
1.570512866620735265e+06
3.098495118867566925e+05
1.597260072070999886e+05
6.330898455964277964e+05
1.784599048826488142e+05
2.864747005945030833e+05
1.986297220930840122e+05
3.044735213680007728e+05
1.441392024321215926e+06
2.348108631050333846e+06
1.144704762603115523e+06
7.671698802157632599e+04
1.895995522103332682e+06
5.595688530346745392e+05
6.198459049483772833e+05
4.035061067622731905e+06
4.874006803421471268e+05
2.150166116137533681e+05
1.728183603403455345e+05
2.009720111446323572e+05
1.086329312869594723e+05
8.464031083034085168e+04
1.389256364969960123e+05
6.378744703182885423e+05
5.034127809922979213e+05
6.470062738673621789e+05
1.402066251918283815e+05
4.911494411210634280e+05
1.533089054480072227e+05
2.499408153163624462e+06
5.984056626325397519e+05
1.744465605805077823e+06
9.882981672447934397e+04
4.688797651366692153e+05
1.212992765453363769e+06
8.653561536946165143e+04
4.191644145878773270e+04
1.099350170362034987e+05
2.441373715336651076e+05
2.098358858388250228e+05
5.602258735494450229e+04
1.093735987817213172e+06
2.660293730482620653e+06
7.488005720819925773e+04
1.095009848229374504e+06
1.326044558327876264e+06
1.344625514600496739e+06
5.339372811145199230e+05
2.937695752690805239e+05
4.938509366049172822e+05
6.943353555636238307e+05
2.947725353420046158e+05
1.138349965422961104e+05
1.078187362950661045e+05
1.197689667944710673e+05
5.308137143914441549e+04
6.566174188648625277e+05
4.300854951479203301e+05
3.562279149273911607e+05
3.149414537225796375e+05
5.010891769872045843e+05
3.943871814057246665e+05
1.398253243067340809e+05
5.338928028487425763e+05
2.157432742272049654e+04
8.738019863338473078e+04
1.041766881788974511e+06
3.824724784206124488e+06
8.356634827916817740e+05
1.518990799595174904e+05
1.594679610522870789e+05
2.680103097301514354e+05
1.931266738585161147e+04
1.362704259934639958e+04
9.050686838230784633e+04
4.922355131090365350e+06
5.641245889736803947e+05
1.519679546480263525e+05
4.102571677178125246e+05
8.156980142540161032e+05
1.586883540667245397e+05
2.087028788039326901e+05
5.474646300823785132e+05
5.340242568101353245e+05
4.379183937847689231e+04
9.506468063287214609e+05
1.053749946377201471e+06
3.336171520503797801e+05
5.321387590897313785e+05
8.419968471287343418e+05
9.072890037442275207e+04
1.154308610280567314e+06
7.461741556745540584e+05
4.796955551290184958e+05
3.762283040664207074e+05
2.459027031021619914e+05
1.495716294443662337e+05
5.214107257930772612e+05
1.198962661942996783e+05
1.151315122297174676e+05
9.664443496892828261e+05
1.522800406853679160e+05
5.726735366937150247e+05
2.381493003669954196e+05
3.438628460099285585e+05
8.961231187769140524e+04
1.380983917825736862e+05
9.023081066045648186e+04
1.498142669275504770e+06
1.242111468379086291e+05
1.875719317674929625e+05
6.332927922607272194e+04
2.904465501763726352e+05
8.082669303534228820e+05
2.007892807873346028e+05
1.274595764836842718e+05
8.297387632843086030e+05
1.571038926837600302e+06
7.606053229963030899e+05
2.210008010417670303e+05
4.048354019563503680e+05
4.835771895281008619e+04
2.362081903097924951e+05
2.193118456801243010e+05
2.627058200344824232e+06
4.014339099427761394e+05
1.246589926903371001e+06
3.119417087590349838e+05
7.215870726261033269e+04
5.073021815982465632e+05
4.016778041149236960e+05
2.500899923420705309e+05
2.200673898687942710e+05
1.431956551408053201e+05
1.566371578052771802e+05
2.607205732336878718e+05
6.777805541303305654e+04
7.208098080425689695e+05
3.731149824367919355e+05
2.686403219850417227e+05
1.917535796611378202e+06
4.296421750682769925e+05
4.793202442670094897e+05
1.907146079648016952e+06
6.884095716476548114e+04
5.861313921834949724e+04
3.723245306828740286e+05
4.621657230278545176e+05
1.351228534254476195e+06
1.235224639449953393e+05
6.369032006038002437e+05
1.011944675761670806e+06
1.598003590861351768e+04
5.533089358063885447e+04
3.356716445605223416e+05
1.279983025789564941e+06
1.285125420568100963e+05
7.897571760537517257e+05
3.758955141357046668e+05
2.055120508056459366e+05
1.382086590753399068e+06
2.255788695258156622e+03
2.088403960656852578e+05
1.857948518652670784e+06
1.168284418229612784e+05
7.759206572051714174e+05
1.035993938605641015e+05
1.916687486782770604e+06
1.525274069576075999e+06
5.883665829559975537e+05
1.600190933465132548e+05
6.075598862245767668e+04
3.237195932868900491e+04
2.184883447077445162e+05
2.301420074730224442e+05
1.837693792366934940e+05
5.467758690060819936e+04
2.362278225393022876e+06
2.234881271173868328e+06
4.980580553026142297e+05
1.306329608465458878e+05
7.867988372956681997e+05
5.848822220453910995e+05
7.429567473458694294e+05
9.546738528883554973e+05
5.995885328266383294e+04
2.182360305580307613e+05
1.787705266956124105e+05
1.832912983268112410e+06
1.390219601058228000e+05
5.394150975345337065e+04
3.382713685907213367e+05
2.632324373952526003e+04
7.329423207766207634e+05
2.624227310784151196e+05
8.595586084778449731e+05
9.862474623559565516e+05
2.597562466773498745e+05
2.273176655396244896e+05
5.585168047342016362e+05
1.267230579348796979e+06
3.401441243630672107e+05
3.978325186129606445e+05
1.817255856956786592e+05
5.211730511088886124e+04
1.319799574885270849e+05
6.833578788326890208e+05
3.755958260581997456e+05
5.786639113230439834e+05
1.280972150773133035e+05
6.660691431646359852e+05
2.766576126542364364e+05
1.392287878789872047e+05
2.359359645585089922e+06
4.550812260545931640e+05
2.463869226807963278e+05
7.521648365572936600e+05
3.479805890404828824e+05
1.441359459227507614e+04
1.219440483229487436e+06
1.004740339141465956e+05
2.781919050743878470e+05
4.394521811587788980e+05
1.002825213793330186e+05
3.605117118720710278e+05
1.305016532854771940e+05
9.127787962290935684e+04
9.403929674468792509e+05
1.599998664025891921e+05
9.188901455251865264e+04
2.253666095833113359e+05
3.152866074443855905e+04
4.873691968548888690e+04
1.010230728348481789e+05
2.447760737398371566e+05
1.058448129522735253e+05
5.157004111550817033e+05
1.797214878149109427e+05
1.827135029700120795e+05
2.970853851621256908e+05
2.425448582412810938e+05
2.033093950432993006e+05
4.990331108109599445e+05
3.231747299572263728e+05
5.117175641981761437e+05
8.881865530345386651e+04
2.900645076195129659e+06
3.967991980174639029e+05
5.509093642088579945e+05
3.474991202907827101e+05
5.035609233037533704e+05
2.553184685403156327e+05
2.593582631315363105e+05
1.326787275258285263e+04
2.933460023715920397e+05
5.982556259773200873e+04
8.990101183700246038e+05
1.161296806576340314e+05
6.066896725893331459e+05
2.168498787093847932e+04
2.758952521389939357e+05
7.379095390621899860e+05
1.535710667995726108e+05
4.300922105770907365e+04
9.679345317292509135e+05
4.059303283217097487e+04
8.043776489773616195e+05
2.029767770123770169e+05
3.104165087985667051e+05
3.313628396905725240e+05
5.999795755622321740e+06
2.548404449499983457e+05
1.603933237365633482e+06
2.067644945004440888e+04
2.477252373729164829e+05
7.181468660814773466e+04
7.202549223451353610e+05
2.418083569214252057e+05
2.862110896670324291e+04
7.916145353668092866e+04
2.250169454673235770e+06
3.093384823435902581e+04
1.386989949511356885e+06
4.093091078140338650e+05
5.759802090909011167e+04
1.752556988085252524e+05
2.384192985413161223e+05
6.525297661986664170e+05
2.166505515774813481e+06
8.131038182977013639e+04
1.414046068830481672e+05
5.418447305771589745e+05
1.687586227200157009e+05
1.477316645548049826e+06
9.586396158963712514e+04
7.717130590775256860e+04
4.358831102731481660e+05
1.145112978757838951e+06
1.829689603367375094e+05
9.564427277166096028e+05
6.909842629737287061e+05
1.980570116755310301e+04
1.949250923769400688e+05
1.408252693648428249e+05
2.586898830924905778e+05
1.667244845819849870e+05
5.100254016070506768e+05
5.649283547529769567e+04
6.557743955543433549e+05
3.468591212286950322e+05
4.823937048241100274e+04
7.520806502012527781e+05
4.335473194654198014e+05
9.689787103500614467e+04
1.737228330099965679e+06
2.359569318643710576e+05
6.202255130414230516e+05
1.345875891954295803e+06
2.251866933783296263e+05
3.710157332948145340e+05
7.215685904874929693e+05
3.739848605329684215e+05
2.211137096576404583e+05
5.389930395954762935e+04
1.356869944285455858e+05
1.715197227788385644e+05
4.158408201995839481e+05
2.253355254474656540e+05
2.953855920631985646e+05
7.262757335278739920e+05
2.251696413313778467e+05
3.293746027028404642e+06
1.368048665950621580e+04
6.337916511929401895e+04
4.854976807879532134e+04
2.820133038453711561e+04
3.319251231191483093e+05
4.831232151405901532e+05
4.923739339064366504e+04
4.955900134995525004e+05
2.172359489090014249e+05
2.617924446024610370e+05
2.492679097158554359e+05
5.839181325091090548e+04
1.451108411519927322e+05
3.403667828261498944e+05
3.217384979317290126e+05
1.409134640634146344e+05
7.222094983838038752e+05
1.592858681674581021e+05
1.367936068213107064e+06
3.746496581306468579e+05
2.897356680988655426e+05
1.745159184238862654e+05
2.877306525664195069e+05
1.281676080025433796e+06
4.923960777223082259e+05
2.728586243340698420e+05
3.755451213852040819e+05
8.432079689894838957e+05
5.050231728656965424e+05
1.678880783381490037e+05
1.480075308619756252e+05
1.199319019030601921e+05
1.148567732937048888e+06
4.811738591299296822e+05
6.415264248529479373e+05
3.040898135795745839e+04
2.503613233895736630e+05
4.606482456559268030e+04
7.153106945701161167e+05
7.601408279297499685e+05
8.557851610514849017e+04
1.808013031988672446e+06
8.499312655097417301e+05
2.897112619700060459e+05
4.610032481233875733e+05
2.300845195136986731e+05
5.079535033538637799e+04
6.766821055270278885e+04
4.141899909235446248e+05
6.577179571266469429e+04
2.928856761591383256e+05
1.136532256049887743e+06
1.731195621564234374e+06
1.226986851759515848e+05
1.734151547259431391e+05
3.433053372033291089e+04
2.569310270174358157e+05
6.095795610480530886e+05
9.300209547687862141e+03
1.695149559805887053e+06
1.140632544828052487e+05
8.680716529009716585e+06
3.267708038820194779e+05
1.877855102495342726e+05
5.772634680328026298e+04
2.836446852294018026e+05
8.890419799595035147e+04
4.119759750652899966e+05
4.955589538368422654e+04
7.099697162187128561e+05
8.984634781801446807e+05
1.133471522366324207e+06
1.398412052632824634e+05
5.792693047375184251e+05
6.425646948020440759e+05
7.040211901816369500e+05
6.211269154359237291e+04
1.031133960648870561e+06
1.889258463627897727e+05
5.276945479863135843e+05
1.857923369410917221e+05
4.097228997637791908e+05
3.739145500290498603e+05
1.750985603845664009e+05
1.853567580665822315e+05
4.414831443951457622e+05
8.485424209322672687e+04
2.501439937591330381e+05
1.085538211481716717e+06
1.021222935490856878e+06
4.302810872960592969e+05
1.136196710937608033e+06
1.952504714097527321e+05
4.132692126805208391e+05
9.981402561507920036e+05
4.795809318589476170e+05
3.728836991218669573e+05
1.075284899044687627e+06
2.429160009436549735e+05
1.925997377354909258e+05
9.138862213752731914e+05
8.291731189052264672e+05
4.752305836002546363e+06
3.210904705724563100e+05
5.012795686935191974e+06
2.144464503002993879e+05
2.372108797443771909e+05
5.102246779545995523e+05
6.758405838816002943e+05
4.380789038174167217e+04
1.154552100282130996e+05
1.057061112982898951e+06
7.196807034991656838e+04
4.676965461967642768e+05
2.758491390627567307e+05
1.011567033728553652e+05
2.991437255546229062e+04
2.049228198475344805e+06
4.951753720693049399e+04
8.189183895853452850e+04
5.326943377512147417e+05
8.145327324218006106e+05
1.162672312264339300e+06
9.288277907643998333e+03
2.578397229209737270e+05
4.237213655160333728e+05
2.961249233271696139e+05
1.085376553353768104e+05
7.308894830124658765e+05
4.696976095259503927e+05
4.378230745401277090e+04
1.569625908389613323e+05
1.493983859468044015e+06
1.294646545598181430e+06
2.041714617361999408e+05
5.102858048407292808e+05
4.756690856101150275e+05
1.047836297223196598e+05
5.159102201885122806e+06
1.113293193960426375e+06
8.217324503450554039e+04
3.463494847253026091e+05
9.683522241358338215e+04
6.621034805027488619e+04
1.572360350651600165e+06
1.918574343450595334e+05
1.210306078267932171e+05
5.749568540784387733e+04
6.558620339458649978e+05
1.363593005527305941e+05
2.645109511517203646e+05
3.233873128370361883e+04
5.872137843225463293e+05
1.232412855465986067e+06
7.386938666781485081e+05
1.055744859509447357e+06
9.475585114198731026e+04
2.353099126195289136e+05
7.891605220254499727e+03
8.535516019873759433e+03
8.031566015041583451e+05
5.099434696040427079e+05
1.115815538886581780e+06
2.590529492908736866e+05
8.855429004807776073e+04
1.699132670778523665e+06
2.257701152517304581e+04
3.527430522197138052e+05
1.571124754997238924e+05
1.351330935068368446e+06
7.832648045346515719e+05
9.948731692519642820e+04
2.083893750679846155e+06
1.482476377759402385e+04
2.304623959749565620e+04
7.860823611398540379e+04
4.142010813318912988e+05
8.697967339567333693e+05
6.677500590004309779e+05
1.460863090553496731e+05
5.741397350359866687e+04
2.753458302771015442e+05
2.917714862286995631e+05
2.171762351081105007e+05
1.971914719623410492e+05
8.875192597932065837e+04
7.461093331617652439e+04
1.633671908544456237e+05
8.828803622313945380e+04
4.662813558187045419e+04
2.047840233799506677e+06
6.187863524364498444e+05
4.770250584048864403e+04
3.597230670629903034e+04
6.212789382259049307e+04
3.546705400862659793e+06
3.561267063087412971e+05
1.924546031163436128e+05
1.386185143082509167e+05
1.234939216454082198e+05
1.477103562711972045e+05
6.147264706341759302e+04
2.256448773982397397e+05
5.211713431045731704e+04
2.797410976556764799e+05
1.006107052656039305e+05
1.167290106200660812e+06
3.346468509208524483e+05
1.158455059216338443e+06
3.841024286396806710e+05
1.169470977757996181e+06
3.688678773396602483e+05
5.142071026399197290e+05
6.417759154381178087e+05
8.203142619246647882e+03
1.366333668791161908e+05
1.153588625870402611e+05
7.280042213946746779e+04
2.861259817681679851e+05
8.970303408805110957e+05
1.922594803517761466e+04
5.121168517334969511e+04
7.176388877962779952e+05
5.948727666907424573e+05
1.392295759890125191e+05
1.339265285971855064e+03
6.274149712700508098e+04
1.592588437582681654e+05
1.253973379230188293e+05
2.493665861217416241e+05
7.053477191331483191e+05
1.312152805167858256e+06
4.577220047957990319e+05
2.839672902710737981e+04
1.510821661510719918e+06
4.263344621707101469e+05
4.055202126765109715e+05
1.038648810907274950e+06
1.727214201408708177e+05
2.216588633068907366e+05
1.198940406852857675e+06
9.042972006530748913e+05
3.074459341522629838e+05
2.474312479799243156e+05
8.392381761080813885e+04
5.707039744856653269e+05
2.337288051771962782e+05
5.234280961599341244e+05
2.835481071094889194e+05
4.832449233592075179e+05
2.662067549628403503e+05
2.290809345505376696e+05
2.834503305166442296e+05
2.710101534120942233e+05
9.275505415560875554e+04
1.380230143615849083e+05
2.927538044784620870e+05
1.771297620840265881e+05
4.684365372291710810e+05
2.281208304427744588e+05
2.756981430805783384e+04
7.668655617322704056e+05
2.660613765034636948e+06
4.854308018827814376e+05
8.447653504427472362e+05
6.456212596003850194e+04
9.106479875057874015e+05
5.210507567256047332e+04
2.006385799285488669e+06
5.301772519376468845e+05
1.670137303462361742e+05
4.391981530837352329e+04
1.014158787830325891e+05
2.975841312627185252e+05
7.833864270941119175e+05
3.833731962519243825e+05
1.375429639542468358e+05
4.195624470338312676e+04
1.647738660322974902e+06
8.211817350348593900e+05
8.428644747586008161e+05
7.428704138155620312e+05
4.168989772152991500e+05
2.218158733680868463e+05
5.471226759912593989e+05
9.169501034228156786e+05
1.105963732393692713e+06
1.391901779458224482e+05
9.048732126826541207e+04
1.871462051255800761e+05
2.349355173936333973e+06
1.557541722641703382e+05
1.030919474264573073e+06
7.886909622219988378e+05
1.420346063127452508e+06
1.239892754113740957e+05
6.142261066651972942e+05
2.406938260055515639e+04
2.781863696319050505e+05
3.866949591024231631e+05
1.051043304623196833e+06
2.880594623543570051e+05
9.074170816888407571e+05
4.432253933684458607e+05
5.857246404912278522e+05
2.149917881380305160e+06
1.245525731498466630e+05
9.701650402104653185e+05
3.732952102756488603e+04
4.934334930989091517e+05
4.427279899933299021e+04
4.246133323191678210e+04
4.530105175959037733e+05
2.801524905282628606e+05
5.932369069844673504e+04
6.614601743663195521e+05
6.983183658060466405e+05
2.834172884943231009e+06
4.539170301868750830e+05
2.862222463706479757e+05
4.822608590584701160e+05
1.922067971827523434e+05
4.769490733661927516e+05
3.508546474813293316e+05
1.559622598821179126e+05
7.458042506565612275e+05
4.627473053302337066e+05
8.272651357298027724e+05
4.090450242836929974e+05
4.297738728257383627e+04
6.546278689239749219e+05
3.640010079523948370e+05
2.979524270966443582e+05
6.682737407099769916e+05
9.864240728165823384e+04
2.414482054246819112e+06
8.686210649639023468e+05
1.991184254601151682e+06
2.675498329989947379e+06
1.510093395241834805e+05
8.843046203421479731e+04
6.310447056416483596e+06
5.699492484565989580e+05
8.459967047302240971e+05
2.799373288821343449e+05
7.238523906388322939e+04
1.111510541485847934e+05
7.686368403125199256e+04
8.010547812167306802e+03
3.884321513487450429e+05
1.360733542480661534e+06
3.355985845108972397e+06
3.184342010760368430e+05
1.922287836919338908e+06
5.479287389039767731e+04
8.156527570642295759e+05
9.122361909345614258e+05
9.723331328555380460e+05
4.791600890554650687e+05
6.921128641752159456e+05
5.914244478188677458e+05
1.247713377625018329e+05
5.755471804939979920e+05
1.971427084355599945e+05
2.996381587585444795e+05
4.808816537831847381e+04
1.244390398606872332e+05
1.588441597603680857e+05
4.319657870948749478e+05
8.385345130617958785e+04
1.725253382576379227e+06
3.196658411082933308e+05
1.345804217639043927e+05
3.172318195575191057e+05
1.619176820541284047e+06
2.148267217186026683e+05
6.878752964463550597e+04
8.259244040729540866e+05
4.380878670674868627e+05
2.166364797354874318e+05
4.671163243482684484e+05
1.445054943656797113e+05
2.785235924826528644e+05
7.415489038188832346e+05
1.503617446632233448e+06
2.926057774444142706e+05
1.041096775708264555e+06
5.560689046836114721e+05
5.391277352589948714e+04
2.445977226354335726e+05
1.920009753631374624e+05
2.417022105865746853e+05
5.911090766213485040e+05
1.267793816235399805e+06
1.081402065453322139e+05
1.766572927609577891e+05
7.185039662860925309e+05
1.830209587269148033e+05
8.236195267889513634e+05
3.730373063146591448e+04
1.999842070354778320e+06
3.759657122770021087e+05
3.951493829690303392e+04
3.189685118979135295e+05
6.199502165983706946e+05
1.260818275154312869e+05
3.118462938399696723e+06
1.816133469220883911e+06
1.243390154842006741e+06
7.884964683003661048e+04
1.468804564984229801e+05
4.728218694451543852e+05
8.674888322845768416e+05
5.902200296829731669e+05
2.727319524073166540e+05
4.036659934373963042e+05
5.289303085066503845e+05
8.293033488004766405e+05
6.948294715112947160e+05
5.461607203708772431e+04
1.034893418439669185e+06
1.309252539440117980e+05
9.761858471452166559e+05
1.888727408991962511e+04
1.005141211373437400e+05
2.439692375840998429e+05
2.348168682388103625e+05
1.915948168601919606e+05
4.727601463795753807e+04
1.958917424603358959e+05
3.358303078839809750e+05
4.044341176818421227e+05
8.995207637158184079e+05
5.049226625814067083e+05
2.205108720592610189e+05
7.953474673258737894e+05
9.771884150880198285e+04
4.224720803192741587e+05
4.191263875752230524e+05
3.752369197475411929e+05
1.812368051872609649e+05
9.796745298701659776e+05
4.643167507878354518e+05
5.125079599122960353e+05
6.144671108339782950e+04
5.493718445843289373e+05
1.571117362077874423e+05
3.597484803247922100e+05
4.412715458197130356e+05
1.586221888880825369e+06
1.789116463339162874e+05
3.436583368887185352e+05
1.083081251229053742e+05
4.023201980206621229e+05
4.705554167842484079e+06
1.732280894442058707e+04
5.412305958140924340e+05
8.867636039845710911e+04
2.223365800781904836e+05
1.413751120115068741e+06
1.391513845558095723e+06
8.707521698615280911e+04
4.261003523772155750e+05
6.499906660744120600e+05
2.599484748826324649e+05
5.714746025227693608e+05
8.840788671611937752e+04
9.143365714392792142e+04
1.177450533458719874e+05
3.097603426745120669e+05
3.124721119610639871e+05
1.375293875397419790e+06
7.113473382860727143e+05
1.952167827768676798e+05
2.738475283468627604e+05
1.348112584918462380e+04
7.621395406343000941e+05
4.927434482562217454e+04
7.977574047937397845e+05
2.123453166641553398e+06
2.968316413779817522e+05
6.841646412407078315e+05
2.755979626897480193e+04
1.544870577179188142e+06
7.598012587266616756e+05
4.441416267909822054e+05
8.147115389665999683e+05
1.310679195719518932e+06
1.644970076102796593e+05
1.512958541001343983e+05
3.298285893254657276e+05
4.327907116657496081e+05
1.555399738353452994e+05
1.494114899048175721e+05
7.157453487192530883e+05
1.879117222976042831e+05
2.616718466005758848e+06
1.903212099566338002e+05
7.481990364665896632e+05
1.529460691902538529e+06
5.065934134928527055e+05
1.564855207226079074e+04
5.094923836668519070e+05
2.916703251745791058e+05
2.245927585585001798e+05
1.578267526617152151e+06
2.997876818839277839e+05
7.026848443063008599e+05
4.401187806057195412e+05
7.932880662248219596e+04
1.896740912600162847e+05
3.922836162914785673e+05
7.172929499354562722e+04
6.682917443273670506e+05
3.494449969275863841e+05
9.867099920605415537e+04
6.232658965042296331e+05
1.468466356921180151e+06
2.885763061760514393e+05
7.107230619529323885e+05
1.490906167832990759e+05
2.849399443552046796e+04
2.042731940656604420e+05
7.579643188518302049e+05
1.420494048678977648e+06
1.466300018311537337e+06
9.667002315537985123e+04
3.963960969748147909e+04
4.557012235934394994e+05
1.577111162932535168e+06
1.568778745792876871e+05
7.541270634474903345e+05
1.183108838689701864e+06
1.478348813084993744e+06
1.581773949896696431e+05
3.569308400272666768e+04
4.157407117100071046e+05
8.551276829396181274e+05
1.322054581077749841e+06
1.160277523636218859e+06
8.295442455917517655e+05
1.180071541078861570e+06
7.082234672400285490e+05
1.129581846989586717e+06
1.860379744771946862e+05
1.358985396667536814e+06
8.622468612488799263e+05
4.180722322854973609e+05
3.700059620525308419e+05
6.568812673368401825e+06
3.605575752838928718e+06
3.151881318804214243e+06
4.397149369432281674e+04
1.330650862640932319e+05
5.978101504433915397e+04
8.532288111248782370e+05
1.366473724627001910e+06
3.332418103855779627e+05
8.740371423998875543e+05
4.277272243494652794e+05
2.317394951438728312e+05
1.934667110803312971e+05
3.069768112800779054e+05
1.176791216655593307e+05
1.136882397487418493e+06
9.426899845770751126e+05
5.674571035088836215e+05
2.970723424444784760e+05
1.724155858457860595e+05
1.137620462361437676e+05
1.702219241233213572e+06
3.162812162729424308e+05
1.008649572914608289e+05
6.449925781438573031e+05
1.096878956989010185e+05
4.853165379074472585e+05
3.226004228440050429e+04
1.132602503611492924e+06
7.198119880006456515e+05
1.719177315918994136e+05
1.579167967139136046e+06
2.366824086340319773e+05
1.251111732491277158e+06
1.017688985770607833e+05
6.616487351930633886e+05
2.215069156166953326e+05
2.532745707894946099e+04
8.390376071543904254e+05
3.593896031797832693e+05
6.108944492651708424e+05
4.906292953289527213e+05
3.274526813589643571e+05
6.508063788591165940e+04
1.889139150287118973e+05
5.612219534167799866e+05
4.911572122928659082e+05
4.700198848090051324e+05
5.996695260807143495e+04
5.328712422497367952e+05
4.995202797282569372e+04
7.998636578257228248e+05
2.209783672940563338e+04
1.997662577178220963e+05
3.628706299891016446e+06
1.352612376587252365e+06
6.680553264375072904e+05
7.795642542464807630e+05
2.730141564999490947e+04
1.935821244553397992e+05
3.395853866312710452e+05
5.191573700266752392e+06
9.983463726284032455e+05
1.216979631491405889e+05
7.901114696464804001e+05
1.812695090266128682e+04
1.743216535532688431e+04
6.308482666024881182e+05
3.163173551460105227e+05
8.597656337311645038e+05
1.210169803938399302e+06
2.471434176476514258e+05
7.485515500922406791e+05
4.665546088144707028e+05
3.345502786252832157e+05
1.876528122760601109e+05
9.961175595551136648e+05
1.695487196474781493e+06
1.007094315557725204e+05
3.328585362522919313e+05
4.864905081986640580e+05
2.939480790784147102e+05
5.171790766179122729e+05
3.438597433346377220e+05
2.995366973303675652e+06
7.387732504605093272e+05
1.996152222209331230e+05
3.582575836443374283e+04
5.562065675452762516e+05
2.061743465774509823e+05
9.208303118898177054e+05
3.583925773652924690e+05
2.498748419223746751e+05
2.558645671711919422e+05
3.364055465348926955e+05
1.851346379986585351e+06
3.969294909247638425e+05
9.764644290649276809e+04
1.156513804613934830e+06
1.243319171870999708e+05
3.765171328199012205e+05
5.940934973372961394e+04
1.619469613059171475e+06
6.468198888738728128e+05
5.257488654327559052e+05
2.544957252071433759e+05
3.578648387358545442e+05
3.200796926501226699e+04
6.871937479170873994e+05
1.252583628800485458e+05
6.262864221101676812e+05
1.008143326210885658e+06
2.703147563356188475e+05
2.647256967197477934e+04
3.492536461541315657e+04
4.507556546113804798e+05
3.060404705827004000e+04
1.608811764862621203e+05
1.245424416794463905e+05
3.604702090937893838e+06
3.997940536107830703e+05
3.391493422631102148e+05
7.930567649807564449e+05
2.661113485503624906e+04
1.007792591445638216e+06
1.342430263842439745e+05
1.541472054130262404e+05
2.735679428858022438e+05
2.639218402148711612e+05
2.068282833930704801e+05
3.038966620353570208e+06
6.902337880885197083e+05
6.302512763794619968e+04
4.171846061124415137e+05
4.108779198846650310e+06
2.331783935471044388e+05
8.714041576826855307e+05
3.530971019157050760e+05
4.476310114596907515e+05
5.003723447389422217e+05
7.881606961031226092e+03
1.137094975594910793e+06
1.127025854318382451e+06
7.888849504842201713e+05
2.630761550427668262e+05
5.377240503923863434e+04
4.093862805810532882e+05
8.205230558772262884e+05
2.900136691320711980e+05
1.330662585732134525e+06
1.302073679834614974e+06
2.041945302916244604e+06
1.232984491628208198e+05
6.383178420954827452e+05
8.637953339844426955e+04
2.903800005609110463e+06
1.733529048412789358e+06
4.628678789192982367e+05
6.237227904130862094e+06
2.023676121274648176e+04
5.900994390324900160e+05
2.352654757123681484e+05
6.120753799239578657e+05
2.763136574387407163e+05
1.140950468826990342e+06
1.912493135066800460e+05
1.864747429596064903e+05
1.375167063084349735e+06
2.611547244541022519e+05
1.060883727036775788e+06
8.393685060249794333e+04
2.879866842484604567e+05
8.315838913755023386e+05
3.026526478955377825e+05
1.896005710867895104e+05
2.595714688787654741e+05
1.801016361146813724e+05
8.428114865587898530e+05
4.765960326835455489e+05
3.004067792349063675e+05
1.148565320019651699e+05
1.159046655282928405e+05
1.849666776363348356e+06
5.059149368193793925e+05
3.760650527180946083e+05
6.562257940541871358e+05
7.607801308563034981e+05
1.561625912370588339e+05
1.067048441617882490e+05
3.878547003731701989e+04
1.017107967175026075e+06
3.472036536571022589e+05
1.249399698995108774e+05
1.948651955183607934e+05
7.154742503160020569e+05
4.644803995600740745e+04
5.505117529705826892e+05
5.983054294942462002e+04
3.315108381083275890e+05
1.199787684832634695e+05
4.368831080012872117e+05
8.909509070074604824e+04
8.929573759670984000e+05
1.214058143192196148e+05
2.911723671375959530e+05
5.323448078572371014e+04
3.084225065464205691e+05
2.036915293563176238e+05
4.490256141875483445e+05
9.517014873575605452e+04
5.509401342837527627e+05
5.885943506522818643e+04
3.903167571358683053e+05
5.575924259938293835e+04
2.329754288158398122e+05
1.502125942189916503e+06
2.009234366321628215e+06
5.449344928970304318e+05
8.824480807932080643e+04
9.759317536889484618e+05
2.447826839474542066e+05
4.363045920702269650e+05
1.881667560933617642e+06
1.833117856017075246e+06
2.982144158012806438e+05
3.378794382422798662e+05
6.639199329118767055e+05
1.188776405283215572e+05
9.977718243507662555e+05
1.868307671550160740e+05
2.501227860180256830e+05
6.035825801382185455e+04
4.239393811274330365e+05
1.807594534715337446e+06
2.089826016146327602e+05
1.687226635214608104e+05
2.480688179851854220e+05
6.242680361437693500e+04
2.422611657156083093e+05
7.439800294001608854e+05
9.759626573539129458e+05
1.071661276175083360e+06
6.731241925817045849e+05
6.818458046908654505e+05
2.248333001589534688e+05
6.728744001978172455e+05
3.822243631707483437e+05
1.014630931552078109e+06
3.298906521367050591e+05
1.636604850063795689e+06
2.202308180969404057e+06
1.161514661742640659e+06
9.320480329642965808e+04
8.371114312959171366e+05
5.299806849284380442e+05
5.088306108248057426e+05
1.089359826405689273e+04
3.968601189266936854e+05
3.448565041726027266e+05
5.543354424411329674e+05
3.133366977560968371e+05
3.776941445210811798e+04
6.366934364575105719e+05
5.952259321444007801e+05
5.844560867103459314e+05
1.618342434388931142e+05
2.793794534308799848e+04
2.593316278352854715e+04
3.918716249230536050e+04
3.024852882867659209e+05
1.260199936977594392e+06
9.012450671056688298e+05
4.312047179849297390e+04
1.443926156150097086e+05
3.020179097920986824e+06
2.325531430243494106e+04
3.678671877854378894e+06
6.639341501957961591e+05
1.058920093100025842e+05
6.108464483935986646e+05
2.569344515500623384e+05
6.077401081017545657e+05
2.027832791484462214e+05
3.661230100043817656e+05
9.118974666650021682e+05
3.507329357749541523e+05
2.882333188312315033e+05
1.238829364637192775e+05
1.917476200504315784e+05
9.504675325596996117e+05
9.407084060074700392e+04
4.655864062856141245e+05
2.038867250783272902e+05
9.723580460926106025e+04
2.449962740615562536e+06
7.490238134156496963e+05
1.638411394631979347e+05
2.216192355547473417e+05
3.779097809795429348e+05
4.080658462880593142e+05
5.769993579452516133e+04
2.815959029734228388e+05
2.129086902093112876e+05
1.752518242432654602e+06
4.183229536512382329e+05
1.598329083081284771e+05
1.802395930193101754e+06
4.452846594072694425e+05
1.829827578758157906e+05
2.620917648764591431e+05
1.674881574093585659e+05
1.220496229021912586e+05
1.664262690926711948e+05
2.592878873687444720e+05
4.027059124774745433e+05
6.581661808369690552e+05
8.027454440850291867e+05
1.356338822003383422e+06
6.196408446564811748e+05
3.469181095836193417e+05
1.510002806161532353e+05
5.920359751462298300e+04
6.330281061945863999e+06
4.488878392700421500e+03
3.067026030306200963e+06
7.919861802764039021e+05
3.214540968960651080e+05
8.039111762854498811e+05
1.320715068855857826e+05
3.227361236240467406e+04
1.255908554331316700e+05
2.157454889930745994e+05
3.950964841129356064e+05
3.139133124598444556e+05
1.303239672514481208e+05
9.205156241223622055e+04
5.370723650639452972e+05
3.314757457372033386e+05
1.363500114463654347e+06
2.417637971553440148e+05
1.764343617214148398e+05
1.034969036983517115e+06
5.334233422848051414e+05
4.696421803725358914e+05
2.057357614193623886e+05
1.429002963939934270e+06
1.618583385251932079e+06
1.194587535616765730e+06
7.015405135175600299e+04
1.945833314644130005e+05
3.187425982127679745e+05
4.798001796514987946e+05
4.298182717229618574e+05
1.416260993306952529e+06
1.829144105718455045e+06
7.350296404835961584e+04
5.714167945387570187e+06
5.664995623757357680e+04
5.288024469743589871e+05
7.251592933852168499e+05
1.575116808078803355e+06
1.930804776528071379e+05
1.819908482983901631e+06
3.333888424363230588e+05
2.334941696823868260e+05
2.691289253296227544e+05
8.433524025603331393e+05
6.530985178325504530e+05
7.342261158898158465e+05
1.523845996640359517e+06
2.213178847599506844e+05
4.075501043019351200e+05
2.173051961742056883e+05
6.870470030930062057e+04
7.161524785513183102e+06
1.895206320225575007e+06
1.071974002287766234e+04
3.188004403052484849e+05
1.158783374879505573e+05
1.045128281742795603e+06
3.701586909726532758e+05
2.021462417543933843e+05
8.288159615659274277e+04
3.934901545150958555e+04
7.966089516192493029e+05
4.712927103246175684e+05
8.953248412633676780e+05
1.576964228730922041e+05
4.075852526431257720e+05
3.864359756344628986e+05
3.186531082897246815e+05
1.275144204773723381e+06
2.800267796968721086e+04
1.399746395957819477e+05
5.951678325528637652e+04
1.790046031038177665e+06
4.559693812095156172e+05
5.950485738901646109e+05
7.431679015329523827e+04
1.489401210051252856e+05
6.704206287287668965e+04
4.651611748483293341e+05
2.568580010651995894e+06
7.713435590984675800e+05
2.367396243777773270e+04
8.668264876075713255e+04
2.245737579331558663e+06
1.029021632809640374e+06
3.005910714751497835e+03
1.337823818436102709e+06
7.499705717304113932e+03
9.510396082279976690e+04
1.467901152973770164e+06
1.021398786066711764e+05
7.994783665736218973e+04
5.312506296768587781e+05
9.205045544367737602e+04
5.225427602232580073e+06
2.203049498833126927e+04
3.874553612803529832e+05
9.681362256081762025e+05
2.706208429029782419e+05
1.092905315511346635e+04
2.667984794158566510e+05
9.016641733174353431e+04
5.504270387739992002e+05
1.316180968069416413e+05
1.187737050855240523e+05
2.115980398691039300e+05
5.389183520123285707e+05
8.440233141368358338e+04
7.488624123113947280e+04
7.694729734841120662e+05
1.775732757283399696e+05
2.613370037653223262e+05
9.391674060513993027e+04
1.405050600826384034e+05
7.900170944495972944e+05
6.590714409045503708e+05
1.160640236526040535e+05
5.265024691062974307e+04
1.522057352485095384e+06
9.817391614906697941e+04
1.233521248057476012e+06
9.086687635510697146e+04
4.163790852394799585e+05
3.231127740599698154e+05
5.981151777445875341e+05
3.663395467233507428e+06
4.158329790385279193e+04
9.206768235240886861e+04
1.132620565866118704e+05
6.942706550384967122e+05
5.021379006670821109e+05
3.129705491148249130e+05
3.580745565787008964e+05
1.531499310821563413e+05
1.020165944274084322e+05
3.916998363899230957e+06
3.795334401514878264e+05
1.936368218417195021e+05
1.340420326924451801e+05
4.062970402806420316e+04
1.017025550350703532e+06
1.104914555630815914e+06
8.439160669017473992e+03
5.697699663213328458e+05
5.789589648439056327e+04
1.395708262630162062e+06
2.120991315518438059e+05
3.535897015519554843e+05
1.060962715163520304e+06
2.181169661290223303e+05
1.555988745510019828e+06
3.984000447665138927e+04
3.394932467272406211e+05
3.222896196670574136e+05
3.868915538840890513e+05
4.163302385028341669e+05
5.815279479922401952e+05
1.208235650295226806e+05
1.094362553084080864e+05
4.292272183652911917e+04
3.161207081362268073e+05
3.888995251048585866e+06
3.185370563001291011e+05
1.131603725385911297e+06
1.516325962494769192e+05
3.546340542100146995e+05
2.814812712145504192e+05
7.429511346707883058e+05
2.329940909976959229e+05
9.554510554900270654e+04
2.865120840134224272e+05
1.757184865852336807e+05
9.376469685504779918e+05
2.170237375774743850e+05
2.104082784049384063e+05
5.273534198369103251e+05
3.078192068680180237e+05
5.455363196098459885e+05
5.431179241983862448e+04
1.462163619698795956e+05
1.215258602696976741e+05
7.106221405246984214e+05
5.890894049379589705e+04
1.060800718569389544e+06
4.181486155440965085e+05
1.477389647568345303e+06
5.348861250048490474e+05
5.222749712537454325e+05
1.911569657639609068e+05
2.493631542133526527e+05
1.664447961134176003e+05
5.198906740127025842e+04
1.405493962105323095e+06
9.420997080959316809e+05
2.653079245735126315e+05
7.853344585857094498e+05
5.594652656235496979e+05
3.030578060133766849e+05
2.703938246305484208e+05
9.502092739779498661e+05
2.180890648353753786e+05
7.609917147033475339e+05
3.520280076041665743e+05
3.370210042653520359e+05
4.452547996827892493e+05
1.834003500609986484e+06
1.488448974266705336e+05
1.572206524709635996e+05
8.555251585130778840e+05
2.172070463964246737e+05
3.070310934979635058e+05
4.275015024796559592e+05
5.933462446813873248e+05
9.693072801366498461e+05
1.416164072683498496e+06
3.172185661165316706e+05
1.677246513096670154e+06
1.570356943667419255e+05
3.797250778996194713e+05
1.935944580574676802e+05
4.139652878134743078e+05
7.335238207205666185e+03
3.074579474483092199e+05
1.889888127927969326e+05
3.812812602322516614e+05
4.401988754794002743e+05
5.013921939454698586e+05
1.175231060128262034e+06
2.242194025686452806e+05
1.076844023217218695e+06
1.132645265813748818e+06
1.735066050815553172e+05
1.671591229206966236e+05
2.556175270079843467e+05
5.340094514299995499e+05
4.052332673449495924e+05
4.250129254061252577e+05
3.203405570877938299e+05
1.560442324750013941e+05
2.036674552284339210e+06
3.941802057623452856e+05
2.424749389191799273e+05
2.648439510948519455e+04
4.542158702256876277e+05
2.091122399235913530e+06
1.265519108160765609e+05
7.287826416394235566e+05
1.030896300787122746e+05
1.197657199548345059e+06
2.403045146784498065e+05
9.439382823533598275e+04
3.863404699113364914e+05
3.396557868106788956e+05
8.590034819552605040e+05
2.381964897891210785e+04
3.078308408263738966e+05
8.659971370367226191e+05
7.711666496347688371e+04
8.067081697847320174e+04
1.272448330414419033e+05
3.409566587500833703e+04
5.845139529431619449e+05
1.001787426204737858e+05
1.121527757487222552e+06
7.239648757200101390e+05
2.531840459481943108e+05
3.385404653821410611e+05
7.428176805802831659e+05
1.812347136242458830e+06
3.268579418473123587e+04
2.679161502703433507e+05
1.668314340514761629e+06
3.616191298732954310e+05
7.977940503710304620e+04
8.001345841553472565e+04
2.256782195859063067e+05
5.685659005725248426e+04
1.916870002653848205e+05
3.146721473586461041e+06
1.490672036366570101e+05
5.222880997373505961e+05
2.457757264223080419e+05
1.463732553797252476e+06
1.666647511033046176e+05
4.407710092150901328e+05
2.475625089847891068e+05
2.847829133509535459e+05
6.963808048146825749e+05
4.829194864225523197e+05
1.912268462375918753e+05
3.736937812372596818e+05
8.817581070810421079e+04
3.080203588798958808e+05
1.013280854577876860e+06
3.705621251480163191e+05
6.187633983099734905e+04
2.028600917091930169e+05
9.957651706606996013e+05
2.674549727580280742e+05
1.697959076422869926e+06
7.084080859067273559e+05
3.069627853933669394e+05
7.307955830608719261e+05
1.003920252065663226e+05
3.069226941230821540e+05
5.337742812159120804e+05
6.177863689642437384e+04
4.807699489873507264e+04
9.207641857069425168e+04
2.346807726743385138e+05
1.773729086445890716e+05
6.098929997870172374e+05
2.000976034554030921e+05
1.326702725246094051e+05
5.978441374848602572e+04
1.246887776415670087e+05
1.555898730653021252e+06
9.368000858017468126e+05
2.658944466949409107e+05
2.463284954545212677e+05
6.955382911038063467e+05
1.677856951352881268e+06
1.655200559563037474e+06
1.338252996069642249e+05
5.518346537537489785e+05
3.419434698865632527e+05
1.584075867843045671e+04
4.296744683879312361e+05
3.107087881398536265e+05
4.484214095914452919e+05
4.567865052349449834e+05
1.902639603775209689e+05
7.113701454557360557e+04
3.786472259443699731e+05
1.857566833596233919e+05
2.829885017699903110e+05
4.957721254176440416e+05
4.464281639660072397e+05
6.304445955890507437e+06
3.895308296814789064e+05
9.647676665554430801e+05
3.049784928230121295e+04
1.318394760041097015e+03
4.144173214592447970e+06
8.791295838428658317e+04
3.133055341867980314e+05
9.170178403303559171e+05
3.154579492882029735e+05
4.431878112489471096e+04
3.224926481110448367e+05
6.648244362519448623e+05
5.942468639280042844e+05
2.608583136668472434e+05
3.215137409534169710e+05
9.324294516784836305e+05
2.661332932472792454e+05
4.345965025653850753e+05
4.836722240107153775e+05
4.885325076989598456e+05
7.865194663868871285e+05
2.056267419721412007e+05
9.194751640387632651e+05
6.452203631417319411e+05
8.499956683803807246e+05
3.163308954571773647e+05
7.843887349394056946e+05
9.687415644141613739e+05
2.007452261110564577e+05
2.687967516705485177e+05
9.064413128129113466e+05
1.628751168539035716e+05
2.727990261754693929e+05
4.570046294213035144e+05
3.057105826028264710e+05
1.290082232635818073e+05
1.429650562295055133e+05
7.186976572002719331e+04
1.569064294105672743e+05
4.861137485971245333e+05
1.791334783511323039e+05
4.526560448759574792e+05
6.758521720595550723e+05
1.339683536768268968e+05
2.002477637460653787e+05
8.741147511734906584e+04
1.997685643671344267e+06
3.980976381096267141e+05
3.036218440879859263e+05
5.019865328193795285e+05
7.234883813361485409e+03
2.300410456427022582e+05
1.586063024551684975e+04
1.786629279814018810e+05
7.978333270776005520e+04
3.154136826106655062e+05
1.316538571785599226e+06
3.784561137204461847e+05
5.459576875126841478e+05
2.092734983374073054e+05
1.752732870596410939e+05
3.163937359706205316e+05
8.692888666232532123e+05
5.033377125519127585e+05
9.707557823965549469e+05
3.955873636833498604e+05
1.570643130898272211e+05
9.619331472724162450e+04
1.098010734286071500e+06
3.793708842764814035e+05
9.398127617285792949e+05
1.795423985431346577e+06
8.590971681537620316e+04
3.067612322861641878e+05
5.046852605944231618e+04
2.720769846805245616e+05
2.249662136832717340e+06
8.733087634046257881e+04
3.961053265574058751e+05
4.352762839798946516e+05
1.171503964159164316e+05
1.301398010200093500e+06
8.584878099539407995e+05
2.294977437290052767e+05
2.575620952154594124e+05
1.296261823656483466e+05
6.808209492713167332e+06
4.447268606826819596e+05
2.091589686462066020e+05
3.873901949118587072e+05
1.927542468081167317e+05
5.365365219313433627e+05
5.950029324567838339e+05
2.295177902351726778e+06
3.856035168808055460e+05
2.743241471588459681e+05
4.682384310602677870e+05
1.038293473548562542e+04
1.974453631608162250e+05
4.424352424600199447e+05
2.874409254845721880e+05
1.096557361302047269e+06
4.081941876824531355e+05
4.032301631667086040e+05
1.896670155967419851e+04
7.004218630841291742e+05
6.220553216853176127e+04
6.774031767120714067e+05
9.556326333259652602e+05
1.506466069159650942e+05
1.452182174123192672e+06
1.133694979743507924e+06
2.117713237626443733e+05
1.011433290250287828e+05
8.831658434316710336e+05
1.492306931261884165e+05
1.366817236993273546e+05
4.340677903684974648e+06
1.457070126427920768e+05
3.163873512211358175e+05
4.153828150916199083e+05
7.871002019634849858e+05
4.968904683115315856e+05
8.554069732944676653e+05
4.675772300313967280e+05
3.218784862617405597e+05
7.852081085135613102e+05
3.037904602027138462e+05
3.567599996822578250e+05
4.697519758956567966e+05
8.644522117734141648e+04
7.025344245968764881e+05
3.475005318167785881e+05
5.355755674609958660e+05
8.890018227129032603e+05
3.460562433001341997e+05
3.054549847083326677e+04
3.019645868086552364e+05
8.990865382022917629e+02
6.426463362134170020e+05
1.232342535039783921e+06
2.470764937211713550e+04
1.867619623037344427e+05
2.273167974096352991e+05
8.399650854052339855e+04
1.478804627666282177e+05
3.665504104573568329e+05
2.475855953241074167e+05
1.286184393339412054e+05
3.722859571344428696e+05
1.741113111346992082e+05
3.776968346884177299e+05
1.160450046520696924e+05
6.842017789398593595e+04
2.909442416811941657e+05
1.689394951240214985e+06
1.001680577735737199e+06
2.239401689246704627e+05
4.269293545778425760e+05
4.614006586693863937e+04
3.419145945629491325e+04
7.942295075110995676e+05
5.497315568936289055e+05
9.191332064618985169e+04
2.731192699258504435e+05
1.419704012819329277e+06
2.533647384225924325e+05
2.465537246191184095e+05
4.820108396231476800e+05
6.888161450480301864e+05
5.846139279117316619e+04
1.102965680255602929e+05
6.233617258220970398e+05
2.879327209465483320e+05
3.878858671633963822e+05
3.201622693397058174e+05
1.609917736412384838e+05
1.013259623337575795e+04
4.844319124416806881e+04
9.565449274573925650e+05
6.089337657074625604e+05
2.630531364010234756e+04
1.697950032954410417e+06
9.581060406779007753e+05
1.035708707823217264e+05
3.306796628045318066e+05
1.397310239352350472e+05
1.291399092893047724e+06
1.745574552603263292e+05
6.028681092147657182e+05
9.769660042173111578e+05
1.187821419475844828e+06
1.237787041961826908e+05
3.561350727186370641e+05
7.303365655578504084e+04
5.130294003410467994e+05
6.838930553112650523e+04
4.055215017531698104e+05
3.848431609356364352e+05
3.140936575174942263e+05
6.984015651240604930e+05
2.604647634854476564e+04
1.337665449239034206e+05
1.258900098560886690e+05
1.835569767526274314e+06
1.472605125427537132e+06
1.385246344937067188e+05
2.269942035649762838e+05
4.271484171220620628e+05
8.880766117879494559e+05
1.533345484750501346e+06
3.016215195567398332e+05
1.375274773607960378e+05
9.398199795198746142e+04
1.249759712529304903e+06
9.573580945390087436e+04
6.003922544795375870e+04
3.728361864556982182e+05
2.851416293127264362e+05
3.325071718405812280e+05
7.372268978706460912e+05
2.401388549452078587e+04
6.819791755198045867e+05
3.865139524187460192e+05
6.168344909732913366e+05
3.223087549506093492e+05
1.673210312559857848e+05
9.918307452019273478e+04
3.002783596830327879e+05
7.040977964474605396e+05
2.156265269156991970e+06
1.727956179603737255e+05
3.080292072502034134e+05
4.443752522261796403e+05
9.289530038388790854e+04
2.835694324753520195e+05
7.380583427979885892e+04
6.816671678448401508e+04
4.546663519649487716e+04
1.716592435186243965e+05
1.695431701948655536e+05
1.530194580856930406e+05
4.992475522431776044e+05
1.538694493293190899e+05
7.612157862474697176e+05
1.034214610627476941e+05
6.043628450888962252e+05
1.590589153333602299e+05
1.195433275418753503e+06
5.445497970466322731e+05
4.554501730674126884e+05
7.901571403182981303e+05
1.048294268615755282e+05
6.013909116250072111e+04
5.957087805128194159e+05
4.054219286361925188e+05
1.808952320908362453e+05
3.745645796990990057e+05
4.773934195728861960e+04
8.439002965429478791e+05
6.440953658123390051e+05
1.959797304641512746e+05
2.497777813564039534e+05
1.107031861297150375e+06
1.971631813375172787e+05
1.292076941692734690e+05
1.601640915444669954e+05
3.409572211149805808e+05
8.136823599875691580e+05
3.026022380304887192e+05
2.567409181992835656e+05
1.023548538697544951e+06
3.670617099746247754e+06
3.274275858071264229e+05
3.983262521917716367e+04
2.513139017266442534e+05
1.836238260698922386e+05
2.750997269224820193e+06
3.329035653571274906e+03
2.874210519788680249e+05
1.112748560341038508e+06
1.018208657301227446e+06
6.630225493210318382e+04
1.628340643932459352e+05
8.766533102061748505e+05
3.718336679535178700e+05
1.200736345652549207e+05
5.270847934203086188e+05
4.168255712495251792e+05
5.208373853275093134e+05
2.267516151916322415e+05
4.251996845469600521e+04
3.312430827781477477e+06
2.614728855660117697e+06
1.734043298830482177e+06
4.762413277600041474e+05
5.920534053698931530e+04
7.988063892044954700e+05
2.143974329997127934e+05
5.592732062252947799e+04
2.794647387340025161e+05
5.911773376212305448e+04
3.034027784467964899e+06
3.473421947031927411e+05
2.943255336860340321e+05
2.433586005805649329e+05
6.510815948872557055e+04
6.244890075934225024e+04
4.373025274756524013e+05
2.195133406016055087e+05
5.159097018109826022e+05
1.378668312873722462e+05
2.103103584593906999e+06
2.708822343977263081e+05
3.005773727043589461e+05
2.882101138308456866e+05
7.448020410495069809e+05
3.989392903576279641e+05
3.662117558193400619e+05
8.621686606049533002e+05
9.185211171356792329e+05
1.494223625906699745e+05
1.084271187031727983e+06
4.222093252817384928e+04
1.757317105067856610e+05
6.257236238504512585e+03
1.063688355358949630e+06
3.039505420025553321e+05
9.830307155028661946e+05
1.008117417620602064e+06
1.744189245638323715e+06
1.445707930376131786e+06
8.931972307015317492e+05
4.575449865358010284e+05
3.783605475730474427e+04
2.760381627383129206e+06
2.873271706623323844e+05
2.411542391828824766e+05
1.811811184769841377e+06
4.064798500777030131e+05
3.714135468901654822e+05
1.990608732453156845e+05
2.322940330359501531e+05
9.179532931794291653e+04
1.751171623627468362e+05
2.521859134188102093e+06
3.185789140801203903e+05
8.208755699405156774e+05
1.720008934923207853e+05
9.943071011101737386e+05
1.954112341136820323e+05
7.756760223132718238e+04
7.882336499320711300e+04
2.044091465901901713e+06
1.857643132295795949e+06
1.631289154102592147e+05
2.786190024802160333e+05
2.967479042665195302e+05
5.488333048405030277e+05
1.850722106117512740e+05
1.691014354250990786e+06
1.820498067129990552e+06
2.799821045675795758e+05
1.914862773695710930e+05
4.184451816480174311e+05
2.290629481588691706e+05
7.949725901607659180e+05
2.361780412945341959e+05
2.528003502362505824e+05
9.839635883126512635e+04
1.132853391724351968e+05
7.101672416495014913e+05
1.085665128079687565e+05
2.976238441506861243e+06
3.899418054111329839e+05
1.702050183006308507e+05
6.600609734170706361e+04
1.334169725363677426e+05
7.960521443195772008e+04
1.046715956150365178e+06
9.579423688246016391e+05
2.534886773134988733e+06
2.399667526609774679e+06
1.878084002574894403e+05
3.794070092993112048e+05
6.333089968391387956e+05
1.482903879981412319e+06
3.522904870152131771e+05
6.973009942442009924e+05
3.257828938406246598e+05
4.683885661505162716e+05
1.426786754921616812e+05
4.755917018063797732e+05
6.265175022396314889e+05
3.098049234795567463e+05
6.540062174983570585e+05
2.176978637604558899e+05
7.683293829156527063e+05
4.776932235572321224e+05
2.430811409506032243e+06
7.585903728530573426e+04
1.602349827554678486e+05
1.388840228508078726e+06
9.301847261763088172e+05
3.257806308305826969e+05
6.048779114279000787e+05
6.382334801410305081e+05
4.751567288250889978e+05
1.804868646776550158e+05
4.328843086768784269e+04
4.128050806958496687e+05
6.210963503113988554e+05
1.866338454813107383e+05
6.723173813435884949e+04
7.285150433990340389e+04
5.114175680799594556e+04
3.051533757787136710e+05
1.098503760946104012e+05
2.170672514077098167e+05
4.437061911353544565e+05
1.199139492625018902e+05
8.846224582650287775e+05
3.208062001687810407e+05
4.270199563753286384e+03
1.469431628545793938e+06
7.384988128580336343e+04
3.782987756627883762e+06
3.324901354362258222e+06
3.020523566639039782e+05
3.982118445634423988e+05
1.213425659980890050e+05
6.695747136095378664e+04
3.717714100244214642e+05
1.135718612725792918e+06
1.070470400398669735e+05
5.717041571274654416e+04
2.953672257134307292e+05
2.264669251826506574e+06
3.087060066584121159e+04
3.299976171794006950e+05
3.456866856640025799e+04
1.623305586169165908e+05
1.509616968668487680e+05
3.571227322842355934e+05
9.164482569549165783e+04
3.860631066612931318e+05
7.839817801752378000e+04
2.750212462066690205e+05
5.630190139873818262e+05
1.011607082435989054e+06
6.477429650320983492e+05
6.715458818566458067e+05
3.382091839944087551e+05
2.252565662957474997e+05
1.494674493206627085e+05
9.667046047082032310e+05
1.134249476705124835e+05
6.272257549533112615e+04
1.637787034872752847e+05
5.920384308184899855e+05
5.059682356180793722e+05
8.479925162648211699e+05
4.869037159957912518e+05
2.680535894298658241e+05
1.983806559847384342e+05
1.006092899283489911e+06
5.593256568012782373e+05
9.641635184091827832e+05
4.182215723146059900e+05
1.522537888543843001e+05
1.827049010228875850e+05
1.503048919779508433e+05
9.970241109737911029e+05
3.035679632834635559e+05
5.346901295145876793e+04
1.283289332679336221e+05
1.355238171670690826e+04
2.181011441767437384e+06
2.247082776004044354e+04
3.524752452826669323e+05
4.759390548581820913e+05
4.990793262450721813e+05
3.083237593685274478e+05
4.911667967110805330e+05
1.013042384764961171e+05
2.214566612859315937e+05
1.256178880355932517e+06
4.781249438677306171e+05
4.462975862861757632e+05
2.638610568348826491e+05
3.085283139345989330e+05
6.767038237495422363e+05
1.299500553842538066e+05
7.328464361814106815e+05
1.202683015862783504e+05
1.793757914872103720e+05
2.328170657656472467e+05
5.525711351038354915e+05
4.441362401144861360e+04
4.110873319476100733e+05
3.009400835225673745e+03
6.852480991417240875e+04
4.903419669453750248e+04
5.586267968746129191e+04
1.243544070274103433e+06
3.237823761614373070e+05
1.657957293219562562e+05
4.174838127493921784e+05
4.177286323139326851e+04
2.488533655399293930e+05
1.596142172747406876e+06
9.812160336016184010e+04
1.092806390732442727e+06
3.382822198743071058e+05
6.993223541374693159e+05
1.326061786215301603e+06
1.776075484912930697e+05
3.112414393763717380e+05
3.378227446744508343e+05
1.628241642774706008e+06
3.683174827471715980e+04
1.049103004385741660e+06
2.193086598321080965e+05
1.363938860020704451e+05
1.840533446875106602e+05
8.351428304286967614e+04
6.392964767616002355e+05
1.877815986586625877e+04
6.039460192772543523e+05
1.694550801801891939e+05
7.218263157966813305e+05
4.766434100632364280e+05
1.762543574014480691e+05
1.678743727944249753e+06
1.346944012921182439e+05
2.072989237035346450e+05
7.678025006211836590e+05
4.657830917950550211e+05
2.530570872794378083e+05
3.556490599782140343e+05
1.063339076379461680e+06
1.130914123792499449e+05
4.398407080037040287e+05
8.563170953704899875e+04
1.739940463590152096e+06
5.706004612505169353e+05
1.208384945829461067e+05
1.027084826858163811e+06
7.290091263239552973e+03
4.319447724794630631e+04
3.094152349397889338e+05
3.712418063674997073e+06
4.782838686348401825e+05
4.692323095567678101e+05
4.019407691609138856e+05
1.361200138915075513e+05
1.777568862725118233e+05
2.887197800612425199e+05
5.835969626704449765e+05
7.354048797113200417e+05
6.566567321578761330e+05
2.150972319765781867e+05
1.737064211015940818e+05
5.217686289101589355e+05
3.567542952368241968e+05
1.563073642241682683e+04
1.076139761577205732e+06
2.544102534894489218e+06
4.082256197336246987e+04
6.199826006035397295e+05
7.886023272028756328e+05
1.763401606838570442e+05
2.185299250932924915e+05
1.157368037690314231e+06
4.416493334405708592e+05
5.949055973106506281e+05
8.843749855469471368e+04
2.725156776863387786e+05
5.397473388717227863e+03
9.834864050960399618e+04
7.386490249766083434e+04
2.065122785121180350e+05
4.235173289682406466e+05
1.785281374967959418e+05
4.061790492213352700e+05
7.938862417407794856e+05
7.629310609856474912e+05
1.637538415818750218e+05
4.132722584545112913e+05
5.295988749538695265e+04
5.722724683490500320e+05
9.644549914284684928e+04
1.090978675678050058e+05
6.588688132619976532e+05
2.342327075508061098e+05
4.696677228500189376e+05
1.309771837995383539e+05
1.691128897296721698e+05
6.057742508001450005e+03
6.708986283494999225e+04
3.677980906964976457e+05
9.650966112628458359e+04
2.131942691461988725e+05
1.101868077309610555e+06
4.714909931738346932e+05
9.109322022590537381e+04
9.376425508224912919e+05
1.968672170123482065e+05
1.021092975556573831e+06
4.592314177385587391e+04
4.577468235323582194e+05
2.272159540439424745e+05
1.999362989372891316e+05
2.597468019836310486e+04
5.665695691301909974e+05
4.137174492337922566e+05
7.523609425518683565e+04
5.220564136962829507e+05
4.316444402649882250e+04
1.723244509810495947e+04
2.494039351098109037e+05
1.767241991147992958e+05
9.202533137198183686e+05
6.989283286610728828e+05
3.937807187176753650e+05
5.184048470325453090e+05
1.226987568133291934e+05
2.137094500660649792e+05
6.521121106596790487e+05
3.028434149406344513e+05
5.050602964426360559e+05
3.953759968424781691e+05
4.053335529882636853e+06
1.535580347848273814e+05
6.236439841319589177e+05
2.629703348844700377e+05
7.488501151404994307e+05
3.386016890438459232e+05
9.342833755366769037e+04
3.181886326323687099e+05
3.212826242508238647e+05
9.565494310157846194e+05
1.364015328095705445e+04
8.731358164414421481e+04
2.386240663524290139e+05
2.070288947656380478e+05
1.892272996178520552e+05
5.523619119139406830e+05
5.222466981965516461e+05
3.513043330079328734e+05
5.592488357116027328e+04
4.701111531578398717e+04
1.841570050286744081e+05
2.033955061880001085e+04
7.401471329700815841e+04
1.636957671565946657e+05
5.885746147837311728e+05
3.902855661025905283e+05
3.305940416955498513e+05
2.713908700904414291e+05
2.372108425514157570e+05
3.409326450857798336e+05
7.941196451272291597e+05
1.741174899038500153e+05
7.328758242049360415e+05
6.258289677852633176e+05
1.993221570371198468e+06
2.809637890985482372e+05
2.475671929429646989e+05
5.136921399296696472e+04
2.144968142837531399e+06
5.973077951901674969e+05
8.952849676923823426e+04
6.512474775274950080e+05
8.235305595940700732e+05
5.015980890138591640e+05
4.424959677602971788e+05
1.970627399890573695e+06
2.267243863607304171e+06
2.643729682587307179e+05
2.714145191249783966e+05
7.891026688185577223e+04
4.130153577980364207e+06
4.536049249865404563e+05
2.300323336407524999e+06
3.383768460877647158e+05
2.392036075414707302e+05
3.514043639647873351e+05
1.530247032618315425e+05
9.420891790257224347e+05
1.276008750250665253e+04
2.009870471874013892e+05
8.317113206735850545e+05
1.593018582085240050e+05
3.078145873540256172e+06
4.221170503683369607e+05
2.403526247235972551e+05
3.017718900422795559e+05
7.394519730596718146e+05
1.114308245122266453e+04
2.082070249884067569e+06
4.838638614795829053e+05
1.208343517968870146e+05
1.480179550195510674e+05
2.489543504585478455e+06
2.153988467382871604e+05
2.235867895774015633e+05
4.812083717619316303e+05
7.592452010978594190e+05
6.069405505263772793e+05
1.588639982721658307e+05
2.924023725499184220e+05
5.135593379161238554e+05
9.408896399488241877e+04
5.052233871605840977e+05
9.144581965316284914e+05
8.289528193666163133e+04
4.950388019221695722e+05
3.570249197424039710e+06
2.150279381601713540e+05
5.057499884270969778e+05
3.438746101003094227e+05
4.132405764058450004e+05
5.833432461273104418e+05
1.133751321943133138e+06
1.435093193271101045e+05
5.217702977401592652e+05
3.272704796877845190e+06
1.530832626016041904e+05
6.500009544588827994e+05
4.533866240286880056e+05
2.007355591289783770e+05
9.931751498196178582e+05
1.281794022912564920e+06
1.377467701599677384e+05
2.530673317236463772e+05
3.130576485206033685e+05
8.482105842877925606e+05
9.958047765723852208e+05
3.190013159953523063e+04
9.498806529512578854e+05
7.425621227633520903e+04
2.773581922296878765e+05
1.110645184411926602e+05
6.249872098822666885e+04
7.297488198917561931e+03
2.560687690638528205e+06
4.455775528417287278e+05
4.503358112031727069e+04
8.373086411334887380e+05
2.695355407332874602e+05
7.277860875283814967e+05
1.304054661236300599e+06
7.005006927197989717e+04
3.412594073228442576e+05
2.826041503507799353e+05
3.410537012704263907e+05
2.067777990108492086e+06
1.842368825919940369e+06
7.161768875496743713e+05
2.271687954074057343e+05
4.213267304001739249e+05
1.688729298906535842e+05
3.087207588881104020e+05
8.064770411409159715e+04
1.287513343284246221e+05
2.850831795561379986e+05
1.178531235301873239e+05
4.353279665887293231e+04
3.692827727031115443e+06
3.893664991370663512e+06
1.958708687728494988e+05
8.624844155943482183e+05
1.418390041713383049e+06
2.530682394197998568e+06
3.248511590974298888e+05
1.924970220099017955e+06
1.654023470228695951e+05
6.372665777450738242e+05
2.878232312876533833e+05
2.587633707966991933e+05
2.162656770846260479e+05
1.118169813160726335e+05
4.456978628765387839e+04
1.909367198395809392e+05
6.453217580166519620e+05
1.197962134318121476e+06
1.150148535227821209e+06
5.446323599570214283e+05
3.043064501268359600e+05
4.907780614965398127e+04
2.275120410577807052e+05
1.465303839076208416e+06
6.119362018944825977e+05
1.976729334809907596e+05
6.855052164658352012e+03
8.607260073611107655e+05
5.368423505870631197e+05
3.497140509420666058e+04
9.494647907129492378e+05
5.261497429373756750e+05
1.273916060214872705e+05
6.351340716035657097e+05
6.528262780380881159e+05
2.952166309117734898e+06
4.429886181851714500e+05
8.359895275158070726e+05
8.162055927295496222e+05
2.636388002326734932e+04
1.660298762496373383e+05
7.116143383466865635e+05
5.021699561233986969e+03
8.272459777554869652e+04
1.537432825123133662e+05
1.125394405623334926e+06
1.685312710639763856e+06
1.829924132307643013e+05
9.485376749049202772e+05
1.674197765398385818e+05
3.885647977857435122e+06
8.644824783495911106e+04
7.216991199764078483e+05
2.575796531483156432e+05
1.136977023887222313e+05
2.569445661791677121e+05
5.345874090456000995e+05
2.554719563531814783e+05
3.192316630456801504e+05
1.210609475763100199e+06
1.055280656269028550e+06
2.601427358073105097e+03
3.261348804844541155e+04
4.207283591777494439e+04
1.724629810722090537e+06
5.202199466619064915e+05
7.377350560256748577e+04
2.027723657314033189e+05
5.575872184473087545e+05
2.510033684792680651e+04
6.786730344183479901e+05
1.128905834411124233e+05
2.496688900024104223e+05
8.848789614292588085e+05
2.517430439674046065e+05
3.151018599468348548e+05
3.484140014808042441e+06
3.497547325831261114e+05
1.324399121250347525e+05
5.048607987258046342e+04
5.540368515358999139e+05
2.368985325476193684e+05
1.964939050739970407e+05
1.199558375474027707e+05
4.292314925367069663e+05
9.725176773497957038e+05
2.041931443529911630e+05
2.192562263929424342e+06
1.505996246053044742e+05
2.164827573399893590e+05
1.420037719141932437e+06
1.583076255386775360e+06
3.882196831662897021e+05
1.632782775612390833e+06
1.110406917168587679e+06
3.203749958614177885e+05
8.789146636439940194e+05
9.188570764198713005e+05
2.505702435662906501e+05
1.046686064145572251e+06
1.125127089141604074e+03
1.874164993714351440e+06
1.413723302921222989e+06
1.252814015169026243e+05
8.778159615220230990e+03
3.538444796544891433e+05
6.295977034219512716e+05
1.140908699917444726e+06
2.601404550043542404e+05
1.020859052648969344e+06
2.736648812278783298e+05
1.292752669385101399e+04
1.518270655175502179e+04
3.909668686505841324e+05
7.768339940020851791e+05
1.171744105382110865e+05
7.734255073937270208e+04
2.818217663399904268e+04
1.031966331651611399e+05
7.314447113100115675e+05
6.290958072607596405e+05
5.144029142324365675e+05
5.393223783662730129e+05
6.750052224549201783e+05
2.790581637540298980e+05
3.067881090651643899e+04
1.663394498534036393e+05
1.518729137638566863e+04
6.627598781020655297e+05
1.098147454623132362e+05
2.081729012490802415e+04
3.887918151879542274e+05
8.531421973420967115e+05
3.966748239584016264e+05
1.308986367450382386e+05
3.181642645033032168e+05
1.274776191224983661e+06
1.435887596255652898e+05
1.453438425858459435e+06
2.275130044987636618e+06
9.039046045015800337e+04
2.675590307824920455e+04
2.858641698748143972e+05
1.259934954814274097e+05
7.455568531629778445e+05
1.013491326002468850e+05
5.828553237065066351e+05
5.267788169106850401e+05
2.060966782802779053e+05
4.570849522584787919e+05
2.245639030674711976e+05
3.804998183503808104e+05
1.205269614921689354e+05
2.127848562351722270e+06
2.089973459766662854e+05
8.876290545398462564e+05
9.536753740813831100e+05
4.311864084844370154e+03
5.664764785500612343e+05
2.881860927405484254e+05
1.122358858558892971e+06
4.661588765076195705e+05
1.162109607920282433e+05
5.904147977874963544e+05
2.578375244156668196e+05
2.835151640555349295e+05
3.242617808070217143e+05
3.417871966289944830e+05
2.439878290068313072e+05
1.054216762692058692e+05
3.997552454691879102e+05
3.646421009337382857e+06
4.702974835076558520e+05
3.205437860820127389e+04
5.826327934616073617e+04
6.085991550559137249e+05
1.804808177609636623e+05
4.029075354139918636e+04
6.034983805608340772e+05
2.696307722317717853e+05
7.719709061731204856e+05
1.018806971478677297e+05
4.881429109069211700e+04
4.606491313745508669e+05
2.847671292610727251e+05
4.381957792028227123e+05
1.607824591780629453e+04
8.987480627238940215e+05
2.970135138975813170e+05
3.287075500392715330e+05
1.065139353507640306e+06
2.763056669636711013e+05
1.477678762872356921e+06
4.225388686944241636e+05
1.928735171817204391e+05
2.285319624084030220e+05
3.224780522997779190e+05
7.428923222386897542e+05
2.471751766659831337e+05
1.232755992797028273e+06
3.004008252309254836e+06
1.690197796220513192e+04
1.370561309293106198e+06
1.663646459217007505e+05
1.031631444441123167e+06
7.501227883476379793e+05
5.576701340059848735e+05
8.550599177352953702e+05
1.879621298651169927e+05
1.846884432460496319e+05
6.212710998562463647e+04
3.962383024334107176e+04
6.651020447476307163e+05
3.541795270498447353e+05
3.201878915695942123e+05
1.186887859221956460e+06
2.473754004090298549e+05
4.570263309633402387e+05
2.774814979786762851e+05
2.311942248054192169e+04
4.623571808919425821e+05
9.138312532947744476e+05
2.550062731763198972e+05
1.945565798119464307e+05
4.983883644691373047e+04
1.989290481157739414e+05
1.331704545693929504e+04
3.593021690553036053e+06
3.239185563169211964e+05
6.677896393875150243e+05
6.797475345721420599e+05
4.939946630170239951e+05
1.530778982719236519e+05
9.324502621607889887e+05
2.130028456867523957e+06
1.127833229964248676e+04
2.469218935528754955e+05
6.270041304718677566e+04
4.998438439672084060e+05
1.286721160327064863e+05
4.762728183501888416e+05
3.183135722753520240e+05
3.617677181229878915e+05
2.421668546672511438e+05
2.217759659361574450e+05
7.545052556257144315e+05
3.563325564334428054e+05
2.162245064209972334e+05
3.406158779459109646e+05
3.989987370250512031e+05
1.793557679943378607e+05
6.732475221665238496e+05
7.179995075305762002e+05
3.474923420047949767e+05
5.592046368131547933e+05
8.237731253637720365e+05
7.664894447372694267e+05
2.548744996438549424e+05
8.854567610273192404e+05
5.950150101471727976e+04
1.483231505449109827e+05
3.392039278001916828e+05
3.427503681570535991e+05
5.001272223538898397e+05
1.617095713489383925e+05
8.864059937625465682e+05
2.251159998084418185e+05
4.235617516250712797e+05
1.859519144988420594e+05
4.501317958566430607e+05
1.571549809856937500e+06
8.690474549443679280e+04
1.811805721861042548e+05
1.617212831440882292e+05
4.821371068481577095e+04
1.300171867857593315e+05
1.874231150171542831e+05
4.956919526809945819e+04
2.326255558713357022e+05
7.819942776264598360e+05
2.328818137216724790e+04
1.093511695465716068e+06
4.123644856815952226e+05
1.085310691657542018e+06
4.661964114167599473e+05
1.928864705953650409e+05
8.985770334830294596e+05
5.679812311688761692e+05
4.824858217900255695e+05
1.869481619418967748e+06
1.356954642971771536e+05
5.165961234109468642e+05
8.775976961732869968e+05
8.600912929673247272e+05
2.445716361696096137e+05
1.065293137678927014e+05
9.484279455862744362e+04
5.885815027475698153e+05
2.882187991538792849e+05
4.136392251532659866e+05
4.158665384700288087e+03
9.048869178613357944e+05
1.322509436628621770e+05
2.905394614679845399e+05
1.380750938440428814e+06
2.878523339991461020e+06
3.264970730968096759e+05
1.900818277612942038e+05
1.294152307909202762e+06
5.166737301522768103e+05
3.354679731271844503e+04
8.002484726684815541e+04
1.605660506172734313e+05
2.256265654284479097e+06
1.239670257953366381e+05
1.148703485414533061e+05
1.656482108952923445e+06
1.366888497183299623e+06
3.883382938227556879e+05
2.725556755101179588e+05
1.973243050982220797e+06
7.714536162739871070e+05
1.703297595398348058e+05
5.996891441414683504e+04
1.050770751359856222e+06
4.377962254801979288e+05
3.945398000315303216e+05
4.325332624823062797e+05
1.464406252462716075e+06
2.359191902391508687e+06
3.007307667298096349e+05
1.430410527618418273e+05
2.278072908710826596e+05
4.313990842086983030e+05
1.269446646485077217e+06
2.283040422444190190e+05
5.216847230407543248e+05
4.295113577819261263e+04
7.406544711481928825e+05
4.843114811071549542e+06
9.376039902651241573e+04
3.404426385471934918e+05
3.457163649316537194e+05
6.687891600482967915e+05
3.090171739453726914e+05
2.741404594019168871e+05
2.889069394900504500e+06
1.377126815015866305e+05
4.296390657927808352e+05
1.079963063140722457e+06
1.369195427142659668e+06
1.435875400103667052e+05
2.334566915093787247e+05
6.950486844244400272e+05
1.803925687206150324e+05
1.245887860242479481e+06
8.697829256722438149e+05
7.900840194838620955e+05
8.660330991402165964e+05
6.774108580968014430e+05
7.872512118796182040e+04
4.040247251705896924e+05
1.760533956398912414e+05
7.205128258991661714e+05
1.280152333527305396e+06
2.093176991624393268e+05
5.581320629217256792e+05
1.928032204345388745e+05
9.579928556317406765e+04
2.959510296807847226e+03
2.888257049416285590e+05
3.547391225251155556e+05
1.474945673141523730e+05
6.756246649565740954e+05
4.851696610218749847e+05
2.111027657138895011e+05
1.938082306313606910e+06
5.381029860834743886e+04
2.597486809230190120e+05
3.110485546858314410e+04
5.144965008772056899e+05
4.299534483417473530e+04
1.045857585572021082e+06
4.272002179999544169e+05
2.468835750260432833e+05
8.683034361535724020e+04
5.756865271823287185e+04
2.272877819439921062e+06
4.140357274327977793e+05
8.457087112939574581e+04
6.263456149968686514e+05
1.184874864597971828e+04
1.891857848412039748e+05
1.135685455237847054e+06
7.846109433480536100e+05
3.433183689867169596e+05
2.152874595444431063e+06
1.588204407976751099e+05
4.358916995367587660e+05
8.684000436627511226e+04
7.504267835721376468e+04
1.420544760371290322e+05
7.922452873253280995e+04
1.805633822057360085e+05
1.845915129051793367e+06
4.803790386859916616e+05
4.127505476260232390e+05
1.236238687042428181e+06
1.386702493538131239e+05
2.014634182610132266e+05
1.794503459268956503e+05
9.167253549455677858e+05
6.129620507974333595e+05
2.654969515534043967e+04
1.657790057504640936e+04
5.978056116079143976e+03
3.010272620142573724e+05
8.780182884592920309e+05
4.718613579380372539e+05
2.493526822410359513e+06
8.118506678553086240e+05
1.574556047654817812e+05
1.538652747046250850e+06
1.130963210863475106e+05
2.613972406853474095e+05
2.013353125952820119e+04
4.548581479331441369e+04
1.147363935632406035e+06
3.183132725871731964e+04
5.318654421190606809e+04
1.001008536912126467e+06
1.498366979579503532e+05
2.708306483020554515e+04
1.106105413233997533e+06
1.667094167947026144e+05
3.439378010033094324e+04
6.149477893347938079e+05
1.015021817525871156e+05
7.880085826411597664e+05
5.396091886937459931e+05
1.530021520391539379e+05
2.643318768404810689e+05
1.872288897441730369e+05
9.951860188909320277e+04
2.335348681324807927e+06
5.183156579043268226e+06
3.869030185078085633e+05
1.697562649530858907e+05
8.795548108218128618e+04
1.728361652915475192e+06
3.783027991709165235e+03
3.315923015106905950e+05
1.451730407450338593e+06
2.026766737090794486e+05
7.953413331516481703e+05
4.846112750278501189e+05
3.070950355848541367e+05
2.244805659039074962e+05
2.698271986719760462e+05
1.901068981504092459e+06
8.148087549864215543e+05
9.323106851537525654e+04
4.416041336400710279e+05
1.648354507507263625e+05
4.968995016623633564e+05
3.226725738236341858e+05
1.481198776574945950e+05
1.087554293746681651e+06
8.470548754554258267e+03
5.700197784815891646e+05
1.308740079108886312e+04
7.063744723235021229e+04
3.739016070910657290e+05
8.014004578350653173e+05
4.362093912361781113e+05
1.591763934244613047e+05
2.460853938032527221e+05
2.124539405358625576e+06
2.038476349659779225e+05
3.884219170187223353e+05
5.694322172153362771e+04
5.900711028356330935e+05
3.650322304880474112e+05
2.043878745895702159e+05
8.543204907842184184e+04
3.017495180957174307e+04
7.094251473747721175e+05
1.896923317430034513e+05
4.488246934116560733e+05
1.441119143438143365e+05
2.338472230161855696e+05
6.521159411265560193e+05
1.854205753637763555e+05
2.269381909789823985e+05
2.168011871272466669e+05
1.707739092783564411e+05
7.493332158886501566e+05
5.228442915721003083e+05
1.718030641938477929e+05
4.399134552885378944e+05
4.597595207437518984e+05
1.258474611925319914e+05
8.814644502438381314e+05
2.419719284254827944e+05
6.336647483430517605e+04
1.339966465056750458e+05
2.312966051761453040e+06
3.885391194663662463e+04
2.781816521459974465e+05
9.226525061600421031e+04
2.131472796411374929e+03
7.917506042397461133e+05
2.484726429098545923e+05
8.203928165428963257e+05
1.240829578757214593e+06
2.550731422500742337e+04
1.710049869893289870e+05
9.966698450920569012e+05
1.887756308968103491e+06
6.108185844230741495e+05
7.867698489286585245e+05
6.700932826240664872e+04
2.360390047230297700e+06
3.511568149694272433e+05
5.168138221306558698e+05
7.290921214462555945e+05
1.416135273281059344e+05
3.387830380080695031e+05
4.699596669558727299e+05
4.091304138943349244e+05
3.383736680016120663e+05
8.796375936850340804e+05
1.865737071991171615e+04
1.921912400187251042e+05
1.757893784070691909e+05
6.240076122355691041e+04
1.985221612264690048e+05
1.330741733595216938e+05
3.054078516364509705e+05
8.991109011419479793e+04
1.054152646211663494e+06
1.615035481103191560e+05
3.476731091017178551e+04
1.012398332104025991e+06
4.268831122279990814e+05
7.839720844640972791e+04
1.656060058906714898e+06
6.785318291546786204e+05
9.510048632766820956e+05
1.795370518755244091e+06
5.245348390861263033e+04
1.638755425916424720e+05
6.433550658460678533e+05
2.082305062875655247e+06
6.850161340018745977e+05
1.125998736198885017e+05
2.212863795645646169e+05
8.649254164210216841e+05
1.234745939362870296e+06
1.742546113255691016e+05
2.806874584619791131e+04
1.810296505369510269e+05
1.423555801911054587e+05
8.449267809995074640e+04
1.060131235450226348e+06
3.180726958118422190e+05
1.015570655703618191e+06
4.021572983838643413e+05
2.531098633256420144e+05
5.908597966312224162e+04
5.819814026999002090e+05
9.292748428539860470e+04
6.628768802075088024e+05
6.323393185377611371e+04
5.430656889261296019e+05
2.135643330307262368e+05
3.997975673322689836e+05
7.590786511712634820e+04
3.116803067890956532e+06
4.729613968638922670e+05
1.890216899248615082e+05
2.174700374176992627e+05
3.806413516787596745e+05
2.216632543424075004e+06
3.754588151239624381e+02
2.101421748452213069e+05
1.729240669078029168e+04
7.684692482401840389e+05
1.280163582088910975e+06
2.800996285718196887e+05
2.085034336272866130e+04
3.075591391050352249e+05
5.532852149409030098e+05
9.714228058854646224e+04
2.627849502215566463e+05
1.642722480365893338e+06
4.292670012266508420e+05
5.587423243744239444e+05
2.551023029612711689e+05
1.450930145078106725e+05
5.559979493247909704e+05
1.319130764570142142e+06
6.411442334681387292e+05
3.569949922153138905e+05
3.330294262022630428e+05
7.915644042389055539e+04
3.138045106895085701e+04
3.209286063744770945e+05
3.999479557857913896e+05
8.334469515102263540e+05
2.931652950511611416e+05
2.683802521498246351e+05
1.430799732722107321e+06
7.705797922523643356e+05
1.754753489683470980e+05
1.637162741097758990e+06
5.990609875458601164e+05
7.971763188651779201e+05
1.097304401302069527e+04
1.902545455941038381e+05
3.070790315842813579e+05
2.824927411755763460e+06
8.025389671971297357e+05
1.280767655393274181e+05
1.905618286842320522e+05
1.579893882805655012e+05
1.666129915406433865e+05
4.321731448984076851e+05
1.213000552150055737e+05
3.626033067196769407e+05
3.076363570282649598e+05
4.303037255721396650e+04
9.759265438050588127e+05
4.097130546280975104e+05
5.591125315166534856e+05
8.716230104612646392e+04
1.846523697198393638e+05
7.738006781266634353e+05
2.888362871805278119e+05
1.904668857113427948e+05
1.722504410792590934e+05
2.580068061169021239e+05
2.296117123766013246e+05
1.580224709250301821e+06
4.085490734722461639e+04
7.804404934151348425e+05
1.568083479325240711e+06
2.247344173313652864e+05
8.628480724857696332e+05
5.552011519699470373e+05
1.026419311639506923e+05
9.615794611026645871e+05
6.894270903555324185e+04
7.216232956846635789e+05
9.977054069985535461e+05
6.093984741079825908e+05
9.954914994513145530e+02
1.392412337982644094e+05
2.984397431642874144e+05
3.515732375901832129e+05
1.342457574638697261e+05
1.232138260766449384e+05
4.277495274704494514e+05
4.055645445755685796e+05
3.205740489374761819e+05
7.801776871406342834e+05
8.372609071764675900e+05
9.260111203143879538e+04
2.576648021755903494e+06
2.793839761720718816e+05
3.107381929260847974e+05
1.166679769120506389e+05
6.754969462840162450e+05
1.098612702653531916e+06
1.439339595676797326e+05
1.794153991324441042e+06
8.712110034723556601e+04
1.142410176615219098e+05
2.205695310533744050e+05
1.527268548331190541e+05
1.271367416697575245e+05
1.146334139913777763e+05
8.348441627362769796e+05
1.055397647248299036e+05
3.494162836911559862e+04
7.426488366204507183e+05
7.883986995299623231e+04
2.219910124929240264e+05
8.376635368974415178e+04
1.438426555957564618e+06
3.814779360258089728e+05
4.897908262061831774e+05
5.829154011469020043e+05
9.103578165835133987e+05
6.031116179886185273e+04
4.522560886356236879e+05
5.539470153719415248e+04
1.995958415445633233e+06
5.136168723502904177e+05
4.751150661486624740e+05
3.484392242775952909e+06
3.085326874353687745e+05
4.113538460846092785e+05
2.823292322674277239e+05
1.222021392300979496e+05
3.634748020433198544e+05
2.024258096618939016e+05
2.497377809497817419e+06
9.304225612839928363e+05
